 -8.08412E-13  1.45042E+06  2.21823E+10  1.36824E+00
  3.90119E-04  9.86754E+06  2.22133E+10  2.88354E+00
  4.49877E-04  1.54364E+07  2.22784E+10  3.29801E+00
  5.14374E-04  2.51032E+07  2.23865E+10  3.68954E+00
  5.69940E-04  3.68432E+07  2.25333E+10  4.02905E+00
  6.19060E-04  5.07940E+07  2.27116E+10  4.33820E+00
  6.63139E-04  6.75868E+07  2.29280E+10  4.62983E+00
  7.02845E-04  8.74260E+07  2.32071E+10  4.90996E+00
  7.38825E-04  1.09294E+08  2.35717E+10  5.17818E+00
  7.71982E-04  1.33886E+08  2.40325E+10  5.43248E+00
  8.02735E-04  1.61205E+08  2.45941E+10  5.67134E+00
  8.31425E-04  1.91807E+08  2.52514E+10  5.89870E+00
  8.58262E-04  2.25910E+08  2.59861E+10  6.12415E+00
  8.83426E-04  2.63294E+08  2.67882E+10  6.35423E+00
  9.07114E-04  3.04016E+08  2.76931E+10  6.58119E+00
  9.29495E-04  3.48516E+08  2.87628E+10  6.79248E+00
  9.50686E-04  3.97732E+08  3.00039E+10  6.99223E+00
  9.70755E-04  4.51325E+08  3.13477E+10  7.19919E+00
  9.89797E-04  5.10260E+08  3.27772E+10  7.42070E+00
  1.00787E-03  5.76434E+08  3.43810E+10  7.64089E+00
  1.02498E-03  6.50312E+08  3.62159E+10  7.84428E+00
  1.04117E-03  7.31081E+08  3.82703E+10  8.03429E+00
  1.05650E-03  8.19947E+08  4.04838E+10  8.22773E+00
  1.07101E-03  9.14467E+08  4.27190E+10  8.43434E+00
  1.08482E-03  1.01675E+09  4.51978E+10  8.63687E+00
  1.09795E-03  1.13245E+09  4.81363E+10  8.82174E+00
  1.11041E-03  1.25190E+09  5.10121E+10  9.00160E+00
  1.12230E-03  1.38665E+09  5.43027E+10  9.18756E+00
  1.13360E-03  1.53561E+09  5.81390E+10  9.34455E+00
  1.14434E-03  1.67810E+09  6.08757E+10  9.48269E+00
  1.15466E-03  1.85626E+09  6.54434E+10  9.81228E+00
  1.16444E-03  2.02637E+09  6.87495E+10  9.78846E+00
  1.17384E-03  1.51021E+09  3.71273E+10  7.06514E+00
  1.18698E-03  7.01033E+08  1.25444E+09  8.08087E-01
  1.21599E-03  5.80430E+08  9.02916E+06  5.51362E-03
  1.25120E-03  5.73197E+08  8.09558E+06  4.23409E-05
  1.28683E-03  5.72150E+08  8.07095E+06  4.24350E-05
  1.32249E-03  5.71078E+08  8.04576E+06  4.36736E-05
  1.35819E-03  5.69980E+08  8.01999E+06  4.47245E-05
  1.39392E-03  5.68855E+08  7.99363E+06  4.57639E-05
  1.42968E-03  5.67704E+08  7.96670E+06  4.67982E-05
  1.46549E-03  5.66527E+08  7.93919E+06  4.78234E-05
  1.50132E-03  5.65325E+08  7.91112E+06  4.88414E-05
  1.53720E-03  5.64096E+08  7.88249E+06  4.98536E-05
  1.57311E-03  5.62842E+08  7.85331E+06  5.08554E-05
  1.60907E-03  5.61563E+08  7.82358E+06  5.18473E-05
  1.64506E-03  5.60259E+08  7.79332E+06  5.28298E-05
  1.68110E-03  5.58930E+08  7.76253E+06  5.38095E-05
  1.71718E-03  5.57576E+08  7.73121E+06  5.47711E-05
  1.75330E-03  5.56197E+08  7.69939E+06  5.57366E-05
  1.78947E-03  5.54794E+08  7.66704E+06  5.66860E-05
  1.82568E-03  5.53367E+08  7.63420E+06  5.76194E-05
  1.86193E-03  5.51916E+08  7.60087E+06  5.85530E-05
  1.89824E-03  5.50441E+08  7.56705E+06  5.94743E-05
  1.93459E-03  5.48943E+08  7.53275E+06  6.03844E-05
  1.97099E-03  5.47422E+08  7.49798E+06  6.12866E-05
  2.00744E-03  5.45877E+08  7.46275E+06  6.21776E-05
  2.04394E-03  5.44309E+08  7.42707E+06  6.30612E-05
  2.08049E-03  5.42719E+08  7.39094E+06  6.39314E-05
  2.11710E-03  5.41106E+08  7.35437E+06  6.47936E-05
  2.15376E-03  5.39471E+08  7.31737E+06  6.56447E-05
  2.19047E-03  5.37814E+08  7.27994E+06  6.64844E-05
  2.22724E-03  5.36135E+08  7.24211E+06  6.73147E-05
  2.26406E-03  5.34435E+08  7.20387E+06  6.81348E-05
  2.30094E-03  5.32713E+08  7.16524E+06  6.89454E-05
  2.33788E-03  5.30971E+08  7.12621E+06  6.97390E-05
  2.37488E-03  5.29207E+08  7.08681E+06  7.05267E-05
  2.41194E-03  5.27423E+08  7.04703E+06  7.13094E-05
  2.44906E-03  5.25619E+08  7.00690E+06  7.20708E-05
  2.48625E-03  5.23794E+08  6.96641E+06  7.28237E-05
  2.52349E-03  5.21950E+08  6.92557E+06  7.35690E-05
  2.56080E-03  5.20086E+08  6.88440E+06  7.43010E-05
  2.59818E-03  5.18202E+08  6.84290E+06  7.50191E-05
  2.63562E-03  5.16300E+08  6.80108E+06  7.57302E-05
  2.67313E-03  5.14379E+08  6.75895E+06  7.64299E-05
  2.71070E-03  5.12439E+08  6.71652E+06  7.71129E-05
  2.74835E-03  5.10480E+08  6.67380E+06  7.77876E-05
  2.78606E-03  5.08504E+08  6.63079E+06  7.84506E-05
  2.82385E-03  5.06510E+08  6.58751E+06  7.91023E-05
  2.86171E-03  5.04499E+08  6.54396E+06  7.97434E-05
  2.89964E-03  5.02470E+08  6.50016E+06  8.03695E-05
  2.93764E-03  5.00424E+08  6.45611E+06  8.09879E-05
  2.97572E-03  4.98361E+08  6.41182E+06  8.15884E-05
  3.01388E-03  4.96282E+08  6.36730E+06  8.21831E-05
  3.05211E-03  4.94187E+08  6.32256E+06  8.27648E-05
  3.09042E-03  4.92075E+08  6.27760E+06  8.33328E-05
  3.12881E-03  4.89948E+08  6.23245E+06  8.38904E-05
  3.16728E-03  4.87806E+08  6.18709E+06  8.44338E-05
  3.20583E-03  4.85649E+08  6.14155E+06  8.49657E-05
  3.24447E-03  4.83477E+08  6.09584E+06  8.54876E-05
  3.28319E-03  4.81290E+08  6.04995E+06  8.59967E-05
  3.32199E-03  4.79089E+08  6.00391E+06  8.64940E-05
  3.36087E-03  4.76873E+08  5.95771E+06  8.69765E-05
  3.39985E-03  4.74644E+08  5.91138E+06  8.74534E-05
  3.43891E-03  4.72402E+08  5.86490E+06  8.79127E-05
  3.47806E-03  4.70147E+08  5.81831E+06  8.83568E-05
  3.51730E-03  4.67878E+08  5.77160E+06  8.87947E-05
  3.55662E-03  4.65597E+08  5.72477E+06  8.92212E-05
  3.59605E-03  4.63304E+08  5.67785E+06  8.96345E-05
  3.63556E-03  4.60998E+08  5.63084E+06  9.00334E-05
  3.67517E-03  4.58681E+08  5.58375E+06  9.04218E-05
  3.71487E-03  4.56352E+08  5.53658E+06  9.08029E-05
  3.75467E-03  4.54012E+08  5.48934E+06  9.11639E-05
  3.79457E-03  4.51662E+08  5.44206E+06  9.15126E-05
  3.83456E-03  4.49300E+08  5.39471E+06  9.18569E-05
  3.87466E-03  4.46928E+08  5.34733E+06  9.21879E-05
  3.91485E-03  4.44546E+08  5.29992E+06  9.25021E-05
  3.95515E-03  4.42154E+08  5.25247E+06  9.28081E-05
  3.99555E-03  4.39753E+08  5.20502E+06  9.31013E-05
  4.03605E-03  4.37342E+08  5.15755E+06  9.33827E-05
  4.07666E-03  4.34922E+08  5.11008E+06  9.36532E-05
  4.11738E-03  4.32494E+08  5.06261E+06  9.39121E-05
  4.15820E-03  4.30057E+08  5.01516E+06  9.41602E-05
  4.19914E-03  4.27612E+08  4.96773E+06  9.43922E-05
  4.24018E-03  4.25160E+08  4.92033E+06  9.46152E-05
  4.28133E-03  4.22699E+08  4.87297E+06  9.48314E-05
  4.32260E-03  4.20232E+08  4.82565E+06  9.50295E-05
  4.36398E-03  4.17757E+08  4.77838E+06  9.52191E-05
  4.40547E-03  4.15275E+08  4.73116E+06  9.53963E-05
  4.44708E-03  4.12787E+08  4.68402E+06  9.55636E-05
  4.48880E-03  4.10293E+08  4.63694E+06  9.57189E-05
  4.53065E-03  4.07793E+08  4.58994E+06  9.58625E-05
  4.57262E-03  4.05287E+08  4.54303E+06  9.59966E-05
  4.61470E-03  4.02776E+08  4.49621E+06  9.61197E-05
  4.65691E-03  4.00260E+08  4.44949E+06  9.62307E-05
  4.69924E-03  3.97738E+08  4.40288E+06  9.63303E-05
  4.74169E-03  3.95212E+08  4.35638E+06  9.64199E-05
  4.78428E-03  3.92682E+08  4.30999E+06  9.64993E-05
  4.82699E-03  3.90148E+08  4.26373E+06  9.65680E-05
  4.86982E-03  3.87610E+08  4.21761E+06  9.66256E-05
  4.91279E-03  3.85068E+08  4.17162E+06  9.66713E-05
  4.95589E-03  3.82524E+08  4.12577E+06  9.67097E-05
  4.99912E-03  3.79976E+08  4.08007E+06  9.67345E-05
  5.04248E-03  3.77425E+08  4.03452E+06  9.67510E-05
  5.08598E-03  3.74872E+08  3.98914E+06  9.67571E-05
  5.12962E-03  3.72316E+08  3.94392E+06  9.67542E-05
  5.17339E-03  3.69759E+08  3.89887E+06  9.67403E-05
  5.21731E-03  3.67200E+08  3.85400E+06  9.67170E-05
  5.26136E-03  3.64639E+08  3.80931E+06  9.66787E-05
  5.30556E-03  3.62077E+08  3.76481E+06  9.66374E-05
  5.34989E-03  3.59514E+08  3.72050E+06  9.65850E-05
  5.39438E-03  3.56951E+08  3.67639E+06  9.65213E-05
  5.43901E-03  3.54387E+08  3.63248E+06  9.64500E-05
  5.48379E-03  3.51822E+08  3.58878E+06  9.63678E-05
  5.52871E-03  3.49258E+08  3.54529E+06  9.62811E-05
  5.57379E-03  3.46694E+08  3.50200E+06  9.61849E-05
  5.61902E-03  3.44130E+08  3.45894E+06  9.60649E-05
  5.66441E-03  3.41567E+08  3.41612E+06  9.59406E-05
  5.70994E-03  3.39004E+08  3.37352E+06  9.58252E-05
  5.75564E-03  3.36443E+08  3.33115E+06  9.56866E-05
  5.80149E-03  3.33884E+08  3.28902E+06  9.55391E-05
  5.84750E-03  3.31326E+08  3.24713E+06  9.53892E-05
  5.89368E-03  3.28769E+08  3.20548E+06  9.52258E-05
  5.94001E-03  3.26215E+08  3.16408E+06  9.50567E-05
  5.98652E-03  3.23663E+08  3.12294E+06  9.48790E-05
  6.03318E-03  3.21114E+08  3.08205E+06  9.46930E-05
  6.08002E-03  3.18567E+08  3.04142E+06  9.44986E-05
  6.12702E-03  3.16023E+08  3.00105E+06  9.42952E-05
  6.17419E-03  3.13483E+08  2.96094E+06  9.40853E-05
  6.22154E-03  3.10945E+08  2.92111E+06  9.38667E-05
  6.26906E-03  3.08412E+08  2.88155E+06  9.36420E-05
  6.31676E-03  3.05882E+08  2.84226E+06  9.34073E-05
  6.36463E-03  3.03356E+08  2.80324E+06  9.31664E-05
  6.41269E-03  3.00834E+08  2.76451E+06  9.29201E-05
  6.46092E-03  2.98316E+08  2.72606E+06  9.26624E-05
  6.50934E-03  2.95803E+08  2.68790E+06  9.24010E-05
  6.55794E-03  2.93295E+08  2.65002E+06  9.21317E-05
  6.60673E-03  2.90792E+08  2.61243E+06  9.18556E-05
  6.65570E-03  2.88294E+08  2.57513E+06  9.15713E-05
  6.70487E-03  2.85801E+08  2.53813E+06  9.12815E-05
  6.75423E-03  2.83314E+08  2.50142E+06  9.09855E-05
  6.80378E-03  2.80832E+08  2.46501E+06  9.06827E-05
  6.85352E-03  2.78356E+08  2.42890E+06  9.03732E-05
  6.90347E-03  2.75887E+08  2.39309E+06  9.00567E-05
  6.95361E-03  2.73423E+08  2.35758E+06  8.97363E-05
  7.00396E-03  2.70966E+08  2.32238E+06  8.94077E-05
  7.05450E-03  2.68516E+08  2.28748E+06  8.90727E-05
  7.10526E-03  2.66072E+08  2.25289E+06  8.87345E-05
  7.15622E-03  2.63635E+08  2.21860E+06  8.83901E-05
  7.20739E-03  2.61205E+08  2.18463E+06  8.80381E-05
  7.25877E-03  2.58783E+08  2.15097E+06  8.76802E-05
  7.31036E-03  2.56368E+08  2.11761E+06  8.73195E-05
  7.36217E-03  2.53960E+08  2.08457E+06  8.69530E-05
  7.41420E-03  2.51560E+08  2.05185E+06  8.65798E-05
  7.46645E-03  2.49168E+08  2.01943E+06  8.62030E-05
  7.51892E-03  2.46784E+08  1.98733E+06  8.58199E-05
  7.57161E-03  2.44408E+08  1.95555E+06  8.54314E-05
  7.62453E-03  2.42041E+08  1.92408E+06  8.50400E-05
  7.67768E-03  2.39682E+08  1.89292E+06  8.46429E-05
  7.73106E-03  2.37331E+08  1.86208E+06  8.42417E-05
  7.78467E-03  2.34989E+08  1.83156E+06  8.38367E-05
  7.83852E-03  2.32656E+08  1.80136E+06  8.34250E-05
  7.89261E-03  2.30332E+08  1.77147E+06  8.30107E-05
  7.94693E-03  2.28018E+08  1.74189E+06  8.25923E-05
  8.00150E-03  2.25712E+08  1.71264E+06  8.21688E-05
  8.05632E-03  2.23416E+08  1.68370E+06  8.17413E-05
  8.11138E-03  2.21129E+08  1.65507E+06  8.13111E-05
  8.16670E-03  2.18852E+08  1.62676E+06  8.08768E-05
  8.22226E-03  2.16584E+08  1.59877E+06  8.04389E-05
  8.27808E-03  2.14327E+08  1.57109E+06  7.99967E-05
  8.33417E-03  2.12079E+08  1.54373E+06  7.95515E-05
  8.39051E-03  2.09841E+08  1.51667E+06  7.91036E-05
  8.44711E-03  2.07614E+08  1.48994E+06  7.86521E-05
  8.50399E-03  2.05397E+08  1.46351E+06  7.81956E-05
  8.56113E-03  2.03190E+08  1.43740E+06  7.77375E-05
  8.61854E-03  2.00994E+08  1.41160E+06  7.72761E-05
  8.67623E-03  1.98808E+08  1.38611E+06  7.68123E-05
  8.73420E-03  1.96633E+08  1.36092E+06  7.63454E-05
  8.79244E-03  1.94468E+08  1.33605E+06  7.58762E-05
  8.85097E-03  1.92315E+08  1.31148E+06  7.54030E-05
  8.90979E-03  1.90173E+08  1.28722E+06  7.49303E-05
  8.96890E-03  1.88041E+08  1.26327E+06  7.44506E-05
  9.02830E-03  1.85921E+08  1.23962E+06  7.39694E-05
  9.08800E-03  1.83812E+08  1.21627E+06  7.34901E-05
  9.14800E-03  1.81714E+08  1.19322E+06  7.30044E-05
  9.20830E-03  1.79627E+08  1.17048E+06  7.25166E-05
  9.26891E-03  1.77552E+08  1.14803E+06  7.20303E-05
  9.32982E-03  1.75489E+08  1.12588E+06  7.15419E-05
  9.39105E-03  1.73437E+08  1.10402E+06  7.10464E-05
  9.45260E-03  1.71397E+08  1.08246E+06  7.05518E-05
  9.51447E-03  1.69368E+08  1.06119E+06  7.00574E-05
  9.57666E-03  1.67352E+08  1.04022E+06  6.95600E-05
  9.63918E-03  1.65347E+08  1.01953E+06  6.90609E-05
  9.70203E-03  1.63354E+08  9.99133E+05  6.85609E-05
  9.76522E-03  1.61373E+08  9.79020E+05  6.80596E-05
  9.82875E-03  1.59404E+08  9.59192E+05  6.75565E-05
  9.89261E-03  1.57447E+08  9.39647E+05  6.70517E-05
  9.95683E-03  1.55502E+08  9.20383E+05  6.65455E-05
  1.00214E-02  1.53570E+08  9.01398E+05  6.60397E-05
  1.00863E-02  1.51649E+08  8.82691E+05  6.55316E-05
  1.01516E-02  1.49741E+08  8.64259E+05  6.50225E-05
  1.02173E-02  1.47846E+08  8.46100E+05  6.45138E-05
  1.02833E-02  1.45962E+08  8.28213E+05  6.40038E-05
  1.03497E-02  1.44091E+08  8.10595E+05  6.34922E-05
  1.04164E-02  1.42233E+08  7.93245E+05  6.29816E-05
  1.04836E-02  1.40387E+08  7.76160E+05  6.24682E-05
  1.05511E-02  1.38553E+08  7.59339E+05  6.19549E-05
  1.06190E-02  1.36732E+08  7.42780E+05  6.14425E-05
  1.06874E-02  1.34924E+08  7.26479E+05  6.09291E-05
  1.07561E-02  1.33128E+08  7.10436E+05  6.04141E-05
  1.08252E-02  1.31345E+08  6.94648E+05  5.98997E-05
  1.08948E-02  1.29575E+08  6.79112E+05  5.93861E-05
  1.09647E-02  1.27817E+08  6.63828E+05  5.88714E-05
  1.10351E-02  1.26072E+08  6.48792E+05  5.83558E-05
  1.11059E-02  1.24340E+08  6.34002E+05  5.78411E-05
  1.11772E-02  1.22620E+08  6.19456E+05  5.73266E-05
  1.12489E-02  1.20913E+08  6.05153E+05  5.68118E-05
  1.13210E-02  1.19219E+08  5.91089E+05  5.62974E-05
  1.13936E-02  1.17538E+08  5.77262E+05  5.57834E-05
  1.14667E-02  1.15870E+08  5.63670E+05  5.52680E-05
  1.15402E-02  1.14214E+08  5.50312E+05  5.47543E-05
  1.16142E-02  1.12572E+08  5.37183E+05  5.42416E-05
  1.16886E-02  1.10942E+08  5.24283E+05  5.37285E-05
  1.17636E-02  1.09325E+08  5.11609E+05  5.32151E-05
  1.18390E-02  1.07720E+08  4.99158E+05  5.27030E-05
  1.19150E-02  1.06129E+08  4.86929E+05  5.21913E-05
  1.19914E-02  1.04551E+08  4.74919E+05  5.16806E-05
  1.20684E-02  1.02985E+08  4.63125E+05  5.11702E-05
  1.21458E-02  1.01432E+08  4.51546E+05  5.06600E-05
  1.22238E-02  9.98924E+07  4.40179E+05  5.01508E-05
  1.23024E-02  9.83654E+07  4.29021E+05  4.96430E-05
  1.23815E-02  9.68512E+07  4.18070E+05  4.91358E-05
  1.24611E-02  9.53498E+07  4.07325E+05  4.86281E-05
  1.25413E-02  9.38613E+07  3.96782E+05  4.81236E-05
  1.26221E-02  9.23855E+07  3.86439E+05  4.76185E-05
  1.27034E-02  9.09226E+07  3.76294E+05  4.71141E-05
  1.27854E-02  8.94725E+07  3.66345E+05  4.66122E-05
  1.28679E-02  8.80352E+07  3.56589E+05  4.61106E-05
  1.29510E-02  8.66106E+07  3.47024E+05  4.56098E-05
  1.30348E-02  8.51988E+07  3.37647E+05  4.51099E-05
  1.31192E-02  8.37997E+07  3.28457E+05  4.46120E-05
  1.32042E-02  8.24134E+07  3.19451E+05  4.41150E-05
  1.32899E-02  8.10397E+07  3.10626E+05  4.36188E-05
  1.33762E-02  7.96788E+07  3.01980E+05  4.31243E-05
  1.34632E-02  7.83305E+07  2.93512E+05  4.26312E-05
  1.35509E-02  7.69948E+07  2.85218E+05  4.21389E-05
  1.36393E-02  7.56718E+07  2.77096E+05  4.16483E-05
  1.37284E-02  7.43613E+07  2.69145E+05  4.11588E-05
  1.38182E-02  7.30634E+07  2.61361E+05  4.06714E-05
  1.39087E-02  7.17781E+07  2.53743E+05  4.01851E-05
  1.40000E-02  7.05053E+07  2.46289E+05  3.97000E-05
  1.40920E-02  6.92450E+07  2.38995E+05  3.92163E-05
  1.41848E-02  6.79971E+07  2.31860E+05  3.87346E-05
  1.42784E-02  6.67617E+07  2.24881E+05  3.82541E-05
  1.43729E-02  6.55387E+07  2.18057E+05  3.77751E-05
  1.44681E-02  6.43280E+07  2.11385E+05  3.72980E-05
  1.45641E-02  6.31297E+07  2.04864E+05  3.68223E-05
  1.46610E-02  6.19438E+07  1.98489E+05  3.63485E-05
  1.47588E-02  6.07700E+07  1.92261E+05  3.58760E-05
  1.48575E-02  5.96086E+07  1.86175E+05  3.54055E-05
  1.49570E-02  5.84593E+07  1.80231E+05  3.49367E-05
  1.50575E-02  5.73222E+07  1.74427E+05  3.44693E-05
  1.51589E-02  5.61973E+07  1.68759E+05  3.40038E-05
  1.52613E-02  5.50844E+07  1.63226E+05  3.35401E-05
  1.53647E-02  5.39836E+07  1.57826E+05  3.30780E-05
  1.54691E-02  5.28949E+07  1.52557E+05  3.26177E-05
  1.55745E-02  5.18181E+07  1.47416E+05  3.21594E-05
  1.56809E-02  5.07533E+07  1.42402E+05  3.17027E-05
  1.57884E-02  4.97004E+07  1.37512E+05  3.12481E-05
  1.58970E-02  4.86594E+07  1.32745E+05  3.07952E-05
  1.60068E-02  4.76302E+07  1.28099E+05  3.03440E-05
  1.61176E-02  4.66129E+07  1.23571E+05  2.98946E-05
  1.62297E-02  4.56072E+07  1.19160E+05  2.94471E-05
  1.63429E-02  4.46133E+07  1.14864E+05  2.90018E-05
  1.64574E-02  4.36311E+07  1.10680E+05  2.85583E-05
  1.65732E-02  4.26605E+07  1.06607E+05  2.81167E-05
  1.66902E-02  4.17015E+07  1.02642E+05  2.76769E-05
  1.68086E-02  4.07540E+07  9.87851E+04  2.72389E-05
  1.69283E-02  3.98180E+07  9.50330E+04  2.68031E-05
  1.70495E-02  3.88936E+07  9.13841E+04  2.63692E-05
  1.71720E-02  3.79805E+07  8.78366E+04  2.59373E-05
  1.72961E-02  3.70788E+07  8.43886E+04  2.55071E-05
  1.74216E-02  3.61884E+07  8.10384E+04  2.50789E-05
  1.75487E-02  3.53094E+07  7.77842E+04  2.46528E-05
  1.76775E-02  3.44416E+07  7.46242E+04  2.42285E-05
  1.78078E-02  3.35850E+07  7.15566E+04  2.38065E-05
  1.79399E-02  3.27396E+07  6.85797E+04  2.33860E-05
  1.80737E-02  3.19052E+07  6.56919E+04  2.29680E-05
  1.82093E-02  3.10820E+07  6.28912E+04  2.25519E-05
  1.83467E-02  3.02698E+07  6.01762E+04  2.21376E-05
  1.84861E-02  2.94687E+07  5.75451E+04  2.17252E-05
  1.86274E-02  2.86784E+07  5.49963E+04  2.13149E-05
  1.87707E-02  2.78991E+07  5.25281E+04  2.09066E-05
  1.89162E-02  2.71306E+07  5.01389E+04  2.05002E-05
  1.90638E-02  2.63730E+07  4.78272E+04  2.00962E-05
  1.92137E-02  2.56262E+07  4.55912E+04  1.96940E-05
  1.93659E-02  2.48901E+07  4.34296E+04  1.92935E-05
  1.95205E-02  2.41647E+07  4.13407E+04  1.88952E-05
  1.96776E-02  2.34500E+07  3.93230E+04  1.84991E-05
  1.98373E-02  2.27459E+07  3.73750E+04  1.81049E-05
  1.99996E-02  2.20524E+07  3.54952E+04  1.77126E-05
  2.01648E-02  2.13695E+07  3.36821E+04  1.73224E-05
  2.03328E-02  2.06971E+07  3.19342E+04  1.69341E-05
  2.05038E-02  2.00351E+07  3.02502E+04  1.65478E-05
  2.06780E-02  1.93836E+07  2.86286E+04  1.61637E-05
  2.08554E-02  1.87425E+07  2.70679E+04  1.57817E-05
  2.10362E-02  1.81118E+07  2.55668E+04  1.54015E-05
  2.12205E-02  1.74914E+07  2.41239E+04  1.50233E-05
  2.14086E-02  1.68813E+07  2.27379E+04  1.46471E-05
  2.16005E-02  1.62815E+07  2.14074E+04  1.42730E-05
  2.17964E-02  1.56919E+07  2.01311E+04  1.39009E-05
  2.19966E-02  1.51126E+07  1.89077E+04  1.35308E-05
  2.22012E-02  1.45434E+07  1.77358E+04  1.31628E-05
  2.24104E-02  1.39844E+07  1.66142E+04  1.27968E-05
  2.26246E-02  1.34355E+07  1.55417E+04  1.24329E-05
  2.28438E-02  1.28968E+07  1.45170E+04  1.20710E-05
  2.30686E-02  1.23681E+07  1.35388E+04  1.17110E-05
  2.32990E-02  1.18495E+07  1.26060E+04  1.13533E-05
  2.35355E-02  1.13410E+07  1.17173E+04  1.09976E-05
  2.37784E-02  1.08425E+07  1.08715E+04  1.06439E-05
  2.40280E-02  1.03541E+07  1.00676E+04  1.02924E-05
  2.42849E-02  9.87563E+06  9.30427E+03  9.94295E-06
  2.45494E-02  9.40721E+06  8.58044E+03  9.59568E-06
  2.48221E-02  8.94881E+06  7.89496E+03  9.25056E-06
  2.51035E-02  8.50042E+06  7.24672E+03  8.90758E-06
  2.53942E-02  8.06204E+06  6.63462E+03  8.56682E-06
  2.56949E-02  7.63368E+06  6.05756E+03  8.22830E-06
  2.60063E-02  7.21535E+06  5.51447E+03  7.89203E-06
  2.63293E-02  6.80708E+06  5.00429E+03  7.55805E-06
  2.66649E-02  6.40887E+06  4.52596E+03  7.22643E-06
  2.70140E-02  6.02076E+06  4.07843E+03  6.89720E-06
  2.73779E-02  5.64278E+06  3.66069E+03  6.57042E-06
  2.77579E-02  5.27496E+06  3.27170E+03  6.24615E-06
  2.81555E-02  4.91736E+06  2.91046E+03  5.92445E-06
  2.85726E-02  4.57003E+06  2.57597E+03  5.60541E-06
  2.90110E-02  4.23304E+06  2.26723E+03  5.28908E-06
  2.94733E-02  3.90647E+06  1.98327E+03  4.97564E-06
  2.99621E-02  3.59039E+06  1.72310E+03  4.66516E-06
  3.04808E-02  3.28491E+06  1.48576E+03  4.35774E-06
  3.10331E-02  2.99016E+06  1.27028E+03  4.05359E-06
  3.16238E-02  2.70626E+06  1.07570E+03  3.75282E-06
  3.22585E-02  2.43338E+06  9.01065E+02  3.45566E-06
  3.29442E-02  2.17169E+06  7.45424E+02  3.16235E-06
  3.36896E-02  1.92141E+06  6.07819E+02  2.87314E-06
  3.45058E-02  1.68279E+06  4.87294E+02  2.58834E-06
  3.54071E-02  1.45612E+06  3.82888E+02  2.30832E-06
  3.64127E-02  1.24176E+06  2.93632E+02  2.03351E-06
  3.75483E-02  1.04012E+06  2.18547E+02  1.76447E-06
  3.88507E-02  8.51708E+05  1.56636E+02  1.50185E-06
  4.03736E-02  6.77171E+05  1.06882E+02  1.24650E-06
  4.22004E-02  5.17316E+05  6.82341E+01  9.99615E-07
  4.44705E-02  3.73213E+05  3.95976E+01  7.63176E-07
  4.74422E-02  2.46341E+05  1.98139E+01  5.45361E-07
  5.16783E-02  1.38913E+05  7.62624E+00  3.33433E-07
  5.88467E-02  5.47139E+04  1.61400E+00  7.07105E-08
  8.34571E-02  2.97080E+03  1.25661E-02  3.56635E-08
