 -6.84294E-12  1.28762E+04  8.39633E+06  2.98152E-02
  1.88408E-03  8.75222E+04  8.39631E+06  6.44355E-02
  2.17290E-03  1.36683E+05  8.39633E+06  7.39858E-02
  2.48505E-03  2.21634E+05  8.39637E+06  8.31584E-02
  2.75458E-03  3.24024E+05  8.39644E+06  9.11838E-02
  2.99355E-03  4.44609E+05  8.39661E+06  9.83588E-02
  3.20876E-03  5.88275E+05  8.39688E+06  1.04838E-01
  3.40345E-03  7.55492E+05  8.39727E+06  1.10706E-01
  3.58085E-03  9.35734E+05  8.39776E+06  1.16082E-01
  3.74554E-03  1.13314E+06  8.39832E+06  1.21098E-01
  3.89969E-03  1.34565E+06  8.39885E+06  1.25819E-01
  4.04510E-03  1.57613E+06  8.39937E+06  1.30299E-01
  4.18283E-03  1.82481E+06  8.40013E+06  1.34567E-01
  4.31373E-03  2.08860E+06  8.40115E+06  1.38654E-01
  4.43871E-03  2.36434E+06  8.40234E+06  1.42596E-01
  4.55862E-03  2.65014E+06  8.40382E+06  1.46414E-01
  4.67419E-03  2.94902E+06  8.40555E+06  1.50124E-01
  4.78585E-03  3.26017E+06  8.40754E+06  1.53707E-01
  4.89398E-03  3.58966E+06  8.40954E+06  1.57129E-01
  4.99873E-03  3.94108E+06  8.41139E+06  1.60369E-01
  5.10015E-03  4.31061E+06  8.41312E+06  1.63468E-01
  5.19844E-03  4.68944E+06  8.41454E+06  1.66424E-01
  5.29395E-03  5.08503E+06  8.41589E+06  1.69287E-01
  5.38683E-03  5.49293E+06  8.41734E+06  1.72094E-01
  5.47731E-03  5.90494E+06  8.41913E+06  1.74862E-01
  5.56567E-03  6.33489E+06  8.42185E+06  1.77648E-01
  5.65199E-03  6.76598E+06  8.42537E+06  1.80455E-01
  5.73653E-03  7.22089E+06  8.42953E+06  1.83241E-01
  5.81926E-03  7.67677E+06  8.43408E+06  1.85982E-01
  5.90039E-03  8.16660E+06  8.43852E+06  1.88656E-01
  5.97979E-03  8.65277E+06  8.44296E+06  1.91248E-01
  6.05771E-03  9.16933E+06  8.44713E+06  1.93753E-01
  6.13407E-03  9.68030E+06  8.45124E+06  1.96187E-01
  6.20910E-03  1.02127E+07  8.45526E+06  1.98542E-01
  6.28278E-03  1.07479E+07  8.45962E+06  2.00822E-01
  6.35525E-03  1.12937E+07  8.46358E+06  2.03027E-01
  6.42655E-03  1.18553E+07  8.46728E+06  2.05121E-01
  6.49672E-03  1.24190E+07  8.47120E+06  2.07146E-01
  6.56586E-03  1.30039E+07  8.47552E+06  2.09118E-01
  6.63394E-03  1.35998E+07  8.48051E+06  2.11125E-01
  6.70102E-03  1.42129E+07  8.48688E+06  2.13259E-01
  6.76710E-03  1.48296E+07  8.49436E+06  2.15535E-01
  6.83226E-03  1.54607E+07  8.50282E+06  2.17924E-01
  6.89653E-03  1.61048E+07  8.51118E+06  2.20293E-01
  6.95991E-03  1.67523E+07  8.51862E+06  2.22515E-01
  7.02248E-03  1.74146E+07  8.52381E+06  2.24541E-01
  7.08425E-03  1.80733E+07  8.52729E+06  2.26402E-01
  7.14529E-03  1.87419E+07  8.53071E+06  2.28172E-01
  7.20562E-03  1.94371E+07  8.53619E+06  2.29923E-01
  7.26522E-03  2.01427E+07  8.54543E+06  2.31751E-01
  7.32411E-03  2.08695E+07  8.55775E+06  2.33656E-01
  7.38228E-03  2.15791E+07  8.57141E+06  2.35572E-01
  7.43983E-03  2.23145E+07  8.58394E+06  2.37454E-01
  7.49674E-03  2.30747E+07  8.59362E+06  2.39270E-01
  7.55299E-03  2.37930E+07  8.59999E+06  2.41032E-01
  7.60871E-03  2.45584E+07  8.60496E+06  2.42805E-01
  7.66385E-03  2.53088E+07  8.61040E+06  2.44617E-01
  7.71846E-03  2.60934E+07  8.61781E+06  2.46476E-01
  7.77251E-03  2.68582E+07  8.62788E+06  2.48334E-01
  7.82608E-03  2.76817E+07  8.64134E+06  2.50113E-01
  7.87907E-03  2.84850E+07  8.65635E+06  2.51793E-01
  7.93156E-03  2.92931E+07  8.67092E+06  2.53418E-01
  7.98358E-03  3.01409E+07  8.68476E+06  2.54994E-01
  8.03507E-03  3.09689E+07  8.69604E+06  2.56593E-01
  8.08611E-03  3.17981E+07  8.70649E+06  2.58286E-01
  8.13671E-03  3.26323E+07  8.71657E+06  2.60041E-01
  8.18689E-03  3.34864E+07  8.72662E+06  2.61789E-01
  8.23665E-03  3.43629E+07  8.73896E+06  2.63480E-01
  8.28596E-03  3.52222E+07  8.75275E+06  2.65063E-01
  8.33489E-03  3.61060E+07  8.76777E+06  2.66556E-01
  8.38341E-03  3.69966E+07  8.78325E+06  2.68070E-01
  8.43153E-03  3.78824E+07  8.79814E+06  2.69653E-01
  8.47929E-03  3.87795E+07  8.81214E+06  2.71297E-01
  8.52668E-03  3.96821E+07  8.82548E+06  2.72946E-01
  8.57371E-03  4.06044E+07  8.83813E+06  2.74512E-01
  8.62038E-03  4.15304E+07  8.85252E+06  2.76030E-01
  8.66670E-03  4.24829E+07  8.86908E+06  2.77546E-01
  8.71266E-03  4.33829E+07  8.88834E+06  2.79041E-01
  8.75833E-03  4.43574E+07  8.90750E+06  2.80543E-01
  8.80363E-03  4.53224E+07  8.92600E+06  2.82055E-01
  8.84861E-03  4.62785E+07  8.94198E+06  2.83580E-01
  8.89328E-03  4.71918E+07  8.95604E+06  2.85086E-01
  8.93769E-03  4.81882E+07  8.97140E+06  2.86573E-01
  8.98178E-03  4.91552E+07  8.99022E+06  2.88030E-01
  9.02558E-03  5.01398E+07  9.01314E+06  2.89489E-01
  9.06910E-03  5.11721E+07  9.03584E+06  2.90998E-01
  9.11229E-03  5.21445E+07  9.05551E+06  2.92510E-01
  9.15523E-03  5.31572E+07  9.07220E+06  2.93986E-01
  9.19789E-03  5.41482E+07  9.08840E+06  2.95407E-01
  9.24030E-03  5.51566E+07  9.10678E+06  2.96764E-01
  9.28245E-03  5.62013E+07  9.12904E+06  2.98123E-01
  9.32432E-03  5.71940E+07  9.15298E+06  2.99574E-01
  9.36596E-03  5.82615E+07  9.17691E+06  3.01082E-01
  9.40734E-03  5.93167E+07  9.19882E+06  3.02592E-01
  9.44845E-03  6.03039E+07  9.21926E+06  3.04034E-01
  9.48936E-03  6.13719E+07  9.24018E+06  3.05376E-01
  9.53003E-03  6.24338E+07  9.26244E+06  3.06686E-01
  9.57045E-03  6.35041E+07  9.28521E+06  3.08039E-01
  9.61065E-03  6.45585E+07  9.30838E+06  3.09466E-01
  9.65062E-03  6.55933E+07  9.33242E+06  3.10919E-01
  9.69039E-03  6.67012E+07  9.35823E+06  3.12332E-01
  9.72993E-03  6.77759E+07  9.38648E+06  3.13715E-01
  9.76925E-03  6.88683E+07  9.41318E+06  3.15102E-01
  9.80836E-03  6.99622E+07  9.43883E+06  3.16514E-01
  9.84726E-03  7.10621E+07  9.46178E+06  3.17918E-01
  9.88595E-03  7.21390E+07  9.48596E+06  3.19233E-01
  9.92445E-03  7.32566E+07  9.51414E+06  3.20444E-01
  9.96275E-03  7.43572E+07  9.54491E+06  3.21619E-01
  1.00009E-02  7.54914E+07  9.57398E+06  3.22882E-01
  1.00388E-02  7.65911E+07  9.59913E+06  3.24348E-01
  1.00765E-02  7.76661E+07  9.62076E+06  3.25953E-01
  1.01140E-02  7.87457E+07  9.64646E+06  3.27510E-01
  1.01514E-02  7.99198E+07  9.67896E+06  3.28867E-01
  1.01886E-02  8.10867E+07  9.71759E+06  3.30012E-01
  1.02256E-02  8.22806E+07  9.75598E+06  3.31105E-01
  1.02624E-02  8.33645E+07  9.78840E+06  3.32285E-01
  1.02990E-02  8.45336E+07  9.81544E+06  3.33663E-01
  1.03355E-02  8.56485E+07  9.83902E+06  3.35174E-01
  1.03718E-02  8.67119E+07  9.86303E+06  3.36659E-01
  1.04079E-02  8.78296E+07  9.89203E+06  3.38055E-01
  1.04439E-02  8.90157E+07  9.92596E+06  3.39337E-01
  1.04798E-02  9.01931E+07  9.96366E+06  3.40537E-01
  1.05155E-02  9.13950E+07  1.00023E+07  3.41724E-01
  1.05510E-02  9.25435E+07  1.00404E+07  3.42920E-01
  1.05863E-02  9.37577E+07  1.00778E+07  3.44157E-01
  1.06215E-02  9.48776E+07  1.01129E+07  3.45444E-01
  1.06565E-02  9.60735E+07  1.01462E+07  3.46772E-01
  1.06914E-02  9.72188E+07  1.01782E+07  3.48157E-01
  1.07261E-02  9.83506E+07  1.02106E+07  3.49555E-01
  1.07607E-02  9.95193E+07  1.02439E+07  3.50928E-01
  1.07952E-02  1.00652E+08  1.02799E+07  3.52246E-01
  1.08295E-02  1.01874E+08  1.03187E+07  3.53503E-01
  1.08637E-02  1.03084E+08  1.03594E+07  3.54728E-01
  1.08978E-02  1.04225E+08  1.03985E+07  3.55971E-01
  1.09317E-02  1.05382E+08  1.04373E+07  3.57269E-01
  1.09655E-02  1.06638E+08  1.04768E+07  3.58599E-01
  1.09991E-02  1.07836E+08  1.05169E+07  3.59881E-01
  1.10326E-02  1.09065E+08  1.05589E+07  3.61116E-01
  1.10659E-02  1.10162E+08  1.06012E+07  3.62331E-01
  1.10992E-02  1.11365E+08  1.06433E+07  3.63524E-01
  1.11323E-02  1.12588E+08  1.06850E+07  3.64767E-01
  1.11653E-02  1.13739E+08  1.07268E+07  3.66061E-01
  1.11981E-02  1.14883E+08  1.07680E+07  3.67365E-01
  1.12309E-02  1.16145E+08  1.08094E+07  3.68651E-01
  1.12635E-02  1.17298E+08  1.08527E+07  3.69902E-01
  1.12960E-02  1.18505E+08  1.08970E+07  3.71151E-01
  1.13284E-02  1.19674E+08  1.09414E+07  3.72430E-01
  1.13607E-02  1.20907E+08  1.09871E+07  3.73729E-01
  1.13928E-02  1.22117E+08  1.10343E+07  3.75035E-01
  1.14249E-02  1.23285E+08  1.10805E+07  3.76321E-01
  1.14568E-02  1.24520E+08  1.11260E+07  3.77565E-01
  1.14886E-02  1.25749E+08  1.11716E+07  3.78792E-01
  1.15203E-02  1.26733E+08  1.12169E+07  3.80003E-01
  1.15519E-02  1.27996E+08  1.12637E+07  3.81228E-01
  1.15834E-02  1.29234E+08  1.13116E+07  3.82491E-01
  1.16148E-02  1.30426E+08  1.13604E+07  3.83783E-01
  1.16460E-02  1.31709E+08  1.14105E+07  3.85069E-01
  1.16772E-02  1.32652E+08  1.14601E+07  3.86331E-01
  1.17083E-02  1.33917E+08  1.15105E+07  3.87581E-01
  1.17393E-02  1.35240E+08  1.15613E+07  3.88815E-01
  1.17701E-02  1.36228E+08  1.16119E+07  3.90050E-01
  1.18009E-02  1.37489E+08  1.16623E+07  3.91290E-01
  1.18316E-02  1.38837E+08  1.17138E+07  3.92538E-01
  1.18621E-02  1.39644E+08  1.17673E+07  3.93782E-01
  1.18926E-02  1.41056E+08  1.18215E+07  3.95019E-01
  1.19230E-02  1.42185E+08  1.18769E+07  3.96243E-01
  1.19533E-02  1.43371E+08  1.19322E+07  3.97467E-01
  1.19834E-02  1.44529E+08  1.19867E+07  3.98700E-01
  1.20135E-02  1.45706E+08  1.20404E+07  3.99945E-01
  1.20436E-02  1.46923E+08  1.20954E+07  4.01208E-01
  1.20735E-02  1.48101E+08  1.21501E+07  4.02471E-01
  1.21033E-02  1.49142E+08  1.22056E+07  4.03724E-01
  1.21330E-02  1.50575E+08  1.22625E+07  4.04968E-01
  1.21626E-02  1.51237E+08  1.23185E+07  4.06210E-01
  1.21922E-02  1.52601E+08  1.23749E+07  4.07464E-01
  1.22217E-02  1.53985E+08  1.24322E+07  4.08716E-01
  1.22511E-02  1.54754E+08  1.24912E+07  4.09972E-01
  1.22804E-02  1.55994E+08  1.25511E+07  4.11224E-01
  1.23096E-02  1.57394E+08  1.26116E+07  4.12451E-01
  1.23387E-02  1.58006E+08  1.26716E+07  4.13655E-01
  1.23679E-02  1.59354E+08  1.27331E+07  4.14848E-01
  1.23969E-02  1.60566E+08  1.27975E+07  4.16031E-01
  1.24258E-02  1.61823E+08  1.28617E+07  4.17223E-01
  1.24546E-02  1.62872E+08  1.29243E+07  4.18464E-01
  1.24833E-02  1.63782E+08  1.29865E+07  4.19754E-01
  1.25120E-02  1.64919E+08  1.30461E+07  4.21071E-01
  1.25406E-02  1.66009E+08  1.31033E+07  4.22376E-01
  1.25691E-02  1.67043E+08  1.31640E+07  4.23644E-01
  1.25976E-02  1.68175E+08  1.32268E+07  4.24858E-01
  1.26260E-02  1.69328E+08  1.32937E+07  4.26025E-01
  1.26543E-02  1.70419E+08  1.33651E+07  4.27201E-01
  1.26825E-02  1.71392E+08  1.34371E+07  4.28382E-01
  1.27107E-02  1.72622E+08  1.35089E+07  4.29580E-01
  1.27388E-02  1.73618E+08  1.35759E+07  4.30811E-01
  1.27668E-02  1.74613E+08  1.36377E+07  4.32123E-01
  1.27948E-02  1.75522E+08  1.36958E+07  4.33467E-01
  1.28227E-02  1.76617E+08  1.37571E+07  4.34768E-01
  1.28505E-02  1.77609E+08  1.38228E+07  4.35998E-01
  1.28783E-02  1.78680E+08  1.38987E+07  4.37136E-01
  1.29060E-02  1.79746E+08  1.39774E+07  4.38225E-01
  1.29337E-02  1.81020E+08  1.40567E+07  4.39351E-01
  1.29612E-02  1.81883E+08  1.41284E+07  4.40625E-01
  1.29887E-02  1.82478E+08  1.41924E+07  4.42020E-01
  1.30162E-02  1.83506E+08  1.42539E+07  4.43410E-01
  1.30436E-02  1.84768E+08  1.43203E+07  4.44705E-01
  1.30709E-02  1.85787E+08  1.43950E+07  4.45873E-01
  1.30982E-02  1.86357E+08  1.44748E+07  4.46961E-01
  1.31255E-02  1.87492E+08  1.45539E+07  4.48059E-01
  1.31526E-02  1.88671E+08  1.46283E+07  4.49247E-01
  1.31797E-02  1.89373E+08  1.46968E+07  4.50563E-01
  1.32068E-02  1.90144E+08  1.47637E+07  4.51944E-01
  1.32338E-02  1.91326E+08  1.48341E+07  4.53233E-01
  1.32607E-02  1.91884E+08  1.49142E+07  4.54455E-01
  1.32877E-02  1.92975E+08  1.49971E+07  4.55616E-01
  1.33145E-02  1.94173E+08  1.50813E+07  4.56738E-01
  1.33413E-02  1.94653E+08  1.51583E+07  4.57951E-01
  1.33681E-02  1.95980E+08  1.52312E+07  4.59280E-01
  1.33947E-02  1.96109E+08  1.52995E+07  4.60643E-01
  1.34214E-02  1.97634E+08  1.53723E+07  4.61907E-01
  1.34480E-02  1.97768E+08  1.54571E+07  4.63047E-01
  1.34746E-02  1.99219E+08  1.55477E+07  4.64142E-01
  1.35011E-02  1.99687E+08  1.56342E+07  4.65303E-01
  1.35276E-02  2.00619E+08  1.57040E+07  4.66642E-01
  1.35540E-02  2.01292E+08  1.57704E+07  4.68053E-01
  1.35804E-02  2.01908E+08  1.58451E+07  4.69380E-01
  1.36068E-02  2.03060E+08  1.59325E+07  4.70542E-01
  1.36330E-02  2.03446E+08  1.60278E+07  4.71583E-01
  1.36593E-02  2.04284E+08  1.61186E+07  4.72717E-01
  1.36856E-02  2.05471E+08  1.61941E+07  4.74013E-01
  1.37117E-02  2.05674E+08  1.62663E+07  4.75370E-01
  1.37379E-02  2.06156E+08  1.63400E+07  4.76721E-01
  1.37640E-02  2.07142E+08  1.64195E+07  4.77999E-01
  1.37901E-02  2.08025E+08  1.65060E+07  4.79206E-01
  1.38161E-02  2.08374E+08  1.65998E+07  4.80339E-01
  1.38421E-02  2.08970E+08  1.66953E+07  4.81440E-01
  1.38681E-02  2.09811E+08  1.67885E+07  4.82580E-01
  1.38941E-02  2.10467E+08  1.68693E+07  4.83859E-01
  1.39200E-02  2.11111E+08  1.69406E+07  4.85254E-01
  1.39459E-02  2.11611E+08  1.70154E+07  4.86673E-01
  1.39717E-02  2.12072E+08  1.70964E+07  4.87982E-01
  1.39976E-02  2.12490E+08  1.71874E+07  4.89161E-01
  1.40234E-02  2.13091E+08  1.72796E+07  4.90302E-01
  1.40492E-02  2.13643E+08  1.73730E+07  4.91438E-01
  1.40749E-02  2.14325E+08  1.74670E+07  4.92627E-01
  1.41007E-02  2.14723E+08  1.75577E+07  4.93828E-01
  1.41264E-02  2.15315E+08  1.76469E+07  4.95099E-01
  1.41521E-02  2.15675E+08  1.77339E+07  4.96433E-01
  1.41777E-02  2.16271E+08  1.78195E+07  4.97757E-01
  1.42034E-02  2.16615E+08  1.79069E+07  4.99064E-01
  1.42290E-02  2.16796E+08  1.79952E+07  5.00364E-01
  1.42546E-02  2.17131E+08  1.80818E+07  5.01646E-01
  1.42802E-02  2.17450E+08  1.81700E+07  5.02897E-01
  1.43059E-02  2.18083E+08  1.82599E+07  5.04141E-01
  1.43314E-02  2.18556E+08  1.83515E+07  5.05348E-01
  1.43570E-02  2.18939E+08  1.84472E+07  5.06544E-01
  1.43825E-02  2.18840E+08  1.85422E+07  5.07734E-01
  1.44081E-02  2.19149E+08  1.86360E+07  5.08950E-01
  1.44336E-02  2.19742E+08  1.87274E+07  5.10246E-01
  1.44591E-02  2.20234E+08  1.88215E+07  5.11545E-01
  1.44846E-02  2.19777E+08  1.89140E+07  5.12807E-01
  1.45101E-02  2.20296E+08  1.90088E+07  5.14052E-01
  1.45356E-02  2.20837E+08  1.91035E+07  5.15325E-01
  1.45611E-02  2.20274E+08  1.91975E+07  5.16622E-01
  1.45866E-02  2.21003E+08  1.92898E+07  5.17915E-01
  1.46121E-02  2.21004E+08  1.93801E+07  5.19182E-01
  1.46376E-02  2.20994E+08  1.94740E+07  5.20446E-01
  1.46631E-02  2.21289E+08  1.95670E+07  5.21710E-01
  1.46886E-02  2.21083E+08  1.96635E+07  5.22964E-01
  1.47141E-02  2.21443E+08  1.97597E+07  5.24254E-01
  1.47396E-02  2.21145E+08  1.98567E+07  5.25560E-01
  1.47652E-02  2.21418E+08  1.99542E+07  5.26861E-01
  1.47907E-02  2.21411E+08  2.00503E+07  5.28148E-01
  1.48162E-02  2.21040E+08  2.01464E+07  5.29425E-01
  1.48418E-02  2.21608E+08  2.02421E+07  5.30719E-01
  1.48674E-02  2.20958E+08  2.03407E+07  5.32003E-01
  1.48930E-02  2.20936E+08  2.04385E+07  5.33295E-01
  1.49186E-02  2.21215E+08  2.05340E+07  5.34597E-01
  1.49442E-02  2.20815E+08  2.06307E+07  5.35867E-01
  1.49698E-02  2.20420E+08  2.07285E+07  5.37152E-01
  1.49955E-02  2.20319E+08  2.08262E+07  5.38487E-01
  1.50212E-02  2.20461E+08  2.09245E+07  5.39808E-01
  1.50469E-02  2.20219E+08  2.10312E+07  5.41045E-01
  1.50727E-02  2.19786E+08  2.11220E+07  5.42402E-01
  1.50984E-02  2.19286E+08  2.12100E+07  5.43840E-01
  1.51243E-02  2.19204E+08  2.13365E+07  5.44854E-01
  1.51501E-02  2.18842E+08  2.14287E+07  5.46218E-01
  1.51760E-02  2.18242E+08  2.14831E+07  5.48063E-01
  1.52019E-02  2.18342E+08  2.16584E+07  5.48667E-01
  1.52278E-02  2.18109E+08  2.17809E+07  5.50107E-01
  1.52538E-02  2.16906E+08  2.17442E+07  5.52431E-01
  1.52799E-02  2.17131E+08  2.19573E+07  5.53865E-01
  1.53059E-02  2.16611E+08  2.20818E+07  5.49617E-01
  1.53320E-02  1.71462E+08  1.49251E+07  4.62746E-01
  1.53650E-02  7.85597E+07  1.64189E+06  1.19611E-01
  1.54366E-02  5.56330E+07  1.71358E+05  1.46653E-02
  1.55370E-02  5.29193E+07  1.52669E+05  1.12379E-02
  1.56414E-02  5.18454E+07  1.47507E+05  1.10853E-02
  1.57469E-02  5.07807E+07  1.42522E+05  1.09300E-02
  1.58535E-02  4.97266E+07  1.37640E+05  1.07755E-02
  1.59612E-02  4.86864E+07  1.32867E+05  1.06181E-02
  1.60700E-02  4.76600E+07  1.28224E+05  1.04597E-02
  1.61799E-02  4.66486E+07  1.23727E+05  1.03057E-02
  1.62910E-02  4.56385E+07  1.19300E+05  1.01603E-02
  1.64034E-02  4.46539E+07  1.15033E+05  1.00023E-02
  1.65169E-02  4.36691E+07  1.10837E+05  9.84783E-03
  1.66318E-02  4.26921E+07  1.06748E+05  9.69959E-03
  1.67479E-02  4.17428E+07  1.02806E+05  9.54004E-03
  1.68653E-02  4.07895E+07  9.89241E+04  9.39701E-03
  1.69842E-02  3.98572E+07  9.51890E+04  9.23719E-03
  1.71044E-02  3.89307E+07  9.15255E+04  9.09286E-03
  1.72261E-02  3.80176E+07  8.79825E+04  8.94367E-03
  1.73492E-02  3.71185E+07  8.45353E+04  8.79657E-03
  1.74739E-02  3.62283E+07  8.11848E+04  8.64578E-03
  1.76001E-02  3.53476E+07  7.79256E+04  8.50090E-03
  1.77280E-02  3.44781E+07  7.47589E+04  8.35416E-03
  1.78574E-02  3.36223E+07  7.16931E+04  8.20782E-03
  1.79886E-02  3.27770E+07  6.87106E+04  8.06328E-03
  1.81215E-02  3.19421E+07  6.58165E+04  7.91964E-03
  1.82563E-02  3.11190E+07  6.30145E+04  7.77484E-03
  1.83929E-02  3.03072E+07  6.02978E+04  7.63100E-03
  1.85314E-02  2.95048E+07  5.76627E+04  7.49030E-03
  1.86718E-02  2.87131E+07  5.51076E+04  7.34797E-03
  1.88143E-02  2.79349E+07  5.26368E+04  7.20775E-03
  1.89590E-02  2.71627E+07  5.02400E+04  7.06695E-03
  1.91058E-02  2.64066E+07  4.79276E+04  6.92681E-03
  1.92548E-02  2.56596E+07  4.56886E+04  6.79017E-03
  1.94062E-02  2.49215E+07  4.35209E+04  6.65162E-03
  1.95599E-02  2.41963E+07  4.14295E+04  6.51264E-03
  1.97162E-02  2.34798E+07  3.94057E+04  6.37680E-03
  1.98751E-02  2.27745E+07  3.74538E+04  6.24173E-03
  2.00366E-02  2.20801E+07  3.55699E+04  6.10505E-03
  2.02009E-02  2.13972E+07  3.37540E+04  5.97125E-03
  2.03682E-02  2.07239E+07  3.20023E+04  5.83552E-03
  2.05384E-02  2.00611E+07  3.03145E+04  5.70399E-03
  2.07117E-02  1.94084E+07  2.86894E+04  5.57174E-03
  2.08884E-02  1.87656E+07  2.71241E+04  5.43891E-03
  2.10684E-02  1.81346E+07  2.56204E+04  5.30791E-03
  2.12519E-02  1.75138E+07  2.41747E+04  5.17752E-03
  2.14392E-02  1.69019E+07  2.27847E+04  5.04807E-03
  2.16303E-02  1.63014E+07  2.14512E+04  4.91782E-03
  2.18254E-02  1.57112E+07  2.01721E+04  4.79054E-03
  2.20248E-02  1.51306E+07  1.89455E+04  4.66254E-03
  2.22287E-02  1.45615E+07  1.77718E+04  4.53563E-03
  2.24372E-02  1.40013E+07  1.66475E+04  4.40917E-03
  2.26505E-02  1.34509E+07  1.55716E+04  4.28388E-03
  2.28691E-02  1.29121E+07  1.45454E+04  4.15906E-03
  2.30931E-02  1.23827E+07  1.35650E+04  4.03458E-03
  2.33227E-02  1.18627E+07  1.26294E+04  3.91163E-03
  2.35585E-02  1.13537E+07  1.17390E+04  3.78863E-03
  2.38006E-02  1.08545E+07  1.08912E+04  3.66685E-03
  2.40496E-02  1.03650E+07  1.00854E+04  3.54643E-03
  2.43057E-02  9.88593E+06  9.32050E+03  3.42493E-03
  2.45695E-02  9.41687E+06  8.59500E+03  3.30543E-03
  2.48415E-02  8.95781E+06  7.90802E+03  3.18693E-03
  2.51221E-02  8.50902E+06  7.25866E+03  3.06758E-03
  2.54121E-02  8.06970E+06  6.64510E+03  2.95020E-03
  2.57121E-02  7.64070E+06  6.06681E+03  2.83399E-03
  2.60229E-02  7.22208E+06  5.52294E+03  2.71808E-03
  2.63452E-02  6.81328E+06  5.01158E+03  2.60316E-03
  2.66801E-02  6.41415E+06  4.53223E+03  2.48876E-03
  2.70285E-02  6.02578E+06  4.08390E+03  2.37505E-03
  2.73917E-02  5.64750E+06  3.66561E+03  2.26209E-03
  2.77710E-02  5.27887E+06  3.27573E+03  2.15097E-03
  2.81680E-02  4.92097E+06  2.91399E+03  2.03984E-03
  2.85844E-02  4.57332E+06  2.57901E+03  1.93000E-03
  2.90222E-02  4.23571E+06  2.26964E+03  1.82115E-03
  2.94838E-02  3.90897E+06  1.98530E+03  1.71281E-03
  2.99720E-02  3.59270E+06  1.72491E+03  1.60626E-03
  3.04900E-02  3.28671E+06  1.48708E+03  1.49862E-03
  3.10417E-02  2.99279E+06  1.27186E+03  1.39468E-03
  3.16315E-02  2.70767E+06  1.07657E+03  1.29434E-03
  3.22656E-02  2.43483E+06  9.01831E+02  1.18904E-03
  3.29506E-02  2.17241E+06  7.45873E+02  1.08834E-03
  3.36954E-02  1.92218E+06  6.08214E+02  9.88897E-04
  3.45110E-02  1.68358E+06  4.87609E+02  8.90804E-04
  3.54117E-02  1.45657E+06  3.83089E+02  7.94297E-04
  3.64167E-02  1.24211E+06  2.93773E+02  6.99831E-04
  3.75518E-02  1.04044E+06  2.18655E+02  6.07238E-04
  3.88536E-02  8.51981E+05  1.56708E+02  5.16824E-04
  4.03758E-02  6.77256E+05  1.06906E+02  4.28917E-04
  4.22023E-02  5.17394E+05  6.82505E+01  3.43945E-04
  4.44719E-02  3.73276E+05  3.96048E+01  2.62599E-04
  4.74429E-02  2.46381E+05  1.98176E+01  1.87626E-04
  5.16783E-02  1.38913E+05  7.62658E+00  1.14676E-04
  5.88467E-02  5.45695E+04  1.60962E+00  2.43646E-05
  8.35042E-02  2.97518E+03  1.26680E-02  1.22775E-05
