 -4.87780E-13  4.09549E+06  1.25822E+11  4.26605E+00
  2.76011E-04  2.79346E+07  1.26514E+11  8.64400E+00
  3.18195E-04  4.38612E+07  1.27690E+11  9.88562E+00
  3.63598E-04  7.18844E+07  1.30004E+11  1.11645E+01
  4.02474E-04  1.07047E+08  1.34086E+11  1.24387E+01
  4.36436E-04  1.49900E+08  1.38725E+11  1.34431E+01
  4.66552E-04  2.03412E+08  1.44753E+11  1.43607E+01
  4.93273E-04  2.71193E+08  1.54135E+11  1.54436E+01
  5.16898E-04  3.50324E+08  1.65389E+11  1.64455E+01
  5.38112E-04  4.44394E+08  1.78814E+11  1.73696E+01
  5.57261E-04  5.56912E+08  1.95676E+11  1.83364E+01
  5.74574E-04  6.85327E+08  2.12534E+11  1.91130E+01
  5.90375E-04  8.41208E+08  2.34526E+11  1.99050E+01
  6.04728E-04  1.03691E+09  2.65458E+11  2.09963E+01
  6.17635E-04  1.23644E+09  2.89522E+11  2.16651E+01
  6.29568E-04  1.50197E+09  3.32069E+11  2.25901E+01
  6.40348E-04  1.82302E+09  3.82424E+11  2.37186E+01
  6.50056E-04  1.75863E+09  3.03586E+11  2.06655E+01
  6.60984E-04  8.17759E+08  2.73592E+10  4.69596E+00
  6.85791E-04  6.02894E+08  6.03018E+07  6.65526E-02
  7.20000E-04  5.85616E+08  8.39006E+06  1.68357E-05
  7.55252E-04  5.84950E+08  8.37412E+06  5.81551E-06
  7.90525E-04  5.84293E+08  8.35844E+06  6.17350E-06
  8.25817E-04  5.83606E+08  8.34209E+06  6.43421E-06
  8.61131E-04  5.82892E+08  8.32507E+06  6.69230E-06
  8.96466E-04  5.82149E+08  8.30740E+06  6.94915E-06
  9.31823E-04  5.81378E+08  8.28908E+06  7.20574E-06
  9.67204E-04  5.80580E+08  8.27010E+06  7.46035E-06
  1.00261E-03  5.79753E+08  8.25048E+06  7.71456E-06
  1.03804E-03  5.78898E+08  8.23022E+06  7.96621E-06
  1.07350E-03  5.78016E+08  8.20933E+06  8.21714E-06
  1.10898E-03  5.77106E+08  8.18781E+06  8.46705E-06
  1.14449E-03  5.76169E+08  8.16566E+06  8.71373E-06
  1.18003E-03  5.75205E+08  8.14290E+06  8.96925E-06
  1.21560E-03  5.74214E+08  8.11949E+06  9.20625E-06
  1.25120E-03  5.73195E+08  8.09554E+06  9.44198E-06
  1.28683E-03  5.72150E+08  8.07095E+06  9.69270E-06
  1.32249E-03  5.71078E+08  8.04577E+06  9.93215E-06
  1.35819E-03  5.69980E+08  8.01999E+06  1.01712E-05
  1.39392E-03  5.68855E+08  7.99363E+06  1.04075E-05
  1.42968E-03  5.67704E+08  7.96670E+06  1.06428E-05
  1.46549E-03  5.66527E+08  7.93919E+06  1.08759E-05
  1.50132E-03  5.65325E+08  7.91112E+06  1.11074E-05
  1.53720E-03  5.64096E+08  7.88249E+06  1.13376E-05
  1.57311E-03  5.62842E+08  7.85331E+06  1.15655E-05
  1.60907E-03  5.61563E+08  7.82358E+06  1.17911E-05
  1.64506E-03  5.60259E+08  7.79332E+06  1.20145E-05
  1.68110E-03  5.58930E+08  7.76253E+06  1.22373E-05
  1.71718E-03  5.57576E+08  7.73122E+06  1.24560E-05
  1.75330E-03  5.56197E+08  7.69939E+06  1.26755E-05
  1.78947E-03  5.54794E+08  7.66704E+06  1.28915E-05
  1.82568E-03  5.53367E+08  7.63420E+06  1.31037E-05
  1.86193E-03  5.51916E+08  7.60087E+06  1.33161E-05
  1.89824E-03  5.50441E+08  7.56705E+06  1.35256E-05
  1.93459E-03  5.48943E+08  7.53275E+06  1.37325E-05
  1.97099E-03  5.47422E+08  7.49798E+06  1.39377E-05
  2.00744E-03  5.45877E+08  7.46275E+06  1.41404E-05
  2.04394E-03  5.44309E+08  7.42707E+06  1.43413E-05
  2.08049E-03  5.42719E+08  7.39094E+06  1.45392E-05
  2.11710E-03  5.41106E+08  7.35437E+06  1.47353E-05
  2.15376E-03  5.39471E+08  7.31737E+06  1.49289E-05
  2.19047E-03  5.37814E+08  7.27995E+06  1.51198E-05
  2.22724E-03  5.36135E+08  7.24211E+06  1.53086E-05
  2.26406E-03  5.34435E+08  7.20387E+06  1.54951E-05
  2.30094E-03  5.32713E+08  7.16524E+06  1.56796E-05
  2.33788E-03  5.30971E+08  7.12621E+06  1.58600E-05
  2.37488E-03  5.29207E+08  7.08681E+06  1.60391E-05
  2.41194E-03  5.27423E+08  7.04703E+06  1.62171E-05
  2.44906E-03  5.25619E+08  7.00690E+06  1.63903E-05
  2.48625E-03  5.23794E+08  6.96641E+06  1.65614E-05
  2.52349E-03  5.21950E+08  6.92557E+06  1.67310E-05
  2.56080E-03  5.20086E+08  6.88440E+06  1.68975E-05
  2.59818E-03  5.18202E+08  6.84290E+06  1.70607E-05
  2.63562E-03  5.16300E+08  6.80108E+06  1.72226E-05
  2.67313E-03  5.14379E+08  6.75895E+06  1.73816E-05
  2.71070E-03  5.12439E+08  6.71652E+06  1.75369E-05
  2.74835E-03  5.10480E+08  6.67380E+06  1.76903E-05
  2.78606E-03  5.08504E+08  6.63079E+06  1.78411E-05
  2.82385E-03  5.06510E+08  6.58751E+06  1.79893E-05
  2.86171E-03  5.04499E+08  6.54397E+06  1.81351E-05
  2.89964E-03  5.02470E+08  6.50016E+06  1.82775E-05
  2.93764E-03  5.00424E+08  6.45611E+06  1.84183E-05
  2.97572E-03  4.98361E+08  6.41182E+06  1.85546E-05
  3.01388E-03  4.96282E+08  6.36730E+06  1.86901E-05
  3.05211E-03  4.94187E+08  6.32256E+06  1.88223E-05
  3.09042E-03  4.92075E+08  6.27761E+06  1.89514E-05
  3.12881E-03  4.89948E+08  6.23245E+06  1.90783E-05
  3.16728E-03  4.87806E+08  6.18709E+06  1.92018E-05
  3.20583E-03  4.85649E+08  6.14156E+06  1.93227E-05
  3.24447E-03  4.83477E+08  6.09584E+06  1.94416E-05
  3.28319E-03  4.81290E+08  6.04995E+06  1.95573E-05
  3.32199E-03  4.79089E+08  6.00391E+06  1.96703E-05
  3.36087E-03  4.76873E+08  5.95771E+06  1.97802E-05
  3.39985E-03  4.74644E+08  5.91138E+06  1.98886E-05
  3.43891E-03  4.72402E+08  5.86490E+06  1.99930E-05
  3.47806E-03  4.70147E+08  5.81831E+06  2.00940E-05
  3.51730E-03  4.67878E+08  5.77160E+06  2.01936E-05
  3.55662E-03  4.65597E+08  5.72478E+06  2.02906E-05
  3.59605E-03  4.63304E+08  5.67786E+06  2.03846E-05
  3.63556E-03  4.60998E+08  5.63084E+06  2.04752E-05
  3.67517E-03  4.58681E+08  5.58375E+06  2.05636E-05
  3.71487E-03  4.56352E+08  5.53658E+06  2.06504E-05
  3.75467E-03  4.54012E+08  5.48934E+06  2.07324E-05
  3.79457E-03  4.51662E+08  5.44206E+06  2.08117E-05
  3.83456E-03  4.49300E+08  5.39472E+06  2.08900E-05
  3.87466E-03  4.46928E+08  5.34733E+06  2.09652E-05
  3.91485E-03  4.44546E+08  5.29992E+06  2.10367E-05
  3.95515E-03  4.42154E+08  5.25248E+06  2.11064E-05
  3.99555E-03  4.39753E+08  5.20502E+06  2.11730E-05
  4.03605E-03  4.37342E+08  5.15755E+06  2.12370E-05
  4.07666E-03  4.34922E+08  5.11008E+06  2.12985E-05
  4.11738E-03  4.32494E+08  5.06261E+06  2.13574E-05
  4.15820E-03  4.30057E+08  5.01516E+06  2.14138E-05
  4.19914E-03  4.27612E+08  4.96773E+06  2.14666E-05
  4.24018E-03  4.25160E+08  4.92033E+06  2.15173E-05
  4.28133E-03  4.22699E+08  4.87297E+06  2.15663E-05
  4.32260E-03  4.20232E+08  4.82565E+06  2.16115E-05
  4.36398E-03  4.17757E+08  4.77838E+06  2.16547E-05
  4.40547E-03  4.15275E+08  4.73116E+06  2.16949E-05
  4.44708E-03  4.12787E+08  4.68402E+06  2.17329E-05
  4.48880E-03  4.10293E+08  4.63694E+06  2.17683E-05
  4.53065E-03  4.07793E+08  4.58994E+06  2.18009E-05
  4.57262E-03  4.05287E+08  4.54303E+06  2.18314E-05
  4.61470E-03  4.02776E+08  4.49621E+06  2.18594E-05
  4.65691E-03  4.00260E+08  4.44950E+06  2.18847E-05
  4.69924E-03  3.97738E+08  4.40288E+06  2.19073E-05
  4.74169E-03  3.95212E+08  4.35638E+06  2.19277E-05
  4.78428E-03  3.92682E+08  4.31000E+06  2.19458E-05
  4.82699E-03  3.90148E+08  4.26374E+06  2.19614E-05
  4.86982E-03  3.87610E+08  4.21761E+06  2.19745E-05
  4.91279E-03  3.85068E+08  4.17162E+06  2.19849E-05
  4.95589E-03  3.82524E+08  4.12577E+06  2.19936E-05
  4.99912E-03  3.79976E+08  4.08007E+06  2.19993E-05
  5.04248E-03  3.77425E+08  4.03453E+06  2.20030E-05
  5.08598E-03  3.74872E+08  3.98914E+06  2.20044E-05
  5.12962E-03  3.72316E+08  3.94392E+06  2.20037E-05
  5.17339E-03  3.69759E+08  3.89887E+06  2.20005E-05
  5.21731E-03  3.67200E+08  3.85400E+06  2.19954E-05
  5.26136E-03  3.64639E+08  3.80931E+06  2.19866E-05
  5.30556E-03  3.62077E+08  3.76482E+06  2.19770E-05
  5.34989E-03  3.59514E+08  3.72050E+06  2.19653E-05
  5.39438E-03  3.56951E+08  3.67639E+06  2.19507E-05
  5.43901E-03  3.54387E+08  3.63248E+06  2.19347E-05
  5.48379E-03  3.51822E+08  3.58878E+06  2.19159E-05
  5.52871E-03  3.49258E+08  3.54529E+06  2.18952E-05
  5.57379E-03  3.46694E+08  3.50201E+06  2.18737E-05
  5.61902E-03  3.44130E+08  3.45895E+06  2.18475E-05
  5.66441E-03  3.41567E+08  3.41612E+06  2.18193E-05
  5.70994E-03  3.39004E+08  3.37352E+06  2.17926E-05
  5.75564E-03  3.36443E+08  3.33115E+06  2.17611E-05
  5.80149E-03  3.33884E+08  3.28902E+06  2.17274E-05
  5.84750E-03  3.31326E+08  3.24713E+06  2.16932E-05
  5.89368E-03  3.28769E+08  3.20548E+06  2.16561E-05
  5.94001E-03  3.26215E+08  3.16409E+06  2.16178E-05
  5.98652E-03  3.23663E+08  3.12294E+06  2.15772E-05
  6.03318E-03  3.21114E+08  3.08205E+06  2.15349E-05
  6.08002E-03  3.18567E+08  3.04142E+06  2.14908E-05
  6.12702E-03  3.16023E+08  3.00105E+06  2.14445E-05
  6.17419E-03  3.13483E+08  2.96095E+06  2.13968E-05
  6.22154E-03  3.10945E+08  2.92111E+06  2.13471E-05
  6.26906E-03  3.08412E+08  2.88155E+06  2.12958E-05
  6.31676E-03  3.05882E+08  2.84226E+06  2.12426E-05
  6.36463E-03  3.03356E+08  2.80325E+06  2.11878E-05
  6.41269E-03  3.00834E+08  2.76451E+06  2.11317E-05
  6.46092E-03  2.98316E+08  2.72606E+06  2.10732E-05
  6.50934E-03  2.95803E+08  2.68790E+06  2.10137E-05
  6.55794E-03  2.93295E+08  2.65002E+06  2.09524E-05
  6.60673E-03  2.90792E+08  2.61243E+06  2.08897E-05
  6.65570E-03  2.88294E+08  2.57513E+06  2.08251E-05
  6.70487E-03  2.85801E+08  2.53813E+06  2.07592E-05
  6.75423E-03  2.83314E+08  2.50142E+06  2.06916E-05
  6.80378E-03  2.80832E+08  2.46501E+06  2.06231E-05
  6.85352E-03  2.78356E+08  2.42890E+06  2.05526E-05
  6.90347E-03  2.75887E+08  2.39309E+06  2.04806E-05
  6.95361E-03  2.73423E+08  2.35758E+06  2.04077E-05
  7.00396E-03  2.70966E+08  2.32238E+06  2.03329E-05
  7.05450E-03  2.68516E+08  2.28748E+06  2.02572E-05
  7.10526E-03  2.66072E+08  2.25289E+06  2.01798E-05
  7.15622E-03  2.63635E+08  2.21860E+06  2.01014E-05
  7.20739E-03  2.61205E+08  2.18463E+06  2.00215E-05
  7.25877E-03  2.58783E+08  2.15097E+06  1.99403E-05
  7.31036E-03  2.56368E+08  2.11761E+06  1.98581E-05
  7.36217E-03  2.53960E+08  2.08457E+06  1.97747E-05
  7.41420E-03  2.51560E+08  2.05185E+06  1.96899E-05
  7.46645E-03  2.49168E+08  2.01943E+06  1.96042E-05
  7.51892E-03  2.46784E+08  1.98733E+06  1.95171E-05
  7.57161E-03  2.44408E+08  1.95555E+06  1.94287E-05
  7.62453E-03  2.42041E+08  1.92408E+06  1.93397E-05
  7.67768E-03  2.39682E+08  1.89292E+06  1.92494E-05
  7.73106E-03  2.37331E+08  1.86209E+06  1.91581E-05
  7.78467E-03  2.34989E+08  1.83156E+06  1.90660E-05
  7.83852E-03  2.32656E+08  1.80136E+06  1.89724E-05
  7.89261E-03  2.30332E+08  1.77147E+06  1.88782E-05
  7.94693E-03  2.28018E+08  1.74189E+06  1.87830E-05
  8.00150E-03  2.25712E+08  1.71264E+06  1.86867E-05
  8.05632E-03  2.23416E+08  1.68370E+06  1.85895E-05
  8.11138E-03  2.21129E+08  1.65507E+06  1.84917E-05
  8.16670E-03  2.18852E+08  1.62676E+06  1.83928E-05
  8.22226E-03  2.16584E+08  1.59877E+06  1.82934E-05
  8.27808E-03  2.14327E+08  1.57109E+06  1.81927E-05
  8.33417E-03  2.12079E+08  1.54373E+06  1.80915E-05
  8.39051E-03  2.09841E+08  1.51668E+06  1.79896E-05
  8.44711E-03  2.07614E+08  1.48994E+06  1.78870E-05
  8.50399E-03  2.05397E+08  1.46351E+06  1.77832E-05
  8.56113E-03  2.03190E+08  1.43740E+06  1.76790E-05
  8.61854E-03  2.00994E+08  1.41160E+06  1.75740E-05
  8.67623E-03  1.98808E+08  1.38611E+06  1.74686E-05
  8.73420E-03  1.96633E+08  1.36093E+06  1.73624E-05
  8.79244E-03  1.94468E+08  1.33605E+06  1.72557E-05
  8.85097E-03  1.92315E+08  1.31148E+06  1.71481E-05
  8.90979E-03  1.90173E+08  1.28722E+06  1.70406E-05
  8.96890E-03  1.88041E+08  1.26327E+06  1.69315E-05
  9.02830E-03  1.85921E+08  1.23962E+06  1.68220E-05
  9.08800E-03  1.83812E+08  1.21627E+06  1.67130E-05
  9.14800E-03  1.81714E+08  1.19322E+06  1.66026E-05
  9.20830E-03  1.79627E+08  1.17048E+06  1.64917E-05
  9.26891E-03  1.77552E+08  1.14803E+06  1.63810E-05
  9.32982E-03  1.75489E+08  1.12588E+06  1.62700E-05
  9.39105E-03  1.73437E+08  1.10402E+06  1.61573E-05
  9.45260E-03  1.71397E+08  1.08246E+06  1.60449E-05
  9.51447E-03  1.69368E+08  1.06119E+06  1.59324E-05
  9.57666E-03  1.67352E+08  1.04022E+06  1.58192E-05
  9.63918E-03  1.65347E+08  1.01953E+06  1.57058E-05
  9.70203E-03  1.63354E+08  9.99133E+05  1.55921E-05
  9.76522E-03  1.61373E+08  9.79020E+05  1.54780E-05
  9.82875E-03  1.59404E+08  9.59193E+05  1.53636E-05
  9.89261E-03  1.57447E+08  9.39648E+05  1.52488E-05
  9.95683E-03  1.55502E+08  9.20384E+05  1.51337E-05
  1.00214E-02  1.53570E+08  9.01399E+05  1.50187E-05
  1.00863E-02  1.51649E+08  8.82691E+05  1.49032E-05
  1.01516E-02  1.49741E+08  8.64259E+05  1.47873E-05
  1.02173E-02  1.47846E+08  8.46100E+05  1.46717E-05
  1.02833E-02  1.45962E+08  8.28213E+05  1.45557E-05
  1.03497E-02  1.44091E+08  8.10595E+05  1.44393E-05
  1.04164E-02  1.42233E+08  7.93245E+05  1.43232E-05
  1.04836E-02  1.40387E+08  7.76160E+05  1.42065E-05
  1.05511E-02  1.38553E+08  7.59339E+05  1.40897E-05
  1.06190E-02  1.36732E+08  7.42780E+05  1.39732E-05
  1.06874E-02  1.34924E+08  7.26479E+05  1.38564E-05
  1.07561E-02  1.33128E+08  7.10436E+05  1.37393E-05
  1.08252E-02  1.31345E+08  6.94648E+05  1.36223E-05
  1.08948E-02  1.29575E+08  6.79112E+05  1.35055E-05
  1.09647E-02  1.27817E+08  6.63828E+05  1.33884E-05
  1.10351E-02  1.26072E+08  6.48792E+05  1.32712E-05
  1.11059E-02  1.24340E+08  6.34002E+05  1.31542E-05
  1.11772E-02  1.22620E+08  6.19457E+05  1.30371E-05
  1.12489E-02  1.20913E+08  6.05153E+05  1.29201E-05
  1.13210E-02  1.19219E+08  5.91089E+05  1.28031E-05
  1.13936E-02  1.17538E+08  5.77262E+05  1.26862E-05
  1.14667E-02  1.15870E+08  5.63670E+05  1.25690E-05
  1.15402E-02  1.14214E+08  5.50312E+05  1.24522E-05
  1.16142E-02  1.12572E+08  5.37183E+05  1.23355E-05
  1.16886E-02  1.10942E+08  5.24283E+05  1.22189E-05
  1.17636E-02  1.09325E+08  5.11609E+05  1.21021E-05
  1.18390E-02  1.07720E+08  4.99159E+05  1.19857E-05
  1.19150E-02  1.06129E+08  4.86929E+05  1.18693E-05
  1.19914E-02  1.04551E+08  4.74919E+05  1.17532E-05
  1.20684E-02  1.02985E+08  4.63125E+05  1.16371E-05
  1.21458E-02  1.01432E+08  4.51546E+05  1.15210E-05
  1.22238E-02  9.98924E+07  4.40179E+05  1.14053E-05
  1.23024E-02  9.83654E+07  4.29021E+05  1.12898E-05
  1.23815E-02  9.68512E+07  4.18070E+05  1.11744E-05
  1.24611E-02  9.53498E+07  4.07325E+05  1.10589E-05
  1.25413E-02  9.38613E+07  3.96782E+05  1.09442E-05
  1.26221E-02  9.23855E+07  3.86439E+05  1.08293E-05
  1.27034E-02  9.09226E+07  3.76294E+05  1.07146E-05
  1.27854E-02  8.94725E+07  3.66345E+05  1.06005E-05
  1.28679E-02  8.80352E+07  3.56589E+05  1.04864E-05
  1.29510E-02  8.66106E+07  3.47024E+05  1.03725E-05
  1.30348E-02  8.51988E+07  3.37648E+05  1.02589E-05
  1.31192E-02  8.37997E+07  3.28457E+05  1.01456E-05
  1.32042E-02  8.24134E+07  3.19451E+05  1.00326E-05
  1.32899E-02  8.10397E+07  3.10626E+05  9.91974E-06
  1.33762E-02  7.96788E+07  3.01980E+05  9.80727E-06
  1.34632E-02  7.83305E+07  2.93512E+05  9.69513E-06
  1.35509E-02  7.69948E+07  2.85218E+05  9.58319E-06
  1.36393E-02  7.56718E+07  2.77096E+05  9.47161E-06
  1.37284E-02  7.43613E+07  2.69145E+05  9.36027E-06
  1.38182E-02  7.30634E+07  2.61361E+05  9.24943E-06
  1.39087E-02  7.17781E+07  2.53743E+05  9.13885E-06
  1.40000E-02  7.05053E+07  2.46289E+05  9.02853E-06
  1.40920E-02  6.92450E+07  2.38995E+05  8.91853E-06
  1.41848E-02  6.79971E+07  2.31860E+05  8.80897E-06
  1.42784E-02  6.67617E+07  2.24881E+05  8.69970E-06
  1.43729E-02  6.55387E+07  2.18057E+05  8.59077E-06
  1.44681E-02  6.43280E+07  2.11385E+05  8.48227E-06
  1.45641E-02  6.31297E+07  2.04864E+05  8.37409E-06
  1.46610E-02  6.19438E+07  1.98489E+05  8.26633E-06
  1.47588E-02  6.07700E+07  1.92261E+05  8.15888E-06
  1.48575E-02  5.96086E+07  1.86175E+05  8.05187E-06
  1.49570E-02  5.84593E+07  1.80231E+05  7.94526E-06
  1.50575E-02  5.73222E+07  1.74427E+05  7.83897E-06
  1.51589E-02  5.61973E+07  1.68759E+05  7.73311E-06
  1.52613E-02  5.50844E+07  1.63226E+05  7.62766E-06
  1.53647E-02  5.39836E+07  1.57826E+05  7.52254E-06
  1.54691E-02  5.28949E+07  1.52557E+05  7.41788E-06
  1.55745E-02  5.18181E+07  1.47416E+05  7.31364E-06
  1.56809E-02  5.07533E+07  1.42402E+05  7.20980E-06
  1.57884E-02  4.97004E+07  1.37512E+05  7.10641E-06
  1.58970E-02  4.86594E+07  1.32745E+05  7.00340E-06
  1.60068E-02  4.76302E+07  1.28099E+05  6.90079E-06
  1.61176E-02  4.66129E+07  1.23571E+05  6.79859E-06
  1.62297E-02  4.56072E+07  1.19160E+05  6.69683E-06
  1.63429E-02  4.46133E+07  1.14864E+05  6.59557E-06
  1.64574E-02  4.36311E+07  1.10680E+05  6.49469E-06
  1.65732E-02  4.26605E+07  1.06607E+05  6.39427E-06
  1.66902E-02  4.17015E+07  1.02642E+05  6.29424E-06
  1.68086E-02  4.07540E+07  9.87852E+04  6.19463E-06
  1.69283E-02  3.98180E+07  9.50330E+04  6.09554E-06
  1.70495E-02  3.88936E+07  9.13841E+04  5.99685E-06
  1.71720E-02  3.79805E+07  8.78366E+04  5.89862E-06
  1.72961E-02  3.70788E+07  8.43886E+04  5.80079E-06
  1.74216E-02  3.61884E+07  8.10384E+04  5.70343E-06
  1.75487E-02  3.53094E+07  7.77842E+04  5.60649E-06
  1.76775E-02  3.44416E+07  7.46242E+04  5.51002E-06
  1.78078E-02  3.35850E+07  7.15566E+04  5.41406E-06
  1.79399E-02  3.27396E+07  6.85797E+04  5.31842E-06
  1.80737E-02  3.19052E+07  6.56919E+04  5.22336E-06
  1.82093E-02  3.10820E+07  6.28912E+04  5.12873E-06
  1.83467E-02  3.02698E+07  6.01762E+04  5.03449E-06
  1.84861E-02  2.94687E+07  5.75451E+04  4.94073E-06
  1.86274E-02  2.86784E+07  5.49963E+04  4.84742E-06
  1.87707E-02  2.78991E+07  5.25281E+04  4.75454E-06
  1.89162E-02  2.71306E+07  5.01389E+04  4.66214E-06
  1.90638E-02  2.63730E+07  4.78272E+04  4.57025E-06
  1.92137E-02  2.56262E+07  4.55912E+04  4.47879E-06
  1.93659E-02  2.48901E+07  4.34296E+04  4.38771E-06
  1.95205E-02  2.41647E+07  4.13407E+04  4.29712E-06
  1.96776E-02  2.34500E+07  3.93230E+04  4.20705E-06
  1.98373E-02  2.27459E+07  3.73750E+04  4.11739E-06
  1.99996E-02  2.20524E+07  3.54952E+04  4.02818E-06
  2.01648E-02  2.13695E+07  3.36821E+04  3.93944E-06
  2.03328E-02  2.06971E+07  3.19342E+04  3.85113E-06
  2.05038E-02  2.00351E+07  3.02502E+04  3.76329E-06
  2.06780E-02  1.93836E+07  2.86286E+04  3.67592E-06
  2.08554E-02  1.87425E+07  2.70679E+04  3.58904E-06
  2.10362E-02  1.81118E+07  2.55668E+04  3.50259E-06
  2.12205E-02  1.74914E+07  2.41239E+04  3.41658E-06
  2.14086E-02  1.68813E+07  2.27379E+04  3.33103E-06
  2.16005E-02  1.62815E+07  2.14074E+04  3.24595E-06
  2.17964E-02  1.56919E+07  2.01311E+04  3.16132E-06
  2.19966E-02  1.51126E+07  1.89077E+04  3.07716E-06
  2.22012E-02  1.45434E+07  1.77358E+04  2.99347E-06
  2.24104E-02  1.39844E+07  1.66142E+04  2.91023E-06
  2.26246E-02  1.34355E+07  1.55417E+04  2.82747E-06
  2.28438E-02  1.28968E+07  1.45170E+04  2.74517E-06
  2.30686E-02  1.23681E+07  1.35388E+04  2.66331E-06
  2.32990E-02  1.18495E+07  1.26060E+04  2.58194E-06
  2.35355E-02  1.13410E+07  1.17173E+04  2.50106E-06
  2.37784E-02  1.08425E+07  1.08715E+04  2.42063E-06
  2.40280E-02  1.03541E+07  1.00676E+04  2.34068E-06
  2.42849E-02  9.87563E+06  9.30427E+03  2.26121E-06
  2.45494E-02  9.40721E+06  8.58044E+03  2.18224E-06
  2.48221E-02  8.94881E+06  7.89496E+03  2.10375E-06
  2.51035E-02  8.50042E+06  7.24672E+03  2.02575E-06
  2.53942E-02  8.06204E+06  6.63462E+03  1.94826E-06
  2.56949E-02  7.63368E+06  6.05756E+03  1.87127E-06
  2.60063E-02  7.21535E+06  5.51447E+03  1.79479E-06
  2.63293E-02  6.80708E+06  5.00429E+03  1.71884E-06
  2.66649E-02  6.40887E+06  4.52596E+03  1.64343E-06
  2.70140E-02  6.02076E+06  4.07843E+03  1.56855E-06
  2.73779E-02  5.64278E+06  3.66069E+03  1.49424E-06
  2.77579E-02  5.27496E+06  3.27170E+03  1.42049E-06
  2.81555E-02  4.91736E+06  2.91046E+03  1.34733E-06
  2.85726E-02  4.57003E+06  2.57597E+03  1.27477E-06
  2.90110E-02  4.23304E+06  2.26723E+03  1.20284E-06
  2.94733E-02  3.90647E+06  1.98327E+03  1.13156E-06
  2.99621E-02  3.59039E+06  1.72310E+03  1.06094E-06
  3.04808E-02  3.28491E+06  1.48576E+03  9.91034E-07
  3.10331E-02  2.99016E+06  1.27028E+03  9.21861E-07
  3.16238E-02  2.70626E+06  1.07570E+03  8.53462E-07
  3.22585E-02  2.43338E+06  9.01065E+02  7.85884E-07
  3.29442E-02  2.17169E+06  7.45424E+02  7.19178E-07
  3.36896E-02  1.92141E+06  6.07819E+02  6.53406E-07
  3.45058E-02  1.68279E+06  4.87294E+02  5.88637E-07
  3.54071E-02  1.45612E+06  3.82888E+02  5.24954E-07
  3.64127E-02  1.24176E+06  2.93632E+02  4.62459E-07
  3.75483E-02  1.04012E+06  2.18547E+02  4.01273E-07
  3.88507E-02  8.51708E+05  1.56636E+02  3.41548E-07
  4.03736E-02  6.77171E+05  1.06882E+02  2.83477E-07
  4.22004E-02  5.17316E+05  6.82341E+01  2.27331E-07
  4.44705E-02  3.73213E+05  3.95976E+01  1.73561E-07
  4.74422E-02  2.46341E+05  1.98139E+01  1.24025E-07
  5.16783E-02  1.38913E+05  7.62624E+00  7.58290E-08
  5.88467E-02  5.47139E+04  1.61400E+00  1.60808E-08
  8.34571E-02  2.97080E+03  1.25660E-02  8.11053E-09
