 -3.31490E-10  1.69247E-01  6.06050E-02  2.27141E-02
  7.98340E-02  1.15043E+00  6.06035E-02  4.92205E-02
  9.20721E-02  1.79650E+00  6.06046E-02  5.64993E-02
  1.05299E-01  2.91282E+00  6.06005E-02  6.35491E-02
  1.16721E-01  4.25837E+00  6.05973E-02  6.97097E-02
  1.26848E-01  5.84262E+00  6.05881E-02  7.52138E-02
  1.35969E-01  7.72972E+00  6.05827E-02  8.01824E-02
  1.44221E-01  9.92566E+00  6.05725E-02  8.46915E-02
  1.51740E-01  1.22927E+01  6.05627E-02  8.88377E-02
  1.58722E-01  1.48828E+01  6.05528E-02  9.27056E-02
  1.65257E-01  1.76729E+01  6.05397E-02  9.63369E-02
  1.71423E-01  2.06960E+01  6.05310E-02  9.97742E-02
  1.77263E-01  2.39575E+01  6.05221E-02  1.03034E-01
  1.82815E-01  2.74192E+01  6.05171E-02  1.06138E-01
  1.88115E-01  3.10341E+01  6.05158E-02  1.09109E-01
  1.93201E-01  3.47849E+01  6.05152E-02  1.11967E-01
  1.98103E-01  3.86963E+01  6.05167E-02  1.14725E-01
  2.02840E-01  4.27810E+01  6.05165E-02  1.17394E-01
  2.07428E-01  4.70952E+01  6.05186E-02  1.19979E-01
  2.11872E-01  5.17005E+01  6.05195E-02  1.22481E-01
  2.16175E-01  5.65377E+01  6.05193E-02  1.24906E-01
  2.20346E-01  6.15029E+01  6.05146E-02  1.27260E-01
  2.24400E-01  6.66770E+01  6.05088E-02  1.29550E-01
  2.28342E-01  7.20090E+01  6.04981E-02  1.31778E-01
  2.32183E-01  7.73887E+01  6.04799E-02  1.33949E-01
  2.35935E-01  8.29946E+01  6.04574E-02  1.36071E-01
  2.39601E-01  8.85970E+01  6.04349E-02  1.38146E-01
  2.43194E-01  9.45037E+01  6.04077E-02  1.40178E-01
  2.46711E-01  1.00396E+02  6.03804E-02  1.42169E-01
  2.50162E-01  1.06748E+02  6.03527E-02  1.44121E-01
  2.53541E-01  1.13054E+02  6.03334E-02  1.46036E-01
  2.56858E-01  1.19721E+02  6.03118E-02  1.47918E-01
  2.60111E-01  1.26348E+02  6.02993E-02  1.49762E-01
  2.63308E-01  1.33274E+02  6.02954E-02  1.51577E-01
  2.66447E-01  1.40164E+02  6.02861E-02  1.53363E-01
  2.69537E-01  1.47235E+02  6.02656E-02  1.55120E-01
  2.72577E-01  1.54516E+02  6.02465E-02  1.56848E-01
  2.75570E-01  1.61734E+02  6.02185E-02  1.58550E-01
  2.78520E-01  1.69249E+02  6.01892E-02  1.60226E-01
  2.81427E-01  1.76858E+02  6.01450E-02  1.61876E-01
  2.84293E-01  1.84676E+02  6.01148E-02  1.63507E-01
  2.87118E-01  1.92566E+02  6.00794E-02  1.65111E-01
  2.89906E-01  2.00591E+02  6.00438E-02  1.66693E-01
  2.92656E-01  2.08710E+02  6.00054E-02  1.68255E-01
  2.95372E-01  2.16915E+02  5.99786E-02  1.69800E-01
  2.98055E-01  2.25322E+02  5.99413E-02  1.71325E-01
  3.00705E-01  2.33727E+02  5.99006E-02  1.72836E-01
  3.03324E-01  2.42200E+02  5.98635E-02  1.74327E-01
  3.05915E-01  2.51045E+02  5.98425E-02  1.75803E-01
  3.08475E-01  2.59827E+02  5.97988E-02  1.77258E-01
  3.11007E-01  2.68937E+02  5.97691E-02  1.78701E-01
  3.13510E-01  2.77719E+02  5.97216E-02  1.80126E-01
  3.15989E-01  2.86754E+02  5.96802E-02  1.81537E-01
  3.18444E-01  2.96209E+02  5.96312E-02  1.82935E-01
  3.20872E-01  3.05181E+02  5.95922E-02  1.84319E-01
  3.23279E-01  3.14753E+02  5.95572E-02  1.85688E-01
  3.25662E-01  3.24066E+02  5.95270E-02  1.87048E-01
  3.28023E-01  3.33942E+02  5.94544E-02  1.88394E-01
  3.30362E-01  3.42991E+02  5.94226E-02  1.89730E-01
  3.32683E-01  3.53259E+02  5.93758E-02  1.91053E-01
  3.34981E-01  3.62856E+02  5.93286E-02  1.92363E-01
  3.37260E-01  3.72553E+02  5.92416E-02  1.93663E-01
  3.39522E-01  3.82745E+02  5.91822E-02  1.94947E-01
  3.41763E-01  3.92676E+02  5.91262E-02  1.96225E-01
  3.43988E-01  4.02680E+02  5.90574E-02  1.97490E-01
  3.46196E-01  4.12653E+02  5.89803E-02  1.98750E-01
  3.48387E-01  4.22929E+02  5.89308E-02  1.99999E-01
  3.50562E-01  4.33344E+02  5.88822E-02  2.01243E-01
  3.52721E-01  4.43665E+02  5.88517E-02  2.02477E-01
  3.54864E-01  4.53921E+02  5.87725E-02  2.03703E-01
  3.56993E-01  4.64248E+02  5.87047E-02  2.04920E-01
  3.59107E-01  4.74590E+02  5.86322E-02  2.06126E-01
  3.61208E-01  4.85112E+02  5.85630E-02  2.07323E-01
  3.63295E-01  4.95420E+02  5.84564E-02  2.08516E-01
  3.65370E-01  5.06089E+02  5.83761E-02  2.09700E-01
  3.67432E-01  5.16773E+02  5.83044E-02  2.10870E-01
  3.69480E-01  5.27439E+02  5.82412E-02  2.12043E-01
  3.71517E-01  5.37813E+02  5.81713E-02  2.13205E-01
  3.73542E-01  5.48736E+02  5.80818E-02  2.14361E-01
  3.75555E-01  5.59240E+02  5.80055E-02  2.15514E-01
  3.77558E-01  5.70023E+02  5.79490E-02  2.16658E-01
  3.79549E-01  5.80605E+02  5.78906E-02  2.17799E-01
  3.81531E-01  5.91599E+02  5.77915E-02  2.18931E-01
  3.83501E-01  6.01959E+02  5.77107E-02  2.20056E-01
  3.85462E-01  6.12995E+02  5.76187E-02  2.21177E-01
  3.87413E-01  6.23905E+02  5.75262E-02  2.22291E-01
  3.89354E-01  6.34329E+02  5.74129E-02  2.23394E-01
  3.91287E-01  6.44874E+02  5.73047E-02  2.24500E-01
  3.93212E-01  6.55712E+02  5.72141E-02  2.25599E-01
  3.95127E-01  6.65994E+02  5.70701E-02  2.26694E-01
  3.97036E-01  6.76978E+02  5.69950E-02  2.27785E-01
  3.98936E-01  6.87336E+02  5.69163E-02  2.28874E-01
  4.00828E-01  6.98475E+02  5.68256E-02  2.29959E-01
  4.02712E-01  7.09773E+02  5.67488E-02  2.31034E-01
  4.04586E-01  7.19606E+02  5.66566E-02  2.32107E-01
  4.06456E-01  7.30244E+02  5.65538E-02  2.33174E-01
  4.08318E-01  7.41619E+02  5.64494E-02  2.34238E-01
  4.10171E-01  7.52016E+02  5.63144E-02  2.35300E-01
  4.12018E-01  7.62444E+02  5.62290E-02  2.36361E-01
  4.13859E-01  7.72527E+02  5.60996E-02  2.37412E-01
  4.15695E-01  7.83497E+02  5.60255E-02  2.38464E-01
  4.17523E-01  7.94272E+02  5.59103E-02  2.39512E-01
  4.19345E-01  8.04430E+02  5.58042E-02  2.40552E-01
  4.21162E-01  8.14649E+02  5.56411E-02  2.41587E-01
  4.22973E-01  8.24701E+02  5.55186E-02  2.42627E-01
  4.24779E-01  8.34665E+02  5.53768E-02  2.43658E-01
  4.26581E-01  8.45550E+02  5.52916E-02  2.44687E-01
  4.28376E-01  8.55692E+02  5.51610E-02  2.45718E-01
  4.30167E-01  8.65730E+02  5.50760E-02  2.46746E-01
  4.31952E-01  8.75720E+02  5.49101E-02  2.47772E-01
  4.33733E-01  8.85810E+02  5.47959E-02  2.48790E-01
  4.35510E-01  8.94963E+02  5.46420E-02  2.49809E-01
  4.37284E-01  9.05393E+02  5.45255E-02  2.50824E-01
  4.39052E-01  9.14926E+02  5.43657E-02  2.51833E-01
  4.40817E-01  9.25392E+02  5.43188E-02  2.52842E-01
  4.42576E-01  9.35292E+02  5.42379E-02  2.53851E-01
  4.44331E-01  9.45294E+02  5.40221E-02  2.54855E-01
  4.46082E-01  9.53465E+02  5.38686E-02  2.55854E-01
  4.47831E-01  9.62234E+02  5.37858E-02  2.56861E-01
  4.49579E-01  9.72029E+02  5.35631E-02  2.57869E-01
  4.51322E-01  9.80672E+02  5.34038E-02  2.58866E-01
  4.53064E-01  9.91407E+02  5.33137E-02  2.59862E-01
  4.54799E-01  1.00035E+03  5.31589E-02  2.60854E-01
  4.56532E-01  1.00859E+03  5.30279E-02  2.61852E-01
  4.58263E-01  1.01774E+03  5.29201E-02  2.62839E-01
  4.59992E-01  1.02666E+03  5.27848E-02  2.63842E-01
  4.61717E-01  1.03645E+03  5.25903E-02  2.64823E-01
  4.63439E-01  1.04360E+03  5.24814E-02  2.65811E-01
  4.65160E-01  1.05220E+03  5.22450E-02  2.66807E-01
  4.66880E-01  1.05977E+03  5.20604E-02  2.67784E-01
  4.68598E-01  1.06821E+03  5.19365E-02  2.68770E-01
  4.70315E-01  1.07783E+03  5.18526E-02  2.69751E-01
  4.72027E-01  1.08678E+03  5.17110E-02  2.70738E-01
  4.73736E-01  1.09257E+03  5.15280E-02  2.71715E-01
  4.75447E-01  1.10056E+03  5.14073E-02  2.72699E-01
  4.77156E-01  1.11011E+03  5.13241E-02  2.73683E-01
  4.78862E-01  1.11831E+03  5.10618E-02  2.74662E-01
  4.80565E-01  1.12350E+03  5.08492E-02  2.75645E-01
  4.82270E-01  1.13228E+03  5.07685E-02  2.76620E-01
  4.83972E-01  1.14022E+03  5.05812E-02  2.77592E-01
  4.85673E-01  1.14555E+03  5.03596E-02  2.78573E-01
  4.87375E-01  1.15277E+03  5.01702E-02  2.79548E-01
  4.89076E-01  1.16019E+03  5.00638E-02  2.80525E-01
  4.90775E-01  1.16683E+03  4.98780E-02  2.81503E-01
  4.92475E-01  1.17461E+03  4.97786E-02  2.82479E-01
  4.94172E-01  1.18069E+03  4.95496E-02  2.83452E-01
  4.95869E-01  1.18612E+03  4.93443E-02  2.84429E-01
  4.97568E-01  1.19395E+03  4.91659E-02  2.85401E-01
  4.99264E-01  1.19913E+03  4.90043E-02  2.86376E-01
  5.00962E-01  1.20539E+03  4.88618E-02  2.87359E-01
  5.02659E-01  1.21366E+03  4.87481E-02  2.88332E-01
  5.04353E-01  1.21772E+03  4.84481E-02  2.89300E-01
  5.06049E-01  1.22084E+03  4.83240E-02  2.90280E-01
  5.07749E-01  1.22864E+03  4.80924E-02  2.91264E-01
  5.09447E-01  1.23481E+03  4.78741E-02  2.92229E-01
  5.11143E-01  1.23910E+03  4.77511E-02  2.93209E-01
  5.12842E-01  1.24575E+03  4.75061E-02  2.94182E-01
  5.14539E-01  1.24729E+03  4.74070E-02  2.95162E-01
  5.16241E-01  1.25394E+03  4.72516E-02  2.96144E-01
  5.17941E-01  1.26093E+03  4.70390E-02  2.97124E-01
  5.19640E-01  1.26365E+03  4.68142E-02  2.98104E-01
  5.21341E-01  1.26761E+03  4.66491E-02  2.99074E-01
  5.23045E-01  1.27404E+03  4.64397E-02  3.00059E-01
  5.24746E-01  1.27615E+03  4.62630E-02  3.01030E-01
  5.26451E-01  1.28141E+03  4.61067E-02  3.02012E-01
  5.28156E-01  1.28482E+03  4.59009E-02  3.03001E-01
  5.29863E-01  1.28988E+03  4.56908E-02  3.03981E-01
  5.31570E-01  1.29117E+03  4.54866E-02  3.04964E-01
  5.33281E-01  1.29403E+03  4.53364E-02  3.05954E-01
  5.34994E-01  1.29983E+03  4.50811E-02  3.06937E-01
  5.36706E-01  1.30434E+03  4.49558E-02  3.07917E-01
  5.38417E-01  1.30807E+03  4.47661E-02  3.08915E-01
  5.40130E-01  1.31048E+03  4.44809E-02  3.09894E-01
  5.41845E-01  1.30721E+03  4.42725E-02  3.10889E-01
  5.43570E-01  1.31496E+03  4.41301E-02  3.11883E-01
  5.45290E-01  1.31881E+03  4.39120E-02  3.12868E-01
  5.47010E-01  1.31838E+03  4.37373E-02  3.13863E-01
  5.48736E-01  1.31905E+03  4.34383E-02  3.14854E-01
  5.50467E-01  1.32516E+03  4.33103E-02  3.15855E-01
  5.52194E-01  1.32459E+03  4.31076E-02  3.16855E-01
  5.53927E-01  1.32886E+03  4.30090E-02  3.17849E-01
  5.55659E-01  1.32952E+03  4.27035E-02  3.18853E-01
  5.57395E-01  1.32949E+03  4.24548E-02  3.19852E-01
  5.59136E-01  1.33243E+03  4.23337E-02  3.20859E-01
  5.60877E-01  1.33321E+03  4.20970E-02  3.21855E-01
  5.62622E-01  1.33222E+03  4.18008E-02  3.22859E-01
  5.64372E-01  1.33551E+03  4.16952E-02  3.23878E-01
  5.66122E-01  1.33449E+03  4.15340E-02  3.24890E-01
  5.67877E-01  1.33616E+03  4.13471E-02  3.25905E-01
  5.69634E-01  1.33901E+03  4.10995E-02  3.26918E-01
  5.71391E-01  1.33882E+03  4.08311E-02  3.27936E-01
  5.73152E-01  1.33757E+03  4.06401E-02  3.28946E-01
  5.74919E-01  1.33675E+03  4.04524E-02  3.29977E-01
  5.76689E-01  1.34023E+03  4.01649E-02  3.31001E-01
  5.78459E-01  1.33630E+03  3.99311E-02  3.32002E-01
  5.80237E-01  1.33596E+03  3.97684E-02  3.33041E-01
  5.82019E-01  1.33761E+03  3.96514E-02  3.34069E-01
  5.83802E-01  1.33578E+03  3.93815E-02  3.35112E-01
  5.85590E-01  1.33868E+03  3.91843E-02  3.36134E-01
  5.87377E-01  1.33248E+03  3.89563E-02  3.37171E-01
  5.89176E-01  1.33698E+03  3.87825E-02  3.38215E-01
  5.90971E-01  1.33345E+03  3.85575E-02  3.39245E-01
  5.92773E-01  1.32763E+03  3.82674E-02  3.40293E-01
  5.94586E-01  1.33098E+03  3.81853E-02  3.41334E-01
  5.96396E-01  1.33030E+03  3.79213E-02  3.42395E-01
  5.98210E-01  1.32576E+03  3.76472E-02  3.43436E-01
  6.00032E-01  1.32490E+03  3.75865E-02  3.44496E-01
  6.01857E-01  1.32711E+03  3.73855E-02  3.45544E-01
  6.03681E-01  1.32179E+03  3.69895E-02  3.46613E-01
  6.05514E-01  1.32002E+03  3.67499E-02  3.47665E-01
  6.07352E-01  1.31225E+03  3.65564E-02  3.48734E-01
  6.09202E-01  1.31583E+03  3.63488E-02  3.49800E-01
  6.11049E-01  1.30963E+03  3.61971E-02  3.50867E-01
  6.12905E-01  1.31044E+03  3.59526E-02  3.51952E-01
  6.14762E-01  1.31021E+03  3.57771E-02  3.53024E-01
  6.16621E-01  1.30116E+03  3.54555E-02  3.54106E-01
  6.18493E-01  1.30262E+03  3.53467E-02  3.55187E-01
  6.20365E-01  1.29700E+03  3.51104E-02  3.56272E-01
  6.22245E-01  1.29678E+03  3.49497E-02  3.57360E-01
  6.24127E-01  1.28735E+03  3.46380E-02  3.58465E-01
  6.26023E-01  1.28859E+03  3.43899E-02  3.59554E-01
  6.27918E-01  1.28647E+03  3.42567E-02  3.60656E-01
  6.29816E-01  1.28066E+03  3.39428E-02  3.61748E-01
  6.31723E-01  1.27573E+03  3.37172E-02  3.62857E-01
  6.33638E-01  1.27048E+03  3.35405E-02  3.63976E-01
  6.35562E-01  1.27148E+03  3.33712E-02  3.65096E-01
  6.37483E-01  1.26484E+03  3.31718E-02  3.66199E-01
  6.39415E-01  1.25848E+03  3.29049E-02  3.67328E-01
  6.41356E-01  1.25745E+03  3.26655E-02  3.68445E-01
  6.43299E-01  1.25112E+03  3.24950E-02  3.69573E-01
  6.45251E-01  1.24660E+03  3.22784E-02  3.70714E-01
  6.47209E-01  1.23967E+03  3.19514E-02  3.71849E-01
  6.49178E-01  1.23791E+03  3.17954E-02  3.73003E-01
  6.51149E-01  1.23148E+03  3.15995E-02  3.74146E-01
  6.53129E-01  1.22614E+03  3.14381E-02  3.75296E-01
  6.55117E-01  1.22310E+03  3.11962E-02  3.76445E-01
  6.57109E-01  1.21885E+03  3.10091E-02  3.77607E-01
  6.59107E-01  1.21145E+03  3.07668E-02  3.78758E-01
  6.61115E-01  1.20320E+03  3.04913E-02  3.79936E-01
  6.63136E-01  1.20237E+03  3.03449E-02  3.81111E-01
  6.65157E-01  1.19383E+03  3.01117E-02  3.82291E-01
  6.67190E-01  1.18785E+03  2.98427E-02  3.83483E-01
  6.69232E-01  1.18400E+03  2.96814E-02  3.84658E-01
  6.71279E-01  1.17714E+03  2.95152E-02  3.85848E-01
  6.73335E-01  1.16885E+03  2.91622E-02  3.87045E-01
  6.75404E-01  1.16526E+03  2.90379E-02  3.88245E-01
  6.77477E-01  1.15841E+03  2.87981E-02  3.89468E-01
  6.79560E-01  1.15416E+03  2.85952E-02  3.90672E-01
  6.81648E-01  1.14752E+03  2.83793E-02  3.91890E-01
  6.83745E-01  1.13616E+03  2.80024E-02  3.93123E-01
  6.85861E-01  1.13336E+03  2.79447E-02  3.94347E-01
  6.87979E-01  1.12581E+03  2.76577E-02  3.95574E-01
  6.90108E-01  1.11896E+03  2.75396E-02  3.96817E-01
  6.92246E-01  1.11425E+03  2.73074E-02  3.98058E-01
  6.94391E-01  1.10557E+03  2.71825E-02  3.99317E-01
  6.96549E-01  1.09907E+03  2.69025E-02  4.00574E-01
  6.98716E-01  1.09108E+03  2.66690E-02  4.01842E-01
  7.00895E-01  1.08435E+03  2.64184E-02  4.03100E-01
  7.03084E-01  1.07941E+03  2.63248E-02  4.04388E-01
  7.05278E-01  1.06994E+03  2.59930E-02  4.05675E-01
  7.07488E-01  1.05970E+03  2.57495E-02  4.06970E-01
  7.09715E-01  1.05781E+03  2.55459E-02  4.08272E-01
  7.11942E-01  1.04476E+03  2.52464E-02  4.09560E-01
  7.14192E-01  1.03881E+03  2.51026E-02  4.10873E-01
  7.16449E-01  1.03295E+03  2.49148E-02  4.12207E-01
  7.18715E-01  1.02633E+03  2.47909E-02  4.13516E-01
  7.20990E-01  1.01959E+03  2.45975E-02  4.14846E-01
  7.23275E-01  1.00902E+03  2.43475E-02  4.16183E-01
  7.25579E-01  1.00328E+03  2.41593E-02  4.17526E-01
  7.27890E-01  9.93080E+02  2.38199E-02  4.18869E-01
  7.30220E-01  9.83946E+02  2.36790E-02  4.20233E-01
  7.32565E-01  9.78559E+02  2.34813E-02  4.21611E-01
  7.34916E-01  9.67452E+02  2.32821E-02  4.22995E-01
  7.37289E-01  9.60821E+02  2.29698E-02  4.24388E-01
  7.39672E-01  9.50629E+02  2.27970E-02  4.25784E-01
  7.42073E-01  9.44470E+02  2.25179E-02  4.27183E-01
  7.44484E-01  9.34931E+02  2.24066E-02  4.28585E-01
  7.46912E-01  9.27865E+02  2.21727E-02  4.30006E-01
  7.49351E-01  9.17126E+02  2.20755E-02  4.31434E-01
  7.51812E-01  9.10193E+02  2.18228E-02  4.32888E-01
  7.54283E-01  9.04097E+02  2.16586E-02  4.34321E-01
  7.56764E-01  8.94710E+02  2.14515E-02  4.35785E-01
  7.59263E-01  8.85599E+02  2.12727E-02  4.37239E-01
  7.61780E-01  8.76124E+02  2.10146E-02  4.38717E-01
  7.64315E-01  8.64863E+02  2.07875E-02  4.40210E-01
  7.66875E-01  8.56318E+02  2.05183E-02  4.41716E-01
  7.69452E-01  8.49026E+02  2.04110E-02  4.43221E-01
  7.72042E-01  8.40885E+02  2.01694E-02  4.44744E-01
  7.74648E-01  8.31075E+02  2.00331E-02  4.46283E-01
  7.77275E-01  8.23537E+02  1.97124E-02  4.47821E-01
  7.79917E-01  8.14050E+02  1.95904E-02  4.49361E-01
  7.82580E-01  8.03895E+02  1.92502E-02  4.50941E-01
  7.85266E-01  7.93753E+02  1.91256E-02  4.52512E-01
  7.87976E-01  7.84568E+02  1.88108E-02  4.54108E-01
  7.90708E-01  7.75884E+02  1.86527E-02  4.55711E-01
  7.93459E-01  7.67443E+02  1.84574E-02  4.57330E-01
  7.96229E-01  7.56837E+02  1.83451E-02  4.58960E-01
  7.99026E-01  7.50965E+02  1.81394E-02  4.60585E-01
  8.01834E-01  7.39858E+02  1.80512E-02  4.62233E-01
  8.04673E-01  7.31489E+02  1.78397E-02  4.63907E-01
  8.07531E-01  7.25091E+02  1.76441E-02  4.65568E-01
  8.10402E-01  7.14478E+02  1.74710E-02  4.67268E-01
  8.13304E-01  7.06656E+02  1.72587E-02  4.68958E-01
  8.16224E-01  6.94771E+02  1.70236E-02  4.70694E-01
  8.19182E-01  6.85113E+02  1.68142E-02  4.72424E-01
  8.22167E-01  6.72374E+02  1.65550E-02  4.74232E-01
  8.25195E-01  6.62927E+02  1.62664E-02  4.76019E-01
  8.28251E-01  6.52682E+02  1.60150E-02  4.77833E-01
  8.31341E-01  6.43031E+02  1.58133E-02  4.79669E-01
  8.34461E-01  6.31722E+02  1.55917E-02  4.81511E-01
  8.37622E-01  6.23102E+02  1.54285E-02  4.83370E-01
  8.40811E-01  6.15226E+02  1.52976E-02  4.85238E-01
  8.44024E-01  6.07747E+02  1.51781E-02  4.87097E-01
  8.47260E-01  6.03490E+02  1.51077E-02  4.88972E-01
  8.50502E-01  5.95774E+02  1.50803E-02  4.90833E-01
  8.53769E-01  5.86832E+02  1.49152E-02  4.92758E-01
  8.57068E-01  5.78717E+02  1.47233E-02  4.94682E-01
  8.60396E-01  5.66795E+02  1.45692E-02  4.96676E-01
  8.63776E-01  5.56245E+02  1.41985E-02  4.98707E-01
  8.67202E-01  5.44040E+02  1.39978E-02  5.00757E-01
  8.70684E-01  5.33169E+02  1.37022E-02  5.02839E-01
  8.74218E-01  5.21599E+02  1.33893E-02  5.04954E-01
  8.77810E-01  5.12413E+02  1.32400E-02  5.07073E-01
  8.81444E-01  4.99310E+02  1.29114E-02  5.09282E-01
  8.85152E-01  4.89291E+02  1.27106E-02  5.11479E-01
  8.88913E-01  4.78007E+02  1.25362E-02  5.13719E-01
  8.92739E-01  4.67457E+02  1.22177E-02  5.16050E-01
  8.96627E-01  4.62582E+02  1.20995E-02  5.18279E-01
  9.00531E-01  4.54938E+02  1.20894E-02  5.20543E-01
  9.04475E-01  4.48193E+02  1.20794E-02  5.22828E-01
  9.08454E-01  4.45669E+02  1.20866E-02  5.25099E-01
  9.12429E-01  4.35741E+02  1.20554E-02  5.27405E-01
  9.16470E-01  4.26097E+02  1.18690E-02  5.29829E-01
  9.20575E-01  4.20714E+02  1.17400E-02  5.32186E-01
  9.24706E-01  4.15302E+02  1.17416E-02  5.34607E-01
  9.28863E-01  4.06898E+02  1.15606E-02  5.37047E-01
  9.33079E-01  3.94274E+02  1.13703E-02  5.39583E-01
  9.37401E-01  3.85804E+02  1.10724E-02  5.42134E-01
  9.41787E-01  3.76053E+02  1.09868E-02  5.44774E-01
  9.46257E-01  3.67763E+02  1.06752E-02  5.47453E-01
  9.50797E-01  3.56441E+02  1.04634E-02  5.50167E-01
  9.55447E-01  3.43980E+02  1.02001E-02  5.52987E-01
  9.60232E-01  3.36239E+02  9.92384E-03  5.55859E-01
  9.65091E-01  3.23559E+02  9.72958E-03  5.58766E-01
  9.70104E-01  3.13555E+02  9.45679E-03  5.61836E-01
  9.75237E-01  3.02495E+02  9.22540E-03  5.64908E-01
  9.80517E-01  2.92287E+02  9.04765E-03  5.68163E-01
  9.85938E-01  2.81410E+02  8.59074E-03  5.71412E-01
  9.91524E-01  2.70756E+02  8.42690E-03  5.74870E-01
  9.97282E-01  2.60752E+02  8.11554E-03  5.78254E-01
  1.00321E+00  2.50781E+02  8.04686E-03  5.81942E-01
  1.00932E+00  2.45892E+02  7.72144E-03  5.85399E-01
  1.01550E+00  2.36300E+02  7.70897E-03  5.89192E-01
  1.02188E+00  2.37642E+02  7.73620E-03  5.92679E-01
  1.02816E+00  2.33559E+02  7.99774E-03  5.96126E-01
  1.03450E+00  2.37538E+02  8.69560E-03  5.99671E-01
  1.04069E+00  2.34268E+02  8.72947E-03  6.02929E-01
  1.04691E+00  2.30117E+02  9.04572E-03  6.06552E-01
  1.05320E+00  2.26255E+02  9.12095E-03  6.10010E-01
  1.05955E+00  2.14327E+02  8.96160E-03  6.14094E-01
  1.06621E+00  2.06669E+02  8.59006E-03  6.17836E-01
  1.07306E+00  1.97876E+02  8.46638E-03  6.22251E-01
  1.08017E+00  1.91883E+02  8.40626E-03  6.26097E-01
  1.08744E+00  1.82422E+02  8.20199E-03  6.30856E-01
  1.09504E+00  1.72208E+02  8.01308E-03  6.35063E-01
  1.10302E+00  1.63768E+02  7.73424E-03  6.40374E-01
  1.11136E+00  1.53401E+02  7.56924E-03  6.44972E-01
  1.12019E+00  1.45111E+02  7.11837E-03  6.50963E-01
  1.12945E+00  1.33897E+02  6.99126E-03  6.56174E-01
  1.13941E+00  1.25223E+02  6.43636E-03  6.62928E-01
  1.14998E+00  1.12332E+02  6.31389E-03  6.69143E-01
  1.16166E+00  1.05916E+02  5.67547E-03  6.76843E-01
  1.17393E+00  9.33879E+01  5.63037E-03  6.84284E-01
  1.18773E+00  8.93025E+01  5.20929E-03  6.92954E-01
  1.20203E+00  7.85219E+01  5.25828E-03  7.01727E-01
  1.21815E+00  7.54487E+01  4.99178E-03  7.11466E-01
  1.23479E+00  6.67528E+01  5.06498E-03  7.21627E-01
  1.25346E+00  6.27689E+01  5.10565E-03  7.32797E-01
  1.27319E+00  5.61344E+01  5.19168E-03  7.44716E-01
  1.29518E+00  4.95743E+01  5.13948E-03  7.58074E-01
  1.32006E+00  4.54404E+01  5.77353E-03  7.73185E-01
  1.34735E+00  6.78834E+01  1.46970E-02  7.76356E-01
  1.36610E+00  9.72979E+01  3.54266E-02  7.71821E-01
  1.38008E+00  8.81865E+01  6.69043E-02  7.72283E-01
  1.39798E+00  6.88954E+01  8.50194E-02  7.81238E-01
  1.44735E+00  2.28913E+01  1.10232E-01  7.81558E-01
