 -1.12970E-09  1.18369E-06  1.61862E-12  2.23097E-05
  2.49627E-01  1.24794E-06  1.61862E-12  5.90049E-05
  4.10371E-01  1.25981E-06  1.61867E-12  8.78205E-05
  5.71962E-01  1.21215E-06  1.61864E-12  1.17215E-04
  7.39415E-01  7.55836E-06  1.61867E-12  1.35053E-04
  7.71146E-01  8.64247E-06  1.61867E-12  1.41146E-04
  8.07686E-01  9.50279E-06  1.61865E-12  1.48100E-04
  8.48751E-01  1.16658E-05  1.61862E-12  1.55329E-04
  8.88456E-01  1.38210E-05  1.61859E-12  1.62355E-04
  9.27270E-01  1.61128E-05  1.61854E-12  1.69222E-04
  9.65102E-01  1.84185E-05  1.61847E-12  1.75933E-04
  1.00215E+00  2.08418E-05  1.61833E-12  1.82504E-04
  1.03836E+00  2.37105E-05  1.61816E-12  1.88886E-04
  1.07323E+00  2.70573E-05  1.61797E-12  1.95008E-04
  1.10649E+00  3.08242E-05  1.61774E-12  2.00836E-04
  1.13809E+00  3.50236E-05  1.61755E-12  2.06373E-04
  1.16806E+00  3.95724E-05  1.61732E-12  2.11623E-04
  1.19653E+00  4.43895E-05  1.61708E-12  2.16620E-04
  1.22370E+00  4.94273E-05  1.61681E-12  2.21398E-04
  1.24971E+00  5.46347E-05  1.61650E-12  2.25975E-04
  1.27475E+00  6.01113E-05  1.61621E-12  2.30370E-04
  1.29888E+00  6.59551E-05  1.61596E-12  2.34602E-04
  1.32215E+00  7.22192E-05  1.61567E-12  2.38677E-04
  1.34458E+00  7.86104E-05  1.61553E-12  2.42612E-04
  1.36629E+00  8.43543E-05  1.61549E-12  2.46436E-04
  1.38755E+00  8.87317E-05  1.61541E-12  2.50219E-04
  1.40876E+00  9.21757E-05  1.61533E-12  2.54019E-04
  1.43011E+00  9.60535E-05  1.61522E-12  2.57836E-04
  1.45149E+00  1.01136E-04  1.61499E-12  2.61644E-04
  1.47264E+00  1.07393E-04  1.61466E-12  2.65397E-04
  1.49336E+00  1.14568E-04  1.61420E-12  2.69065E-04
  1.51352E+00  1.22127E-04  1.61360E-12  2.72633E-04
  1.53315E+00  1.29906E-04  1.61280E-12  2.76112E-04
  1.55228E+00  1.37875E-04  1.61176E-12  2.79505E-04
  1.57095E+00  1.45769E-04  1.61075E-12  2.82815E-04
  1.58922E+00  1.53999E-04  1.60975E-12  2.86053E-04
  1.60710E+00  1.62315E-04  1.60870E-12  2.89210E-04
  1.62462E+00  1.71066E-04  1.60787E-12  2.92301E-04
  1.64178E+00  1.79843E-04  1.60719E-12  2.95334E-04
  1.65862E+00  1.88749E-04  1.60654E-12  2.98315E-04
  1.67515E+00  1.96721E-04  1.60607E-12  3.01260E-04
  1.69149E+00  2.03341E-04  1.60577E-12  3.04182E-04
  1.70775E+00  2.09191E-04  1.60540E-12  3.07108E-04
  1.72401E+00  2.15147E-04  1.60502E-12  3.10029E-04
  1.74024E+00  2.22304E-04  1.60456E-12  3.12932E-04
  1.75636E+00  2.30459E-04  1.60385E-12  3.15807E-04
  1.77231E+00  2.39735E-04  1.60301E-12  3.18644E-04
  1.78802E+00  2.49678E-04  1.60194E-12  3.21429E-04
  1.80348E+00  2.59597E-04  1.60070E-12  3.24172E-04
  1.81871E+00  2.69958E-04  1.59917E-12  3.26875E-04
  1.83370E+00  2.80538E-04  1.59764E-12  3.29534E-04
  1.84846E+00  2.91029E-04  1.59631E-12  3.32159E-04
  1.86301E+00  3.01778E-04  1.59505E-12  3.34751E-04
  1.87736E+00  3.12556E-04  1.59407E-12  3.37317E-04
  1.89151E+00  3.22506E-04  1.59313E-12  3.39855E-04
  1.90553E+00  3.31010E-04  1.59232E-12  3.42374E-04
  1.91947E+00  3.38361E-04  1.59140E-12  3.44877E-04
  1.93340E+00  3.45379E-04  1.59034E-12  3.47366E-04
  1.94731E+00  3.53384E-04  1.58921E-12  3.49847E-04
  1.96117E+00  3.62498E-04  1.58786E-12  3.52312E-04
  1.97495E+00  3.72808E-04  1.58646E-12  3.54755E-04
  1.98859E+00  3.83797E-04  1.58486E-12  3.57177E-04
  2.00209E+00  3.95453E-04  1.58337E-12  3.59577E-04
  2.01543E+00  4.06802E-04  1.58194E-12  3.61957E-04
  2.02863E+00  4.18635E-04  1.58042E-12  3.64316E-04
  2.04169E+00  4.30241E-04  1.57868E-12  3.66657E-04
  2.05461E+00  4.41511E-04  1.57707E-12  3.68980E-04
  2.06742E+00  4.51759E-04  1.57557E-12  3.71280E-04
  2.08015E+00  4.61018E-04  1.57404E-12  3.73564E-04
  2.09283E+00  4.69637E-04  1.57265E-12  3.75837E-04
  2.10547E+00  4.77889E-04  1.57108E-12  3.78103E-04
  2.11810E+00  4.86805E-04  1.56942E-12  3.80357E-04
  2.13069E+00  4.97127E-04  1.56774E-12  3.82600E-04
  2.14320E+00  5.07874E-04  1.56595E-12  3.84841E-04
  2.15563E+00  5.19528E-04  1.56398E-12  3.87058E-04
  2.16797E+00  5.31067E-04  1.56203E-12  3.89265E-04
  2.18021E+00  5.43103E-04  1.55998E-12  3.91466E-04
  2.19235E+00  5.54469E-04  1.55779E-12  3.93642E-04
  2.20441E+00  5.65900E-04  1.55559E-12  3.95804E-04
  2.21640E+00  5.76171E-04  1.55364E-12  3.97950E-04
  2.22833E+00  5.86301E-04  1.55151E-12  4.00082E-04
  2.24021E+00  5.95578E-04  1.54966E-12  4.02213E-04
  2.25207E+00  6.04296E-04  1.54765E-12  4.04340E-04
  2.26390E+00  6.13903E-04  1.54555E-12  4.06463E-04
  2.27570E+00  6.24396E-04  1.54360E-12  4.08578E-04
  2.28745E+00  6.35101E-04  1.54127E-12  4.10680E-04
  2.29914E+00  6.46204E-04  1.53901E-12  4.12777E-04
  2.31078E+00  6.57781E-04  1.53648E-12  4.14863E-04
  2.32234E+00  6.69377E-04  1.53447E-12  4.16939E-04
  2.33384E+00  6.80425E-04  1.53175E-12  4.19002E-04
  2.34529E+00  6.91145E-04  1.52966E-12  4.21071E-04
  2.35669E+00  7.01014E-04  1.52734E-12  4.23128E-04
  2.36806E+00  7.11053E-04  1.52543E-12  4.25189E-04
  2.37939E+00  7.20303E-04  1.52310E-12  4.27231E-04
  2.39070E+00  7.30379E-04  1.52087E-12  4.29256E-04
  2.40198E+00  7.40125E-04  1.51747E-12  4.31276E-04
  2.41323E+00  7.50181E-04  1.51465E-12  4.33291E-04
  2.42444E+00  7.60836E-04  1.51101E-12  4.35297E-04
  2.43562E+00  7.71573E-04  1.50790E-12  4.37293E-04
  2.44674E+00  7.82391E-04  1.50494E-12  4.39296E-04
  2.45783E+00  7.93436E-04  1.50276E-12  4.41289E-04
  2.46887E+00  8.03750E-04  1.50039E-12  4.43278E-04
  2.47988E+00  8.14373E-04  1.49754E-12  4.45266E-04
  2.49085E+00  8.23829E-04  1.49501E-12  4.47253E-04
  2.50180E+00  8.33673E-04  1.49197E-12  4.49228E-04
  2.51272E+00  8.42897E-04  1.48949E-12  4.51191E-04
  2.52362E+00  8.51678E-04  1.48689E-12  4.53153E-04
  2.53450E+00  8.61465E-04  1.48364E-12  4.55109E-04
  2.54537E+00  8.70580E-04  1.48040E-12  4.57064E-04
  2.55621E+00  8.80131E-04  1.47709E-12  4.59024E-04
  2.56703E+00  8.90384E-04  1.47393E-12  4.60978E-04
  2.57781E+00  8.99254E-04  1.47047E-12  4.62932E-04
  2.58858E+00  9.09244E-04  1.46756E-12  4.64874E-04
  2.59933E+00  9.18804E-04  1.46396E-12  4.66812E-04
  2.61004E+00  9.27604E-04  1.46069E-12  4.68747E-04
  2.62075E+00  9.36038E-04  1.45741E-12  4.70675E-04
  2.63144E+00  9.45228E-04  1.45409E-12  4.72604E-04
  2.64211E+00  9.52557E-04  1.45044E-12  4.74531E-04
  2.65278E+00  9.61625E-04  1.44755E-12  4.76462E-04
  2.66344E+00  9.69631E-04  1.44413E-12  4.78389E-04
  2.67408E+00  9.78978E-04  1.44075E-12  4.80317E-04
  2.68471E+00  9.86899E-04  1.43730E-12  4.82237E-04
  2.69532E+00  9.94886E-04  1.43420E-12  4.84160E-04
  2.70593E+00  1.00395E-03  1.43031E-12  4.86070E-04
  2.71651E+00  1.01291E-03  1.42641E-12  4.87981E-04
  2.72708E+00  1.01855E-03  1.42238E-12  4.89898E-04
  2.73766E+00  1.02688E-03  1.41865E-12  4.91806E-04
  2.74822E+00  1.03469E-03  1.41517E-12  4.93727E-04
  2.75878E+00  1.04270E-03  1.41210E-12  4.95644E-04
  2.76932E+00  1.04887E-03  1.40802E-12  4.97560E-04
  2.77987E+00  1.05658E-03  1.40412E-12  4.99476E-04
  2.79041E+00  1.06404E-03  1.39992E-12  5.01390E-04
  2.80095E+00  1.07088E-03  1.39643E-12  5.03296E-04
  2.81148E+00  1.07853E-03  1.39224E-12  5.05208E-04
  2.82200E+00  1.08600E-03  1.38818E-12  5.07115E-04
  2.83251E+00  1.09263E-03  1.38447E-12  5.09018E-04
  2.84302E+00  1.09785E-03  1.38044E-12  5.10933E-04
  2.85354E+00  1.10468E-03  1.37627E-12  5.12843E-04
  2.86406E+00  1.11127E-03  1.37286E-12  5.14753E-04
  2.87457E+00  1.11782E-03  1.36871E-12  5.16657E-04
  2.88508E+00  1.12358E-03  1.36457E-12  5.18568E-04
  2.89560E+00  1.12988E-03  1.36043E-12  5.20478E-04
  2.90611E+00  1.13613E-03  1.35639E-12  5.22383E-04
  2.91662E+00  1.14119E-03  1.35233E-12  5.24295E-04
  2.92713E+00  1.14678E-03  1.34825E-12  5.26216E-04
  2.93765E+00  1.15294E-03  1.34415E-12  5.28125E-04
  2.94817E+00  1.15842E-03  1.33963E-12  5.30038E-04
  2.95869E+00  1.16366E-03  1.33523E-12  5.31964E-04
  2.96921E+00  1.16971E-03  1.33117E-12  5.33890E-04
  2.97973E+00  1.17459E-03  1.32666E-12  5.35804E-04
  2.99025E+00  1.17785E-03  1.32220E-12  5.37723E-04
  3.00079E+00  1.18268E-03  1.31754E-12  5.39644E-04
  3.01134E+00  1.18933E-03  1.31320E-12  5.41571E-04
  3.02188E+00  1.19460E-03  1.30870E-12  5.43490E-04
  3.03241E+00  1.19580E-03  1.30443E-12  5.45409E-04
  3.04298E+00  1.20256E-03  1.29990E-12  5.47339E-04
  3.05354E+00  1.20864E-03  1.29590E-12  5.49265E-04
  3.06409E+00  1.21001E-03  1.29113E-12  5.51197E-04
  3.07467E+00  1.21615E-03  1.28635E-12  5.53124E-04
  3.08523E+00  1.21678E-03  1.28156E-12  5.55050E-04
  3.09583E+00  1.22256E-03  1.27673E-12  5.56967E-04
  3.10643E+00  1.22752E-03  1.27172E-12  5.58917E-04
  3.11702E+00  1.22919E-03  1.26787E-12  5.60874E-04
  3.12763E+00  1.23540E-03  1.26380E-12  5.62826E-04
  3.13824E+00  1.23532E-03  1.25954E-12  5.64789E-04
  3.14887E+00  1.24229E-03  1.25435E-12  5.66735E-04
  3.15949E+00  1.24114E-03  1.24936E-12  5.68667E-04
  3.17015E+00  1.24618E-03  1.24382E-12  5.70608E-04
  3.18081E+00  1.24882E-03  1.23831E-12  5.72556E-04
  3.19148E+00  1.24823E-03  1.23355E-12  5.74521E-04
  3.20219E+00  1.25688E-03  1.22950E-12  5.76486E-04
  3.21285E+00  1.25417E-03  1.22493E-12  5.78441E-04
  3.22358E+00  1.25737E-03  1.22030E-12  5.80418E-04
  3.23430E+00  1.26454E-03  1.21526E-12  5.82380E-04
  3.24500E+00  1.26005E-03  1.21043E-12  5.84338E-04
  3.25577E+00  1.26288E-03  1.20573E-12  5.86319E-04
  3.26654E+00  1.26731E-03  1.20067E-12  5.88298E-04
  3.27731E+00  1.26986E-03  1.19589E-12  5.90289E-04
  3.28808E+00  1.26673E-03  1.19092E-12  5.92268E-04
  3.29891E+00  1.26911E-03  1.18580E-12  5.94264E-04
  3.30974E+00  1.27217E-03  1.18066E-12  5.96265E-04
  3.32058E+00  1.27457E-03  1.17553E-12  5.98245E-04
  3.33142E+00  1.27496E-03  1.17035E-12  6.00240E-04
  3.34228E+00  1.27380E-03  1.16574E-12  6.02249E-04
  3.35318E+00  1.27369E-03  1.16048E-12  6.04253E-04
  3.36410E+00  1.27524E-03  1.15562E-12  6.06264E-04
  3.37503E+00  1.27531E-03  1.15047E-12  6.08285E-04
  3.38599E+00  1.27702E-03  1.14535E-12  6.10304E-04
  3.39695E+00  1.27721E-03  1.14038E-12  6.12335E-04
  3.40793E+00  1.27775E-03  1.13518E-12  6.14362E-04
  3.41893E+00  1.27718E-03  1.12979E-12  6.16385E-04
  3.42995E+00  1.27672E-03  1.12490E-12  6.18429E-04
  3.44100E+00  1.27693E-03  1.11954E-12  6.20474E-04
  3.45206E+00  1.27648E-03  1.11447E-12  6.22531E-04
  3.46315E+00  1.27551E-03  1.10884E-12  6.24572E-04
  3.47426E+00  1.27659E-03  1.10388E-12  6.26621E-04
  3.48538E+00  1.27555E-03  1.09818E-12  6.28687E-04
  3.49652E+00  1.27441E-03  1.09292E-12  6.30759E-04
  3.50769E+00  1.27514E-03  1.08791E-12  6.32831E-04
  3.51887E+00  1.27377E-03  1.08266E-12  6.34897E-04
  3.53008E+00  1.27053E-03  1.07767E-12  6.36977E-04
  3.54132E+00  1.26888E-03  1.07254E-12  6.39050E-04
  3.55260E+00  1.26744E-03  1.06693E-12  6.41131E-04
  3.56390E+00  1.26924E-03  1.06180E-12  6.43231E-04
  3.57520E+00  1.26902E-03  1.05643E-12  6.45331E-04
  3.58651E+00  1.26478E-03  1.05166E-12  6.47435E-04
  3.59787E+00  1.26117E-03  1.04644E-12  6.49551E-04
  3.60927E+00  1.26203E-03  1.04014E-12  6.51668E-04
  3.62067E+00  1.26178E-03  1.03451E-12  6.53789E-04
  3.63209E+00  1.25677E-03  1.02929E-12  6.55903E-04
  3.64355E+00  1.25453E-03  1.02397E-12  6.58037E-04
  3.65505E+00  1.25689E-03  1.01885E-12  6.60177E-04
  3.66653E+00  1.24921E-03  1.01334E-12  6.62322E-04
  3.67809E+00  1.25050E-03  1.00827E-12  6.64477E-04
  3.68964E+00  1.24814E-03  1.00257E-12  6.66638E-04
  3.70122E+00  1.24138E-03  9.97117E-13  6.68793E-04
  3.71286E+00  1.24314E-03  9.91480E-13  6.70947E-04
  3.72450E+00  1.23712E-03  9.85857E-13  6.73115E-04
  3.73619E+00  1.23714E-03  9.80669E-13  6.75292E-04
  3.74789E+00  1.23137E-03  9.75195E-13  6.77484E-04
  3.75964E+00  1.23113E-03  9.69979E-13  6.79685E-04
  3.77139E+00  1.22558E-03  9.64609E-13  6.81883E-04
  3.78320E+00  1.22469E-03  9.59407E-13  6.84079E-04
  3.79502E+00  1.21797E-03  9.53712E-13  6.86290E-04
  3.80690E+00  1.21826E-03  9.47976E-13  6.88504E-04
  3.81878E+00  1.21061E-03  9.42565E-13  6.90735E-04
  3.83073E+00  1.21074E-03  9.36610E-13  6.92984E-04
  3.84268E+00  1.20392E-03  9.31146E-13  6.95219E-04
  3.85469E+00  1.20065E-03  9.25841E-13  6.97456E-04
  3.86673E+00  1.19914E-03  9.19997E-13  6.99720E-04
  3.87878E+00  1.19058E-03  9.14355E-13  7.01981E-04
  3.89092E+00  1.19019E-03  9.09207E-13  7.04249E-04
  3.90305E+00  1.18742E-03  9.03919E-13  7.06519E-04
  3.91520E+00  1.17845E-03  8.98453E-13  7.08811E-04
  3.92744E+00  1.17555E-03  8.92659E-13  7.11096E-04
  3.93970E+00  1.17352E-03  8.87243E-13  7.13399E-04
  3.95197E+00  1.16825E-03  8.81580E-13  7.15710E-04
  3.96429E+00  1.16080E-03  8.75805E-13  7.18018E-04
  3.97668E+00  1.15791E-03  8.70684E-13  7.20350E-04
  3.98908E+00  1.15390E-03  8.65091E-13  7.22685E-04
  4.00152E+00  1.15044E-03  8.59728E-13  7.25016E-04
  4.01399E+00  1.14332E-03  8.54102E-13  7.27365E-04
  4.02652E+00  1.13727E-03  8.48613E-13  7.29727E-04
  4.03910E+00  1.13287E-03  8.43035E-13  7.32100E-04
  4.05172E+00  1.12773E-03  8.37051E-13  7.34476E-04
  4.06438E+00  1.12272E-03  8.31801E-13  7.36855E-04
  4.07709E+00  1.11857E-03  8.26013E-13  7.39264E-04
  4.08982E+00  1.11292E-03  8.20151E-13  7.41660E-04
  4.10260E+00  1.10630E-03  8.14330E-13  7.44076E-04
  4.11544E+00  1.10223E-03  8.08998E-13  7.46504E-04
  4.12831E+00  1.09407E-03  8.03424E-13  7.48925E-04
  4.14126E+00  1.08932E-03  7.97889E-13  7.51372E-04
  4.15424E+00  1.08430E-03  7.92159E-13  7.53819E-04
  4.16726E+00  1.07733E-03  7.86720E-13  7.56274E-04
  4.18035E+00  1.07166E-03  7.81581E-13  7.58747E-04
  4.19348E+00  1.06580E-03  7.76258E-13  7.61236E-04
  4.20666E+00  1.06013E-03  7.70846E-13  7.63737E-04
  4.21989E+00  1.05443E-03  7.65058E-13  7.66260E-04
  4.23317E+00  1.04833E-03  7.59185E-13  7.68767E-04
  4.24650E+00  1.04114E-03  7.52836E-13  7.71298E-04
  4.25989E+00  1.03591E-03  7.47150E-13  7.73820E-04
  4.27333E+00  1.02813E-03  7.42177E-13  7.76358E-04
  4.28684E+00  1.02113E-03  7.36588E-13  7.78929E-04
  4.30041E+00  1.01588E-03  7.31877E-13  7.81500E-04
  4.31402E+00  1.01038E-03  7.26535E-13  7.84079E-04
  4.32768E+00  1.00450E-03  7.20780E-13  7.86661E-04
  4.34139E+00  9.94401E-04  7.14817E-13  7.89281E-04
  4.35521E+00  9.88229E-04  7.08845E-13  7.91912E-04
  4.36908E+00  9.82659E-04  7.03174E-13  7.94562E-04
  4.38299E+00  9.73554E-04  6.97064E-13  7.97235E-04
  4.39700E+00  9.66369E-04  6.91371E-13  7.99906E-04
  4.41108E+00  9.61214E-04  6.85570E-13  8.02576E-04
  4.42520E+00  9.52509E-04  6.80697E-13  8.05256E-04
  4.43941E+00  9.46100E-04  6.75471E-13  8.07948E-04
  4.45368E+00  9.39722E-04  6.70366E-13  8.10651E-04
  4.46801E+00  9.31991E-04  6.65345E-13  8.13371E-04
  4.48242E+00  9.26647E-04  6.59669E-13  8.16113E-04
  4.49686E+00  9.16365E-04  6.54172E-13  8.18887E-04
  4.51143E+00  9.10983E-04  6.48000E-13  8.21683E-04
  4.52605E+00  9.00109E-04  6.41885E-13  8.24487E-04
  4.54079E+00  8.94783E-04  6.35849E-13  8.27317E-04
  4.55558E+00  8.85614E-04  6.30458E-13  8.30152E-04
  4.57048E+00  8.78437E-04  6.24866E-13  8.33008E-04
  4.58545E+00  8.71408E-04  6.19238E-13  8.35861E-04
  4.60049E+00  8.62026E-04  6.14042E-13  8.38729E-04
  4.61565E+00  8.56168E-04  6.08912E-13  8.41622E-04
  4.63087E+00  8.47968E-04  6.03546E-13  8.44533E-04
  4.64617E+00  8.38687E-04  5.98021E-13  8.47455E-04
  4.66160E+00  8.31529E-04  5.92791E-13  8.50419E-04
  4.67710E+00  8.25463E-04  5.87325E-13  8.53389E-04
  4.69267E+00  8.15468E-04  5.81541E-13  8.56374E-04
  4.70837E+00  8.06333E-04  5.76127E-13  8.59395E-04
  4.72419E+00  7.99080E-04  5.70657E-13  8.62442E-04
  4.74009E+00  7.90943E-04  5.65071E-13  8.65496E-04
  4.75610E+00  7.82264E-04  5.59315E-13  8.68576E-04
  4.77223E+00  7.73826E-04  5.53135E-13  8.71702E-04
  4.78847E+00  7.65956E-04  5.47916E-13  8.74829E-04
  4.80481E+00  7.57089E-04  5.41917E-13  8.77988E-04
  4.82128E+00  7.47701E-04  5.36119E-13  8.81177E-04
  4.83789E+00  7.38814E-04  5.30377E-13  8.84401E-04
  4.85463E+00  7.30433E-04  5.24526E-13  8.87607E-04
  4.87150E+00  7.21878E-04  5.19395E-13  8.90864E-04
  4.88849E+00  7.14589E-04  5.14543E-13  8.94131E-04
  4.90558E+00  7.05884E-04  5.09840E-13  8.97401E-04
  4.92282E+00  6.98662E-04  5.05021E-13  9.00688E-04
  4.94015E+00  6.89976E-04  5.00625E-13  9.03988E-04
  4.95762E+00  6.81336E-04  4.96008E-13  9.07336E-04
  4.97524E+00  6.73200E-04  4.90749E-13  9.10734E-04
  4.99300E+00  6.64628E-04  4.85129E-13  9.14187E-04
  5.01090E+00  6.54215E-04  4.78645E-13  9.17723E-04
  5.02900E+00  6.44779E-04  4.71765E-13  9.21289E-04
  5.04728E+00  6.33512E-04  4.64794E-13  9.24891E-04
  5.06579E+00  6.24439E-04  4.57392E-13  9.28565E-04
  5.08449E+00  6.13126E-04  4.50523E-13  9.32269E-04
  5.10344E+00  6.04599E-04  4.44497E-13  9.35983E-04
  5.12256E+00  5.94831E-04  4.39345E-13  9.39703E-04
  5.14189E+00  5.87214E-04  4.35655E-13  9.43379E-04
  5.16138E+00  5.80813E-04  4.32700E-13  9.47040E-04
  5.18098E+00  5.74951E-04  4.31002E-13  9.50639E-04
  5.20068E+00  5.67792E-04  4.29304E-13  9.54291E-04
  5.22052E+00  5.60849E-04  4.26466E-13  9.58009E-04
  5.24050E+00  5.52078E-04  4.21721E-13  9.61890E-04
  5.26070E+00  5.41493E-04  4.14786E-13  9.65904E-04
  5.28118E+00  5.31342E-04  4.07473E-13  9.70032E-04
  5.30193E+00  5.19868E-04  3.99373E-13  9.74218E-04
  5.32303E+00  5.08728E-04  3.92223E-13  9.78479E-04
  5.34447E+00  4.97908E-04  3.84805E-13  9.82750E-04
  5.36625E+00  4.87877E-04  3.77940E-13  9.87149E-04
  5.38836E+00  4.76905E-04  3.69874E-13  9.91578E-04
  5.41083E+00  4.65267E-04  3.62752E-13  9.96146E-04
  5.43373E+00  4.55900E-04  3.55674E-13  1.00071E-03
  5.45696E+00  4.46590E-04  3.50915E-13  1.00527E-03
  5.48053E+00  4.39365E-04  3.48318E-13  1.00967E-03
  5.50433E+00  4.33727E-04  3.47695E-13  1.01405E-03
  5.52830E+00  4.28865E-04  3.47486E-13  1.01843E-03
  5.55239E+00  4.22009E-04  3.46393E-13  1.02288E-03
  5.57671E+00  4.14737E-04  3.44070E-13  1.02742E-03
  5.60131E+00  4.07196E-04  3.41425E-13  1.03210E-03
  5.62621E+00  3.99976E-04  3.38615E-13  1.03687E-03
  5.65139E+00  3.91620E-04  3.34256E-13  1.04172E-03
  5.67695E+00  3.82044E-04  3.30094E-13  1.04671E-03
  5.70298E+00  3.73193E-04  3.24483E-13  1.05186E-03
  5.72946E+00  3.63559E-04  3.18723E-13  1.05714E-03
  5.75646E+00  3.52730E-04  3.11569E-13  1.06258E-03
  5.78410E+00  3.42386E-04  3.04885E-13  1.06822E-03
  5.81239E+00  3.31710E-04  2.97063E-13  1.07399E-03
  5.84138E+00  3.20602E-04  2.89679E-13  1.07993E-03
  5.87117E+00  3.09998E-04  2.81659E-13  1.08604E-03
  5.90175E+00  2.99700E-04  2.75165E-13  1.09238E-03
  5.93316E+00  2.88468E-04  2.65891E-13  1.09879E-03
  5.96555E+00  2.78097E-04  2.59387E-13  1.10562E-03
  5.99889E+00  2.66421E-04  2.48911E-13  1.11242E-03
  6.03342E+00  2.56003E-04  2.43223E-13  1.11984E-03
  6.06907E+00  2.44919E-04  2.32219E-13  1.12694E-03
  6.10604E+00  2.36332E-04  2.29863E-13  1.13476E-03
  6.14403E+00  2.29690E-04  2.25422E-13  1.14158E-03
  6.18279E+00  2.22480E-04  2.25108E-13  1.14926E-03
  6.22248E+00  2.21475E-04  2.31544E-13  1.15578E-03
  6.26202E+00  2.19807E-04  2.38904E-13  1.16147E-03
  6.30155E+00  2.23958E-04  2.60170E-13  1.16837E-03
  6.34007E+00  2.18669E-04  2.59495E-13  1.17333E-03
  6.37924E+00  2.11566E-04  2.62266E-13  1.18147E-03
  6.41946E+00  2.06433E-04  2.62927E-13  1.18814E-03
  6.46040E+00  1.95706E-04  2.55828E-13  1.19752E-03
  6.50330E+00  1.87579E-04  2.52797E-13  1.20480E-03
  6.54776E+00  1.78380E-04  2.46599E-13  1.21453E-03
  6.59421E+00  1.70164E-04  2.45003E-13  1.22278E-03
  6.64259E+00  1.60903E-04  2.37059E-13  1.23371E-03
  6.69342E+00  1.51337E-04  2.33416E-13  1.24317E-03
  6.74711E+00  1.41450E-04  2.22416E-13  1.25513E-03
  6.80419E+00  1.31346E-04  2.17539E-13  1.26643E-03
  6.86526E+00  1.21086E-04  2.03390E-13  1.28061E-03
  6.93107E+00  1.09891E-04  1.96234E-13  1.29437E-03
  7.00309E+00  9.90481E-05  1.77559E-13  1.31144E-03
  7.08245E+00  8.85495E-05  1.72312E-13  1.32850E-03
  7.17057E+00  8.06370E-05  1.59912E-13  1.34721E-03
  7.26665E+00  7.21306E-05  1.59397E-13  1.36715E-03
  7.37334E+00  6.64903E-05  1.57103E-13  1.38790E-03
  7.48846E+00  5.88973E-05  1.56978E-13  1.41068E-03
  7.61798E+00  5.30534E-05  1.60180E-13  1.43560E-03
  7.76171E+00  4.59949E-05  1.62337E-13  1.46366E-03
  7.92832E+00  3.95578E-05  1.70624E-13  1.49522E-03
  8.12489E+00  3.42025E-05  1.95966E-13  1.52794E-03
  8.36084E+00  3.31894E-05  3.39660E-13  1.54125E-03
  8.63256E+00  2.99319E-05  6.40584E-13  1.54934E-03
  9.24765E+00  1.07970E-05  8.32773E-13  1.57085E-03
