 -1.32733E-10  3.92871E-04  2.59672E-08  2.21874E-05
  3.60540E-02  4.14186E-04  2.59670E-08  5.87587E-05
  5.92709E-02  4.18130E-04  2.59668E-08  8.73906E-05
  8.26098E-02  4.02293E-04  2.59666E-08  1.16547E-04
  1.06796E-01  2.50863E-03  2.59667E-08  1.34229E-04
  1.11379E-01  2.86836E-03  2.59666E-08  1.40231E-04
  1.16657E-01  3.15389E-03  2.59664E-08  1.47037E-04
  1.22588E-01  3.87188E-03  2.59663E-08  1.54087E-04
  1.28323E-01  4.58715E-03  2.59667E-08  1.60916E-04
  1.33929E-01  5.34828E-03  2.59679E-08  1.67574E-04
  1.39392E-01  6.11380E-03  2.59695E-08  1.74081E-04
  1.44742E-01  6.91902E-03  2.59722E-08  1.80492E-04
  1.49971E-01  7.87220E-03  2.59750E-08  1.86765E-04
  1.55006E-01  8.98500E-03  2.59778E-08  1.92787E-04
  1.59807E-01  1.02371E-02  2.59804E-08  1.98521E-04
  1.64369E-01  1.16329E-02  2.59821E-08  2.03938E-04
  1.68694E-01  1.31456E-02  2.59828E-08  2.09064E-04
  1.72804E-01  1.47470E-02  2.59827E-08  2.13930E-04
  1.76724E-01  1.64203E-02  2.59818E-08  2.18595E-04
  1.80480E-01  1.81538E-02  2.59809E-08  2.23085E-04
  1.84092E-01  1.99756E-02  2.59801E-08  2.27442E-04
  1.87574E-01  2.19178E-02  2.59799E-08  2.31683E-04
  1.90931E-01  2.40045E-02  2.59807E-08  2.35816E-04
  1.94167E-01  2.61295E-02  2.59825E-08  2.39831E-04
  1.97299E-01  2.80424E-02  2.59855E-08  2.43739E-04
  2.00367E-01  2.95006E-02  2.59891E-08  2.47566E-04
  2.03426E-01  3.06495E-02  2.59935E-08  2.51357E-04
  2.06506E-01  3.19413E-02  2.59979E-08  2.55096E-04
  2.09590E-01  3.36403E-02  2.60022E-08  2.58744E-04
  2.12639E-01  3.57284E-02  2.60057E-08  2.62293E-04
  2.15626E-01  3.81255E-02  2.60081E-08  2.65774E-04
  2.18532E-01  4.06500E-02  2.60089E-08  2.69236E-04
  2.21361E-01  4.32520E-02  2.60082E-08  2.72732E-04
  2.24117E-01  4.59153E-02  2.60065E-08  2.76215E-04
  2.26807E-01  4.85675E-02  2.60055E-08  2.79686E-04
  2.29437E-01  5.13266E-02  2.60057E-08  2.83090E-04
  2.32011E-01  5.41229E-02  2.60076E-08  2.86347E-04
  2.34533E-01  5.70609E-02  2.60120E-08  2.89413E-04
  2.37002E-01  6.00215E-02  2.60187E-08  2.92304E-04
  2.39423E-01  6.30174E-02  2.60287E-08  2.95003E-04
  2.41799E-01  6.57081E-02  2.60402E-08  2.97591E-04
  2.44147E-01  6.79385E-02  2.60508E-08  3.00169E-04
  2.46483E-01  6.99184E-02  2.60586E-08  3.02853E-04
  2.48818E-01  7.19336E-02  2.60635E-08  3.05733E-04
  2.51148E-01  7.43344E-02  2.60654E-08  3.08746E-04
  2.53463E-01  7.70939E-02  2.60687E-08  3.11825E-04
  2.55753E-01  8.02259E-02  2.60710E-08  3.14888E-04
  2.58008E-01  8.35820E-02  2.60714E-08  3.17856E-04
  2.60226E-01  8.69501E-02  2.60732E-08  3.20677E-04
  2.62410E-01  9.04731E-02  2.60747E-08  3.23379E-04
  2.64559E-01  9.40728E-02  2.60740E-08  3.25879E-04
  2.66673E-01  9.76489E-02  2.60738E-08  3.28354E-04
  2.68757E-01  1.01300E-01  2.60771E-08  3.30764E-04
  2.70811E-01  1.04969E-01  2.60811E-08  3.33185E-04
  2.72837E-01  1.08376E-01  2.60905E-08  3.35633E-04
  2.74841E-01  1.11292E-01  2.61022E-08  3.38128E-04
  2.76835E-01  1.13829E-01  2.61162E-08  3.40636E-04
  2.78825E-01  1.16301E-01  2.61310E-08  3.43133E-04
  2.80811E-01  1.19047E-01  2.61441E-08  3.45635E-04
  2.82791E-01  1.22238E-01  2.61536E-08  3.48113E-04
  2.84755E-01  1.25797E-01  2.61616E-08  3.50537E-04
  2.86701E-01  1.29601E-01  2.61661E-08  3.52929E-04
  2.88624E-01  1.33611E-01  2.61703E-08  3.55266E-04
  2.90524E-01  1.37557E-01  2.61745E-08  3.57558E-04
  2.92403E-01  1.41629E-01  2.61793E-08  3.59794E-04
  2.94261E-01  1.45687E-01  2.61857E-08  3.62018E-04
  2.96098E-01  1.49595E-01  2.61919E-08  3.64235E-04
  2.97918E-01  1.53217E-01  2.61998E-08  3.66464E-04
  2.99726E-01  1.56439E-01  2.62089E-08  3.68729E-04
  3.01526E-01  1.59518E-01  2.62208E-08  3.71013E-04
  3.03320E-01  1.62468E-01  2.62330E-08  3.73314E-04
  3.05109E-01  1.65649E-01  2.62470E-08  3.75606E-04
  3.06892E-01  1.69309E-01  2.62602E-08  3.77870E-04
  3.08663E-01  1.73134E-01  2.62701E-08  3.80115E-04
  3.10422E-01  1.77308E-01  2.62790E-08  3.82299E-04
  3.12165E-01  1.81374E-01  2.62878E-08  3.84427E-04
  3.13894E-01  1.85696E-01  2.62956E-08  3.86533E-04
  3.15607E-01  1.89742E-01  2.63044E-08  3.88612E-04
  3.17308E-01  1.93901E-01  2.63119E-08  3.90694E-04
  3.18997E-01  1.97562E-01  2.63213E-08  3.92795E-04
  3.20677E-01  2.01297E-01  2.63337E-08  3.94892E-04
  3.22348E-01  2.04658E-01  2.63477E-08  3.96965E-04
  3.24014E-01  2.07913E-01  2.63605E-08  3.99028E-04
  3.25676E-01  2.11426E-01  2.63716E-08  4.01107E-04
  3.27332E-01  2.15248E-01  2.63823E-08  4.03199E-04
  3.28980E-01  2.19184E-01  2.63917E-08  4.05271E-04
  3.30618E-01  2.23261E-01  2.64026E-08  4.07319E-04
  3.32246E-01  2.27558E-01  2.64148E-08  4.09361E-04
  3.33864E-01  2.31851E-01  2.64299E-08  4.11390E-04
  3.35471E-01  2.36014E-01  2.64464E-08  4.13403E-04
  3.37068E-01  2.39990E-01  2.64625E-08  4.15388E-04
  3.38658E-01  2.43782E-01  2.64787E-08  4.17384E-04
  3.40241E-01  2.47460E-01  2.64889E-08  4.19363E-04
  3.41819E-01  2.50985E-01  2.65025E-08  4.21358E-04
  3.43392E-01  2.54809E-01  2.65123E-08  4.23372E-04
  3.44959E-01  2.58567E-01  2.65225E-08  4.25366E-04
  3.46520E-01  2.62436E-01  2.65311E-08  4.27370E-04
  3.48075E-01  2.66690E-01  2.65437E-08  4.29343E-04
  3.49622E-01  2.70835E-01  2.65609E-08  4.31273E-04
  3.51161E-01  2.75121E-01  2.65811E-08  4.33198E-04
  3.52692E-01  2.79358E-01  2.65990E-08  4.35118E-04
  3.54215E-01  2.83417E-01  2.66180E-08  4.37026E-04
  3.55732E-01  2.87420E-01  2.66342E-08  4.38936E-04
  3.57243E-01  2.91239E-01  2.66503E-08  4.40874E-04
  3.58748E-01  2.95185E-01  2.66643E-08  4.42830E-04
  3.60248E-01  2.98918E-01  2.66765E-08  4.44789E-04
  3.61744E-01  3.02341E-01  2.66910E-08  4.46714E-04
  3.63237E-01  3.06330E-01  2.67072E-08  4.48607E-04
  3.64724E-01  3.10161E-01  2.67236E-08  4.50482E-04
  3.66207E-01  3.14089E-01  2.67406E-08  4.52340E-04
  3.67684E-01  3.18193E-01  2.67577E-08  4.54204E-04
  3.69156E-01  3.22021E-01  2.67735E-08  4.56084E-04
  3.70623E-01  3.26026E-01  2.67892E-08  4.57959E-04
  3.72084E-01  3.30096E-01  2.68097E-08  4.59834E-04
  3.73541E-01  3.33854E-01  2.68225E-08  4.61720E-04
  3.74993E-01  3.37449E-01  2.68365E-08  4.63597E-04
  3.76442E-01  3.41275E-01  2.68533E-08  4.65444E-04
  3.77886E-01  3.44699E-01  2.68724E-08  4.67265E-04
  3.79329E-01  3.48442E-01  2.68892E-08  4.69091E-04
  3.80767E-01  3.52022E-01  2.69067E-08  4.70939E-04
  3.82202E-01  3.56026E-01  2.69258E-08  4.72820E-04
  3.83632E-01  3.59721E-01  2.69444E-08  4.74722E-04
  3.85058E-01  3.63139E-01  2.69636E-08  4.76636E-04
  3.86483E-01  3.67295E-01  2.69847E-08  4.78549E-04
  3.87901E-01  3.71087E-01  2.70050E-08  4.80446E-04
  3.89316E-01  3.74109E-01  2.70239E-08  4.82338E-04
  3.90730E-01  3.78002E-01  2.70381E-08  4.84191E-04
  3.92139E-01  3.81472E-01  2.70580E-08  4.85973E-04
  3.93546E-01  3.85132E-01  2.70825E-08  4.87697E-04
  3.94949E-01  3.88249E-01  2.71092E-08  4.89408E-04
  3.96351E-01  3.91954E-01  2.71311E-08  4.91145E-04
  3.97749E-01  3.95658E-01  2.71454E-08  4.92928E-04
  3.99143E-01  3.98974E-01  2.71541E-08  4.94777E-04
  4.00536E-01  4.02461E-01  2.71670E-08  4.96689E-04
  4.01925E-01  4.06324E-01  2.71918E-08  4.98653E-04
  4.03311E-01  4.09656E-01  2.72224E-08  5.00609E-04
  4.04694E-01  4.12639E-01  2.72495E-08  5.02477E-04
  4.06075E-01  4.16056E-01  2.72716E-08  5.04265E-04
  4.07455E-01  4.19251E-01  2.72809E-08  5.06012E-04
  4.08832E-01  4.22585E-01  2.72862E-08  5.07749E-04
  4.10207E-01  4.25720E-01  2.72973E-08  5.09527E-04
  4.11580E-01  4.29122E-01  2.73208E-08  5.11362E-04
  4.12950E-01  4.32364E-01  2.73554E-08  5.13247E-04
  4.14318E-01  4.35590E-01  2.73878E-08  5.15133E-04
  4.15684E-01  4.38642E-01  2.74108E-08  5.16973E-04
  4.17048E-01  4.41865E-01  2.74239E-08  5.18760E-04
  4.18410E-01  4.45089E-01  2.74366E-08  5.20539E-04
  4.19769E-01  4.48209E-01  2.74567E-08  5.22336E-04
  4.21127E-01  4.51716E-01  2.74817E-08  5.24138E-04
  4.22481E-01  4.54605E-01  2.75094E-08  5.25964E-04
  4.23834E-01  4.56922E-01  2.75317E-08  5.27798E-04
  4.25188E-01  4.60184E-01  2.75506E-08  5.29616E-04
  4.26538E-01  4.63901E-01  2.75699E-08  5.31442E-04
  4.27885E-01  4.67009E-01  2.75921E-08  5.33269E-04
  4.29230E-01  4.68724E-01  2.76093E-08  5.35110E-04
  4.30576E-01  4.72424E-01  2.76271E-08  5.36967E-04
  4.31919E-01  4.75877E-01  2.76421E-08  5.38808E-04
  4.33258E-01  4.77528E-01  2.76613E-08  5.40619E-04
  4.34599E-01  4.81478E-01  2.76884E-08  5.42422E-04
  4.35936E-01  4.83289E-01  2.77161E-08  5.44191E-04
  4.37273E-01  4.86580E-01  2.77483E-08  5.45968E-04
  4.38608E-01  4.90174E-01  2.77687E-08  5.47780E-04
  4.39939E-01  4.91743E-01  2.77863E-08  5.49642E-04
  4.41271E-01  4.95563E-01  2.77990E-08  5.51542E-04
  4.42599E-01  4.96520E-01  2.78144E-08  5.53426E-04
  4.43931E-01  5.00836E-01  2.78303E-08  5.55275E-04
  4.45256E-01  5.01649E-01  2.78556E-08  5.57059E-04
  4.46585E-01  5.05495E-01  2.78859E-08  5.58807E-04
  4.47909E-01  5.08226E-01  2.79157E-08  5.60567E-04
  4.49232E-01  5.09729E-01  2.79406E-08  5.62389E-04
  4.50556E-01  5.13896E-01  2.79558E-08  5.64276E-04
  4.51874E-01  5.13950E-01  2.79648E-08  5.66192E-04
  4.53197E-01  5.16972E-01  2.79754E-08  5.68106E-04
  4.54518E-01  5.20962E-01  2.79882E-08  5.69975E-04
  4.55834E-01  5.20963E-01  2.80126E-08  5.71770E-04
  4.57154E-01  5.23846E-01  2.80485E-08  5.73542E-04
  4.58472E-01  5.27238E-01  2.80857E-08  5.75351E-04
  4.59786E-01  5.29764E-01  2.81090E-08  5.77200E-04
  4.61098E-01  5.30094E-01  2.81215E-08  5.79065E-04
  4.62415E-01  5.32559E-01  2.81318E-08  5.80920E-04
  4.63729E-01  5.35213E-01  2.81444E-08  5.82755E-04
  4.65042E-01  5.38008E-01  2.81680E-08  5.84625E-04
  4.66352E-01  5.39956E-01  2.81980E-08  5.86488E-04
  4.67661E-01  5.40956E-01  2.82241E-08  5.88352E-04
  4.68972E-01  5.42712E-01  2.82415E-08  5.90235E-04
  4.70284E-01  5.44744E-01  2.82541E-08  5.92090E-04
  4.71594E-01  5.46473E-01  2.82633E-08  5.93941E-04
  4.72904E-01  5.48837E-01  2.82789E-08  5.95803E-04
  4.74212E-01  5.50602E-01  2.82993E-08  5.97685E-04
  4.75520E-01  5.52542E-01  2.83261E-08  5.99610E-04
  4.76827E-01  5.54361E-01  2.83499E-08  6.01540E-04
  4.78133E-01  5.55761E-01  2.83690E-08  6.03420E-04
  4.79439E-01  5.57731E-01  2.83846E-08  6.05241E-04
  4.80745E-01  5.59111E-01  2.84014E-08  6.07033E-04
  4.82050E-01  5.60412E-01  2.84198E-08  6.08868E-04
  4.83356E-01  5.62965E-01  2.84421E-08  6.10781E-04
  4.84660E-01  5.64367E-01  2.84662E-08  6.12760E-04
  4.85963E-01  5.65598E-01  2.84800E-08  6.14752E-04
  4.87267E-01  5.67742E-01  2.84921E-08  6.16716E-04
  4.88568E-01  5.69023E-01  2.85027E-08  6.18625E-04
  4.89870E-01  5.69064E-01  2.85134E-08  6.20469E-04
  4.91175E-01  5.70109E-01  2.85309E-08  6.22296E-04
  4.92480E-01  5.71490E-01  2.85524E-08  6.24117E-04
  4.93785E-01  5.74567E-01  2.85799E-08  6.25994E-04
  4.95086E-01  5.76265E-01  2.86010E-08  6.27953E-04
  4.96385E-01  5.76189E-01  2.86177E-08  6.29955E-04
  4.97688E-01  5.76674E-01  2.86317E-08  6.31992E-04
  4.98992E-01  5.78884E-01  2.86420E-08  6.33974E-04
  5.00293E-01  5.80958E-01  2.86505E-08  6.35896E-04
  5.01592E-01  5.80263E-01  2.86610E-08  6.37759E-04
  5.02895E-01  5.81249E-01  2.86725E-08  6.39637E-04
  5.04198E-01  5.84240E-01  2.86815E-08  6.41511E-04
  5.05497E-01  5.82969E-01  2.87016E-08  6.43443E-04
  5.06801E-01  5.85139E-01  2.87205E-08  6.45425E-04
  5.08102E-01  5.86760E-01  2.87380E-08  6.47427E-04
  5.09401E-01  5.85568E-01  2.87566E-08  6.49454E-04
  5.10705E-01  5.88376E-01  2.87633E-08  6.51462E-04
  5.12005E-01  5.87548E-01  2.87751E-08  6.53496E-04
  5.13309E-01  5.89762E-01  2.87840E-08  6.55505E-04
  5.14609E-01  5.89215E-01  2.87929E-08  6.57447E-04
  5.15913E-01  5.90908E-01  2.88064E-08  6.59387E-04
  5.17214E-01  5.90377E-01  2.88250E-08  6.61302E-04
  5.18519E-01  5.92367E-01  2.88371E-08  6.63213E-04
  5.19820E-01  5.91089E-01  2.88470E-08  6.65243E-04
  5.21126E-01  5.93647E-01  2.88518E-08  6.67293E-04
  5.22427E-01  5.91776E-01  2.88545E-08  6.69341E-04
  5.23735E-01  5.94280E-01  2.88586E-08  6.71380E-04
  5.25038E-01  5.93165E-01  2.88709E-08  6.73380E-04
  5.26344E-01  5.93800E-01  2.88853E-08  6.75333E-04
  5.27651E-01  5.95257E-01  2.88977E-08  6.77341E-04
  5.28956E-01  5.93309E-01  2.89042E-08  6.79394E-04
  5.30266E-01  5.95010E-01  2.89046E-08  6.81465E-04
  5.31573E-01  5.96117E-01  2.89090E-08  6.83551E-04
  5.32879E-01  5.93600E-01  2.89158E-08  6.85616E-04
  5.34191E-01  5.94747E-01  2.89250E-08  6.87663E-04
  5.35502E-01  5.96067E-01  2.89341E-08  6.89714E-04
  5.36811E-01  5.95225E-01  2.89375E-08  6.91738E-04
  5.38122E-01  5.94328E-01  2.89445E-08  6.93798E-04
  5.39436E-01  5.94694E-01  2.89507E-08  6.95891E-04
  5.40750E-01  5.95046E-01  2.89508E-08  6.97997E-04
  5.42063E-01  5.95326E-01  2.89537E-08  7.00101E-04
  5.43377E-01  5.94217E-01  2.89579E-08  7.02199E-04
  5.44694E-01  5.93567E-01  2.89596E-08  7.04310E-04
  5.46012E-01  5.93234E-01  2.89600E-08  7.06428E-04
  5.47332E-01  5.93013E-01  2.89597E-08  7.08545E-04
  5.48652E-01  5.93003E-01  2.89619E-08  7.10657E-04
  5.49973E-01  5.92969E-01  2.89639E-08  7.12765E-04
  5.51294E-01  5.92369E-01  2.89632E-08  7.14891E-04
  5.52616E-01  5.91553E-01  2.89583E-08  7.17041E-04
  5.53941E-01  5.91579E-01  2.89557E-08  7.19185E-04
  5.55265E-01  5.90194E-01  2.89598E-08  7.21338E-04
  5.56593E-01  5.89803E-01  2.89587E-08  7.23489E-04
  5.57921E-01  5.89124E-01  2.89563E-08  7.25660E-04
  5.59251E-01  5.88102E-01  2.89523E-08  7.27843E-04
  5.60583E-01  5.87297E-01  2.89483E-08  7.30057E-04
  5.61917E-01  5.86615E-01  2.89434E-08  7.32297E-04
  5.63252E-01  5.85703E-01  2.89417E-08  7.34556E-04
  5.64588E-01  5.85009E-01  2.89417E-08  7.36739E-04
  5.65926E-01  5.84319E-01  2.89318E-08  7.38939E-04
  5.67265E-01  5.83206E-01  2.89161E-08  7.41120E-04
  5.68606E-01  5.82610E-01  2.89021E-08  7.43290E-04
  5.69948E-01  5.80447E-01  2.88878E-08  7.45476E-04
  5.71294E-01  5.78823E-01  2.88781E-08  7.47707E-04
  5.72644E-01  5.78286E-01  2.88728E-08  7.50007E-04
  5.73994E-01  5.77553E-01  2.88704E-08  7.52334E-04
  5.75344E-01  5.76753E-01  2.88693E-08  7.54640E-04
  5.76696E-01  5.73838E-01  2.88622E-08  7.56947E-04
  5.78054E-01  5.73031E-01  2.88511E-08  7.59293E-04
  5.79413E-01  5.72458E-01  2.88304E-08  7.61556E-04
  5.80772E-01  5.69547E-01  2.88047E-08  7.63800E-04
  5.82138E-01  5.68362E-01  2.87878E-08  7.66119E-04
  5.83504E-01  5.67787E-01  2.87735E-08  7.68477E-04
  5.84872E-01  5.64725E-01  2.87616E-08  7.70832E-04
  5.86245E-01  5.63682E-01  2.87480E-08  7.73210E-04
  5.87620E-01  5.61997E-01  2.87324E-08  7.75581E-04
  5.88997E-01  5.59714E-01  2.87206E-08  7.77936E-04
  5.90379E-01  5.59294E-01  2.87047E-08  7.80311E-04
  5.91760E-01  5.55673E-01  2.86871E-08  7.82686E-04
  5.93149E-01  5.55165E-01  2.86648E-08  7.85066E-04
  5.94537E-01  5.51689E-01  2.86442E-08  7.87500E-04
  5.95933E-01  5.51001E-01  2.86195E-08  7.89965E-04
  5.97328E-01  5.47908E-01  2.85901E-08  7.92435E-04
  5.98730E-01  5.46210E-01  2.85665E-08  7.94879E-04
  6.00134E-01  5.44269E-01  2.85488E-08  7.97363E-04
  6.01542E-01  5.40913E-01  2.85260E-08  7.99883E-04
  6.02956E-01  5.39800E-01  2.85009E-08  8.02389E-04
  6.04371E-01  5.37370E-01  2.84748E-08  8.04849E-04
  6.05791E-01  5.33855E-01  2.84485E-08  8.07358E-04
  6.07218E-01  5.32085E-01  2.84221E-08  8.09885E-04
  6.08647E-01  5.30359E-01  2.83953E-08  8.12390E-04
  6.10079E-01  5.27145E-01  2.83657E-08  8.14944E-04
  6.11518E-01  5.23958E-01  2.83398E-08  8.17534E-04
  6.12962E-01  5.21659E-01  2.83066E-08  8.20178E-04
  6.14411E-01  5.19074E-01  2.82722E-08  8.22816E-04
  6.15864E-01  5.16113E-01  2.82399E-08  8.25453E-04
  6.17324E-01  5.13647E-01  2.81992E-08  8.28112E-04
  6.18787E-01  5.10826E-01  2.81625E-08  8.30770E-04
  6.20256E-01  5.07730E-01  2.81339E-08  8.33430E-04
  6.21731E-01  5.04470E-01  2.81005E-08  8.36139E-04
  6.23213E-01  5.01350E-01  2.80635E-08  8.38859E-04
  6.24702E-01  4.98514E-01  2.80278E-08  8.41579E-04
  6.26196E-01  4.95374E-01  2.79879E-08  8.44298E-04
  6.27696E-01  4.92476E-01  2.79485E-08  8.47059E-04
  6.29202E-01  4.88813E-01  2.79031E-08  8.49870E-04
  6.30716E-01  4.86059E-01  2.78611E-08  8.52689E-04
  6.32236E-01  4.81903E-01  2.78248E-08  8.55522E-04
  6.33765E-01  4.78496E-01  2.77833E-08  8.58380E-04
  6.35302E-01  4.75312E-01  2.77308E-08  8.61242E-04
  6.36846E-01  4.71974E-01  2.76869E-08  8.64126E-04
  6.38397E-01  4.67798E-01  2.76394E-08  8.67065E-04
  6.39958E-01  4.64633E-01  2.75931E-08  8.70004E-04
  6.41527E-01  4.60162E-01  2.75450E-08  8.72973E-04
  6.43106E-01  4.57427E-01  2.74992E-08  8.75945E-04
  6.44692E-01  4.52553E-01  2.74482E-08  8.78999E-04
  6.46291E-01  4.49546E-01  2.73965E-08  8.82103E-04
  6.47896E-01  4.44896E-01  2.73411E-08  8.85184E-04
  6.49514E-01  4.40872E-01  2.72844E-08  8.88256E-04
  6.51143E-01  4.37106E-01  2.72227E-08  8.91350E-04
  6.52781E-01  4.33230E-01  2.71661E-08  8.94491E-04
  6.54430E-01  4.28533E-01  2.71207E-08  8.97687E-04
  6.56093E-01  4.24261E-01  2.70607E-08  9.00922E-04
  6.57767E-01  4.20076E-01  2.70036E-08  9.04179E-04
  6.59454E-01  4.15651E-01  2.69492E-08  9.07494E-04
  6.61154E-01  4.11648E-01  2.68861E-08  9.10839E-04
  6.62866E-01  4.07120E-01  2.68181E-08  9.14201E-04
  6.64592E-01  4.02037E-01  2.67460E-08  9.17583E-04
  6.66335E-01  3.97277E-01  2.66755E-08  9.21012E-04
  6.68094E-01  3.92882E-01  2.66076E-08  9.24499E-04
  6.69867E-01  3.88428E-01  2.65386E-08  9.28052E-04
  6.71655E-01  3.82912E-01  2.64691E-08  9.31646E-04
  6.73464E-01  3.78887E-01  2.64066E-08  9.35277E-04
  6.75286E-01  3.73665E-01  2.63376E-08  9.38965E-04
  6.77128E-01  3.68562E-01  2.62693E-08  9.42639E-04
  6.78990E-01  3.63668E-01  2.61953E-08  9.46374E-04
  6.80872E-01  3.58944E-01  2.61181E-08  9.50198E-04
  6.82772E-01  3.53507E-01  2.60381E-08  9.54057E-04
  6.84695E-01  3.47940E-01  2.59503E-08  9.57986E-04
  6.86644E-01  3.42684E-01  2.58637E-08  9.61959E-04
  6.88615E-01  3.37531E-01  2.57781E-08  9.66006E-04
  6.90611E-01  3.32188E-01  2.56962E-08  9.70117E-04
  6.92632E-01  3.26338E-01  2.56141E-08  9.74320E-04
  6.94682E-01  3.21150E-01  2.55256E-08  9.78566E-04
  6.96759E-01  3.15719E-01  2.54415E-08  9.82847E-04
  6.98865E-01  3.09716E-01  2.53546E-08  9.87232E-04
  7.01005E-01  3.04062E-01  2.52627E-08  9.91748E-04
  7.03177E-01  2.98340E-01  2.51638E-08  9.96348E-04
  7.05384E-01  2.92290E-01  2.50731E-08  1.00100E-03
  7.07629E-01  2.86581E-01  2.49782E-08  1.00569E-03
  7.09911E-01  2.80578E-01  2.48803E-08  1.01055E-03
  7.12234E-01  2.74541E-01  2.47677E-08  1.01562E-03
  7.14601E-01  2.68330E-01  2.46500E-08  1.02080E-03
  7.17014E-01  2.62029E-01  2.45390E-08  1.02604E-03
  7.19477E-01  2.55893E-01  2.44438E-08  1.03122E-03
  7.21992E-01  2.49612E-01  2.43473E-08  1.03649E-03
  7.24561E-01  2.43326E-01  2.42316E-08  1.04207E-03
  7.27188E-01  2.36781E-01  2.40962E-08  1.04800E-03
  7.29879E-01  2.30185E-01  2.39654E-08  1.05407E-03
  7.32639E-01  2.23563E-01  2.38496E-08  1.06008E-03
  7.35472E-01  2.17207E-01  2.37535E-08  1.06607E-03
  7.38379E-01  2.10523E-01  2.36396E-08  1.07241E-03
  7.41369E-01  2.03650E-01  2.34920E-08  1.07931E-03
  7.44452E-01  1.96666E-01  2.33278E-08  1.08658E-03
  7.47635E-01  1.89713E-01  2.31817E-08  1.09391E-03
  7.50926E-01  1.82829E-01  2.30600E-08  1.10113E-03
  7.54332E-01  1.75902E-01  2.29388E-08  1.10855E-03
  7.57864E-01  1.68787E-01  2.27949E-08  1.11658E-03
  7.61537E-01  1.61454E-01  2.26219E-08  1.12530E-03
  7.65368E-01  1.54191E-01  2.24479E-08  1.13447E-03
  7.69373E-01  1.46796E-01  2.22856E-08  1.14374E-03
  7.73573E-01  1.39428E-01  2.21312E-08  1.15352E-03
  7.77990E-01  1.31923E-01  2.19526E-08  1.16389E-03
  7.82655E-01  1.24387E-01  2.17821E-08  1.17505E-03
  7.87600E-01  1.16700E-01  2.16075E-08  1.18653E-03
  7.92872E-01  1.08970E-01  2.14150E-08  1.19933E-03
  7.98523E-01  1.00892E-01  2.11430E-08  1.21412E-03
  8.04636E-01  9.28225E-02  2.08761E-08  1.22998E-03
  8.11299E-01  8.49986E-02  2.07523E-08  1.24523E-03
  8.18604E-01  7.71022E-02  2.06408E-08  1.26044E-03
  8.26704E-01  6.85927E-02  2.03202E-08  1.28372E-03
  8.35885E-01  5.95256E-02  1.97195E-08  1.31125E-03
  8.46590E-01  5.12779E-02  1.96558E-08  1.33837E-03
  8.59233E-01  4.34655E-02  2.00612E-08  1.35579E-03
  8.74570E-01  2.78468E-02  1.38288E-08  1.22054E-03
  8.99592E-01  8.12397E-03  1.08374E-09  3.07876E-04
  9.89374E-01  2.46261E-03  1.78264E-12  4.60264E-06
  1.40302E+00  1.37632E-04  7.89357E-15  4.03827E-07
