 -2.46347E-08  1.02569E-10  9.55579E-09  1.53256E+00
  5.64113E+00  6.97219E-10  9.55530E-09  3.31953E+00
  6.50585E+00  1.08862E-09  9.55583E-09  3.81066E+00
  7.44058E+00  1.76510E-09  9.55491E-09  4.28674E+00
  8.24773E+00  2.58033E-09  9.55441E-09  4.70257E+00
  8.96340E+00  3.54058E-09  9.55277E-09  5.07430E+00
  9.60789E+00  4.68389E-09  9.55144E-09  5.40963E+00
  1.01910E+01  6.01455E-09  9.54945E-09  5.71419E+00
  1.07224E+01  7.44863E-09  9.54825E-09  5.99410E+00
  1.12157E+01  9.01890E-09  9.54692E-09  6.25510E+00
  1.16775E+01  1.07092E-08  9.54664E-09  6.50024E+00
  1.21132E+01  1.25412E-08  9.54443E-09  6.73213E+00
  1.25259E+01  1.45186E-08  9.54345E-09  6.95213E+00
  1.29182E+01  1.66124E-08  9.54001E-09  7.16171E+00
  1.32928E+01  1.88022E-08  9.53880E-09  7.36234E+00
  1.36522E+01  2.10664E-08  9.53794E-09  7.55535E+00
  1.39988E+01  2.34454E-08  9.53517E-09  7.74169E+00
  1.43336E+01  2.59150E-08  9.53537E-09  7.92175E+00
  1.46578E+01  2.85266E-08  9.53521E-09  8.09632E+00
  1.49720E+01  3.13223E-08  9.53515E-09  8.26528E+00
  1.52761E+01  3.42537E-08  9.53577E-09  8.42895E+00
  1.55709E+01  3.72519E-08  9.53561E-09  8.58787E+00
  1.58574E+01  4.03897E-08  9.53608E-09  8.74239E+00
  1.61361E+01  4.36308E-08  9.53681E-09  8.89266E+00
  1.64075E+01  4.69065E-08  9.53587E-09  9.03913E+00
  1.66725E+01  5.02752E-08  9.52773E-09  9.18264E+00
  1.69317E+01  5.36914E-08  9.52588E-09  9.32261E+00
  1.71855E+01  5.72487E-08  9.52427E-09  9.45977E+00
  1.74341E+01  6.08742E-08  9.52211E-09  9.59443E+00
  1.76778E+01  6.47199E-08  9.52094E-09  9.72588E+00
  1.79164E+01  6.85007E-08  9.51968E-09  9.85507E+00
  1.81508E+01  7.25788E-08  9.51146E-09  9.98199E+00
  1.83806E+01  7.65971E-08  9.50763E-09  1.01063E+01
  1.86063E+01  8.07495E-08  9.50555E-09  1.02287E+01
  1.88282E+01  8.49075E-08  9.50550E-09  1.03490E+01
  1.90466E+01  8.92916E-08  9.50512E-09  1.04675E+01
  1.92613E+01  9.37490E-08  9.50469E-09  1.05836E+01
  1.94725E+01  9.79907E-08  9.50087E-09  1.06986E+01
  1.96810E+01  1.02692E-07  9.48004E-09  1.08116E+01
  1.98861E+01  1.07259E-07  9.47892E-09  1.09229E+01
  2.00885E+01  1.12013E-07  9.47854E-09  1.10328E+01
  2.02880E+01  1.16784E-07  9.46118E-09  1.11410E+01
  2.04848E+01  1.21674E-07  9.47206E-09  1.12478E+01
  2.06790E+01  1.26705E-07  9.47927E-09  1.13533E+01
  2.08706E+01  1.31607E-07  9.46311E-09  1.14573E+01
  2.10599E+01  1.36642E-07  9.45754E-09  1.15602E+01
  2.12470E+01  1.41870E-07  9.45424E-09  1.16616E+01
  2.14319E+01  1.46925E-07  9.45555E-09  1.17622E+01
  2.16147E+01  1.52361E-07  9.44586E-09  1.18616E+01
  2.17954E+01  1.57637E-07  9.42739E-09  1.19598E+01
  2.19741E+01  1.63242E-07  9.44538E-09  1.20570E+01
  2.21508E+01  1.68699E-07  9.44195E-09  1.21530E+01
  2.23256E+01  1.74168E-07  9.42294E-09  1.22481E+01
  2.24987E+01  1.79908E-07  9.41782E-09  1.23425E+01
  2.26699E+01  1.85629E-07  9.39530E-09  1.24351E+01
  2.28394E+01  1.90807E-07  9.39147E-09  1.25275E+01
  2.30078E+01  1.96713E-07  9.39499E-09  1.26193E+01
  2.31745E+01  2.02738E-07  9.37752E-09  1.27100E+01
  2.33394E+01  2.08516E-07  9.33936E-09  1.27998E+01
  2.35030E+01  2.14163E-07  9.31560E-09  1.28885E+01
  2.36654E+01  2.20491E-07  9.31498E-09  1.29769E+01
  2.38261E+01  2.26240E-07  9.31967E-09  1.30644E+01
  2.39856E+01  2.32713E-07  9.33302E-09  1.31512E+01
  2.41436E+01  2.38710E-07  9.32218E-09  1.32371E+01
  2.43004E+01  2.45071E-07  9.33624E-09  1.33225E+01
  2.44558E+01  2.50878E-07  9.30738E-09  1.34075E+01
  2.46102E+01  2.57516E-07  9.29037E-09  1.34915E+01
  2.47633E+01  2.63789E-07  9.30333E-09  1.35747E+01
  2.49152E+01  2.69949E-07  9.25837E-09  1.36573E+01
  2.50662E+01  2.75890E-07  9.28249E-09  1.37396E+01
  2.52163E+01  2.82712E-07  9.28769E-09  1.38213E+01
  2.53651E+01  2.88080E-07  9.23841E-09  1.39028E+01
  2.55134E+01  2.95488E-07  9.21897E-09  1.39837E+01
  2.56602E+01  3.02259E-07  9.23805E-09  1.40633E+01
  2.58060E+01  3.08929E-07  9.22193E-09  1.41428E+01
  2.59507E+01  3.15468E-07  9.21014E-09  1.42211E+01
  2.60946E+01  3.21128E-07  9.20551E-09  1.42996E+01
  2.62380E+01  3.27284E-07  9.18390E-09  1.43780E+01
  2.63806E+01  3.34517E-07  9.10611E-09  1.44563E+01
  2.65222E+01  3.41442E-07  9.07406E-09  1.45325E+01
  2.66628E+01  3.46444E-07  9.08012E-09  1.46094E+01
  2.68033E+01  3.54319E-07  9.06668E-09  1.46864E+01
  2.69425E+01  3.61757E-07  9.08404E-09  1.47619E+01
  2.70807E+01  3.66926E-07  9.04587E-09  1.48376E+01
  2.72186E+01  3.74094E-07  9.00757E-09  1.49124E+01
  2.73557E+01  3.79632E-07  9.03279E-09  1.49872E+01
  2.74925E+01  3.88416E-07  9.06004E-09  1.50621E+01
  2.76279E+01  3.95490E-07  9.06210E-09  1.51351E+01
  2.77625E+01  3.99348E-07  9.08754E-09  1.52089E+01
  2.78974E+01  4.06766E-07  9.02463E-09  1.52831E+01
  2.80314E+01  4.13408E-07  9.01007E-09  1.53561E+01
  2.81649E+01  4.20194E-07  8.98271E-09  1.54293E+01
  2.82977E+01  4.28366E-07  8.97877E-09  1.55007E+01
  2.84294E+01  4.33403E-07  8.96310E-09  1.55729E+01
  2.85611E+01  4.40307E-07  8.88417E-09  1.56449E+01
  2.86922E+01  4.48215E-07  8.87047E-09  1.57164E+01
  2.88224E+01  4.55406E-07  8.87148E-09  1.57868E+01
  2.89519E+01  4.59227E-07  8.89921E-09  1.58579E+01
  2.90817E+01  4.68509E-07  8.88843E-09  1.59284E+01
  2.92103E+01  4.73938E-07  8.88055E-09  1.59981E+01
  2.93387E+01  4.78894E-07  8.93931E-09  1.60692E+01
  2.94671E+01  4.89600E-07  8.81542E-09  1.61387E+01
  2.95940E+01  4.87447E-07  8.78658E-09  1.62081E+01
  2.97227E+01  4.98124E-07  8.78649E-09  1.62802E+01
  2.98499E+01  5.07775E-07  8.72428E-09  1.63485E+01
  2.99758E+01  5.12169E-07  8.65911E-09  1.64178E+01
  3.01019E+01  5.22233E-07  8.64864E-09  1.64852E+01
  3.02267E+01  5.24918E-07  8.62368E-09  1.65529E+01
  3.03520E+01  5.30094E-07  8.57390E-09  1.66227E+01
  3.04773E+01  5.40621E-07  8.41970E-09  1.66901E+01
  3.06012E+01  5.44168E-07  8.46388E-09  1.67576E+01
  3.07254E+01  5.52574E-07  8.51593E-09  1.68255E+01
  3.08488E+01  5.56879E-07  8.68424E-09  1.68930E+01
  3.09723E+01  5.64504E-07  8.58493E-09  1.69606E+01
  3.10952E+01  5.68583E-07  8.57178E-09  1.70276E+01
  3.12183E+01  5.72996E-07  8.51590E-09  1.70956E+01
  3.13414E+01  5.81776E-07  8.47476E-09  1.71619E+01
  3.14636E+01  5.86256E-07  8.62948E-09  1.72283E+01
  3.15859E+01  5.94897E-07  8.52066E-09  1.72954E+01
  3.17074E+01  5.99686E-07  8.52825E-09  1.73616E+01
  3.18289E+01  6.01891E-07  8.60859E-09  1.74287E+01
  3.19509E+01  6.12053E-07  8.40527E-09  1.74964E+01
  3.20717E+01  6.13966E-07  8.36284E-09  1.75614E+01
  3.21931E+01  6.24549E-07  8.37357E-09  1.76280E+01
  3.23134E+01  6.31690E-07  8.37293E-09  1.76926E+01
  3.24331E+01  6.32991E-07  8.37729E-09  1.77584E+01
  3.25535E+01  6.38621E-07  8.32837E-09  1.78241E+01
  3.26737E+01  6.42460E-07  8.24120E-09  1.78908E+01
  3.27940E+01  6.51830E-07  8.24203E-09  1.79566E+01
  3.29133E+01  6.59292E-07  8.20225E-09  1.80208E+01
  3.30322E+01  6.62531E-07  8.17515E-09  1.80855E+01
  3.31513E+01  6.67331E-07  8.18008E-09  1.81503E+01
  3.32703E+01  6.71135E-07  8.22670E-09  1.82155E+01
  3.33894E+01  6.76725E-07  8.12312E-09  1.82812E+01
  3.35083E+01  6.82350E-07  8.12817E-09  1.83464E+01
  3.36270E+01  6.85873E-07  8.14920E-09  1.84111E+01
  3.37458E+01  6.88265E-07  8.22664E-09  1.84758E+01
  3.38650E+01  6.92771E-07  8.13250E-09  1.85422E+01
  3.39840E+01  7.10091E-07  7.88075E-09  1.86063E+01
  3.41009E+01  6.99078E-07  7.90786E-09  1.86701E+01
  3.42204E+01  7.15947E-07  7.83649E-09  1.87358E+01
  3.43377E+01  7.16730E-07  7.98359E-09  1.87990E+01
  3.44555E+01  7.22154E-07  7.68406E-09  1.88643E+01
  3.45732E+01  7.29853E-07  7.94415E-09  1.89279E+01
  3.46902E+01  7.25489E-07  7.73430E-09  1.89922E+01
  3.48086E+01  7.32061E-07  7.76713E-09  1.90573E+01
  3.49266E+01  7.43985E-07  7.79525E-09  1.91208E+01
  3.50433E+01  7.41704E-07  7.58273E-09  1.91846E+01
  3.51610E+01  7.38960E-07  7.70502E-09  1.92496E+01
  3.52798E+01  7.53400E-07  7.68697E-09  1.93147E+01
  3.53968E+01  7.64356E-07  7.37111E-09  1.93771E+01
  3.55128E+01  7.44182E-07  7.73675E-09  1.94421E+01
  3.56325E+01  7.59610E-07  7.64215E-09  1.95083E+01
  3.57504E+01  7.64910E-07  7.60211E-09  1.95732E+01
  3.58680E+01  7.81700E-07  7.46680E-09  1.96360E+01
  3.59836E+01  7.73872E-07  7.61245E-09  1.96991E+01
  3.61009E+01  7.73963E-07  7.53461E-09  1.97630E+01
  3.62188E+01  7.73271E-07  7.61441E-09  1.98282E+01
  3.63372E+01  7.85061E-07  7.45099E-09  1.98939E+01
  3.64545E+01  7.87387E-07  7.36894E-09  1.99574E+01
  3.65718E+01  7.89130E-07  7.14443E-09  2.00210E+01
  3.66895E+01  7.90201E-07  7.29078E-09  2.00847E+01
  3.68074E+01  7.87598E-07  7.33086E-09  2.01508E+01
  3.69263E+01  8.06461E-07  7.30133E-09  2.02159E+01
  3.70428E+01  7.93089E-07  7.13993E-09  2.02792E+01
  3.71618E+01  8.01682E-07  7.16020E-09  2.03451E+01
  3.72799E+01  8.10613E-07  7.37191E-09  2.04087E+01
  3.73972E+01  8.17582E-07  7.06935E-09  2.04730E+01
  3.75139E+01  8.05874E-07  6.93532E-09  2.05363E+01
  3.76328E+01  8.06804E-07  6.99256E-09  2.06019E+01
  3.77520E+01  8.15412E-07  7.00081E-09  2.06674E+01
  3.78703E+01  8.11829E-07  7.01960E-09  2.07320E+01
  3.79896E+01  8.07245E-07  7.00460E-09  2.07998E+01
  3.81099E+01  8.33499E-07  6.89326E-09  2.08647E+01
  3.82268E+01  8.32658E-07  6.78466E-09  2.09266E+01
  3.83443E+01  8.29439E-07  6.83437E-09  2.09907E+01
  3.84626E+01  8.26802E-07  6.83787E-09  2.10556E+01
  3.85816E+01  8.22862E-07  7.03129E-09  2.11208E+01
  3.87016E+01  8.22700E-07  7.02153E-09  2.11874E+01
  3.88219E+01  8.33518E-07  7.02908E-09  2.12527E+01
  3.89411E+01  8.20843E-07  6.98064E-09  2.13190E+01
  3.90624E+01  8.45154E-07  6.64575E-09  2.13861E+01
  3.91805E+01  8.36289E-07  6.56753E-09  2.14488E+01
  3.93003E+01  8.23249E-07  6.74149E-09  2.15154E+01
  3.94223E+01  8.44435E-07  6.79472E-09  2.15825E+01
  3.95415E+01  8.44115E-07  6.77497E-09  2.16467E+01
  3.96611E+01  8.28930E-07  6.41699E-09  2.17137E+01
  3.97831E+01  8.41736E-07  6.42194E-09  2.17792E+01
  3.99036E+01  8.32645E-07  6.35257E-09  2.18465E+01
  4.00257E+01  8.48665E-07  6.02588E-09  2.19125E+01
  4.01458E+01  8.32367E-07  6.17264E-09  2.19785E+01
  4.02685E+01  8.52620E-07  6.38355E-09  2.20451E+01
  4.03885E+01  8.41576E-07  6.18101E-09  2.21104E+01
  4.05104E+01  8.31534E-07  6.12417E-09  2.21779E+01
  4.06340E+01  8.35489E-07  6.21279E-09  2.22465E+01
  4.07572E+01  8.37503E-07  6.05738E-09  2.23149E+01
  4.08804E+01  8.45665E-07  6.08200E-09  2.23805E+01
  4.10026E+01  8.40168E-07  6.31596E-09  2.24472E+01
  4.11258E+01  8.30675E-07  6.12630E-09  2.25157E+01
  4.12507E+01  8.48254E-07  5.97981E-09  2.25851E+01
  4.13732E+01  8.39687E-07  5.82546E-09  2.26502E+01
  4.14971E+01  8.39052E-07  5.78692E-09  2.27190E+01
  4.16213E+01  8.42962E-07  6.12258E-09  2.27860E+01
  4.17451E+01  8.27621E-07  6.06168E-09  2.28556E+01
  4.18714E+01  8.36613E-07  5.80414E-09  2.29254E+01
  4.19965E+01  8.36854E-07  5.72068E-09  2.29919E+01
  4.21217E+01  8.29463E-07  5.97391E-09  2.30616E+01
  4.22482E+01  8.37827E-07  5.69324E-09  2.31293E+01
  4.23736E+01  8.13974E-07  5.97828E-09  2.32006E+01
  4.25028E+01  8.41658E-07  5.61653E-09  2.32706E+01
  4.26279E+01  8.23505E-07  5.74671E-09  2.33391E+01
  4.27559E+01  8.17879E-07  5.75737E-09  2.34107E+01
  4.28848E+01  8.33197E-07  5.59397E-09  2.34804E+01
  4.30115E+01  8.23723E-07  5.74823E-09  2.35486E+01
  4.31398E+01  8.23238E-07  5.77834E-09  2.36199E+01
  4.32682E+01  8.19046E-07  5.71559E-09  2.36904E+01
  4.33974E+01  8.13511E-07  5.61076E-09  2.37626E+01
  4.35275E+01  8.24460E-07  5.33403E-09  2.38318E+01
  4.36560E+01  8.11153E-07  5.41297E-09  2.39024E+01
  4.37867E+01  8.11857E-07  5.58284E-09  2.39743E+01
  4.39173E+01  8.10934E-07  5.47750E-09  2.40470E+01
  4.40481E+01  8.14313E-07  5.46719E-09  2.41176E+01
  4.41784E+01  7.92642E-07  5.32169E-09  2.41892E+01
  4.43123E+01  7.90974E-07  5.43923E-09  2.42653E+01
  4.44465E+01  8.11845E-07  5.18635E-09  2.43371E+01
  4.45773E+01  7.90582E-07  5.27570E-09  2.44101E+01
  4.47117E+01  8.13018E-07  4.79686E-09  2.44812E+01
  4.48423E+01  7.81590E-07  4.97716E-09  2.45535E+01
  4.49782E+01  7.83846E-07  5.02342E-09  2.46291E+01
  4.51136E+01  7.80171E-07  4.90464E-09  2.47048E+01
  4.52497E+01  8.01696E-07  4.87685E-09  2.47771E+01
  4.53821E+01  7.71702E-07  4.75720E-09  2.48493E+01
  4.55197E+01  7.78261E-07  4.71846E-09  2.49256E+01
  4.56560E+01  7.51024E-07  4.82836E-09  2.50004E+01
  4.57972E+01  7.68654E-07  4.97298E-09  2.50829E+01
  4.59351E+01  7.98867E-07  4.84339E-09  2.51522E+01
  4.60678E+01  7.41986E-07  4.60420E-09  2.52289E+01
  4.62105E+01  7.82524E-07  4.33037E-09  2.53036E+01
  4.63458E+01  7.34068E-07  5.10765E-09  2.53795E+01
  4.64899E+01  7.51517E-07  4.46458E-09  2.54599E+01
  4.66305E+01  7.46780E-07  4.69472E-09  2.55378E+01
  4.67720E+01  7.69191E-07  4.55393E-09  2.56125E+01
  4.69092E+01  7.23572E-07  4.53410E-09  2.56895E+01
  4.70549E+01  7.47410E-07  4.30332E-09  2.57699E+01
  4.71959E+01  7.28799E-07  4.55203E-09  2.58459E+01
  4.73403E+01  7.25744E-07  4.26717E-09  2.59262E+01
  4.74851E+01  7.21862E-07  4.31778E-09  2.60061E+01
  4.76306E+01  7.29857E-07  4.30621E-09  2.60851E+01
  4.77743E+01  7.05608E-07  4.36411E-09  2.61650E+01
  4.79228E+01  7.07550E-07  4.37612E-09  2.62479E+01
  4.80706E+01  7.15010E-07  4.34953E-09  2.63274E+01
  4.82167E+01  7.03709E-07  4.38100E-09  2.64083E+01
  4.83650E+01  7.00272E-07  4.38810E-09  2.64901E+01
  4.85138E+01  7.01491E-07  4.43855E-09  2.65704E+01
  4.86621E+01  6.88573E-07  4.30078E-09  2.66529E+01
  4.88129E+01  6.84929E-07  4.29196E-09  2.67364E+01
  4.89643E+01  6.85320E-07  4.23863E-09  2.68188E+01
  4.91153E+01  6.70714E-07  4.10736E-09  2.69029E+01
  4.92694E+01  6.69966E-07  3.88469E-09  2.69878E+01
  4.94234E+01  6.72196E-07  3.76086E-09  2.70716E+01
  4.95765E+01  6.65329E-07  3.74951E-09  2.71552E+01
  4.97310E+01  6.54749E-07  3.76981E-09  2.72406E+01
  4.98876E+01  6.43634E-07  3.74510E-09  2.73273E+01
  5.00466E+01  6.57883E-07  3.69416E-09  2.74146E+01
  5.02019E+01  6.49084E-07  3.79002E-09  2.74974E+01
  5.03589E+01  6.20183E-07  3.91148E-09  2.75880E+01
  5.05229E+01  6.47868E-07  3.53249E-09  2.76758E+01
  5.06794E+01  6.28242E-07  3.60442E-09  2.77612E+01
  5.08406E+01  6.13658E-07  3.69553E-09  2.78508E+01
  5.10051E+01  6.13904E-07  3.65955E-09  2.79434E+01
  5.11692E+01  6.15898E-07  3.59624E-09  2.80320E+01
  5.13323E+01  5.93392E-07  3.53727E-09  2.81256E+01
  5.15012E+01  6.22460E-07  3.29263E-09  2.82136E+01
  5.16618E+01  5.94233E-07  3.73571E-09  2.83011E+01
  5.18295E+01  5.84613E-07  3.54441E-09  2.83964E+01
  5.19996E+01  5.89307E-07  3.34507E-09  2.84890E+01
  5.21678E+01  5.68691E-07  3.51730E-09  2.85825E+01
  5.23416E+01  5.77101E-07  3.31101E-09  2.86797E+01
  5.25123E+01  5.73216E-07  3.32370E-09  2.87724E+01
  5.26837E+01  5.71688E-07  3.07059E-09  2.88655E+01
  5.28551E+01  5.57799E-07  3.00734E-09  2.89598E+01
  5.30302E+01  5.48654E-07  2.91339E-09  2.90567E+01
  5.32076E+01  5.42189E-07  3.25410E-09  2.91549E+01
  5.33866E+01  5.42020E-07  3.31925E-09  2.92539E+01
  5.35650E+01  5.40417E-07  3.22148E-09  2.93502E+01
  5.37434E+01  5.21289E-07  3.52108E-09  2.94507E+01
  5.39276E+01  5.27527E-07  3.05878E-09  2.95522E+01
  5.41091E+01  5.16763E-07  3.18561E-09  2.96526E+01
  5.42936E+01  5.18791E-07  3.02924E-09  2.97523E+01
  5.44768E+01  4.95432E-07  3.12467E-09  2.98555E+01
  5.46679E+01  5.08527E-07  2.79342E-09  2.99608E+01
  5.48534E+01  4.93950E-07  3.00479E-09  3.00619E+01
  5.50437E+01  4.86788E-07  2.77304E-09  3.01671E+01
  5.52360E+01  4.82572E-07  2.66067E-09  3.02743E+01
  5.54292E+01  4.81366E-07  2.80092E-09  3.03792E+01
  5.56221E+01  4.74319E-07  2.83712E-09  3.04851E+01
  5.58171E+01  4.63590E-07  2.63146E-09  3.05939E+01
  5.60158E+01  4.58866E-07  2.33391E-09  3.07038E+01
  5.62157E+01  4.63899E-07  2.71816E-09  3.08099E+01
  5.64126E+01  4.34294E-07  2.82743E-09  3.09231E+01
  5.66220E+01  4.54432E-07  2.61646E-09  3.10371E+01
  5.68213E+01  4.30550E-07  2.85562E-09  3.11472E+01
  5.70307E+01  4.32939E-07  2.51033E-09  3.12682E+01
  5.72379E+01  4.32516E-07  2.23509E-09  3.13754E+01
  5.74445E+01  4.12767E-07  2.61170E-09  3.14920E+01
  5.76599E+01  4.04519E-07  2.58421E-09  3.16129E+01
  5.78787E+01  4.08728E-07  2.17869E-09  3.17317E+01
  5.80941E+01  3.92398E-07  2.49081E-09  3.18523E+01
  5.83174E+01  3.97931E-07  2.05636E-09  3.19747E+01
  5.85365E+01  3.85398E-07  2.13274E-09  3.20949E+01
  5.87616E+01  3.79696E-07  2.19388E-09  3.22187E+01
  5.89890E+01  3.74540E-07  2.19457E-09  3.23466E+01
  5.92182E+01  4.04793E-07  1.96006E-09  3.24645E+01
  5.94293E+01  3.54727E-07  2.55480E-09  3.25844E+01
  5.96689E+01  3.52159E-07  2.30703E-09  3.27209E+01
  5.99090E+01  3.47005E-07  2.28739E-09  3.28582E+01
  6.01512E+01  3.56326E-07  1.76887E-09  3.29910E+01
  6.03858E+01  3.57957E-07  1.92262E-09  3.31129E+01
  6.06182E+01  3.37573E-07  2.51367E-09  3.32419E+01
  6.08632E+01  3.23394E-07  2.40808E-09  3.33812E+01
  6.11175E+01  3.19569E-07  2.08053E-09  3.35269E+01
  6.13733E+01  3.21930E-07  1.27064E-09  3.36611E+01
  6.16257E+01  2.94058E-07  1.86658E-09  3.38090E+01
  6.19004E+01  3.08421E-07  1.75695E-09  3.39581E+01
  6.21606E+01  3.01816E-07  1.59652E-09  3.40993E+01
  6.24249E+01  2.81340E-07  1.70572E-09  3.42484E+01
  6.27067E+01  2.92696E-07  1.01234E-09  3.44022E+01
  6.29758E+01  2.80528E-07  2.02041E-09  3.45499E+01
  6.32548E+01  2.76012E-07  1.77449E-09  3.47043E+01
  6.35365E+01  2.70546E-07  1.67330E-09  3.48615E+01
  6.38221E+01  2.73308E-07  1.84607E-09  3.50158E+01
  6.41029E+01  2.68994E-07  1.57614E-09  3.51692E+01
  6.43864E+01  2.66904E-07  1.60733E-09  3.53238E+01
  6.46703E+01  2.54548E-07  1.76079E-09  3.54810E+01
  6.49661E+01  2.45393E-07  1.77734E-09  3.56485E+01
  6.52708E+01  2.35456E-07  1.70537E-09  3.58210E+01
  6.55862E+01  2.53103E-07  1.22556E-09  3.59883E+01
  6.58776E+01  2.27037E-07  2.04163E-09  3.61539E+01
  6.62002E+01  2.31713E-07  1.83855E-09  3.63320E+01
  6.65141E+01  2.12579E-07  1.83377E-09  3.65095E+01
  6.68539E+01  2.15777E-07  1.94037E-09  3.66998E+01
  6.71861E+01  2.04198E-07  1.62022E-09  3.68807E+01
  6.75345E+01  1.94343E-07  1.51040E-09  3.70906E+01
  6.78978E+01  2.03621E-07  9.85960E-10  3.72727E+01
  6.82419E+01  1.81970E-07  1.00699E-09  3.74783E+01
  6.86240E+01  1.78525E-07  1.06784E-09  3.76874E+01
  6.90102E+01  1.75033E-07  1.33183E-09  3.79064E+01
  6.94009E+01  1.69450E-07  9.44607E-10  3.81167E+01
  6.98012E+01  1.56243E-07  1.39866E-09  3.83543E+01
  7.02315E+01  1.61187E-07  1.18713E-09  3.85796E+01
  7.06450E+01  1.48442E-07  1.41339E-09  3.88218E+01
  7.10901E+01  1.53840E-07  1.25196E-09  3.90544E+01
  7.15158E+01  1.46821E-07  1.27847E-09  3.92913E+01
  7.19582E+01  1.51573E-07  1.56655E-09  3.95296E+01
  7.23831E+01  1.52190E-07  1.56673E-09  3.97528E+01
  7.28031E+01  1.46410E-07  1.59660E-09  3.99877E+01
  7.32364E+01  1.43498E-07  1.68745E-09  4.02210E+01
  7.36751E+01  1.42790E-07  1.48740E-09  4.04714E+01
  7.41128E+01  1.33207E-07  1.40925E-09  4.07050E+01
  7.45785E+01  1.25928E-07  1.53208E-09  4.09849E+01
  7.50673E+01  1.26119E-07  1.28808E-09  4.12362E+01
  7.55517E+01  1.17172E-07  1.28729E-09  4.15279E+01
  7.60690E+01  1.14768E-07  1.37762E-09  4.17981E+01
  7.65932E+01  1.08552E-07  1.36926E-09  4.21121E+01
  7.71432E+01  1.01579E-07  1.38464E-09  4.24026E+01
  7.77263E+01  9.59231E-08  1.29193E-09  4.27566E+01
  7.83389E+01  9.02139E-08  9.54411E-10  4.30780E+01
  7.89848E+01  8.55458E-08  9.85085E-10  4.34733E+01
  7.96604E+01  7.69474E-08  9.45561E-10  4.38324E+01
  8.04050E+01  7.33345E-08  8.74309E-10  4.42879E+01
  8.11793E+01  6.45133E-08  1.01065E-09  4.47076E+01
  8.20512E+01  6.31395E-08  8.09284E-10  4.52243E+01
  8.29337E+01  5.37826E-08  1.03731E-09  4.57220E+01
  8.39596E+01  5.51119E-08  6.77238E-10  4.63017E+01
  8.49513E+01  4.49957E-08  9.99661E-10  4.68893E+01
  8.61546E+01  4.61771E-08  9.46991E-10  4.75513E+01
  8.73168E+01  3.87464E-08  9.99561E-10  4.82355E+01
  8.86910E+01  3.92606E-08  6.16641E-10  4.89946E+01
  9.00390E+01  2.85052E-08  1.01374E-09  4.98137E+01
  9.18842E+01  4.42638E-08  1.01582E-09  5.07003E+01
  9.30753E+01  1.27242E-07  9.59907E-09  5.05763E+01
  9.35013E+01  1.99043E-07  3.16188E-08  5.05989E+01
  9.37883E+01  1.62814E-07  3.04348E-08  5.07693E+01
  9.41696E+01  1.35286E-07  5.22627E-08  5.08117E+01
  9.47093E+01  1.43290E-07  8.02743E-08  5.08180E+01
  9.58410E+01  4.25225E-08  1.15446E-07  5.08963E+01
