 -1.38331E-10  2.86296E-04  5.39844E+02  1.62007E+00
  4.00650E-02  1.94597E-03  5.39814E+02  3.52338E+00
  4.62069E-02  3.03874E-03  5.39751E+02  4.05627E+00
  5.28454E-02  4.92666E-03  5.39655E+02  4.58140E+00
  5.85782E-02  7.20183E-03  5.39541E+02  5.05860E+00
  6.36614E-02  9.88090E-03  5.39427E+02  5.49980E+00
  6.82395E-02  1.30718E-02  5.39330E+02  5.90813E+00
  7.23814E-02  1.67857E-02  5.39264E+02  6.28396E+00
  7.61557E-02  2.07891E-02  5.39240E+02  6.62956E+00
  7.96597E-02  2.51740E-02  5.39267E+02  6.94769E+00
  8.29395E-02  2.98979E-02  5.39345E+02  7.23519E+00
  8.60331E-02  3.50217E-02  5.39473E+02  7.49661E+00
  8.89628E-02  4.05528E-02  5.39647E+02  7.73015E+00
  9.17470E-02  4.64228E-02  5.39839E+02  7.93755E+00
  9.44047E-02  5.25592E-02  5.40014E+02  8.12766E+00
  9.69543E-02  5.89097E-02  5.40154E+02  8.31121E+00
  9.94118E-02  6.55577E-02  5.40251E+02  8.49313E+00
  1.01786E-01  7.24763E-02  5.40291E+02  8.67920E+00
  1.04085E-01  7.97783E-02  5.40274E+02  8.87187E+00
  1.06313E-01  8.75717E-02  5.40231E+02  9.06856E+00
  1.08471E-01  9.57783E-02  5.40180E+02  9.26370E+00
  1.10561E-01  1.04176E-01  5.40155E+02  9.45426E+00
  1.12594E-01  1.12953E-01  5.40152E+02  9.63976E+00
  1.14570E-01  1.22003E-01  5.40186E+02  9.81713E+00
  1.16495E-01  1.31181E-01  5.40270E+02  9.98691E+00
  1.18376E-01  1.40709E-01  5.40416E+02  1.01469E+01
  1.20212E-01  1.50273E-01  5.40606E+02  1.02982E+01
  1.22011E-01  1.60385E-01  5.40809E+02  1.04442E+01
  1.23772E-01  1.70541E-01  5.41004E+02  1.05864E+01
  1.25498E-01  1.81343E-01  5.41189E+02  1.07261E+01
  1.27188E-01  1.92145E-01  5.41371E+02  1.08646E+01
  1.28846E-01  2.03568E-01  5.41562E+02  1.10017E+01
  1.30472E-01  2.14991E-01  5.41771E+02  1.11385E+01
  1.32068E-01  2.26813E-01  5.42025E+02  1.12736E+01
  1.33636E-01  2.38658E-01  5.42283E+02  1.14049E+01
  1.35178E-01  2.50820E-01  5.42536E+02  1.15315E+01
  1.36696E-01  2.63301E-01  5.42788E+02  1.16536E+01
  1.38189E-01  2.75798E-01  5.42987E+02  1.17758E+01
  1.39660E-01  2.88778E-01  5.43119E+02  1.18993E+01
  1.41109E-01  3.01984E-01  5.43259E+02  1.20237E+01
  1.42536E-01  3.15495E-01  5.43431E+02  1.21503E+01
  1.43943E-01  3.29169E-01  5.43667E+02  1.22782E+01
  1.45330E-01  3.43107E-01  5.43886E+02  1.24037E+01
  1.46699E-01  3.57276E-01  5.44136E+02  1.25233E+01
  1.48049E-01  3.71589E-01  5.44418E+02  1.26369E+01
  1.49382E-01  3.86222E-01  5.44696E+02  1.27449E+01
  1.50698E-01  4.00991E-01  5.45008E+02  1.28504E+01
  1.51997E-01  4.15964E-01  5.45379E+02  1.29582E+01
  1.53282E-01  4.31389E-01  5.45765E+02  1.30702E+01
  1.54551E-01  4.46993E-01  5.46136E+02  1.31826E+01
  1.55804E-01  4.62930E-01  5.46489E+02  1.32927E+01
  1.57043E-01  4.78457E-01  5.46792E+02  1.34001E+01
  1.58270E-01  4.94605E-01  5.47076E+02  1.35022E+01
  1.59483E-01  5.11144E-01  5.47318E+02  1.35989E+01
  1.60682E-01  5.27160E-01  5.47612E+02  1.36960E+01
  1.61871E-01  5.44260E-01  5.48034E+02  1.37967E+01
  1.63046E-01  5.60955E-01  5.48578E+02  1.38998E+01
  1.64210E-01  5.78745E-01  5.49152E+02  1.40054E+01
  1.65361E-01  5.95528E-01  5.49695E+02  1.41102E+01
  1.66502E-01  6.13428E-01  5.50240E+02  1.42113E+01
  1.67632E-01  6.31435E-01  5.50682E+02  1.43085E+01
  1.68750E-01  6.48772E-01  5.51033E+02  1.44008E+01
  1.69859E-01  6.67192E-01  5.51333E+02  1.44894E+01
  1.70958E-01  6.85515E-01  5.51731E+02  1.45780E+01
  1.72047E-01  7.04040E-01  5.52218E+02  1.46693E+01
  1.73126E-01  7.22488E-01  5.52813E+02  1.47648E+01
  1.74197E-01  7.41463E-01  5.53453E+02  1.48629E+01
  1.75258E-01  7.60421E-01  5.54109E+02  1.49605E+01
  1.76310E-01  7.79958E-01  5.54722E+02  1.50560E+01
  1.77354E-01  7.98946E-01  5.55233E+02  1.51471E+01
  1.78389E-01  8.18466E-01  5.55675E+02  1.52346E+01
  1.79416E-01  8.37591E-01  5.56089E+02  1.53206E+01
  1.80436E-01  8.57545E-01  5.56542E+02  1.54062E+01
  1.81448E-01  8.77389E-01  5.57183E+02  1.54931E+01
  1.82452E-01  8.97793E-01  5.57931E+02  1.55811E+01
  1.83449E-01  9.18604E-01  5.58773E+02  1.56690E+01
  1.84438E-01  9.39032E-01  5.59631E+02  1.57557E+01
  1.85419E-01  9.59381E-01  5.60404E+02  1.58402E+01
  1.86394E-01  9.80151E-01  5.61132E+02  1.59220E+01
  1.87362E-01  1.00163E+00  5.61807E+02  1.60035E+01
  1.88323E-01  1.02200E+00  5.62456E+02  1.60857E+01
  1.89277E-01  1.04266E+00  5.63128E+02  1.61707E+01
  1.90226E-01  1.06482E+00  5.63808E+02  1.62579E+01
  1.91168E-01  1.08523E+00  5.64494E+02  1.63438E+01
  1.92104E-01  1.10695E+00  5.65155E+02  1.64281E+01
  1.93035E-01  1.12852E+00  5.65834E+02  1.65117E+01
  1.93959E-01  1.14986E+00  5.66549E+02  1.65932E+01
  1.94878E-01  1.17226E+00  5.67350E+02  1.66729E+01
  1.95791E-01  1.19438E+00  5.68256E+02  1.67536E+01
  1.96698E-01  1.21646E+00  5.69267E+02  1.68346E+01
  1.97600E-01  1.23950E+00  5.70327E+02  1.69147E+01
  1.98495E-01  1.26110E+00  5.71371E+02  1.69930E+01
  1.99386E-01  1.28418E+00  5.72357E+02  1.70695E+01
  2.00272E-01  1.30720E+00  5.73256E+02  1.71455E+01
  2.01152E-01  1.32906E+00  5.74076E+02  1.72220E+01
  2.02028E-01  1.35197E+00  5.74807E+02  1.73003E+01
  2.02898E-01  1.37461E+00  5.75510E+02  1.73815E+01
  2.03764E-01  1.39745E+00  5.76276E+02  1.74657E+01
  2.04626E-01  1.42066E+00  5.77156E+02  1.75482E+01
  2.05483E-01  1.44345E+00  5.78244E+02  1.76234E+01
  2.06335E-01  1.46716E+00  5.79482E+02  1.76940E+01
  2.07183E-01  1.49125E+00  5.80835E+02  1.77633E+01
  2.08025E-01  1.51453E+00  5.82087E+02  1.78336E+01
  2.08864E-01  1.53838E+00  5.83088E+02  1.79099E+01
  2.09698E-01  1.56179E+00  5.83918E+02  1.79919E+01
  2.10528E-01  1.58453E+00  5.84636E+02  1.80762E+01
  2.11354E-01  1.60826E+00  5.85534E+02  1.81578E+01
  2.12177E-01  1.63233E+00  5.86721E+02  1.82319E+01
  2.12995E-01  1.65680E+00  5.88115E+02  1.82991E+01
  2.13809E-01  1.68099E+00  5.89578E+02  1.83633E+01
  2.14619E-01  1.70513E+00  5.90945E+02  1.84307E+01
  2.15425E-01  1.73002E+00  5.92138E+02  1.85059E+01
  2.16227E-01  1.75373E+00  5.93104E+02  1.85867E+01
  2.17026E-01  1.77648E+00  5.94049E+02  1.86688E+01
  2.17821E-01  1.80136E+00  5.95136E+02  1.87467E+01
  2.18613E-01  1.82607E+00  5.96376E+02  1.88168E+01
  2.19401E-01  1.85013E+00  5.97820E+02  1.88812E+01
  2.20186E-01  1.87516E+00  5.99303E+02  1.89460E+01
  2.20967E-01  1.89961E+00  6.00686E+02  1.90183E+01
  2.21744E-01  1.92374E+00  6.01885E+02  1.90963E+01
  2.22519E-01  1.94826E+00  6.03026E+02  1.91751E+01
  2.23290E-01  1.97380E+00  6.04354E+02  1.92494E+01
  2.24058E-01  1.99672E+00  6.05789E+02  1.93188E+01
  2.24823E-01  2.02362E+00  6.07315E+02  1.93861E+01
  2.25584E-01  2.04661E+00  6.08752E+02  1.94544E+01
  2.26343E-01  2.07219E+00  6.10063E+02  1.95272E+01
  2.27098E-01  2.09664E+00  6.11344E+02  1.96004E+01
  2.27850E-01  2.12063E+00  6.12691E+02  1.96712E+01
  2.28600E-01  2.14572E+00  6.14228E+02  1.97391E+01
  2.29347E-01  2.17085E+00  6.15773E+02  1.98062E+01
  2.30090E-01  2.19700E+00  6.17370E+02  1.98757E+01
  2.30831E-01  2.22007E+00  6.18836E+02  1.99476E+01
  2.31569E-01  2.24549E+00  6.20302E+02  2.00210E+01
  2.32304E-01  2.27062E+00  6.21817E+02  2.00944E+01
  2.33037E-01  2.29511E+00  6.23393E+02  2.01650E+01
  2.33766E-01  2.32055E+00  6.25045E+02  2.02334E+01
  2.34493E-01  2.34598E+00  6.26697E+02  2.02989E+01
  2.35218E-01  2.36982E+00  6.28389E+02  2.03623E+01
  2.35940E-01  2.39553E+00  6.30016E+02  2.04293E+01
  2.36659E-01  2.41951E+00  6.31488E+02  2.05023E+01
  2.37375E-01  2.44400E+00  6.32887E+02  2.05793E+01
  2.38090E-01  2.46741E+00  6.34377E+02  2.06552E+01
  2.38802E-01  2.49297E+00  6.36117E+02  2.07246E+01
  2.39512E-01  2.51780E+00  6.38185E+02  2.07863E+01
  2.40219E-01  2.54421E+00  6.40424E+02  2.08454E+01
  2.40924E-01  2.57039E+00  6.42411E+02  2.09081E+01
  2.41626E-01  2.59343E+00  6.44117E+02  2.09779E+01
  2.42325E-01  2.61931E+00  6.45461E+02  2.10533E+01
  2.43023E-01  2.64164E+00  6.46775E+02  2.11286E+01
  2.43719E-01  2.66484E+00  6.48376E+02  2.12009E+01
  2.44412E-01  2.68972E+00  6.50252E+02  2.12690E+01
  2.45104E-01  2.71545E+00  6.52285E+02  2.13347E+01
  2.45793E-01  2.74024E+00  6.54319E+02  2.14002E+01
  2.46480E-01  2.76405E+00  6.56352E+02  2.14666E+01
  2.47165E-01  2.78874E+00  6.58354E+02  2.15324E+01
  2.47848E-01  2.81366E+00  6.60381E+02  2.15970E+01
  2.48528E-01  2.83816E+00  6.62419E+02  2.16615E+01
  2.49207E-01  2.86162E+00  6.64382E+02  2.17281E+01
  2.49883E-01  2.88525E+00  6.66279E+02  2.17980E+01
  2.50558E-01  2.91136E+00  6.68173E+02  2.18687E+01
  2.51231E-01  2.93239E+00  6.69941E+02  2.19381E+01
  2.51902E-01  2.95599E+00  6.71889E+02  2.20067E+01
  2.52571E-01  2.98140E+00  6.73906E+02  2.20750E+01
  2.53238E-01  3.00262E+00  6.75948E+02  2.21422E+01
  2.53904E-01  3.02813E+00  6.78174E+02  2.22092E+01
  2.54568E-01  3.05097E+00  6.80377E+02  2.22750E+01
  2.55230E-01  3.07549E+00  6.82455E+02  2.23399E+01
  2.55889E-01  3.09763E+00  6.84495E+02  2.24067E+01
  2.56548E-01  3.12206E+00  6.86589E+02  2.24743E+01
  2.57204E-01  3.14397E+00  6.88748E+02  2.25418E+01
  2.57859E-01  3.16768E+00  6.90956E+02  2.26107E+01
  2.58513E-01  3.19132E+00  6.93168E+02  2.26784E+01
  2.59164E-01  3.21362E+00  6.95427E+02  2.27447E+01
  2.59814E-01  3.23563E+00  6.97545E+02  2.28116E+01
  2.60463E-01  3.25731E+00  6.99685E+02  2.28784E+01
  2.61110E-01  3.28347E+00  7.01979E+02  2.29442E+01
  2.61754E-01  3.30145E+00  7.04343E+02  2.30093E+01
  2.62398E-01  3.32373E+00  7.06686E+02  2.30766E+01
  2.63041E-01  3.34700E+00  7.08872E+02  2.31462E+01
  2.63682E-01  3.37159E+00  7.11180E+02  2.32153E+01
  2.64321E-01  3.38915E+00  7.13544E+02  2.32827E+01
  2.64959E-01  3.41114E+00  7.15877E+02  2.33491E+01
  2.65596E-01  3.43343E+00  7.18270E+02  2.34145E+01
  2.66231E-01  3.45515E+00  7.20722E+02  2.34797E+01
  2.66865E-01  3.48057E+00  7.23075E+02  2.35435E+01
  2.67496E-01  3.49617E+00  7.25551E+02  2.36073E+01
  2.68127E-01  3.51848E+00  7.28167E+02  2.36730E+01
  2.68757E-01  3.53999E+00  7.30744E+02  2.37397E+01
  2.69385E-01  3.56062E+00  7.33347E+02  2.38099E+01
  2.70012E-01  3.58065E+00  7.35736E+02  2.38796E+01
  2.70638E-01  3.60294E+00  7.38121E+02  2.39465E+01
  2.71262E-01  3.61963E+00  7.40440E+02  2.40167E+01
  2.71886E-01  3.63994E+00  7.42568E+02  2.40831E+01
  2.72508E-01  3.65979E+00  7.44940E+02  2.41484E+01
  2.73129E-01  3.67642E+00  7.47521E+02  2.42166E+01
  2.73749E-01  3.69810E+00  7.50223E+02  2.42820E+01
  2.74368E-01  3.71922E+00  7.53174E+02  2.43470E+01
  2.74986E-01  3.74020E+00  7.56170E+02  2.44100E+01
  2.75602E-01  3.75446E+00  7.58983E+02  2.44749E+01
  2.76217E-01  3.77479E+00  7.61660E+02  2.45440E+01
  2.76831E-01  3.79193E+00  7.63817E+02  2.46116E+01
  2.77445E-01  3.81245E+00  7.66342E+02  2.46829E+01
  2.78057E-01  3.82873E+00  7.68761E+02  2.47526E+01
  2.78668E-01  3.84694E+00  7.71537E+02  2.48199E+01
  2.79278E-01  3.85901E+00  7.74226E+02  2.48860E+01
  2.79888E-01  3.88249E+00  7.77372E+02  2.49474E+01
  2.80497E-01  3.90271E+00  7.80297E+02  2.50097E+01
  2.81103E-01  3.91185E+00  7.83115E+02  2.50737E+01
  2.81711E-01  3.93168E+00  7.85746E+02  2.51443E+01
  2.82316E-01  3.95097E+00  7.88034E+02  2.52187E+01
  2.82921E-01  3.96070E+00  7.90689E+02  2.52892E+01
  2.83525E-01  3.97843E+00  7.93526E+02  2.53562E+01
  2.84129E-01  3.99798E+00  7.96621E+02  2.54195E+01
  2.84731E-01  4.00903E+00  7.99859E+02  2.54808E+01
  2.85332E-01  4.03039E+00  8.02523E+02  2.55499E+01
  2.85933E-01  4.03687E+00  8.05268E+02  2.56217E+01
  2.86533E-01  4.05964E+00  8.07815E+02  2.56908E+01
  2.87132E-01  4.06198E+00  8.10787E+02  2.57581E+01
  2.87732E-01  4.09009E+00  8.14028E+02  2.58202E+01
  2.88329E-01  4.09554E+00  8.17395E+02  2.58866E+01
  2.88927E-01  4.11289E+00  8.20201E+02  2.59555E+01
  2.89523E-01  4.12139E+00  8.22416E+02  2.60279E+01
  2.90120E-01  4.13369E+00  8.24811E+02  2.61027E+01
  2.90716E-01  4.15172E+00  8.28258E+02  2.61692E+01
  2.91310E-01  4.16061E+00  8.31858E+02  2.62274E+01
  2.91905E-01  4.17905E+00  8.35619E+02  2.62875E+01
  2.92498E-01  4.18911E+00  8.38377E+02  2.63575E+01
  2.93091E-01  4.19508E+00  8.40792E+02  2.64306E+01
  2.93684E-01  4.20758E+00  8.43324E+02  2.65055E+01
  2.94277E-01  4.22331E+00  8.46261E+02  2.65773E+01
  2.94868E-01  4.22773E+00  8.49501E+02  2.66456E+01
  2.95460E-01  4.23830E+00  8.52713E+02  2.67107E+01
  2.96052E-01  4.25104E+00  8.55955E+02  2.67774E+01
  2.96642E-01  4.26067E+00  8.59106E+02  2.68464E+01
  2.97233E-01  4.27614E+00  8.62393E+02  2.69149E+01
  2.97822E-01  4.27929E+00  8.65499E+02  2.69826E+01
  2.98411E-01  4.28497E+00  8.68642E+02  2.70501E+01
  2.99001E-01  4.29733E+00  8.71686E+02  2.71172E+01
  2.99590E-01  4.30367E+00  8.74740E+02  2.71844E+01
  3.00179E-01  4.31139E+00  8.77724E+02  2.72539E+01
  3.00767E-01  4.32077E+00  8.80903E+02  2.73237E+01
  3.01356E-01  4.32566E+00  8.84091E+02  2.73941E+01
  3.01944E-01  4.33305E+00  8.87299E+02  2.74657E+01
  3.02532E-01  4.33934E+00  8.90533E+02  2.75385E+01
  3.03120E-01  4.34631E+00  8.93732E+02  2.76084E+01
  3.03707E-01  4.35175E+00  8.96885E+02  2.76767E+01
  3.04295E-01  4.35750E+00  9.00155E+02  2.77455E+01
  3.04883E-01  4.36275E+00  9.03437E+02  2.78140E+01
  3.05470E-01  4.36910E+00  9.06644E+02  2.78837E+01
  3.06057E-01  4.37189E+00  9.09861E+02  2.79543E+01
  3.06645E-01  4.36978E+00  9.13004E+02  2.80253E+01
  3.07233E-01  4.37665E+00  9.16337E+02  2.80957E+01
  3.07821E-01  4.38113E+00  9.19686E+02  2.81653E+01
  3.08408E-01  4.38849E+00  9.23203E+02  2.82350E+01
  3.08996E-01  4.38932E+00  9.26584E+02  2.83059E+01
  3.09583E-01  4.38449E+00  9.29752E+02  2.83783E+01
  3.10172E-01  4.38880E+00  9.32845E+02  2.84506E+01
  3.10760E-01  4.39750E+00  9.35945E+02  2.85235E+01
  3.11348E-01  4.38485E+00  9.38936E+02  2.85975E+01
  3.11938E-01  4.38944E+00  9.42232E+02  2.86707E+01
  3.12527E-01  4.39761E+00  9.45671E+02  2.87432E+01
  3.13116E-01  4.38809E+00  9.49186E+02  2.88131E+01
  3.13706E-01  4.39187E+00  9.52732E+02  2.88808E+01
  3.14296E-01  4.38754E+00  9.56249E+02  2.89485E+01
  3.14887E-01  4.39147E+00  9.59933E+02  2.90189E+01
  3.15478E-01  4.38590E+00  9.63405E+02  2.90920E+01
  3.16070E-01  4.38791E+00  9.66738E+02  2.91674E+01
  3.16661E-01  4.38006E+00  9.69643E+02  2.92451E+01
  3.17254E-01  4.38154E+00  9.72480E+02  2.93230E+01
  3.17846E-01  4.36722E+00  9.75656E+02  2.93978E+01
  3.18441E-01  4.37267E+00  9.79408E+02  2.94682E+01
  3.19035E-01  4.36465E+00  9.83387E+02  2.95354E+01
  3.19630E-01  4.36171E+00  9.87172E+02  2.96050E+01
  3.20226E-01  4.36055E+00  9.90467E+02  2.96807E+01
  3.20822E-01  4.34880E+00  9.93327E+02  2.97624E+01
  3.21419E-01  4.33736E+00  9.96020E+02  2.98449E+01
  3.22018E-01  4.33568E+00  9.99292E+02  2.99186E+01
  3.22618E-01  4.33459E+00  1.00337E+03  2.99840E+01
  3.23217E-01  4.32616E+00  1.00778E+03  3.00503E+01
  3.23817E-01  4.31465E+00  1.01169E+03  3.01243E+01
  3.24419E-01  4.30446E+00  1.01460E+03  3.02053E+01
  3.25022E-01  4.29652E+00  1.01718E+03  3.02909E+01
  3.25626E-01  4.28610E+00  1.01994E+03  3.03724E+01
  3.26231E-01  4.27642E+00  1.02353E+03  3.04479E+01
  3.26838E-01  4.26871E+00  1.02748E+03  3.05214E+01
  3.27445E-01  4.25607E+00  1.03130E+03  3.05944E+01
  3.28054E-01  4.24601E+00  1.03474E+03  3.06697E+01
  3.28664E-01  4.23591E+00  1.03803E+03  3.07480E+01
  3.29276E-01  4.22458E+00  1.04135E+03  3.08273E+01
  3.29888E-01  4.21339E+00  1.04488E+03  3.09046E+01
  3.30502E-01  4.19333E+00  1.04829E+03  3.09818E+01
  3.31118E-01  4.17881E+00  1.05187E+03  3.10613E+01
  3.31737E-01  4.16960E+00  1.05539E+03  3.11414E+01
  3.32356E-01  4.16032E+00  1.05891E+03  3.12204E+01
  3.32976E-01  4.13803E+00  1.06240E+03  3.13010E+01
  3.33599E-01  4.12103E+00  1.06574E+03  3.13812E+01
  3.34224E-01  4.11376E+00  1.06900E+03  3.14607E+01
  3.34849E-01  4.08605E+00  1.07244E+03  3.15410E+01
  3.35478E-01  4.07766E+00  1.07590E+03  3.16234E+01
  3.36108E-01  4.05402E+00  1.07941E+03  3.17066E+01
  3.36742E-01  4.04342E+00  1.08286E+03  3.17898E+01
  3.37376E-01  4.01645E+00  1.08632E+03  3.18725E+01
  3.38014E-01  4.00571E+00  1.08958E+03  3.19556E+01
  3.38652E-01  3.98224E+00  1.09272E+03  3.20401E+01
  3.39294E-01  3.95635E+00  1.09606E+03  3.21241E+01
  3.39940E-01  3.94123E+00  1.09983E+03  3.22076E+01
  3.40587E-01  3.92504E+00  1.10359E+03  3.22903E+01
  3.41236E-01  3.90476E+00  1.10728E+03  3.23743E+01
  3.41888E-01  3.87687E+00  1.11071E+03  3.24587E+01
  3.42543E-01  3.85504E+00  1.11422E+03  3.25438E+01
  3.43202E-01  3.83342E+00  1.11758E+03  3.26310E+01
  3.43863E-01  3.81052E+00  1.12092E+03  3.27191E+01
  3.44527E-01  3.78426E+00  1.12403E+03  3.28086E+01
  3.45196E-01  3.75741E+00  1.12732E+03  3.28988E+01
  3.45868E-01  3.73047E+00  1.13063E+03  3.29886E+01
  3.46543E-01  3.71033E+00  1.13402E+03  3.30758E+01
  3.47222E-01  3.68658E+00  1.13776E+03  3.31639E+01
  3.47904E-01  3.65134E+00  1.14125E+03  3.32537E+01
  3.48591E-01  3.63351E+00  1.14465E+03  3.33456E+01
  3.49281E-01  3.59663E+00  1.14803E+03  3.34361E+01
  3.49977E-01  3.57864E+00  1.15163E+03  3.35258E+01
  3.50675E-01  3.54132E+00  1.15488E+03  3.36203E+01
  3.51379E-01  3.51161E+00  1.15798E+03  3.37186E+01
  3.52089E-01  3.48628E+00  1.16130E+03  3.38185E+01
  3.52802E-01  3.45589E+00  1.16481E+03  3.39138E+01
  3.53520E-01  3.42261E+00  1.16827E+03  3.40060E+01
  3.54244E-01  3.38998E+00  1.17163E+03  3.41052E+01
  3.54973E-01  3.35609E+00  1.17483E+03  3.42054E+01
  3.55709E-01  3.32268E+00  1.17856E+03  3.42983E+01
  3.56451E-01  3.29400E+00  1.18174E+03  3.44018E+01
  3.57198E-01  3.25762E+00  1.18425E+03  3.45130E+01
  3.57952E-01  3.22234E+00  1.18909E+03  3.45960E+01
  3.58713E-01  3.19024E+00  1.19248E+03  3.46986E+01
  3.59480E-01  3.14894E+00  1.19260E+03  3.48394E+01
  3.60255E-01  3.11455E+00  1.19897E+03  3.49204E+01
  3.61038E-01  3.08317E+00  1.20546E+03  3.49867E+01
  3.61827E-01  3.03650E+00  1.20195E+03  3.51506E+01
  3.62627E-01  3.00411E+00  1.20851E+03  3.53379E+01
  3.63434E-01  2.95131E+00  1.20184E+03  3.49592E+01
  3.64254E-01  2.09714E+00  6.75592E+02  2.65569E+01
  3.65404E-01  9.43540E-01  4.05306E+01  4.60090E+00
  3.67942E-01  7.08066E-01  9.05907E-02  7.37286E-02
  3.71280E-01  6.65048E-01  4.43739E-07  1.85246E-05
  3.74778E-01  6.39286E-01  9.71032E-09  1.52136E-09
  3.78360E-01  6.14195E-01  9.08347E-09  1.42989E-09
  3.82027E-01  5.89566E-01  8.48455E-09  1.38949E-09
  3.85785E-01  5.65399E-01  7.91285E-09  1.34809E-09
  3.89639E-01  5.41692E-01  7.36765E-09  1.30685E-09
  3.93593E-01  5.18445E-01  6.84825E-09  1.26597E-09
  3.97655E-01  4.95658E-01  6.35395E-09  1.22523E-09
  4.01830E-01  4.73328E-01  5.88408E-09  1.18476E-09
  4.06126E-01  4.51457E-01  5.43795E-09  1.14458E-09
  4.10549E-01  4.30044E-01  5.01490E-09  1.10455E-09
  4.15110E-01  4.09088E-01  4.61427E-09  1.06486E-09
  4.19815E-01  3.88590E-01  4.23540E-09  1.02535E-09
  4.24677E-01  3.68550E-01  3.87766E-09  9.86136E-10
  4.29706E-01  3.48968E-01  3.54039E-09  9.47166E-10
  4.34914E-01  3.29845E-01  3.22298E-09  9.08454E-10
  4.40316E-01  3.11181E-01  2.92480E-09  8.70032E-10
  4.45928E-01  2.92977E-01  2.64523E-09  8.31846E-10
  4.51766E-01  2.75235E-01  2.38367E-09  7.93925E-10
  4.57852E-01  2.57955E-01  2.13952E-09  7.56337E-10
  4.64207E-01  2.41141E-01  1.91217E-09  7.19014E-10
  4.70856E-01  2.24794E-01  1.70104E-09  6.81976E-10
  4.77831E-01  2.08916E-01  1.50554E-09  6.45234E-10
  4.85164E-01  1.93511E-01  1.32510E-09  6.08821E-10
  4.92894E-01  1.78581E-01  1.15914E-09  5.72746E-10
  5.01069E-01  1.64132E-01  1.00708E-09  5.36989E-10
  5.09742E-01  1.50167E-01  8.68362E-10  5.01623E-10
  5.18979E-01  1.36693E-01  7.42423E-10  4.66615E-10
  5.28857E-01  1.23715E-01  6.28700E-10  4.32000E-10
  5.39472E-01  1.11240E-01  5.26635E-10  3.97772E-10
  5.50939E-01  9.92771E-02  4.35669E-10  3.64012E-10
  5.63404E-01  8.78358E-02  3.55245E-10  3.30716E-10
  5.77054E-01  7.69275E-02  2.84803E-10  2.97953E-10
  5.92128E-01  6.65656E-02  2.23782E-10  2.65707E-10
  6.08944E-01  5.67661E-02  1.71616E-10  2.34076E-10
  6.27936E-01  4.75482E-02  1.27731E-10  2.03110E-10
  6.49716E-01  3.89352E-02  9.15474E-11  1.72884E-10
  6.75184E-01  3.09564E-02  6.24681E-11  1.43486E-10
  7.05734E-01  2.36488E-02  3.98800E-11  1.15072E-10
  7.43699E-01  1.70612E-02  2.31432E-11  8.78524E-11
  7.93395E-01  1.12613E-02  1.15804E-11  6.27764E-11
  8.64237E-01  6.35029E-03  4.45721E-12  3.83824E-11
  9.84118E-01  2.50120E-03  9.43315E-13  8.13961E-12
  1.39569E+00  1.35808E-04  7.34429E-15  4.10514E-12
