 -1.74844E-09  2.66498E-07  1.34519E-13  2.23609E-05
  4.10336E-01  2.80964E-07  1.34520E-13  5.90629E-05
  6.74565E-01  2.83639E-07  1.34528E-13  8.79383E-05
  9.40186E-01  2.72920E-07  1.34530E-13  1.17377E-04
  1.21543E+00  1.70182E-06  1.34540E-13  1.35239E-04
  1.26759E+00  1.94603E-06  1.34553E-13  1.41348E-04
  1.32765E+00  2.13986E-06  1.34561E-13  1.48313E-04
  1.39514E+00  2.62713E-06  1.34576E-13  1.55563E-04
  1.46040E+00  3.11261E-06  1.34585E-13  1.62609E-04
  1.52418E+00  3.62895E-06  1.34593E-13  1.69495E-04
  1.58636E+00  4.14842E-06  1.34595E-13  1.76218E-04
  1.64724E+00  4.69448E-06  1.34596E-13  1.82801E-04
  1.70674E+00  5.34080E-06  1.34590E-13  1.89187E-04
  1.76404E+00  6.09482E-06  1.34577E-13  1.95314E-04
  1.81869E+00  6.94321E-06  1.34557E-13  2.01143E-04
  1.87062E+00  7.88859E-06  1.34527E-13  2.06680E-04
  1.91987E+00  8.91278E-06  1.34498E-13  2.11927E-04
  1.96667E+00  9.99710E-06  1.34462E-13  2.16921E-04
  2.01131E+00  1.11312E-05  1.34430E-13  2.21687E-04
  2.05408E+00  1.23039E-05  1.34401E-13  2.26256E-04
  2.09522E+00  1.35364E-05  1.34369E-13  2.30653E-04
  2.13489E+00  1.48525E-05  1.34348E-13  2.34887E-04
  2.17314E+00  1.62631E-05  1.34321E-13  2.38972E-04
  2.21001E+00  1.77011E-05  1.34295E-13  2.42921E-04
  2.24569E+00  1.89919E-05  1.34264E-13  2.46765E-04
  2.28066E+00  1.99754E-05  1.34233E-13  2.50563E-04
  2.31552E+00  2.07494E-05  1.34212E-13  2.54372E-04
  2.35063E+00  2.16207E-05  1.34178E-13  2.58200E-04
  2.38580E+00  2.27615E-05  1.34139E-13  2.62014E-04
  2.42058E+00  2.41688E-05  1.34103E-13  2.65768E-04
  2.45465E+00  2.57857E-05  1.34068E-13  2.69434E-04
  2.48781E+00  2.74868E-05  1.34035E-13  2.73002E-04
  2.52009E+00  2.92425E-05  1.33993E-13  2.76483E-04
  2.55154E+00  3.10405E-05  1.33940E-13  2.79880E-04
  2.58223E+00  3.28215E-05  1.33895E-13  2.83196E-04
  2.61226E+00  3.46800E-05  1.33837E-13  2.86447E-04
  2.64165E+00  3.65575E-05  1.33777E-13  2.89627E-04
  2.67044E+00  3.85288E-05  1.33706E-13  2.92739E-04
  2.69865E+00  4.05010E-05  1.33632E-13  2.95782E-04
  2.72632E+00  4.25040E-05  1.33564E-13  2.98777E-04
  2.75349E+00  4.42941E-05  1.33488E-13  3.01723E-04
  2.78035E+00  4.57737E-05  1.33419E-13  3.04643E-04
  2.80708E+00  4.70853E-05  1.33362E-13  3.07557E-04
  2.83381E+00  4.84257E-05  1.33326E-13  3.10465E-04
  2.86050E+00  5.00319E-05  1.33273E-13  3.13368E-04
  2.88701E+00  5.18685E-05  1.33217E-13  3.16240E-04
  2.91323E+00  5.39554E-05  1.33148E-13  3.19080E-04
  2.93908E+00  5.62001E-05  1.33078E-13  3.21871E-04
  2.96450E+00  5.84326E-05  1.32988E-13  3.24619E-04
  2.98954E+00  6.07733E-05  1.32885E-13  3.27328E-04
  3.01418E+00  6.31592E-05  1.32761E-13  3.29990E-04
  3.03844E+00  6.55104E-05  1.32625E-13  3.32619E-04
  3.06237E+00  6.79200E-05  1.32488E-13  3.35206E-04
  3.08596E+00  7.03286E-05  1.32356E-13  3.37765E-04
  3.10925E+00  7.25517E-05  1.32242E-13  3.40299E-04
  3.13230E+00  7.44678E-05  1.32157E-13  3.42812E-04
  3.15524E+00  7.61152E-05  1.32090E-13  3.45316E-04
  3.17814E+00  7.77111E-05  1.32028E-13  3.47820E-04
  3.20103E+00  7.95187E-05  1.31949E-13  3.50316E-04
  3.22383E+00  8.15768E-05  1.31862E-13  3.52799E-04
  3.24648E+00  8.38944E-05  1.31751E-13  3.55258E-04
  3.26892E+00  8.63733E-05  1.31615E-13  3.57691E-04
  3.29112E+00  8.89704E-05  1.31460E-13  3.60099E-04
  3.31306E+00  9.15170E-05  1.31285E-13  3.62477E-04
  3.33478E+00  9.41392E-05  1.31109E-13  3.64833E-04
  3.35626E+00  9.67468E-05  1.30941E-13  3.67168E-04
  3.37753E+00  9.92844E-05  1.30799E-13  3.69483E-04
  3.39860E+00  1.01591E-04  1.30680E-13  3.71779E-04
  3.41955E+00  1.03689E-04  1.30591E-13  3.74064E-04
  3.44041E+00  1.05645E-04  1.30503E-13  3.76342E-04
  3.46121E+00  1.07502E-04  1.30356E-13  3.78617E-04
  3.48198E+00  1.09475E-04  1.30195E-13  3.80874E-04
  3.50269E+00  1.11791E-04  1.30033E-13  3.83127E-04
  3.52328E+00  1.14207E-04  1.29855E-13  3.85361E-04
  3.54374E+00  1.16798E-04  1.29672E-13  3.87582E-04
  3.56404E+00  1.19381E-04  1.29499E-13  3.89790E-04
  3.58419E+00  1.22095E-04  1.29315E-13  3.91981E-04
  3.60418E+00  1.24662E-04  1.29134E-13  3.94161E-04
  3.62403E+00  1.27205E-04  1.28977E-13  3.96325E-04
  3.64375E+00  1.29527E-04  1.28787E-13  3.98482E-04
  3.66339E+00  1.31795E-04  1.28608E-13  4.00623E-04
  3.68295E+00  1.33893E-04  1.28455E-13  4.02767E-04
  3.70246E+00  1.35833E-04  1.28265E-13  4.04892E-04
  3.72194E+00  1.37984E-04  1.28097E-13  4.07017E-04
  3.74136E+00  1.40303E-04  1.27862E-13  4.09133E-04
  3.76071E+00  1.42677E-04  1.27648E-13  4.11248E-04
  3.77996E+00  1.45190E-04  1.27455E-13  4.13343E-04
  3.79912E+00  1.47782E-04  1.27232E-13  4.15436E-04
  3.81816E+00  1.50393E-04  1.27043E-13  4.17507E-04
  3.83710E+00  1.52811E-04  1.26834E-13  4.19568E-04
  3.85596E+00  1.55224E-04  1.26585E-13  4.21636E-04
  3.87474E+00  1.57426E-04  1.26389E-13  4.23673E-04
  3.89346E+00  1.59614E-04  1.26167E-13  4.25724E-04
  3.91214E+00  1.61653E-04  1.25912E-13  4.27765E-04
  3.93078E+00  1.63906E-04  1.25737E-13  4.29804E-04
  3.94937E+00  1.66156E-04  1.25515E-13  4.31830E-04
  3.96790E+00  1.68445E-04  1.25296E-13  4.33846E-04
  3.98638E+00  1.70857E-04  1.25036E-13  4.35867E-04
  4.00478E+00  1.73285E-04  1.24784E-13  4.37883E-04
  4.02311E+00  1.75673E-04  1.24516E-13  4.39879E-04
  4.04137E+00  1.78078E-04  1.24247E-13  4.41879E-04
  4.05957E+00  1.80362E-04  1.24028E-13  4.43871E-04
  4.07771E+00  1.82786E-04  1.23839E-13  4.45862E-04
  4.09579E+00  1.84872E-04  1.23568E-13  4.47845E-04
  4.11383E+00  1.87118E-04  1.23362E-13  4.49824E-04
  4.13182E+00  1.89070E-04  1.23078E-13  4.51789E-04
  4.14979E+00  1.91081E-04  1.22824E-13  4.53753E-04
  4.16774E+00  1.93229E-04  1.22508E-13  4.55705E-04
  4.18565E+00  1.95110E-04  1.22157E-13  4.57658E-04
  4.20354E+00  1.97289E-04  1.21863E-13  4.59613E-04
  4.22138E+00  1.99558E-04  1.21570E-13  4.61564E-04
  4.23918E+00  2.01603E-04  1.21321E-13  4.63516E-04
  4.25695E+00  2.03800E-04  1.21082E-13  4.65461E-04
  4.27467E+00  2.06013E-04  1.20800E-13  4.67404E-04
  4.29234E+00  2.07976E-04  1.20563E-13  4.69341E-04
  4.30999E+00  2.09795E-04  1.20232E-13  4.71280E-04
  4.32763E+00  2.11859E-04  1.19954E-13  4.73215E-04
  4.34524E+00  2.13483E-04  1.19634E-13  4.75146E-04
  4.36284E+00  2.15459E-04  1.19326E-13  4.77064E-04
  4.38042E+00  2.17222E-04  1.19036E-13  4.78996E-04
  4.39799E+00  2.19291E-04  1.18728E-13  4.80925E-04
  4.41552E+00  2.21003E-04  1.18389E-13  4.82847E-04
  4.43304E+00  2.22721E-04  1.18072E-13  4.84775E-04
  4.45055E+00  2.24738E-04  1.17733E-13  4.86693E-04
  4.46803E+00  2.26725E-04  1.17423E-13  4.88604E-04
  4.48548E+00  2.28047E-04  1.17103E-13  4.90526E-04
  4.50295E+00  2.29869E-04  1.16782E-13  4.92443E-04
  4.52039E+00  2.31529E-04  1.16404E-13  4.94351E-04
  4.53783E+00  2.33259E-04  1.16111E-13  4.96259E-04
  4.55525E+00  2.34627E-04  1.15763E-13  4.98177E-04
  4.57268E+00  2.36415E-04  1.15492E-13  5.00097E-04
  4.59009E+00  2.37971E-04  1.15138E-13  5.02006E-04
  4.60750E+00  2.39640E-04  1.14831E-13  5.03920E-04
  4.62489E+00  2.41298E-04  1.14482E-13  5.05825E-04
  4.64227E+00  2.42947E-04  1.14116E-13  5.07727E-04
  4.65963E+00  2.44356E-04  1.13755E-13  5.09629E-04
  4.67700E+00  2.45493E-04  1.13409E-13  5.11538E-04
  4.69438E+00  2.46990E-04  1.13065E-13  5.13465E-04
  4.71176E+00  2.48367E-04  1.12723E-13  5.15380E-04
  4.72914E+00  2.49769E-04  1.12318E-13  5.17283E-04
  4.74652E+00  2.51044E-04  1.11957E-13  5.19207E-04
  4.76390E+00  2.52425E-04  1.11573E-13  5.21120E-04
  4.78129E+00  2.53776E-04  1.11240E-13  5.23021E-04
  4.79867E+00  2.54714E-04  1.10797E-13  5.24934E-04
  4.81607E+00  2.56009E-04  1.10521E-13  5.26854E-04
  4.83348E+00  2.57333E-04  1.10100E-13  5.28774E-04
  4.85088E+00  2.58635E-04  1.09751E-13  5.30678E-04
  4.86828E+00  2.59776E-04  1.09425E-13  5.32600E-04
  4.88569E+00  2.60972E-04  1.08984E-13  5.34519E-04
  4.90310E+00  2.62063E-04  1.08631E-13  5.36435E-04
  4.92052E+00  2.62906E-04  1.08285E-13  5.38358E-04
  4.93797E+00  2.63893E-04  1.07862E-13  5.40277E-04
  4.95543E+00  2.65275E-04  1.07474E-13  5.42200E-04
  4.97287E+00  2.66507E-04  1.07082E-13  5.44122E-04
  4.99031E+00  2.66631E-04  1.06670E-13  5.46052E-04
  5.00781E+00  2.68044E-04  1.06270E-13  5.47982E-04
  5.02530E+00  2.69274E-04  1.05880E-13  5.49913E-04
  5.04278E+00  2.69673E-04  1.05503E-13  5.51845E-04
  5.06030E+00  2.71082E-04  1.05076E-13  5.53777E-04
  5.07780E+00  2.71003E-04  1.04614E-13  5.55705E-04
  5.09538E+00  2.72329E-04  1.04284E-13  5.57651E-04
  5.11293E+00  2.73516E-04  1.03863E-13  5.59588E-04
  5.13048E+00  2.73528E-04  1.03414E-13  5.61523E-04
  5.14808E+00  2.74930E-04  1.03014E-13  5.63471E-04
  5.16567E+00  2.74974E-04  1.02713E-13  5.65410E-04
  5.18331E+00  2.76370E-04  1.02206E-13  5.67366E-04
  5.20092E+00  2.76191E-04  1.01815E-13  5.69306E-04
  5.21860E+00  2.77420E-04  1.01409E-13  5.71250E-04
  5.23626E+00  2.77748E-04  1.00863E-13  5.73196E-04
  5.25396E+00  2.77727E-04  1.00489E-13  5.75161E-04
  5.27172E+00  2.79540E-04  1.00099E-13  5.77130E-04
  5.28942E+00  2.78922E-04  9.97036E-14  5.79100E-04
  5.30720E+00  2.79656E-04  9.93881E-14  5.81079E-04
  5.32500E+00  2.81168E-04  9.89027E-14  5.83043E-04
  5.34275E+00  2.80054E-04  9.84340E-14  5.85003E-04
  5.36062E+00  2.80516E-04  9.79984E-14  5.86971E-04
  5.37851E+00  2.81500E-04  9.75339E-14  5.88946E-04
  5.39639E+00  2.81935E-04  9.70890E-14  5.90926E-04
  5.41428E+00  2.81315E-04  9.67208E-14  5.92922E-04
  5.43226E+00  2.81842E-04  9.62801E-14  5.94907E-04
  5.45025E+00  2.82316E-04  9.58831E-14  5.96907E-04
  5.46826E+00  2.82862E-04  9.53637E-14  5.98906E-04
  5.48627E+00  2.82852E-04  9.49745E-14  6.00895E-04
  5.50432E+00  2.82581E-04  9.45299E-14  6.02903E-04
  5.52243E+00  2.82520E-04  9.41323E-14  6.04912E-04
  5.54059E+00  2.82779E-04  9.36319E-14  6.06937E-04
  5.55876E+00  2.82847E-04  9.31988E-14  6.08953E-04
  5.57697E+00  2.83185E-04  9.27521E-14  6.10968E-04
  5.59519E+00  2.82926E-04  9.23376E-14  6.12989E-04
  5.61346E+00  2.83003E-04  9.18158E-14  6.15026E-04
  5.63176E+00  2.82825E-04  9.13588E-14  6.17058E-04
  5.65011E+00  2.82752E-04  9.09118E-14  6.19104E-04
  5.66849E+00  2.82539E-04  9.03936E-14  6.21138E-04
  5.68691E+00  2.82772E-04  9.00611E-14  6.23187E-04
  5.70535E+00  2.82545E-04  8.96035E-14  6.25229E-04
  5.72383E+00  2.82442E-04  8.91452E-14  6.27278E-04
  5.74235E+00  2.82413E-04  8.87937E-14  6.29343E-04
  5.76089E+00  2.82041E-04  8.82250E-14  6.31403E-04
  5.77948E+00  2.82030E-04  8.78155E-14  6.33481E-04
  5.79810E+00  2.81886E-04  8.73941E-14  6.35552E-04
  5.81675E+00  2.80876E-04  8.69108E-14  6.37631E-04
  5.83549E+00  2.80446E-04  8.64056E-14  6.39720E-04
  5.85428E+00  2.80141E-04  8.59854E-14  6.41812E-04
  5.87311E+00  2.80375E-04  8.55285E-14  6.43903E-04
  5.89194E+00  2.80398E-04  8.50572E-14  6.46001E-04
  5.91078E+00  2.79214E-04  8.46399E-14  6.48106E-04
  5.92973E+00  2.78470E-04  8.41718E-14  6.50225E-04
  5.94873E+00  2.78743E-04  8.36786E-14  6.52341E-04
  5.96774E+00  2.78429E-04  8.31938E-14  6.54458E-04
  5.98678E+00  2.77426E-04  8.27076E-14  6.56576E-04
  6.00590E+00  2.76716E-04  8.22757E-14  6.58714E-04
  6.02508E+00  2.77418E-04  8.18458E-14  6.60845E-04
  6.04422E+00  2.75507E-04  8.14282E-14  6.62987E-04
  6.06351E+00  2.75613E-04  8.08954E-14  6.65149E-04
  6.08279E+00  2.75253E-04  8.04454E-14  6.67298E-04
  6.10211E+00  2.73660E-04  7.99592E-14  6.69455E-04
  6.12154E+00  2.73933E-04  7.95045E-14  6.71609E-04
  6.14096E+00  2.72609E-04  7.90660E-14  6.73789E-04
  6.16048E+00  2.72547E-04  7.85987E-14  6.75973E-04
  6.18001E+00  2.71107E-04  7.81063E-14  6.78174E-04
  6.19964E+00  2.71003E-04  7.76373E-14  6.80366E-04
  6.21927E+00  2.69772E-04  7.71748E-14  6.82554E-04
  6.23900E+00  2.69360E-04  7.67046E-14  6.84758E-04
  6.25876E+00  2.67925E-04  7.62353E-14  6.86966E-04
  6.27862E+00  2.67845E-04  7.57684E-14  6.89191E-04
  6.29848E+00  2.66043E-04  7.52562E-14  6.91423E-04
  6.31847E+00  2.66372E-04  7.49000E-14  6.93656E-04
  6.33843E+00  2.64738E-04  7.43752E-14  6.95892E-04
  6.35851E+00  2.63911E-04  7.39729E-14  6.98143E-04
  6.37864E+00  2.63362E-04  7.33948E-14  7.00399E-04
  6.39880E+00  2.61638E-04  7.30185E-14  7.02661E-04
  6.41909E+00  2.61421E-04  7.25073E-14  7.04936E-04
  6.43938E+00  2.60785E-04  7.19554E-14  7.07209E-04
  6.45970E+00  2.58668E-04  7.15624E-14  7.09489E-04
  6.48018E+00  2.57920E-04  7.10816E-14  7.11786E-04
  6.50071E+00  2.57510E-04  7.05636E-14  7.14076E-04
  6.52125E+00  2.56323E-04  7.01703E-14  7.16379E-04
  6.54187E+00  2.54735E-04  6.97358E-14  7.18713E-04
  6.56260E+00  2.53815E-04  6.91954E-14  7.21035E-04
  6.58338E+00  2.52939E-04  6.87264E-14  7.23362E-04
  6.60422E+00  2.52033E-04  6.83037E-14  7.25711E-04
  6.62511E+00  2.50321E-04  6.77638E-14  7.28073E-04
  6.64611E+00  2.48933E-04  6.72890E-14  7.30425E-04
  6.66721E+00  2.47943E-04  6.68053E-14  7.32804E-04
  6.68837E+00  2.46960E-04  6.63906E-14  7.35180E-04
  6.70959E+00  2.45747E-04  6.58688E-14  7.37551E-04
  6.73088E+00  2.44759E-04  6.54187E-14  7.39964E-04
  6.75223E+00  2.43556E-04  6.49911E-14  7.42355E-04
  6.77366E+00  2.42063E-04  6.45329E-14  7.44766E-04
  6.79519E+00  2.41226E-04  6.40631E-14  7.47185E-04
  6.81675E+00  2.39296E-04  6.36546E-14  7.49615E-04
  6.83846E+00  2.38160E-04  6.31044E-14  7.52067E-04
  6.86024E+00  2.36917E-04  6.26313E-14  7.54522E-04
  6.88209E+00  2.35306E-04  6.21117E-14  7.56996E-04
  6.90406E+00  2.33972E-04  6.16755E-14  7.59464E-04
  6.92611E+00  2.32563E-04  6.12203E-14  7.61947E-04
  6.94825E+00  2.31249E-04  6.08043E-14  7.64439E-04
  6.97048E+00  2.30000E-04  6.03147E-14  7.66944E-04
  6.99279E+00  2.28715E-04  5.98953E-14  7.69452E-04
  7.01517E+00  2.27464E-04  5.95074E-14  7.71981E-04
  7.03764E+00  2.26214E-04  5.90176E-14  7.74505E-04
  7.06018E+00  2.24301E-04  5.85398E-14  7.77073E-04
  7.08286E+00  2.22608E-04  5.80009E-14  7.79653E-04
  7.10567E+00  2.21114E-04  5.75194E-14  7.82229E-04
  7.12858E+00  2.19821E-04  5.70330E-14  7.84815E-04
  7.15157E+00  2.18424E-04  5.65217E-14  7.87422E-04
  7.17466E+00  2.16282E-04  5.59879E-14  7.90025E-04
  7.19791E+00  2.14860E-04  5.57214E-14  7.92641E-04
  7.22127E+00  2.13918E-04  5.52786E-14  7.95273E-04
  7.24466E+00  2.11969E-04  5.48753E-14  7.97934E-04
  7.26822E+00  2.10570E-04  5.44174E-14  8.00594E-04
  7.29186E+00  2.09485E-04  5.39744E-14  8.03242E-04
  7.31557E+00  2.07165E-04  5.34078E-14  8.05951E-04
  7.33948E+00  2.05757E-04  5.29670E-14  8.08659E-04
  7.36348E+00  2.03971E-04  5.24686E-14  8.11398E-04
  7.38763E+00  2.02052E-04  5.19826E-14  8.14147E-04
  7.41193E+00  2.00935E-04  5.14554E-14  8.16892E-04
  7.43630E+00  1.98547E-04  5.10245E-14  8.19663E-04
  7.46089E+00  1.97610E-04  5.05890E-14  8.22456E-04
  7.48552E+00  1.95263E-04  5.01211E-14  8.25236E-04
  7.51037E+00  1.94171E-04  4.96608E-14  8.28045E-04
  7.53528E+00  1.92221E-04  4.93077E-14  8.30863E-04
  7.56036E+00  1.90675E-04  4.88351E-14  8.33715E-04
  7.58557E+00  1.89068E-04  4.83986E-14  8.36564E-04
  7.61090E+00  1.86861E-04  4.79256E-14  8.39458E-04
  7.63645E+00  1.85497E-04  4.74879E-14  8.42361E-04
  7.66210E+00  1.83626E-04  4.70227E-14  8.45271E-04
  7.68792E+00  1.81576E-04  4.65769E-14  8.48216E-04
  7.71394E+00  1.79911E-04  4.60817E-14  8.51181E-04
  7.74011E+00  1.78438E-04  4.56639E-14  8.54149E-04
  7.76640E+00  1.76329E-04  4.51844E-14  8.57161E-04
  7.79291E+00  1.74215E-04  4.46294E-14  8.60180E-04
  7.81964E+00  1.72553E-04  4.42266E-14  8.63219E-04
  7.84652E+00  1.70655E-04  4.37464E-14  8.66294E-04
  7.87359E+00  1.68618E-04  4.32245E-14  8.69379E-04
  7.90089E+00  1.66961E-04  4.28186E-14  8.72508E-04
  7.92835E+00  1.65045E-04  4.23521E-14  8.75643E-04
  7.95601E+00  1.63430E-04  4.19656E-14  8.78774E-04
  7.98384E+00  1.61444E-04  4.15352E-14  8.81939E-04
  8.01189E+00  1.59600E-04  4.11455E-14  8.85126E-04
  8.04014E+00  1.57885E-04  4.07872E-14  8.88317E-04
  8.06859E+00  1.56380E-04  4.04249E-14  8.91542E-04
  8.09718E+00  1.54683E-04  4.01095E-14  8.94786E-04
  8.12596E+00  1.52377E-04  3.95460E-14  8.98097E-04
  8.15505E+00  1.50740E-04  3.91155E-14  9.01415E-04
  8.18432E+00  1.48460E-04  3.85858E-14  9.04800E-04
  8.21391E+00  1.46201E-04  3.80071E-14  9.08227E-04
  8.24382E+00  1.43959E-04  3.74349E-14  9.11692E-04
  8.27405E+00  1.41822E-04  3.68631E-14  9.15189E-04
  8.30460E+00  1.39618E-04  3.63617E-14  9.18719E-04
  8.33547E+00  1.37401E-04  3.57922E-14  9.22295E-04
  8.36670E+00  1.35419E-04  3.54067E-14  9.25869E-04
  8.39822E+00  1.34043E-04  3.50850E-14  9.29428E-04
  8.42990E+00  1.32273E-04  3.48398E-14  9.32995E-04
  8.46185E+00  1.31123E-04  3.47034E-14  9.36529E-04
  8.49392E+00  1.29532E-04  3.45670E-14  9.40104E-04
  8.52621E+00  1.28140E-04  3.43850E-14  9.43712E-04
  8.55869E+00  1.26492E-04  3.40001E-14  9.47410E-04
  8.59142E+00  1.24243E-04  3.34216E-14  9.51198E-04
  8.62456E+00  1.21677E-04  3.28765E-14  9.55099E-04
  8.65823E+00  1.19312E-04  3.22309E-14  9.59043E-04
  8.69238E+00  1.16996E-04  3.16606E-14  9.63043E-04
  8.72701E+00  1.14498E-04  3.10626E-14  9.67068E-04
  8.76220E+00  1.12332E-04  3.05133E-14  9.71217E-04
  8.79786E+00  1.10085E-04  2.99218E-14  9.75350E-04
  8.83404E+00  1.07495E-04  2.93951E-14  9.79637E-04
  8.87088E+00  1.05091E-04  2.86540E-14  9.83943E-04
  8.90833E+00  1.03170E-04  2.82984E-14  9.88313E-04
  8.94625E+00  1.01452E-04  2.79156E-14  9.92599E-04
  8.98457E+00  9.97610E-05  2.78774E-14  9.96899E-04
  9.02331E+00  9.89550E-05  2.78097E-14  1.00116E-03
  9.06211E+00  9.75130E-05  2.77222E-14  1.00546E-03
  9.10125E+00  9.60118E-05  2.75101E-14  1.00981E-03
  9.14076E+00  9.46827E-05  2.74199E-14  1.01425E-03
  9.18057E+00  9.31020E-05  2.71668E-14  1.01876E-03
  9.22080E+00  9.11175E-05  2.68674E-14  1.02332E-03
  9.26165E+00  8.94487E-05  2.66126E-14  1.02800E-03
  9.30299E+00  8.73973E-05  2.62507E-14  1.03278E-03
  9.34504E+00  8.54185E-05  2.57405E-14  1.03764E-03
  9.38778E+00  8.32574E-05  2.52155E-14  1.04263E-03
  9.43135E+00  8.09259E-05  2.48068E-14  1.04777E-03
  9.47587E+00  7.87677E-05  2.42079E-14  1.05297E-03
  9.52130E+00  7.64156E-05  2.36588E-14  1.05839E-03
  9.56780E+00  7.40347E-05  2.29890E-14  1.06389E-03
  9.61547E+00  7.18170E-05  2.25698E-14  1.06955E-03
  9.66425E+00  6.92922E-05  2.17737E-14  1.07531E-03
  9.71445E+00  6.71669E-05  2.13910E-14  1.08137E-03
  9.76585E+00  6.46608E-05  2.05365E-14  1.08740E-03
  9.81884E+00  6.23526E-05  2.01318E-14  1.09387E-03
  9.87336E+00  5.98915E-05  1.92600E-14  1.10030E-03
  9.92968E+00  5.76505E-05  1.88933E-14  1.10724E-03
  9.98772E+00  5.56548E-05  1.81633E-14  1.11381E-03
  1.00473E+01  5.35313E-05  1.79977E-14  1.12105E-03
  1.01088E+01  5.24507E-05  1.77080E-14  1.12769E-03
  1.01710E+01  5.09948E-05  1.77653E-14  1.13489E-03
  1.02345E+01  5.15733E-05  1.86254E-14  1.14119E-03
  1.02967E+01  5.09781E-05  1.89959E-14  1.14702E-03
  1.03592E+01  5.15247E-05  2.05468E-14  1.15408E-03
  1.04205E+01  5.09142E-05  2.06140E-14  1.15960E-03
  1.04822E+01  4.88361E-05  2.07164E-14  1.16714E-03
  1.05460E+01  4.77512E-05  2.04698E-14  1.17365E-03
  1.06109E+01  4.53065E-05  1.99643E-14  1.18229E-03
  1.06787E+01  4.37185E-05  1.98295E-14  1.18914E-03
  1.07486E+01  4.17346E-05  1.93362E-14  1.19816E-03
  1.08212E+01  3.98175E-05  1.91420E-14  1.20564E-03
  1.08969E+01  3.78767E-05  1.84702E-14  1.21573E-03
  1.09759E+01  3.57618E-05  1.82249E-14  1.22409E-03
  1.10589E+01  3.37118E-05  1.73680E-14  1.23504E-03
  1.11464E+01  3.14095E-05  1.70305E-14  1.24468E-03
  1.12397E+01  2.93091E-05  1.59095E-14  1.25722E-03
  1.13389E+01  2.67675E-05  1.55108E-14  1.26875E-03
  1.14468E+01  2.46754E-05  1.41086E-14  1.28313E-03
  1.15629E+01  2.20722E-05  1.37778E-14  1.29722E-03
  1.16916E+01  2.05060E-05  1.26160E-14  1.31340E-03
  1.18291E+01  1.82711E-05  1.25524E-14  1.33011E-03
  1.19821E+01  1.72197E-05  1.20545E-14  1.34804E-03
  1.21432E+01  1.53303E-05  1.20449E-14  1.36728E-03
  1.23230E+01  1.43152E-05  1.20539E-14  1.38796E-03
  1.25144E+01  1.27657E-05  1.22005E-14  1.41024E-03
  1.27284E+01  1.15030E-05  1.25499E-14  1.43483E-03
  1.29659E+01  9.96476E-06  1.26458E-14  1.46283E-03
  1.32416E+01  9.46376E-06  1.56071E-14  1.48975E-03
  1.35368E+01  1.14676E-05  3.05192E-14  1.49307E-03
  1.37929E+01  1.21109E-05  6.39299E-14  1.49064E-03
  1.40699E+01  9.84542E-06  9.94769E-14  1.50147E-03
  1.47879E+01  3.69289E-06  1.41006E-13  1.52964E-03
