 -2.87944E-11  9.92061E-03  1.99210E+05  1.33186E+01
  1.22892E-02  6.74364E-02  1.99222E+05  2.87043E+01
  1.41730E-02  1.05321E-01  1.99249E+05  3.28929E+01
  1.62089E-02  1.70804E-01  1.99296E+05  3.68588E+01
  1.79666E-02  2.49756E-01  1.99366E+05  4.02765E+01
  1.95248E-02  3.42816E-01  1.99469E+05  4.33199E+01
  2.09277E-02  4.53775E-01  1.99612E+05  4.61037E+01
  2.21964E-02  5.83058E-01  1.99799E+05  4.86948E+01
  2.33519E-02  7.22645E-01  2.00029E+05  5.11333E+01
  2.44241E-02  8.75731E-01  2.00292E+05  5.34251E+01
  2.54272E-02  1.04085E+00  2.00582E+05  5.55543E+01
  2.63727E-02  1.22024E+00  2.00902E+05  5.75253E+01
  2.72677E-02  1.41429E+00  2.01274E+05  5.93764E+01
  2.81175E-02  1.62078E+00  2.01727E+05  6.11622E+01
  2.89281E-02  1.83769E+00  2.02279E+05  6.29174E+01
  2.97048E-02  2.06328E+00  2.02918E+05  6.46394E+01
  3.04525E-02  2.30063E+00  2.03607E+05  6.62998E+01
  3.11736E-02  2.54837E+00  2.04305E+05  6.78729E+01
  3.18709E-02  2.81109E+00  2.05011E+05  6.93727E+01
  3.25454E-02  3.09284E+00  2.05769E+05  7.08356E+01
  3.31974E-02  3.39121E+00  2.06642E+05  7.22989E+01
  3.38281E-02  3.69938E+00  2.07653E+05  7.37691E+01
  3.44395E-02  4.02474E+00  2.08781E+05  7.52222E+01
  3.50326E-02  4.36146E+00  2.09970E+05  7.66221E+01
  3.56088E-02  4.70505E+00  2.11195E+05  7.79569E+01
  3.61701E-02  5.06446E+00  2.12462E+05  7.92422E+01
  3.67169E-02  5.42827E+00  2.13801E+05  8.05050E+01
  3.72510E-02  5.81521E+00  2.15236E+05  8.17663E+01
  3.77720E-02  6.20867E+00  2.16781E+05  8.30215E+01
  3.82813E-02  6.63052E+00  2.18428E+05  8.42679E+01
  3.87783E-02  7.05894E+00  2.20201E+05  8.55071E+01
  3.92642E-02  7.51516E+00  2.22076E+05  8.67455E+01
  3.97386E-02  7.97631E+00  2.24073E+05  8.79792E+01
  4.02027E-02  8.46048E+00  2.26183E+05  8.92074E+01
  4.06566E-02  8.95195E+00  2.28403E+05  9.04198E+01
  4.11011E-02  9.46382E+00  2.30716E+05  9.16140E+01
  4.15364E-02  9.99230E+00  2.33124E+05  9.27942E+01
  4.19627E-02  1.05329E+01  2.35653E+05  9.39615E+01
  4.23808E-02  1.11017E+01  2.38298E+05  9.51177E+01
  4.27903E-02  1.16872E+01  2.41066E+05  9.62622E+01
  4.31917E-02  1.22968E+01  2.43950E+05  9.73952E+01
  4.35851E-02  1.29198E+01  2.46961E+05  9.85209E+01
  4.39709E-02  1.35657E+01  2.50124E+05  9.96560E+01
  4.43493E-02  1.42342E+01  2.53436E+05  1.00801E+02
  4.47204E-02  1.49235E+01  2.56907E+05  1.01941E+02
  4.50844E-02  1.56334E+01  2.60502E+05  1.03069E+02
  4.54417E-02  1.63653E+01  2.64242E+05  1.04196E+02
  4.57923E-02  1.71212E+01  2.68146E+05  1.05341E+02
  4.61364E-02  1.79093E+01  2.72239E+05  1.06499E+02
  4.64741E-02  1.87252E+01  2.76488E+05  1.07639E+02
  4.68054E-02  1.95630E+01  2.80852E+05  1.08731E+02
  4.71306E-02  2.04085E+01  2.85327E+05  1.09778E+02
  4.74501E-02  2.12928E+01  2.89941E+05  1.10821E+02
  4.77639E-02  2.22200E+01  2.94771E+05  1.11903E+02
  4.80719E-02  2.31422E+01  2.99851E+05  1.13025E+02
  4.83746E-02  2.41349E+01  3.05121E+05  1.14167E+02
  4.86717E-02  2.51230E+01  3.10553E+05  1.15288E+02
  4.89637E-02  2.61789E+01  3.16129E+05  1.16371E+02
  4.92503E-02  2.72217E+01  3.21912E+05  1.17422E+02
  4.95320E-02  2.83412E+01  3.27918E+05  1.18468E+02
  4.98086E-02  2.94760E+01  3.34088E+05  1.19525E+02
  5.00804E-02  3.06206E+01  3.40429E+05  1.20593E+02
  5.03475E-02  3.18326E+01  3.46943E+05  1.21662E+02
  5.06100E-02  3.30850E+01  3.53613E+05  1.22729E+02
  5.08678E-02  3.43333E+01  3.60462E+05  1.23789E+02
  5.11213E-02  3.56326E+01  3.67586E+05  1.24828E+02
  5.13705E-02  3.69901E+01  3.75047E+05  1.25831E+02
  5.16155E-02  3.83828E+01  3.82750E+05  1.26827E+02
  5.18562E-02  3.98001E+01  3.90476E+05  1.27855E+02
  5.20928E-02  4.12428E+01  3.98234E+05  1.28907E+02
  5.23256E-02  4.27334E+01  4.06286E+05  1.29938E+02
  5.25546E-02  4.42727E+01  4.14855E+05  1.30915E+02
  5.27798E-02  4.58757E+01  4.23802E+05  1.31855E+02
  5.30012E-02  4.75050E+01  4.32775E+05  1.32817E+02
  5.32189E-02  4.91590E+01  4.41625E+05  1.33829E+02
  5.34331E-02  5.08559E+01  4.50604E+05  1.34847E+02
  5.36439E-02  5.26075E+01  4.60113E+05  1.35815E+02
  5.38513E-02  5.44021E+01  4.70138E+05  1.36735E+02
  5.40554E-02  5.62650E+01  4.80479E+05  1.37638E+02
  5.42562E-02  5.81927E+01  4.90992E+05  1.38553E+02
  5.44537E-02  6.00911E+01  5.01228E+05  1.39525E+02
  5.46482E-02  6.20093E+01  5.11387E+05  1.40529E+02
  5.48399E-02  6.40739E+01  5.22517E+05  1.41427E+02
  5.50285E-02  6.61181E+01  5.33916E+05  1.42280E+02
  5.52142E-02  6.82314E+01  5.45058E+05  1.43240E+02
  5.53972E-02  7.04837E+01  5.57760E+05  1.44006E+02
  5.55772E-02  7.27145E+01  5.69917E+05  1.44778E+02
  5.57544E-02  7.48326E+01  5.80140E+05  1.46121E+02
  5.59294E-02  7.71843E+01  5.92817E+05  1.46704E+02
  5.61017E-02  7.99029E+01  6.10558E+05  1.47101E+02
  5.62707E-02  8.22051E+01  6.21219E+05  1.48986E+02
  5.64375E-02  7.97714E+01  5.74697E+05  1.45949E+02
  5.66120E-02  4.44666E+01  1.67784E+05  7.07221E+01
  5.69289E-02  2.42256E+01  2.18740E+03  4.18165E+00
  5.75132E-02  2.16917E+01  6.02710E-01  1.42353E-02
  5.81650E-02  2.14927E+01  3.45180E-06  2.37164E-07
  5.88211E-02  2.13887E+01  3.37326E-06  2.26765E-10
  5.94789E-02  2.12844E+01  3.34589E-06  2.28840E-10
  6.01381E-02  2.11796E+01  3.31847E-06  2.29897E-10
  6.07989E-02  2.10742E+01  3.29099E-06  2.30926E-10
  6.14613E-02  2.09683E+01  3.26347E-06  2.31924E-10
  6.21253E-02  2.08618E+01  3.23590E-06  2.32891E-10
  6.27909E-02  2.07549E+01  3.20829E-06  2.33827E-10
  6.34581E-02  2.06474E+01  3.18065E-06  2.34731E-10
  6.41270E-02  2.05394E+01  3.15298E-06  2.35588E-10
  6.47975E-02  2.04310E+01  3.12529E-06  2.36453E-10
  6.54697E-02  2.03221E+01  3.09758E-06  2.37265E-10
  6.61436E-02  2.02128E+01  3.06985E-06  2.38043E-10
  6.68192E-02  2.01030E+01  3.04211E-06  2.38818E-10
  6.74966E-02  1.99928E+01  3.01437E-06  2.39515E-10
  6.81757E-02  1.98822E+01  2.98663E-06  2.40200E-10
  6.88566E-02  1.97712E+01  2.95888E-06  2.40873E-10
  6.95393E-02  1.96598E+01  2.93115E-06  2.41509E-10
  7.02238E-02  1.95480E+01  2.90343E-06  2.42107E-10
  7.09102E-02  1.94359E+01  2.87573E-06  2.42680E-10
  7.15984E-02  1.93234E+01  2.84805E-06  2.43227E-10
  7.22885E-02  1.92106E+01  2.82039E-06  2.43744E-10
  7.29805E-02  1.90975E+01  2.79276E-06  2.44227E-10
  7.36744E-02  1.89840E+01  2.76517E-06  2.44683E-10
  7.43703E-02  1.88703E+01  2.73761E-06  2.45106E-10
  7.50681E-02  1.87563E+01  2.71010E-06  2.45508E-10
  7.57679E-02  1.86420E+01  2.68263E-06  2.45881E-10
  7.64697E-02  1.85274E+01  2.65521E-06  2.46223E-10
  7.71735E-02  1.84126E+01  2.62785E-06  2.46535E-10
  7.78794E-02  1.82976E+01  2.60054E-06  2.46818E-10
  7.85873E-02  1.81823E+01  2.57330E-06  2.47079E-10
  7.92973E-02  1.80669E+01  2.54612E-06  2.47305E-10
  8.00094E-02  1.79512E+01  2.51901E-06  2.47508E-10
  8.07236E-02  1.78353E+01  2.49197E-06  2.47686E-10
  8.14400E-02  1.77193E+01  2.46501E-06  2.47834E-10
  8.21586E-02  1.76031E+01  2.43813E-06  2.47956E-10
  8.28793E-02  1.74868E+01  2.41134E-06  2.48048E-10
  8.36023E-02  1.73703E+01  2.38463E-06  2.48113E-10
  8.43275E-02  1.72537E+01  2.35801E-06  2.48158E-10
  8.50549E-02  1.71370E+01  2.33148E-06  2.48172E-10
  8.57847E-02  1.70202E+01  2.30506E-06  2.48161E-10
  8.65167E-02  1.69033E+01  2.27873E-06  2.48121E-10
  8.72511E-02  1.67863E+01  2.25250E-06  2.48068E-10
  8.79879E-02  1.66692E+01  2.22638E-06  2.47977E-10
  8.87270E-02  1.65521E+01  2.20038E-06  2.47866E-10
  8.94685E-02  1.64349E+01  2.17448E-06  2.47726E-10
  9.02124E-02  1.63178E+01  2.14870E-06  2.47571E-10
  9.09588E-02  1.62005E+01  2.12303E-06  2.47383E-10
  9.17076E-02  1.60833E+01  2.09749E-06  2.47174E-10
  9.24589E-02  1.59661E+01  2.07207E-06  2.46942E-10
  9.32128E-02  1.58488E+01  2.04678E-06  2.46684E-10
  9.39692E-02  1.57316E+01  2.02161E-06  2.46403E-10
  9.47281E-02  1.56145E+01  1.99658E-06  2.46100E-10
  9.54897E-02  1.54973E+01  1.97168E-06  2.45779E-10
  9.62539E-02  1.53803E+01  1.94692E-06  2.45423E-10
  9.70207E-02  1.52633E+01  1.92229E-06  2.45055E-10
  9.77902E-02  1.51463E+01  1.89781E-06  2.44664E-10
  9.85624E-02  1.50295E+01  1.87347E-06  2.44249E-10
  9.93373E-02  1.49127E+01  1.84927E-06  2.43812E-10
  1.00115E-01  1.47960E+01  1.82523E-06  2.43356E-10
  1.00895E-01  1.46795E+01  1.80133E-06  2.42867E-10
  1.01679E-01  1.45631E+01  1.77758E-06  2.42354E-10
  1.02465E-01  1.44468E+01  1.75399E-06  2.42060E-10
  1.03254E-01  1.43306E+01  1.73052E-06  2.41318E-10
  1.04045E-01  1.42146E+01  1.70727E-06  2.40561E-10
  1.04840E-01  1.40988E+01  1.68414E-06  2.40205E-10
  1.05638E-01  1.39832E+01  1.66118E-06  2.39581E-10
  1.06438E-01  1.38677E+01  1.63838E-06  2.38963E-10
  1.07242E-01  1.37524E+01  1.61574E-06  2.38329E-10
  1.08049E-01  1.36373E+01  1.59327E-06  2.37670E-10
  1.08858E-01  1.35224E+01  1.57096E-06  2.36996E-10
  1.09671E-01  1.34078E+01  1.54882E-06  2.36310E-10
  1.10487E-01  1.32933E+01  1.52686E-06  2.35598E-10
  1.11306E-01  1.31791E+01  1.50506E-06  2.34873E-10
  1.12128E-01  1.30652E+01  1.48343E-06  2.34132E-10
  1.12954E-01  1.29515E+01  1.46198E-06  2.33366E-10
  1.13782E-01  1.28380E+01  1.44069E-06  2.32591E-10
  1.14614E-01  1.27249E+01  1.41959E-06  2.31798E-10
  1.15449E-01  1.26120E+01  1.39866E-06  2.30986E-10
  1.16288E-01  1.24993E+01  1.37791E-06  2.30162E-10
  1.17130E-01  1.23870E+01  1.35733E-06  2.29323E-10
  1.17975E-01  1.22750E+01  1.33694E-06  2.28468E-10
  1.18824E-01  1.21633E+01  1.31672E-06  2.27591E-10
  1.19676E-01  1.20519E+01  1.29668E-06  2.26709E-10
  1.20532E-01  1.19408E+01  1.27682E-06  2.25808E-10
  1.21391E-01  1.18301E+01  1.25715E-06  2.24894E-10
  1.22254E-01  1.17197E+01  1.23766E-06  2.23967E-10
  1.23121E-01  1.16096E+01  1.21835E-06  2.23022E-10
  1.23991E-01  1.14999E+01  1.19922E-06  2.22070E-10
  1.24864E-01  1.13906E+01  1.18027E-06  2.21102E-10
  1.25742E-01  1.12816E+01  1.16151E-06  2.20118E-10
  1.26623E-01  1.11730E+01  1.14294E-06  2.19126E-10
  1.27508E-01  1.10647E+01  1.12454E-06  2.18119E-10
  1.28397E-01  1.09569E+01  1.10633E-06  2.17098E-10
  1.29290E-01  1.08494E+01  1.08831E-06  2.16069E-10
  1.30186E-01  1.07424E+01  1.07047E-06  2.15033E-10
  1.31087E-01  1.06357E+01  1.05282E-06  2.13980E-10
  1.31991E-01  1.05295E+01  1.03535E-06  2.12912E-10
  1.32900E-01  1.04237E+01  1.01806E-06  2.11840E-10
  1.33812E-01  1.03183E+01  1.00096E-06  2.10758E-10
  1.34729E-01  1.02133E+01  9.84050E-07  2.09659E-10
  1.35650E-01  1.01087E+01  9.67320E-07  2.08553E-10
  1.36575E-01  1.00046E+01  9.50774E-07  2.07441E-10
  1.37504E-01  9.90099E+00  9.34413E-07  2.06315E-10
  1.38438E-01  9.79778E+00  9.18236E-07  2.05185E-10
  1.39376E-01  9.69503E+00  9.02243E-07  2.04044E-10
  1.40318E-01  9.59274E+00  8.86433E-07  2.02892E-10
  1.41264E-01  9.49092E+00  8.70806E-07  2.01732E-10
  1.42216E-01  9.38956E+00  8.55362E-07  2.00562E-10
  1.43171E-01  9.28868E+00  8.40100E-07  1.99388E-10
  1.44131E-01  9.18827E+00  8.25020E-07  1.98207E-10
  1.45096E-01  9.08836E+00  8.10121E-07  1.97017E-10
  1.46065E-01  8.98892E+00  7.95403E-07  1.95820E-10
  1.47040E-01  8.88999E+00  7.80866E-07  1.94612E-10
  1.48018E-01  8.79154E+00  7.66508E-07  1.93398E-10
  1.49002E-01  8.69360E+00  7.52329E-07  1.92183E-10
  1.49991E-01  8.59617E+00  7.38328E-07  1.90960E-10
  1.50984E-01  8.49924E+00  7.24505E-07  1.89728E-10
  1.51982E-01  8.40282E+00  7.10859E-07  1.88490E-10
  1.52986E-01  8.30692E+00  6.97389E-07  1.87249E-10
  1.53994E-01  8.21154E+00  6.84094E-07  1.86004E-10
  1.55008E-01  8.11668E+00  6.70974E-07  1.84751E-10
  1.56026E-01  8.02235E+00  6.58028E-07  1.83493E-10
  1.57050E-01  7.92855E+00  6.45255E-07  1.82228E-10
  1.58080E-01  7.83529E+00  6.32653E-07  1.80961E-10
  1.59114E-01  7.74255E+00  6.20224E-07  1.79688E-10
  1.60154E-01  7.65036E+00  6.07964E-07  1.78415E-10
  1.61200E-01  7.55871E+00  5.95873E-07  1.77136E-10
  1.62251E-01  7.46760E+00  5.83951E-07  1.75850E-10
  1.63308E-01  7.37704E+00  5.72196E-07  1.74561E-10
  1.64370E-01  7.28703E+00  5.60608E-07  1.73276E-10
  1.65438E-01  7.19757E+00  5.49184E-07  1.71981E-10
  1.66512E-01  7.10867E+00  5.37925E-07  1.70685E-10
  1.67592E-01  7.02033E+00  5.26829E-07  1.69382E-10
  1.68678E-01  6.93254E+00  5.15896E-07  1.68084E-10
  1.69769E-01  6.84532E+00  5.05123E-07  1.66777E-10
  1.70867E-01  6.75865E+00  4.94510E-07  1.65470E-10
  1.71971E-01  6.67256E+00  4.84056E-07  1.64161E-10
  1.73082E-01  6.58703E+00  4.73759E-07  1.62854E-10
  1.74198E-01  6.50207E+00  4.63618E-07  1.61539E-10
  1.75321E-01  6.41768E+00  4.53633E-07  1.60225E-10
  1.76451E-01  6.33386E+00  4.43802E-07  1.58910E-10
  1.77587E-01  6.25062E+00  4.34123E-07  1.57593E-10
  1.78729E-01  6.16795E+00  4.24597E-07  1.56275E-10
  1.79879E-01  6.08586E+00  4.15220E-07  1.54958E-10
  1.81035E-01  6.00435E+00  4.05992E-07  1.53640E-10
  1.82198E-01  5.92342E+00  3.96912E-07  1.52316E-10
  1.83368E-01  5.84306E+00  3.87979E-07  1.50996E-10
  1.84545E-01  5.76329E+00  3.79192E-07  1.49679E-10
  1.85729E-01  5.68410E+00  3.70548E-07  1.48357E-10
  1.86921E-01  5.60549E+00  3.62046E-07  1.47036E-10
  1.88120E-01  5.52747E+00  3.53686E-07  1.45716E-10
  1.89326E-01  5.45003E+00  3.45466E-07  1.44397E-10
  1.90540E-01  5.37317E+00  3.37385E-07  1.43077E-10
  1.91762E-01  5.29691E+00  3.29442E-07  1.41759E-10
  1.92991E-01  5.22122E+00  3.21634E-07  1.40440E-10
  1.94228E-01  5.14613E+00  3.13961E-07  1.39118E-10
  1.95474E-01  5.07162E+00  3.06422E-07  1.37807E-10
  1.96727E-01  4.99770E+00  2.99014E-07  1.36496E-10
  1.97989E-01  4.92437E+00  2.91737E-07  1.35178E-10
  1.99259E-01  4.85162E+00  2.84590E-07  1.33866E-10
  2.00537E-01  4.77946E+00  2.77570E-07  1.32554E-10
  2.01824E-01  4.70789E+00  2.70677E-07  1.31245E-10
  2.03120E-01  4.63691E+00  2.63910E-07  1.29938E-10
  2.04424E-01  4.56651E+00  2.57266E-07  1.28632E-10
  2.05738E-01  4.49670E+00  2.50745E-07  1.27328E-10
  2.07060E-01  4.42748E+00  2.44345E-07  1.26028E-10
  2.08392E-01  4.35885E+00  2.38064E-07  1.24728E-10
  2.09733E-01  4.29080E+00  2.31902E-07  1.23431E-10
  2.11084E-01  4.22334E+00  2.25857E-07  1.22136E-10
  2.12444E-01  4.15646E+00  2.19928E-07  1.20845E-10
  2.13815E-01  4.09017E+00  2.14113E-07  1.19555E-10
  2.15195E-01  4.02446E+00  2.08411E-07  1.18267E-10
  2.16585E-01  3.95934E+00  2.02821E-07  1.16984E-10
  2.17986E-01  3.89480E+00  1.97341E-07  1.15703E-10
  2.19397E-01  3.83084E+00  1.91969E-07  1.14425E-10
  2.20819E-01  3.76747E+00  1.86706E-07  1.13150E-10
  2.22252E-01  3.70467E+00  1.81548E-07  1.11878E-10
  2.23696E-01  3.64246E+00  1.76495E-07  1.10608E-10
  2.25151E-01  3.58082E+00  1.71545E-07  1.09345E-10
  2.26617E-01  3.51976E+00  1.66698E-07  1.08083E-10
  2.28095E-01  3.45928E+00  1.61951E-07  1.06823E-10
  2.29585E-01  3.39937E+00  1.57304E-07  1.05568E-10
  2.31087E-01  3.34004E+00  1.52755E-07  1.04317E-10
  2.32601E-01  3.28129E+00  1.48302E-07  1.03070E-10
  2.34128E-01  3.22310E+00  1.43945E-07  1.01826E-10
  2.35667E-01  3.16549E+00  1.39682E-07  1.00585E-10
  2.37219E-01  3.10844E+00  1.35512E-07  9.93500E-11
  2.38784E-01  3.05196E+00  1.31434E-07  9.81178E-11
  2.40363E-01  2.99605E+00  1.27445E-07  9.68898E-11
  2.41955E-01  2.94071E+00  1.23546E-07  9.56649E-11
  2.43562E-01  2.88593E+00  1.19734E-07  9.44462E-11
  2.45182E-01  2.83171E+00  1.16009E-07  9.32298E-11
  2.46818E-01  2.77806E+00  1.12368E-07  9.20184E-11
  2.48468E-01  2.72496E+00  1.08812E-07  9.08118E-11
  2.50133E-01  2.67243E+00  1.05338E-07  8.96080E-11
  2.51813E-01  2.62044E+00  1.01945E-07  8.84100E-11
  2.53509E-01  2.56902E+00  9.86325E-08  8.72172E-11
  2.55221E-01  2.51815E+00  9.53987E-08  8.60272E-11
  2.56950E-01  2.46782E+00  9.22426E-08  8.48411E-11
  2.58695E-01  2.41805E+00  8.91629E-08  8.36615E-11
  2.60458E-01  2.36883E+00  8.61584E-08  8.24857E-11
  2.62238E-01  2.32015E+00  8.32279E-08  8.13134E-11
  2.64036E-01  2.27202E+00  8.03702E-08  8.01482E-11
  2.65852E-01  2.22443E+00  7.75841E-08  7.89866E-11
  2.67687E-01  2.17738E+00  7.48685E-08  7.78294E-11
  2.69542E-01  2.13087E+00  7.22222E-08  7.66769E-11
  2.71416E-01  2.08490E+00  6.96441E-08  7.55294E-11
  2.73310E-01  2.03947E+00  6.71329E-08  7.43866E-11
  2.75224E-01  1.99456E+00  6.46876E-08  7.32488E-11
  2.77160E-01  1.95019E+00  6.23071E-08  7.21165E-11
  2.79117E-01  1.90635E+00  5.99902E-08  7.09881E-11
  2.81097E-01  1.86304E+00  5.77358E-08  6.98647E-11
  2.83099E-01  1.82025E+00  5.55428E-08  6.87471E-11
  2.85125E-01  1.77799E+00  5.34102E-08  6.76339E-11
  2.87175E-01  1.73625E+00  5.13368E-08  6.65257E-11
  2.89249E-01  1.69503E+00  4.93216E-08  6.54228E-11
  2.91349E-01  1.65433E+00  4.73636E-08  6.43253E-11
  2.93475E-01  1.61414E+00  4.54616E-08  6.32322E-11
  2.95627E-01  1.57447E+00  4.36147E-08  6.21432E-11
  2.97807E-01  1.53531E+00  4.18218E-08  6.10609E-11
  3.00016E-01  1.49667E+00  4.00820E-08  5.99833E-11
  3.02253E-01  1.45853E+00  3.83941E-08  5.89109E-11
  3.04521E-01  1.42089E+00  3.67573E-08  5.78427E-11
  3.06819E-01  1.38376E+00  3.51705E-08  5.67803E-11
  3.09150E-01  1.34714E+00  3.36327E-08  5.57231E-11
  3.11513E-01  1.31101E+00  3.21430E-08  5.46702E-11
  3.13911E-01  1.27539E+00  3.07005E-08  5.36234E-11
  3.16343E-01  1.24026E+00  2.93041E-08  5.25813E-11
  3.18812E-01  1.20562E+00  2.79530E-08  5.15441E-11
  3.21319E-01  1.17148E+00  2.66462E-08  5.05125E-11
  3.23864E-01  1.13783E+00  2.53828E-08  4.94859E-11
  3.26449E-01  1.10467E+00  2.41619E-08  4.84645E-11
  3.29077E-01  1.07200E+00  2.29826E-08  4.74483E-11
  3.31747E-01  1.03981E+00  2.18441E-08  4.64370E-11
  3.34462E-01  1.00811E+00  2.07454E-08  4.54310E-11
  3.37224E-01  9.76892E-01  1.96858E-08  4.44302E-11
  3.40034E-01  9.46152E-01  1.86642E-08  4.34342E-11
  3.42894E-01  9.15892E-01  1.76800E-08  4.24437E-11
  3.45806E-01  8.86108E-01  1.67322E-08  4.14586E-11
  3.48773E-01  8.56801E-01  1.58200E-08  4.04779E-11
  3.51797E-01  8.27967E-01  1.49427E-08  3.95031E-11
  3.54880E-01  7.99606E-01  1.40994E-08  3.85331E-11
  3.58024E-01  7.71717E-01  1.32894E-08  3.75684E-11
  3.61233E-01  7.44296E-01  1.25117E-08  3.66087E-11
  3.64510E-01  7.17345E-01  1.17658E-08  3.56544E-11
  3.67857E-01  6.90860E-01  1.10507E-08  3.47053E-11
  3.71279E-01  6.64841E-01  1.03658E-08  3.37614E-11
  3.74778E-01  6.39286E-01  9.71032E-09  3.28224E-11
  3.78360E-01  6.14195E-01  9.08347E-09  3.18889E-11
  3.82027E-01  5.89566E-01  8.48455E-09  3.09607E-11
  3.85785E-01  5.65399E-01  7.91285E-09  3.00378E-11
  3.89639E-01  5.41692E-01  7.36765E-09  2.91198E-11
  3.93593E-01  5.18445E-01  6.84825E-09  2.82078E-11
  3.97655E-01  4.95658E-01  6.35395E-09  2.73005E-11
  4.01830E-01  4.73328E-01  5.88408E-09  2.63989E-11
  4.06126E-01  4.51457E-01  5.43795E-09  2.55028E-11
  4.10549E-01  4.30044E-01  5.01490E-09  2.46118E-11
  4.15110E-01  4.09088E-01  4.61427E-09  2.37267E-11
  4.19815E-01  3.88590E-01  4.23540E-09  2.28470E-11
  4.24677E-01  3.68550E-01  3.87766E-09  2.19730E-11
  4.29706E-01  3.48968E-01  3.54039E-09  2.11047E-11
  4.34914E-01  3.29845E-01  3.22298E-09  2.02422E-11
  4.40316E-01  3.11181E-01  2.92480E-09  1.93857E-11
  4.45928E-01  2.92977E-01  2.64523E-09  1.85350E-11
  4.51766E-01  2.75235E-01  2.38367E-09  1.76905E-11
  4.57852E-01  2.57955E-01  2.13952E-09  1.68524E-11
  4.64207E-01  2.41141E-01  1.91217E-09  1.60208E-11
  4.70856E-01  2.24794E-01  1.70104E-09  1.51956E-11
  4.77831E-01  2.08916E-01  1.50554E-09  1.43772E-11
  4.85164E-01  1.93511E-01  1.32510E-09  1.35659E-11
  4.92894E-01  1.78581E-01  1.15914E-09  1.27620E-11
  5.01069E-01  1.64132E-01  1.00708E-09  1.19655E-11
  5.09742E-01  1.50167E-01  8.68362E-10  1.11772E-11
  5.18979E-01  1.36693E-01  7.42423E-10  1.03970E-11
  5.28857E-01  1.23715E-01  6.28700E-10  9.62562E-12
  5.39472E-01  1.11240E-01  5.26635E-10  8.86337E-12
  5.50939E-01  9.92771E-02  4.35669E-10  8.11107E-12
  5.63404E-01  8.78358E-02  3.55245E-10  7.36924E-12
  5.77054E-01  7.69275E-02  2.84803E-10  6.63884E-12
  5.92128E-01  6.65656E-02  2.23782E-10  5.92057E-12
  6.08944E-01  5.67661E-02  1.71616E-10  5.21573E-12
  6.27936E-01  4.75482E-02  1.27731E-10  4.52567E-12
  6.49716E-01  3.89352E-02  9.15474E-11  3.85209E-12
  6.75184E-01  3.09564E-02  6.24681E-11  3.19713E-12
  7.05734E-01  2.36488E-02  3.98800E-11  2.56393E-12
  7.43699E-01  1.70612E-02  2.31432E-11  1.95748E-12
  7.93395E-01  1.12613E-02  1.15804E-11  1.39879E-12
  8.64237E-01  6.35029E-03  4.45721E-12  8.55223E-13
  9.84118E-01  2.50120E-03  9.43315E-13  1.81364E-13
  1.39569E+00  1.35808E-04  7.34429E-15  9.14724E-14
