 -1.29232E-08  1.02721E-09  1.00000E-15  2.23772E-05
  2.61708E+00  1.08314E-09  1.00000E-15  5.92030E-05
  4.30213E+00  1.09506E-09  1.00000E-15  8.80600E-05
  5.99428E+00  1.05083E-09  1.00000E-15  1.17531E-04
  7.75215E+00  6.57075E-09  1.00000E-15  1.35487E-04
  8.08424E+00  7.51018E-09  1.00000E-15  1.41572E-04
  8.46687E+00  8.24458E-09  1.00000E-15  1.48533E-04
  8.89757E+00  1.01234E-08  1.00000E-15  1.55780E-04
  9.31391E+00  1.19939E-08  1.00000E-15  1.62822E-04
  9.72089E+00  1.39792E-08  1.00000E-15  1.69699E-04
  1.01177E+01  1.59803E-08  1.00000E-15  1.76419E-04
  1.05062E+01  1.80804E-08  1.00000E-15  1.82992E-04
  1.08859E+01  2.05756E-08  1.00000E-15  1.89373E-04
  1.12516E+01  2.34860E-08  1.00000E-15  1.95481E-04
  1.16002E+01  2.67622E-08  1.00000E-15  2.01298E-04
  1.19313E+01  3.04106E-08  1.00000E-15  2.06815E-04
  1.22453E+01  3.43508E-08  1.00000E-15  2.12055E-04
  1.25438E+01  3.85357E-08  1.00000E-15  2.17044E-04
  1.28285E+01  4.29177E-08  1.00000E-15  2.21812E-04
  1.31012E+01  4.74260E-08  1.00000E-15  2.26387E-04
  1.33636E+01  5.21999E-08  1.00000E-15  2.30796E-04
  1.36164E+01  5.72486E-08  1.00000E-15  2.35041E-04
  1.38604E+01  6.26521E-08  1.00000E-15  2.39141E-04
  1.40956E+01  6.82576E-08  1.00000E-15  2.43098E-04
  1.43231E+01  7.31749E-08  1.00000E-15  2.46950E-04
  1.45462E+01  7.69360E-08  1.00000E-15  2.50763E-04
  1.47687E+01  7.99312E-08  1.00000E-15  2.54583E-04
  1.49928E+01  8.33091E-08  1.00000E-15  2.58419E-04
  1.52171E+01  8.77395E-08  1.00000E-15  2.62234E-04
  1.54389E+01  9.31325E-08  1.00000E-15  2.65991E-04
  1.56562E+01  9.93442E-08  1.00000E-15  2.69660E-04
  1.58678E+01  1.05880E-07  1.00000E-15  2.73234E-04
  1.60738E+01  1.12761E-07  1.00000E-15  2.76711E-04
  1.62743E+01  1.19645E-07  1.00000E-15  2.80099E-04
  1.64700E+01  1.26519E-07  1.00000E-15  2.83414E-04
  1.66615E+01  1.33679E-07  1.00000E-15  2.86653E-04
  1.68489E+01  1.40871E-07  1.00000E-15  2.89828E-04
  1.70326E+01  1.48471E-07  1.00000E-15  2.92938E-04
  1.72125E+01  1.56104E-07  1.00000E-15  2.95988E-04
  1.73890E+01  1.63784E-07  1.00000E-15  2.98978E-04
  1.75623E+01  1.70634E-07  1.00000E-15  3.01928E-04
  1.77337E+01  1.76419E-07  1.00000E-15  3.04853E-04
  1.79042E+01  1.81500E-07  1.00000E-15  3.07768E-04
  1.80746E+01  1.86681E-07  1.00000E-15  3.10681E-04
  1.82448E+01  1.92775E-07  1.00000E-15  3.13582E-04
  1.84139E+01  1.99832E-07  1.00000E-15  3.16459E-04
  1.85813E+01  2.07525E-07  1.00000E-15  3.19304E-04
  1.87464E+01  2.16300E-07  1.00000E-15  3.22111E-04
  1.89088E+01  2.25106E-07  1.00000E-15  3.24863E-04
  1.90685E+01  2.33912E-07  1.00000E-15  3.27579E-04
  1.92259E+01  2.42968E-07  1.00000E-15  3.30251E-04
  1.93809E+01  2.52276E-07  1.00000E-15  3.32889E-04
  1.95336E+01  2.62028E-07  1.00000E-15  3.35478E-04
  1.96839E+01  2.70959E-07  1.00000E-15  3.38032E-04
  1.98325E+01  2.79359E-07  1.00000E-15  3.40563E-04
  1.99797E+01  2.87067E-07  1.00000E-15  3.43074E-04
  2.01259E+01  2.92967E-07  1.00000E-15  3.45574E-04
  2.02722E+01  2.99207E-07  1.00000E-15  3.48078E-04
  2.04182E+01  3.06314E-07  1.00000E-15  3.50569E-04
  2.05637E+01  3.13948E-07  1.00000E-15  3.53054E-04
  2.07084E+01  3.23331E-07  1.00000E-15  3.55514E-04
  2.08515E+01  3.32285E-07  1.00000E-15  3.57951E-04
  2.09933E+01  3.42904E-07  1.00000E-15  3.60366E-04
  2.11332E+01  3.52932E-07  1.00000E-15  3.62743E-04
  2.12716E+01  3.62625E-07  1.00000E-15  3.65096E-04
  2.14087E+01  3.72580E-07  1.00000E-15  3.67432E-04
  2.15444E+01  3.82294E-07  1.00000E-15  3.69741E-04
  2.16789E+01  3.90334E-07  1.00000E-15  3.72040E-04
  2.18129E+01  3.99093E-07  1.00000E-15  3.74327E-04
  2.19461E+01  4.06309E-07  1.00000E-15  3.76603E-04
  2.20790E+01  4.13606E-07  1.00000E-15  3.78878E-04
  2.22117E+01  4.20331E-07  1.00000E-15  3.81146E-04
  2.23442E+01  4.30343E-07  1.00000E-15  3.83410E-04
  2.24757E+01  4.39064E-07  1.00000E-15  3.85649E-04
  2.26065E+01  4.49595E-07  1.00000E-15  3.87885E-04
  2.27360E+01  4.60175E-07  1.00000E-15  3.90084E-04
  2.28645E+01  4.69919E-07  1.00000E-15  3.92275E-04
  2.29921E+01  4.80387E-07  1.00000E-15  3.94447E-04
  2.31187E+01  4.88799E-07  1.00000E-15  3.96609E-04
  2.32448E+01  4.96906E-07  1.00000E-15  3.98767E-04
  2.33706E+01  5.06614E-07  1.00000E-15  4.00918E-04
  2.34956E+01  5.15059E-07  1.00000E-15  4.03051E-04
  2.36202E+01  5.22616E-07  1.00000E-15  4.05184E-04
  2.37446E+01  5.30609E-07  1.00000E-15  4.07307E-04
  2.38687E+01  5.40134E-07  1.00000E-15  4.09428E-04
  2.39922E+01  5.50109E-07  1.00000E-15  4.11530E-04
  2.41149E+01  5.58666E-07  1.00000E-15  4.13624E-04
  2.42372E+01  5.66366E-07  1.00000E-15  4.15715E-04
  2.43593E+01  5.77653E-07  1.00000E-15  4.17806E-04
  2.44804E+01  5.88085E-07  1.00000E-15  4.19865E-04
  2.46008E+01  5.96162E-07  1.00000E-15  4.21926E-04
  2.47209E+01  6.04745E-07  1.00000E-15  4.23978E-04
  2.48407E+01  6.12517E-07  1.00000E-15  4.26028E-04
  2.49603E+01  6.21345E-07  1.00000E-15  4.28072E-04
  2.50794E+01  6.29016E-07  1.00000E-15  4.30109E-04
  2.51984E+01  6.39078E-07  1.00000E-15  4.32144E-04
  2.53168E+01  6.46562E-07  1.00000E-15  4.34162E-04
  2.54350E+01  6.56217E-07  1.00000E-15  4.36187E-04
  2.55527E+01  6.67491E-07  1.00000E-15  4.38189E-04
  2.56696E+01  6.73407E-07  1.00000E-15  4.40188E-04
  2.57866E+01  6.82050E-07  1.00000E-15  4.42196E-04
  2.59033E+01  6.94485E-07  1.00000E-15  4.44183E-04
  2.60190E+01  7.00745E-07  1.00000E-15  4.46160E-04
  2.61348E+01  7.08970E-07  1.00000E-15  4.48146E-04
  2.62503E+01  7.20471E-07  1.00000E-15  4.50114E-04
  2.63651E+01  7.23978E-07  1.00000E-15  4.52079E-04
  2.64804E+01  7.33872E-07  1.00000E-15  4.54058E-04
  2.65951E+01  7.43878E-07  1.00000E-15  4.56003E-04
  2.67094E+01  7.45435E-07  1.00000E-15  4.57970E-04
  2.68244E+01  7.56522E-07  1.00000E-15  4.59939E-04
  2.69386E+01  7.67092E-07  1.00000E-15  4.61885E-04
  2.70523E+01  7.70253E-07  1.00000E-15  4.63836E-04
  2.71665E+01  7.80778E-07  1.00000E-15  4.65795E-04
  2.72801E+01  7.89282E-07  1.00000E-15  4.67729E-04
  2.73934E+01  7.96886E-07  1.00000E-15  4.69677E-04
  2.75065E+01  8.05519E-07  1.00000E-15  4.71602E-04
  2.76193E+01  8.10065E-07  1.00000E-15  4.73539E-04
  2.77323E+01  8.20575E-07  1.00000E-15  4.75469E-04
  2.78447E+01  8.27717E-07  1.00000E-15  4.77387E-04
  2.79571E+01  8.31451E-07  1.00000E-15  4.79313E-04
  2.80697E+01  8.39090E-07  1.00000E-15  4.81242E-04
  2.81822E+01  8.46324E-07  1.00000E-15  4.83164E-04
  2.82945E+01  8.53121E-07  1.00000E-15  4.85091E-04
  2.84068E+01  8.60143E-07  1.00000E-15  4.87009E-04
  2.85189E+01  8.66594E-07  1.00000E-15  4.88933E-04
  2.86309E+01  8.76216E-07  1.00000E-15  4.90846E-04
  2.87425E+01  8.81775E-07  1.00000E-15  4.92753E-04
  2.88541E+01  8.85870E-07  1.00000E-15  4.94666E-04
  2.89660E+01  8.88144E-07  1.00000E-15  4.96587E-04
  2.90782E+01  8.95723E-07  1.00000E-15  4.98512E-04
  2.91903E+01  9.03322E-07  1.00000E-15  5.00432E-04
  2.93021E+01  9.08173E-07  1.00000E-15  5.02349E-04
  2.94140E+01  9.19410E-07  1.00000E-15  5.04262E-04
  2.95253E+01  9.27115E-07  1.00000E-15  5.06159E-04
  2.96362E+01  9.31187E-07  1.00000E-15  5.08054E-04
  2.97474E+01  9.33463E-07  1.00000E-15  5.09960E-04
  2.98589E+01  9.33290E-07  1.00000E-15  5.11879E-04
  2.99711E+01  9.45598E-07  1.00000E-15  5.13797E-04
  3.00825E+01  9.53517E-07  1.00000E-15  5.15698E-04
  3.01935E+01  9.52252E-07  1.00000E-15  5.17602E-04
  3.03053E+01  9.54363E-07  1.00000E-15  5.19530E-04
  3.04175E+01  9.63831E-07  1.00000E-15  5.21445E-04
  3.05292E+01  9.68821E-07  1.00000E-15  5.23363E-04
  3.06408E+01  9.77037E-07  1.00000E-15  5.25265E-04
  3.07521E+01  9.74627E-07  1.00000E-15  5.27176E-04
  3.08643E+01  9.79044E-07  1.00000E-15  5.29104E-04
  3.09765E+01  9.87553E-07  1.00000E-15  5.31023E-04
  3.10882E+01  9.95560E-07  1.00000E-15  5.32934E-04
  3.11996E+01  9.95370E-07  1.00000E-15  5.34840E-04
  3.13116E+01  9.96162E-07  1.00000E-15  5.36767E-04
  3.14239E+01  1.00136E-06  1.00000E-15  5.38692E-04
  3.15362E+01  1.00569E-06  1.00000E-15  5.40617E-04
  3.16485E+01  1.01137E-06  1.00000E-15  5.42537E-04
  3.17607E+01  1.01792E-06  1.00000E-15  5.44456E-04
  3.18726E+01  1.00931E-06  1.00000E-15  5.46386E-04
  3.19860E+01  1.02197E-06  1.00000E-15  5.48331E-04
  3.20984E+01  1.03017E-06  1.00000E-15  5.50242E-04
  3.22104E+01  1.02822E-06  1.00000E-15  5.52171E-04
  3.23230E+01  1.02500E-06  1.00000E-15  5.54103E-04
  3.24364E+01  1.03212E-06  1.00000E-15  5.56059E-04
  3.25495E+01  1.04103E-06  1.00000E-15  5.57976E-04
  3.26621E+01  1.03775E-06  1.00000E-15  5.59916E-04
  3.27754E+01  1.04060E-06  1.00000E-15  5.61859E-04
  3.28888E+01  1.04924E-06  1.00000E-15  5.63799E-04
  3.30017E+01  1.04332E-06  1.00000E-15  5.65741E-04
  3.31156E+01  1.04716E-06  1.00000E-15  5.67695E-04
  3.32294E+01  1.05350E-06  1.00000E-15  5.69645E-04
  3.33430E+01  1.05506E-06  1.00000E-15  5.71588E-04
  3.34568E+01  1.05818E-06  1.00000E-15  5.73539E-04
  3.35706E+01  1.04573E-06  1.00000E-15  5.75499E-04
  3.36861E+01  1.05723E-06  1.00000E-15  5.77495E-04
  3.38006E+01  1.07034E-06  1.00000E-15  5.79433E-04
  3.39142E+01  1.05715E-06  1.00000E-15  5.81392E-04
  3.40294E+01  1.07024E-06  1.00000E-15  5.83368E-04
  3.41436E+01  1.06042E-06  1.00000E-15  5.85323E-04
  3.42592E+01  1.06357E-06  1.00000E-15  5.87323E-04
  3.43747E+01  1.07608E-06  1.00000E-15  5.89272E-04
  3.44892E+01  1.06295E-06  1.00000E-15  5.91256E-04
  3.46054E+01  1.06425E-06  1.00000E-15  5.93256E-04
  3.47217E+01  1.06241E-06  1.00000E-15  5.95257E-04
  3.48385E+01  1.07004E-06  1.00000E-15  5.97261E-04
  3.49548E+01  1.08236E-06  1.00000E-15  5.99239E-04
  3.50700E+01  1.07301E-06  1.00000E-15  6.01211E-04
  3.51865E+01  1.05797E-06  1.00000E-15  6.03236E-04
  3.53048E+01  1.07025E-06  1.00000E-15  6.05263E-04
  3.54221E+01  1.06895E-06  1.00000E-15  6.07267E-04
  3.55397E+01  1.07302E-06  1.00000E-15  6.09291E-04
  3.56571E+01  1.07101E-06  1.00000E-15  6.11299E-04
  3.57750E+01  1.07229E-06  1.00000E-15  6.13332E-04
  3.58929E+01  1.06555E-06  1.00000E-15  6.15345E-04
  3.60118E+01  1.06642E-06  1.00000E-15  6.17408E-04
  3.61307E+01  1.08105E-06  1.00000E-15  6.19422E-04
  3.62483E+01  1.06661E-06  1.00000E-15  6.21450E-04
  3.63677E+01  1.05745E-06  1.00000E-15  6.23511E-04
  3.64882E+01  1.06667E-06  1.00000E-15  6.25589E-04
  3.66079E+01  1.07316E-06  1.00000E-15  6.27624E-04
  3.67270E+01  1.06307E-06  1.00000E-15  6.29676E-04
  3.68474E+01  1.06095E-06  1.00000E-15  6.31746E-04
  3.69683E+01  1.06444E-06  1.00000E-15  6.33825E-04
  3.70888E+01  1.06524E-06  1.00000E-15  6.35884E-04
  3.72094E+01  1.05310E-06  1.00000E-15  6.37970E-04
  3.73316E+01  1.06188E-06  1.00000E-15  6.40067E-04
  3.74528E+01  1.05327E-06  1.00000E-15  6.42140E-04
  3.75751E+01  1.05710E-06  1.00000E-15  6.44257E-04
  3.76971E+01  1.06125E-06  1.00000E-15  6.46321E-04
  3.78188E+01  1.04322E-06  1.00000E-15  6.48443E-04
  3.79426E+01  1.05363E-06  1.00000E-15  6.50559E-04
  3.80653E+01  1.04923E-06  1.00000E-15  6.52661E-04
  3.81886E+01  1.04652E-06  1.00000E-15  6.54787E-04
  3.83123E+01  1.04430E-06  1.00000E-15  6.56911E-04
  3.84363E+01  1.04567E-06  1.00000E-15  6.59037E-04
  3.85603E+01  1.03463E-06  1.00000E-15  6.61171E-04
  3.86856E+01  1.03139E-06  1.00000E-15  6.63346E-04
  3.88113E+01  1.03685E-06  1.00000E-15  6.65485E-04
  3.89364E+01  1.03669E-06  1.00000E-15  6.67644E-04
  3.90616E+01  1.03472E-06  1.00000E-15  6.69776E-04
  3.91870E+01  1.02231E-06  1.00000E-15  6.71951E-04
  3.93140E+01  1.02219E-06  1.00000E-15  6.74131E-04
  3.94410E+01  1.02782E-06  1.00000E-15  6.76306E-04
  3.95673E+01  1.00765E-06  1.00000E-15  6.78486E-04
  3.96962E+01  1.01649E-06  1.00000E-15  6.80718E-04
  3.98239E+01  1.02468E-06  1.00000E-15  6.82871E-04
  3.99505E+01  9.99809E-07  1.00000E-15  6.85079E-04
  4.00803E+01  1.00112E-06  1.00000E-15  6.87315E-04
  4.02099E+01  1.00171E-06  1.00000E-15  6.89537E-04
  4.03394E+01  9.99163E-07  1.00000E-15  6.91767E-04
  4.04692E+01  9.92902E-07  1.00000E-15  6.93994E-04
  4.05997E+01  9.94256E-07  1.00000E-15  6.96250E-04
  4.07300E+01  9.95102E-07  1.00000E-15  6.98462E-04
  4.08601E+01  9.87177E-07  1.00000E-15  7.00708E-04
  4.09912E+01  9.69201E-07  1.00000E-15  7.02976E-04
  4.11246E+01  9.71468E-07  1.00000E-15  7.05283E-04
  4.12576E+01  9.78094E-07  1.00000E-15  7.07548E-04
  4.13896E+01  9.71014E-07  1.00000E-15  7.09832E-04
  4.15225E+01  9.59403E-07  1.00000E-15  7.12104E-04
  4.16569E+01  9.58522E-07  1.00000E-15  7.14449E-04
  4.17913E+01  9.69138E-07  1.00000E-15  7.16719E-04
  4.19241E+01  9.41963E-07  1.00000E-15  7.19027E-04
  4.20605E+01  9.37230E-07  1.00000E-15  7.21394E-04
  4.21976E+01  9.55064E-07  1.00000E-15  7.23721E-04
  4.23319E+01  9.44774E-07  1.00000E-15  7.26023E-04
  4.24675E+01  9.28084E-07  1.00000E-15  7.28382E-04
  4.26054E+01  9.26521E-07  1.00000E-15  7.30751E-04
  4.27433E+01  9.22275E-07  1.00000E-15  7.33122E-04
  4.28817E+01  9.19739E-07  1.00000E-15  7.35508E-04
  4.30203E+01  9.12115E-07  1.00000E-15  7.37897E-04
  4.31598E+01  9.11726E-07  1.00000E-15  7.40299E-04
  4.32992E+01  9.03484E-07  1.00000E-15  7.42698E-04
  4.34397E+01  9.04184E-07  1.00000E-15  7.45119E-04
  4.35798E+01  8.95378E-07  1.00000E-15  7.47510E-04
  4.37211E+01  8.86183E-07  1.00000E-15  7.49978E-04
  4.38636E+01  8.90004E-07  1.00000E-15  7.52416E-04
  4.40052E+01  8.82465E-07  1.00000E-15  7.54852E-04
  4.41478E+01  8.78756E-07  1.00000E-15  7.57296E-04
  4.42907E+01  8.66771E-07  1.00000E-15  7.59763E-04
  4.44353E+01  8.53534E-07  1.00000E-15  7.62279E-04
  4.45819E+01  8.60481E-07  1.00000E-15  7.64790E-04
  4.47270E+01  8.55224E-07  1.00000E-15  7.67276E-04
  4.48727E+01  8.43396E-07  1.00000E-15  7.69803E-04
  4.50201E+01  8.35166E-07  1.00000E-15  7.72348E-04
  4.51686E+01  8.47761E-07  1.00000E-15  7.74897E-04
  4.53146E+01  8.30690E-07  1.00000E-15  7.77391E-04
  4.54633E+01  8.15844E-07  1.00000E-15  7.80003E-04
  4.56143E+01  8.29817E-07  1.00000E-15  7.82554E-04
  4.57625E+01  8.06810E-07  1.00000E-15  7.85124E-04
  4.59145E+01  8.09309E-07  1.00000E-15  7.87763E-04
  4.60656E+01  8.04129E-07  1.00000E-15  7.90333E-04
  4.62173E+01  7.98112E-07  1.00000E-15  7.92971E-04
  4.63698E+01  7.87855E-07  1.00000E-15  7.95583E-04
  4.65239E+01  7.76587E-07  1.00000E-15  7.98278E-04
  4.66797E+01  7.80236E-07  1.00000E-15  8.00929E-04
  4.68345E+01  7.65697E-07  1.00000E-15  8.03624E-04
  4.69917E+01  7.67827E-07  1.00000E-15  8.06319E-04
  4.71480E+01  7.57494E-07  1.00000E-15  8.09021E-04
  4.73060E+01  7.52541E-07  1.00000E-15  8.11746E-04
  4.74645E+01  7.43448E-07  1.00000E-15  8.14473E-04
  4.76245E+01  7.42666E-07  1.00000E-15  8.17239E-04
  4.77842E+01  7.33336E-07  1.00000E-15  8.19976E-04
  4.79454E+01  7.30039E-07  1.00000E-15  8.22775E-04
  4.81069E+01  7.21168E-07  1.00000E-15  8.25540E-04
  4.82698E+01  7.06051E-07  1.00000E-15  8.28383E-04
  4.84356E+01  7.10160E-07  1.00000E-15  8.31229E-04
  4.85999E+01  7.00830E-07  1.00000E-15  8.34054E-04
  4.87659E+01  6.98104E-07  1.00000E-15  8.36931E-04
  4.89319E+01  6.91640E-07  1.00000E-15  8.39764E-04
  4.90989E+01  6.73345E-07  1.00000E-15  8.42690E-04
  4.92698E+01  6.72672E-07  1.00000E-15  8.45634E-04
  4.94402E+01  6.64622E-07  1.00000E-15  8.48574E-04
  4.96121E+01  6.60270E-07  1.00000E-15  8.51544E-04
  4.97845E+01  6.57379E-07  1.00000E-15  8.54502E-04
  4.99569E+01  6.44265E-07  1.00000E-15  8.57489E-04
  5.01322E+01  6.29011E-07  1.00000E-15  8.60546E-04
  5.03111E+01  6.36567E-07  1.00000E-15  8.63625E-04
  5.04871E+01  6.27303E-07  1.00000E-15  8.66624E-04
  5.06650E+01  6.11097E-07  1.00000E-15  8.69760E-04
  5.08469E+01  6.19455E-07  1.00000E-15  8.72846E-04
  5.10256E+01  6.07141E-07  1.00000E-15  8.75934E-04
  5.12071E+01  6.02201E-07  1.00000E-15  8.79072E-04
  5.13894E+01  5.93902E-07  1.00000E-15  8.82204E-04
  5.15734E+01  5.82184E-07  1.00000E-15  8.85412E-04
  5.17604E+01  5.74752E-07  1.00000E-15  8.88643E-04
  5.19489E+01  5.66956E-07  1.00000E-15  8.91909E-04
  5.21391E+01  5.65202E-07  1.00000E-15  8.95196E-04
  5.23290E+01  5.53486E-07  1.00000E-15  8.98473E-04
  5.25221E+01  5.37464E-07  1.00000E-15  9.01866E-04
  5.27200E+01  5.42913E-07  1.00000E-15  9.05260E-04
  5.29150E+01  5.27660E-07  1.00000E-15  9.08619E-04
  5.31147E+01  5.15366E-07  1.00000E-15  9.12149E-04
  5.33181E+01  5.18692E-07  1.00000E-15  9.15601E-04
  5.35192E+01  5.12474E-07  1.00000E-15  9.19081E-04
  5.37217E+01  5.08777E-07  1.00000E-15  9.22547E-04
  5.39247E+01  4.99630E-07  1.00000E-15  9.26059E-04
  5.41303E+01  4.98718E-07  1.00000E-15  9.29585E-04
  5.43353E+01  4.92461E-07  1.00000E-15  9.33110E-04
  5.45419E+01  4.77468E-07  1.00000E-15  9.36703E-04
  5.47538E+01  4.69051E-07  1.00000E-15  9.40408E-04
  5.49684E+01  4.63969E-07  1.00000E-15  9.44101E-04
  5.51842E+01  4.50632E-07  1.00000E-15  9.47878E-04
  5.54051E+01  4.42892E-07  1.00000E-15  9.51724E-04
  5.56287E+01  4.38886E-07  1.00000E-15  9.55592E-04
  5.58530E+01  4.24352E-07  1.00000E-15  9.59494E-04
  5.60837E+01  4.17661E-07  1.00000E-15  9.63538E-04
  5.63167E+01  4.08919E-07  1.00000E-15  9.67550E-04
  5.65532E+01  4.01853E-07  1.00000E-15  9.71705E-04
  5.67925E+01  3.92085E-07  1.00000E-15  9.75822E-04
  5.70363E+01  3.87701E-07  1.00000E-15  9.80098E-04
  5.72812E+01  3.88444E-07  1.00000E-15  9.84213E-04
  5.75242E+01  3.77965E-07  1.00000E-15  9.88483E-04
  5.77724E+01  3.80872E-07  1.00000E-15  9.92676E-04
  5.80173E+01  3.66310E-07  1.00000E-15  9.96956E-04
  5.82702E+01  3.67546E-07  1.00000E-15  1.00128E-03
  5.85208E+01  3.60170E-07  1.00000E-15  1.00560E-03
  5.87748E+01  3.51071E-07  1.00000E-15  1.01002E-03
  5.90339E+01  3.46467E-07  1.00000E-15  1.01450E-03
  5.92947E+01  3.40960E-07  1.00000E-15  1.01899E-03
  5.95580E+01  3.25342E-07  1.00000E-15  1.02362E-03
  5.98322E+01  3.23345E-07  1.00000E-15  1.02839E-03
  6.01062E+01  3.09758E-07  1.00000E-15  1.03314E-03
  6.03904E+01  3.03652E-07  1.00000E-15  1.03816E-03
  6.06782E+01  2.97689E-07  1.00000E-15  1.04309E-03
  6.09698E+01  2.85956E-07  1.00000E-15  1.04828E-03
  6.12712E+01  2.79133E-07  1.00000E-15  1.05347E-03
  6.15778E+01  2.69754E-07  1.00000E-15  1.05890E-03
  6.18927E+01  2.59018E-07  1.00000E-15  1.06438E-03
  6.22182E+01  2.52644E-07  1.00000E-15  1.07015E-03
  6.25493E+01  2.45481E-07  1.00000E-15  1.07583E-03
  6.28875E+01  2.33312E-07  1.00000E-15  1.08190E-03
  6.32405E+01  2.24446E-07  1.00000E-15  1.08803E-03
  6.36044E+01  2.19463E-07  1.00000E-15  1.09450E-03
  6.39735E+01  2.11722E-07  1.00000E-15  1.10079E-03
  6.43529E+01  2.04335E-07  1.00000E-15  1.10762E-03
  6.47426E+01  2.02010E-07  1.00000E-15  1.11415E-03
  6.51335E+01  1.92524E-07  1.00000E-15  1.12116E-03
  6.55402E+01  2.14099E-07  1.00000E-15  1.12769E-03
  6.59029E+01  1.97591E-07  1.00000E-15  1.13381E-03
  6.62931E+01  2.09608E-07  1.00000E-15  1.14058E-03
  6.66583E+01  2.01576E-07  1.00000E-15  1.14640E-03
  6.70354E+01  1.92224E-07  1.00000E-15  1.15347E-03
  6.74282E+01  1.88289E-07  1.00000E-15  1.15971E-03
  6.78263E+01  1.73999E-07  1.00000E-15  1.16741E-03
  6.82542E+01  1.70407E-07  1.00000E-15  1.17425E-03
  6.86878E+01  1.66314E-07  1.00000E-15  1.18242E-03
  6.91290E+01  1.56822E-07  1.00000E-15  1.18944E-03
  6.95936E+01  1.47522E-07  1.00000E-15  1.19852E-03
  7.00839E+01  1.41715E-07  1.00000E-15  1.20628E-03
  7.05904E+01  1.33143E-07  1.00000E-15  1.21616E-03
  7.11256E+01  1.26831E-07  1.00000E-15  1.22469E-03
  7.16832E+01  1.15662E-07  1.00000E-15  1.23570E-03
  7.22899E+01  1.10075E-07  1.00000E-15  1.24552E-03
  7.29223E+01  9.81409E-08  1.00000E-15  1.25800E-03
  7.36257E+01  9.26092E-08  1.00000E-15  1.26972E-03
  7.43647E+01  8.32204E-08  1.00000E-15  1.28390E-03
  7.51796E+01  7.72416E-08  1.00000E-15  1.29795E-03
  7.60496E+01  7.17562E-08  1.00000E-15  1.31388E-03
  7.69776E+01  6.55032E-08  1.00000E-15  1.33031E-03
  7.79854E+01  6.18610E-08  1.00000E-15  1.34824E-03
  7.90440E+01  5.56444E-08  1.00000E-15  1.36728E-03
  8.02128E+01  5.30621E-08  1.00000E-15  1.38788E-03
  8.14322E+01  4.51535E-08  1.00000E-15  1.40989E-03
  8.28605E+01  3.86625E-08  1.00000E-15  1.43846E-03
  8.45256E+01  1.55520E-07  1.00000E-15  1.44818E-03
  8.49479E+01  1.35150E-06  1.00000E-15  1.44784E-03
  8.49993E+01  5.03810E-07  1.00000E-15  1.44617E-03
  8.51497E+01  2.06141E-07  1.00000E-15  1.44554E-03
  8.55831E+01  1.81299E-07  1.00000E-15  1.44734E-03
  8.66776E+01  6.52267E-08  1.00000E-15  1.44823E-03
