 -1.55452E-10  1.90200E-04  7.74628E-09  2.18255E-05
  4.59163E-02  2.00518E-04  7.74615E-09  5.77911E-05
  7.54841E-02  2.02427E-04  7.74601E-09  8.59871E-05
  1.05207E-01  1.94756E-04  7.74574E-09  1.14772E-04
  1.36010E-01  1.21444E-03  7.74561E-09  1.32257E-04
  1.41847E-01  1.38859E-03  7.74542E-09  1.38236E-04
  1.48569E-01  1.52678E-03  7.74518E-09  1.45067E-04
  1.56123E-01  1.87432E-03  7.74493E-09  1.52168E-04
  1.63426E-01  2.22051E-03  7.74465E-09  1.59070E-04
  1.70566E-01  2.58883E-03  7.74441E-09  1.65820E-04
  1.77525E-01  2.95926E-03  7.74418E-09  1.72422E-04
  1.84340E-01  3.34869E-03  7.74396E-09  1.78886E-04
  1.91000E-01  3.80977E-03  7.74389E-09  1.85154E-04
  1.97415E-01  4.34800E-03  7.74387E-09  1.91154E-04
  2.03532E-01  4.95364E-03  7.74393E-09  1.96853E-04
  2.09343E-01  5.62894E-03  7.74398E-09  2.02244E-04
  2.14854E-01  6.36063E-03  7.74395E-09  2.07343E-04
  2.20090E-01  7.13549E-03  7.74384E-09  2.12174E-04
  2.25085E-01  7.94537E-03  7.74364E-09  2.16774E-04
  2.29869E-01  8.78397E-03  7.74326E-09  2.21186E-04
  2.34471E-01  9.66528E-03  7.74289E-09  2.25435E-04
  2.38907E-01  1.06049E-02  7.74261E-09  2.29539E-04
  2.43184E-01  1.16139E-02  7.74232E-09  2.33496E-04
  2.47307E-01  1.26416E-02  7.74212E-09  2.37328E-04
  2.51298E-01  1.35658E-02  7.74197E-09  2.41065E-04
  2.55207E-01  1.42702E-02  7.74207E-09  2.44757E-04
  2.59105E-01  1.48244E-02  7.74227E-09  2.48452E-04
  2.63029E-01  1.54489E-02  7.74275E-09  2.52223E-04
  2.66960E-01  1.62699E-02  7.74372E-09  2.56032E-04
  2.70846E-01  1.72795E-02  7.74488E-09  2.59813E-04
  2.74652E-01  1.84404E-02  7.74631E-09  2.63526E-04
  2.78356E-01  1.96633E-02  7.74812E-09  2.67141E-04
  2.81961E-01  2.09262E-02  7.75022E-09  2.70664E-04
  2.85472E-01  2.22195E-02  7.75216E-09  2.74086E-04
  2.88897E-01  2.35049E-02  7.75348E-09  2.77364E-04
  2.92247E-01  2.48420E-02  7.75416E-09  2.80492E-04
  2.95525E-01  2.61918E-02  7.75332E-09  2.83497E-04
  2.98737E-01  2.76072E-02  7.75079E-09  2.86330E-04
  3.01882E-01  2.90254E-02  7.74769E-09  2.89090E-04
  3.04967E-01  3.04627E-02  7.74539E-09  2.91859E-04
  3.07998E-01  3.17534E-02  7.74393E-09  2.94671E-04
  3.10992E-01  3.28194E-02  7.74322E-09  2.97539E-04
  3.13973E-01  3.37729E-02  7.74392E-09  3.00469E-04
  3.16951E-01  3.47459E-02  7.74572E-09  3.03475E-04
  3.19924E-01  3.59124E-02  7.74829E-09  3.06486E-04
  3.22877E-01  3.72464E-02  7.75007E-09  3.09404E-04
  3.25797E-01  3.87601E-02  7.75101E-09  3.12212E-04
  3.28674E-01  4.03838E-02  7.75094E-09  3.14925E-04
  3.31503E-01  4.20059E-02  7.75074E-09  3.17535E-04
  3.34288E-01  4.37064E-02  7.75081E-09  3.20102E-04
  3.37029E-01  4.54497E-02  7.75126E-09  3.22617E-04
  3.39726E-01  4.71758E-02  7.75141E-09  3.25139E-04
  3.42384E-01  4.89412E-02  7.75238E-09  3.27676E-04
  3.45003E-01  5.07133E-02  7.75329E-09  3.30220E-04
  3.47587E-01  5.23468E-02  7.75396E-09  3.32741E-04
  3.50144E-01  5.37473E-02  7.75431E-09  3.35242E-04
  3.52687E-01  5.49572E-02  7.75481E-09  3.37723E-04
  3.55226E-01  5.61279E-02  7.75481E-09  3.40184E-04
  3.57763E-01  5.74408E-02  7.75453E-09  3.42616E-04
  3.60290E-01  5.89611E-02  7.75475E-09  3.45033E-04
  3.62799E-01  6.06749E-02  7.75510E-09  3.47406E-04
  3.65284E-01  6.25003E-02  7.75566E-09  3.49737E-04
  3.67741E-01  6.44300E-02  7.75608E-09  3.52034E-04
  3.70168E-01  6.63293E-02  7.75612E-09  3.54338E-04
  3.72568E-01  6.82859E-02  7.75634E-09  3.56639E-04
  3.74941E-01  7.02389E-02  7.75706E-09  3.58947E-04
  3.77288E-01  7.21132E-02  7.75778E-09  3.61243E-04
  3.79614E-01  7.38495E-02  7.75855E-09  3.63506E-04
  3.81924E-01  7.53974E-02  7.75945E-09  3.65742E-04
  3.84223E-01  7.68601E-02  7.76042E-09  3.67951E-04
  3.86516E-01  7.82632E-02  7.76094E-09  3.70146E-04
  3.88804E-01  7.97766E-02  7.76152E-09  3.72346E-04
  3.91084E-01  8.15243E-02  7.76281E-09  3.74543E-04
  3.93349E-01  8.33533E-02  7.76371E-09  3.76743E-04
  3.95598E-01  8.53452E-02  7.76387E-09  3.78938E-04
  3.97828E-01  8.72776E-02  7.76355E-09  3.81116E-04
  4.00040E-01  8.93321E-02  7.76259E-09  3.83269E-04
  4.02233E-01  9.12649E-02  7.76129E-09  3.85394E-04
  4.04410E-01  9.32303E-02  7.76032E-09  3.87516E-04
  4.06572E-01  9.49864E-02  7.76070E-09  3.89642E-04
  4.08723E-01  9.67451E-02  7.76199E-09  3.91765E-04
  4.10864E-01  9.83579E-02  7.76401E-09  3.93872E-04
  4.12998E-01  9.99073E-02  7.76646E-09  3.95928E-04
  4.15127E-01  1.01599E-01  7.76946E-09  3.97922E-04
  4.17247E-01  1.03431E-01  7.77231E-09  3.99891E-04
  4.19357E-01  1.05302E-01  7.77355E-09  4.01853E-04
  4.21456E-01  1.07245E-01  7.77398E-09  4.03881E-04
  4.23542E-01  1.09274E-01  7.77382E-09  4.05956E-04
  4.25615E-01  1.11299E-01  7.77355E-09  4.08054E-04
  4.27674E-01  1.13250E-01  7.77327E-09  4.10158E-04
  4.29723E-01  1.15118E-01  7.77237E-09  4.12214E-04
  4.31762E-01  1.16867E-01  7.77178E-09  4.14220E-04
  4.33793E-01  1.18606E-01  7.77050E-09  4.16169E-04
  4.35818E-01  1.20265E-01  7.77019E-09  4.18108E-04
  4.37838E-01  1.22051E-01  7.77057E-09  4.20032E-04
  4.39850E-01  1.23847E-01  7.77128E-09  4.22033E-04
  4.41855E-01  1.25692E-01  7.77364E-09  4.24051E-04
  4.43852E-01  1.27712E-01  7.77617E-09  4.26073E-04
  4.45838E-01  1.29684E-01  7.77788E-09  4.28053E-04
  4.47814E-01  1.31653E-01  7.77876E-09  4.29989E-04
  4.49782E-01  1.33651E-01  7.77820E-09  4.31896E-04
  4.51739E-01  1.35504E-01  7.77707E-09  4.33772E-04
  4.53690E-01  1.37376E-01  7.77583E-09  4.35663E-04
  4.55633E-01  1.39116E-01  7.77518E-09  4.37577E-04
  4.57570E-01  1.40989E-01  7.77626E-09  4.39493E-04
  4.59501E-01  1.42744E-01  7.77855E-09  4.41433E-04
  4.61426E-01  1.44365E-01  7.78147E-09  4.43365E-04
  4.63348E-01  1.46258E-01  7.78377E-09  4.45301E-04
  4.65262E-01  1.48041E-01  7.78532E-09  4.47229E-04
  4.67171E-01  1.49854E-01  7.78550E-09  4.49124E-04
  4.69073E-01  1.51756E-01  7.78470E-09  4.51023E-04
  4.70969E-01  1.53512E-01  7.78370E-09  4.52894E-04
  4.72859E-01  1.55330E-01  7.78141E-09  4.54763E-04
  4.74744E-01  1.57178E-01  7.77930E-09  4.56631E-04
  4.76623E-01  1.58916E-01  7.77834E-09  4.58517E-04
  4.78497E-01  1.60564E-01  7.77890E-09  4.60402E-04
  4.80367E-01  1.62373E-01  7.78091E-09  4.62287E-04
  4.82231E-01  1.63970E-01  7.78453E-09  4.64156E-04
  4.84093E-01  1.65741E-01  7.78888E-09  4.66017E-04
  4.85949E-01  1.67422E-01  7.79122E-09  4.67899E-04
  4.87802E-01  1.69231E-01  7.79093E-09  4.69766E-04
  4.89649E-01  1.70890E-01  7.78908E-09  4.71667E-04
  4.91492E-01  1.72412E-01  7.78608E-09  4.73552E-04
  4.93333E-01  1.74275E-01  7.78405E-09  4.75420E-04
  4.95168E-01  1.75990E-01  7.78335E-09  4.77261E-04
  4.96998E-01  1.77352E-01  7.78448E-09  4.79095E-04
  4.98828E-01  1.79197E-01  7.78723E-09  4.80900E-04
  5.00652E-01  1.80780E-01  7.78993E-09  4.82701E-04
  5.02473E-01  1.82428E-01  7.78999E-09  4.84545E-04
  5.04290E-01  1.83774E-01  7.78850E-09  4.86427E-04
  5.06106E-01  1.85418E-01  7.78657E-09  4.88333E-04
  5.07919E-01  1.87055E-01  7.78373E-09  4.90239E-04
  5.09728E-01  1.88565E-01  7.78216E-09  4.92110E-04
  5.11534E-01  1.90158E-01  7.78230E-09  4.93975E-04
  5.13337E-01  1.91917E-01  7.78416E-09  4.95798E-04
  5.15135E-01  1.93405E-01  7.78698E-09  4.97584E-04
  5.16930E-01  1.94720E-01  7.78933E-09  4.99390E-04
  5.18725E-01  1.96249E-01  7.78949E-09  5.01214E-04
  5.20517E-01  1.97688E-01  7.78780E-09  5.03069E-04
  5.22307E-01  1.99186E-01  7.78586E-09  5.04930E-04
  5.24093E-01  2.00625E-01  7.78487E-09  5.06784E-04
  5.25878E-01  2.02122E-01  7.78547E-09  5.08649E-04
  5.27660E-01  2.03518E-01  7.78500E-09  5.10501E-04
  5.29440E-01  2.04859E-01  7.78521E-09  5.12341E-04
  5.31218E-01  2.06175E-01  7.78498E-09  5.14175E-04
  5.32995E-01  2.07668E-01  7.78395E-09  5.16030E-04
  5.34769E-01  2.09056E-01  7.78282E-09  5.17919E-04
  5.36541E-01  2.10427E-01  7.78186E-09  5.19781E-04
  5.38311E-01  2.11948E-01  7.78121E-09  5.21636E-04
  5.40078E-01  2.13174E-01  7.78012E-09  5.23496E-04
  5.41843E-01  2.14106E-01  7.77868E-09  5.25338E-04
  5.43610E-01  2.15541E-01  7.77786E-09  5.27176E-04
  5.45374E-01  2.17233E-01  7.77807E-09  5.29009E-04
  5.47133E-01  2.18503E-01  7.77776E-09  5.30830E-04
  5.48891E-01  2.19276E-01  7.77808E-09  5.32651E-04
  5.50651E-01  2.20937E-01  7.77696E-09  5.34502E-04
  5.52406E-01  2.22391E-01  7.77550E-09  5.36362E-04
  5.54158E-01  2.23034E-01  7.77330E-09  5.38239E-04
  5.55913E-01  2.24705E-01  7.76955E-09  5.40122E-04
  5.57663E-01  2.25332E-01  7.76491E-09  5.41998E-04
  5.59416E-01  2.26686E-01  7.76335E-09  5.43872E-04
  5.61166E-01  2.28243E-01  7.76248E-09  5.45720E-04
  5.62912E-01  2.28858E-01  7.76273E-09  5.47570E-04
  5.64661E-01  2.30673E-01  7.76560E-09  5.49413E-04
  5.66403E-01  2.31046E-01  7.76780E-09  5.51286E-04
  5.68150E-01  2.32966E-01  7.76781E-09  5.53153E-04
  5.69889E-01  2.33241E-01  7.76440E-09  5.55077E-04
  5.71634E-01  2.34732E-01  7.76037E-09  5.56957E-04
  5.73374E-01  2.35776E-01  7.75708E-09  5.58856E-04
  5.75114E-01  2.36288E-01  7.75269E-09  5.60731E-04
  5.76856E-01  2.38062E-01  7.74878E-09  5.62575E-04
  5.78592E-01  2.38020E-01  7.74467E-09  5.64396E-04
  5.80335E-01  2.39257E-01  7.74306E-09  5.66261E-04
  5.82075E-01  2.41072E-01  7.74270E-09  5.68133E-04
  5.83808E-01  2.40974E-01  7.74372E-09  5.70058E-04
  5.85549E-01  2.42057E-01  7.74377E-09  5.71983E-04
  5.87287E-01  2.43459E-01  7.74163E-09  5.73940E-04
  5.89021E-01  2.44434E-01  7.73848E-09  5.75838E-04
  5.90754E-01  2.44388E-01  7.73236E-09  5.77711E-04
  5.92493E-01  2.45366E-01  7.72596E-09  5.79586E-04
  5.94231E-01  2.46421E-01  7.72073E-09  5.81504E-04
  5.95967E-01  2.47530E-01  7.71896E-09  5.83416E-04
  5.97701E-01  2.48273E-01  7.71897E-09  5.85334E-04
  5.99434E-01  2.48579E-01  7.71915E-09  5.87243E-04
  6.01171E-01  2.49268E-01  7.71643E-09  5.89135E-04
  6.02908E-01  2.50079E-01  7.71208E-09  5.91039E-04
  6.04644E-01  2.50700E-01  7.70769E-09  5.92959E-04
  6.06381E-01  2.51608E-01  7.70295E-09  5.94903E-04
  6.08116E-01  2.52216E-01  7.69756E-09  5.96864E-04
  6.09852E-01  2.52897E-01  7.69394E-09  5.98810E-04
  6.11588E-01  2.53547E-01  7.69180E-09  6.00736E-04
  6.13324E-01  2.54003E-01  7.68943E-09  6.02657E-04
  6.15061E-01  2.54789E-01  7.68562E-09  6.04598E-04
  6.16797E-01  2.55239E-01  7.68064E-09  6.06553E-04
  6.18535E-01  2.55568E-01  7.67451E-09  6.08520E-04
  6.20274E-01  2.56495E-01  7.66819E-09  6.10484E-04
  6.22011E-01  2.56951E-01  7.66399E-09  6.12451E-04
  6.23748E-01  2.57346E-01  7.66092E-09  6.14403E-04
  6.25487E-01  2.58172E-01  7.65704E-09  6.16345E-04
  6.27225E-01  2.58624E-01  7.65312E-09  6.18300E-04
  6.28962E-01  2.58487E-01  7.64669E-09  6.20290E-04
  6.30705E-01  2.58727E-01  7.64168E-09  6.22292E-04
  6.32449E-01  2.59191E-01  7.63750E-09  6.24265E-04
  6.34193E-01  2.60287E-01  7.63290E-09  6.26278E-04
  6.35934E-01  2.60837E-01  7.62573E-09  6.28282E-04
  6.37673E-01  2.60536E-01  7.61939E-09  6.30258E-04
  6.39419E-01  2.60582E-01  7.61303E-09  6.32250E-04
  6.41166E-01  2.61426E-01  7.60743E-09  6.34253E-04
  6.42911E-01  2.62169E-01  7.60243E-09  6.36271E-04
  6.44655E-01  2.61693E-01  7.59613E-09  6.38302E-04
  6.46404E-01  2.61947E-01  7.58983E-09  6.40304E-04
  6.48154E-01  2.63113E-01  7.58313E-09  6.42322E-04
  6.49898E-01  2.62273E-01  7.57685E-09  6.44366E-04
  6.51651E-01  2.63066E-01  7.57156E-09  6.46400E-04
  6.53402E-01  2.63526E-01  7.56454E-09  6.48442E-04
  6.55151E-01  2.62767E-01  7.55899E-09  6.50480E-04
  6.56908E-01  2.63882E-01  7.55157E-09  6.52504E-04
  6.58659E-01  2.63246E-01  7.54276E-09  6.54545E-04
  6.60417E-01  2.63960E-01  7.53426E-09  6.56623E-04
  6.62172E-01  2.63547E-01  7.52666E-09  6.58721E-04
  6.63932E-01  2.64149E-01  7.52013E-09  6.60829E-04
  6.65690E-01  2.63555E-01  7.51228E-09  6.62897E-04
  6.67453E-01  2.64255E-01  7.50494E-09  6.64939E-04
  6.69214E-01  2.63429E-01  7.49616E-09  6.67004E-04
  6.70982E-01  2.64324E-01  7.48714E-09  6.69101E-04
  6.72745E-01  2.63351E-01  7.47855E-09  6.71217E-04
  6.74516E-01  2.64264E-01  7.47135E-09  6.73331E-04
  6.76282E-01  2.63561E-01  7.46420E-09  6.75434E-04
  6.78055E-01  2.63613E-01  7.45589E-09  6.77562E-04
  6.79828E-01  2.63966E-01  7.44630E-09  6.79669E-04
  6.81600E-01  2.62852E-01  7.43598E-09  6.81772E-04
  6.83380E-01  2.63321E-01  7.42505E-09  6.83912E-04
  6.85159E-01  2.63617E-01  7.41554E-09  6.86062E-04
  6.86936E-01  2.62304E-01  7.40659E-09  6.88250E-04
  6.88723E-01  2.62561E-01  7.39848E-09  6.90444E-04
  6.90509E-01  2.62874E-01  7.38919E-09  6.92629E-04
  6.92293E-01  2.62333E-01  7.37920E-09  6.94776E-04
  6.94082E-01  2.61562E-01  7.36695E-09  6.96909E-04
  6.95876E-01  2.61520E-01  7.35543E-09  6.99070E-04
  6.97672E-01  2.61399E-01  7.34373E-09  7.01238E-04
  6.99468E-01  2.61330E-01  7.33386E-09  7.03429E-04
  7.01265E-01  2.60598E-01  7.32587E-09  7.05653E-04
  7.03067E-01  2.60111E-01  7.31738E-09  7.07902E-04
  7.04873E-01  2.59752E-01  7.30607E-09  7.10135E-04
  7.06681E-01  2.59417E-01  7.29434E-09  7.12366E-04
  7.08491E-01  2.59078E-01  7.28083E-09  7.14596E-04
  7.10304E-01  2.58788E-01  7.26715E-09  7.16829E-04
  7.12118E-01  2.58196E-01  7.25293E-09  7.19052E-04
  7.13936E-01  2.57671E-01  7.24078E-09  7.21285E-04
  7.15758E-01  2.57350E-01  7.22817E-09  7.23564E-04
  7.17581E-01  2.56513E-01  7.21753E-09  7.25854E-04
  7.19410E-01  2.56089E-01  7.20546E-09  7.28159E-04
  7.21241E-01  2.55665E-01  7.19564E-09  7.30476E-04
  7.23074E-01  2.54955E-01  7.18350E-09  7.32782E-04
  7.24912E-01  2.54395E-01  7.17232E-09  7.35082E-04
  7.26753E-01  2.53779E-01  7.15823E-09  7.37402E-04
  7.28597E-01  2.53085E-01  7.14315E-09  7.39713E-04
  7.30445E-01  2.52521E-01  7.12871E-09  7.42030E-04
  7.32297E-01  2.51923E-01  7.11357E-09  7.44381E-04
  7.34151E-01  2.51194E-01  7.09865E-09  7.46751E-04
  7.36010E-01  2.50744E-01  7.08386E-09  7.49136E-04
  7.37870E-01  2.49551E-01  7.06918E-09  7.51523E-04
  7.39738E-01  2.48587E-01  7.05439E-09  7.53906E-04
  7.41612E-01  2.48039E-01  7.03972E-09  7.56295E-04
  7.43488E-01  2.47484E-01  7.02550E-09  7.58681E-04
  7.45367E-01  2.46852E-01  7.01073E-09  7.61081E-04
  7.47248E-01  2.45288E-01  6.99536E-09  7.63513E-04
  7.49140E-01  2.44665E-01  6.98045E-09  7.65956E-04
  7.51035E-01  2.44186E-01  6.96443E-09  7.68424E-04
  7.52931E-01  2.42797E-01  6.94833E-09  7.70887E-04
  7.54836E-01  2.41967E-01  6.93228E-09  7.73373E-04
  7.56745E-01  2.41480E-01  6.91467E-09  7.75863E-04
  7.58656E-01  2.39907E-01  6.89875E-09  7.78355E-04
  7.60577E-01  2.39171E-01  6.88180E-09  7.80861E-04
  7.62502E-01  2.38174E-01  6.86607E-09  7.83368E-04
  7.64432E-01  2.36947E-01  6.84866E-09  7.85899E-04
  7.66369E-01  2.36491E-01  6.83179E-09  7.88450E-04
  7.68307E-01  2.34640E-01  6.81369E-09  7.91040E-04
  7.70258E-01  2.34206E-01  6.79580E-09  7.93618E-04
  7.72209E-01  2.32401E-01  6.77791E-09  7.96202E-04
  7.74172E-01  2.31924E-01  6.75925E-09  7.98793E-04
  7.76137E-01  2.30393E-01  6.74061E-09  8.01413E-04
  7.78111E-01  2.29322E-01  6.72058E-09  8.04047E-04
  7.80091E-01  2.28229E-01  6.70053E-09  8.06706E-04
  7.82077E-01  2.26533E-01  6.68189E-09  8.09366E-04
  7.84074E-01  2.25818E-01  6.66414E-09  8.12023E-04
  7.86075E-01  2.24531E-01  6.64516E-09  8.14695E-04
  7.88083E-01  2.22843E-01  6.62635E-09  8.17392E-04
  7.90102E-01  2.21782E-01  6.60608E-09  8.20115E-04
  7.92127E-01  2.20854E-01  6.58737E-09  8.22874E-04
  7.94157E-01  2.19245E-01  6.56768E-09  8.25661E-04
  7.96197E-01  2.17606E-01  6.54777E-09  8.28453E-04
  7.98249E-01  2.16385E-01  6.52584E-09  8.31284E-04
  8.00308E-01  2.15056E-01  6.50254E-09  8.34080E-04
  8.02375E-01  2.13475E-01  6.47933E-09  8.36864E-04
  8.04453E-01  2.12178E-01  6.45667E-09  8.39688E-04
  8.06539E-01  2.10732E-01  6.43287E-09  8.42538E-04
  8.08634E-01  2.09169E-01  6.41108E-09  8.45447E-04
  8.10741E-01  2.07556E-01  6.39051E-09  8.48391E-04
  8.12859E-01  2.06051E-01  6.37077E-09  8.51352E-04
  8.14987E-01  2.04646E-01  6.34958E-09  8.54324E-04
  8.17124E-01  2.03093E-01  6.32747E-09  8.57271E-04
  8.19273E-01  2.01624E-01  6.30345E-09  8.60234E-04
  8.21432E-01  1.99834E-01  6.27870E-09  8.63225E-04
  8.23604E-01  1.98413E-01  6.25384E-09  8.66269E-04
  8.25787E-01  1.96454E-01  6.22950E-09  8.69359E-04
  8.27985E-01  1.94710E-01  6.20466E-09  8.72476E-04
  8.30198E-01  1.93213E-01  6.18062E-09  8.75623E-04
  8.32421E-01  1.91600E-01  6.15663E-09  8.78778E-04
  8.34657E-01  1.89623E-01  6.13106E-09  8.81951E-04
  8.36910E-01  1.88060E-01  6.10532E-09  8.85120E-04
  8.39175E-01  1.85964E-01  6.08065E-09  8.88339E-04
  8.41459E-01  1.84638E-01  6.05542E-09  8.91590E-04
  8.43753E-01  1.82367E-01  6.02904E-09  8.94863E-04
  8.46068E-01  1.80858E-01  6.00295E-09  8.98176E-04
  8.48396E-01  1.78777E-01  5.97706E-09  9.01540E-04
  8.50744E-01  1.76887E-01  5.95058E-09  9.04935E-04
  8.53109E-01  1.75149E-01  5.92344E-09  9.08346E-04
  8.55491E-01  1.73324E-01  5.89591E-09  9.11803E-04
  8.57890E-01  1.71143E-01  5.86799E-09  9.15309E-04
  8.60312E-01  1.69145E-01  5.83881E-09  9.18852E-04
  8.62754E-01  1.67157E-01  5.80902E-09  9.22422E-04
  8.65217E-01  1.65072E-01  5.77835E-09  9.26058E-04
  8.67703E-01  1.63242E-01  5.74881E-09  9.29751E-04
  8.70209E-01  1.61203E-01  5.72112E-09  9.33429E-04
  8.72737E-01  1.59007E-01  5.69502E-09  9.37087E-04
  8.75292E-01  1.56914E-01  5.66687E-09  9.40806E-04
  8.77872E-01  1.54913E-01  5.63621E-09  9.44638E-04
  8.80475E-01  1.52848E-01  5.60349E-09  9.48592E-04
  8.83105E-01  1.50389E-01  5.57018E-09  9.52627E-04
  8.85768E-01  1.48509E-01  5.53788E-09  9.56641E-04
  8.88455E-01  1.46210E-01  5.50830E-09  9.60601E-04
  8.91174E-01  1.43969E-01  5.48019E-09  9.64584E-04
  8.93925E-01  1.41889E-01  5.45122E-09  9.68635E-04
  8.96706E-01  1.39782E-01  5.41841E-09  9.72853E-04
  8.99518E-01  1.37327E-01  5.38105E-09  9.77253E-04
  9.02370E-01  1.34883E-01  5.34317E-09  9.81765E-04
  9.05262E-01  1.32536E-01  5.30540E-09  9.86303E-04
  9.08194E-01  1.30336E-01  5.27249E-09  9.90756E-04
  9.11164E-01  1.28065E-01  5.24269E-09  9.95156E-04
  9.14174E-01  1.25623E-01  5.21366E-09  9.99631E-04
  9.17231E-01  1.23440E-01  5.18089E-09  1.00429E-03
  9.20329E-01  1.21048E-01  5.14379E-09  1.00917E-03
  9.23476E-01  1.18445E-01  5.10373E-09  1.01424E-03
  9.26679E-01  1.15968E-01  5.06248E-09  1.01939E-03
  9.29937E-01  1.13505E-01  5.02316E-09  1.02454E-03
  9.33252E-01  1.10983E-01  4.98633E-09  1.02969E-03
  9.36628E-01  1.08576E-01  4.95068E-09  1.03492E-03
  9.40065E-01  1.06104E-01  4.91531E-09  1.04028E-03
  9.43567E-01  1.03629E-01  4.87830E-09  1.04583E-03
  9.47137E-01  1.01083E-01  4.83939E-09  1.05154E-03
  9.50783E-01  9.84966E-02  4.79932E-09  1.05739E-03
  9.54508E-01  9.58986E-02  4.75728E-09  1.06338E-03
  9.58318E-01  9.32594E-02  4.71363E-09  1.06957E-03
  9.62219E-01  9.06190E-02  4.66722E-09  1.07602E-03
  9.66217E-01  8.79316E-02  4.61900E-09  1.08278E-03
  9.70320E-01  8.52242E-02  4.57038E-09  1.08973E-03
  9.74535E-01  8.25378E-02  4.52715E-09  1.09666E-03
  9.78869E-01  8.00214E-02  4.49263E-09  1.10347E-03
  9.83321E-01  7.74732E-02  4.46247E-09  1.11018E-03
  9.87900E-01  7.48771E-02  4.42906E-09  1.11722E-03
  9.92618E-01  7.21382E-02  4.38032E-09  1.12509E-03
  9.97496E-01  6.92073E-02  4.31272E-09  1.13419E-03
  1.00256E+00  6.61224E-02  4.22983E-09  1.14422E-03
  1.00784E+00  6.31514E-02  4.15568E-09  1.15449E-03
  1.01335E+00  6.04743E-02  4.11530E-09  1.16317E-03
  1.01908E+00  5.80693E-02  4.11089E-09  1.17080E-03
  1.02502E+00  5.56700E-02  4.10474E-09  1.17848E-03
  1.03120E+00  5.29695E-02  4.07139E-09  1.18811E-03
  1.03767E+00  5.00170E-02  4.00441E-09  1.20013E-03
  1.04451E+00  4.67925E-02  3.89796E-09  1.21469E-03
  1.05180E+00  4.35406E-02  3.78359E-09  1.23128E-03
  1.05961E+00  4.03993E-02  3.68324E-09  1.24723E-03
  1.06802E+00  3.77926E-02  3.66299E-09  1.25996E-03
  1.07699E+00  3.52877E-02  3.66591E-09  1.27120E-03
  1.08658E+00  3.26896E-02  3.66322E-09  1.28425E-03
  1.09694E+00  3.00082E-02  3.65526E-09  1.29824E-03
  1.10825E+00  2.71222E-02  3.61518E-09  1.31720E-03
  1.12079E+00  2.40069E-02  3.52846E-09  1.34151E-03
  1.13504E+00  2.05872E-02  3.35813E-09  1.37566E-03
  1.15180E+00  1.71655E-02  3.17192E-09  1.42015E-03
  1.17215E+00  1.38680E-02  2.99731E-09  1.46984E-03
  1.19787E+00  1.08956E-02  2.98085E-09  1.50927E-03
  1.23196E+00  8.43646E-03  3.25635E-09  1.55660E-03
  1.28085E+00  2.79120E-03  1.06773E-09  1.01151E-03
  1.54438E+00  1.77807E-04  2.66187E-11  3.63875E-04
