 -5.37900E-11  2.59441E-03  2.12841E+04  4.38508E+00
  1.92172E-02  1.76349E-02  2.12838E+04  9.50148E+00
  2.21631E-02  2.75394E-02  2.12832E+04  1.09021E+01
  2.53471E-02  4.46540E-02  2.12825E+04  1.22376E+01
  2.80964E-02  6.52807E-02  2.12820E+04  1.33914E+01
  3.05340E-02  8.95761E-02  2.12818E+04  1.44101E+01
  3.27293E-02  1.18521E-01  2.12827E+04  1.53201E+01
  3.47151E-02  1.52213E-01  2.12850E+04  1.61263E+01
  3.65246E-02  1.88546E-01  2.12890E+04  1.68594E+01
  3.82043E-02  2.28345E-01  2.12949E+04  1.75349E+01
  3.97764E-02  2.71223E-01  2.13025E+04  1.81650E+01
  4.12591E-02  3.17745E-01  2.13115E+04  1.87679E+01
  4.26631E-02  3.67966E-01  2.13214E+04  1.93547E+01
  4.39974E-02  4.21238E-01  2.13311E+04  1.99340E+01
  4.52710E-02  4.76954E-01  2.13406E+04  2.05117E+01
  4.64928E-02  5.34649E-01  2.13502E+04  2.10886E+01
  4.76703E-02  5.95111E-01  2.13602E+04  2.16539E+01
  4.88078E-02  6.58063E-01  2.13724E+04  2.21970E+01
  4.99091E-02  7.24717E-01  2.13881E+04  2.27109E+01
  5.09758E-02  7.96002E-01  2.14074E+04  2.31875E+01
  5.20083E-02  8.71204E-01  2.14301E+04  2.36323E+01
  5.30082E-02  9.48189E-01  2.14549E+04  2.40592E+01
  5.39796E-02  1.02897E+00  2.14798E+04  2.44812E+01
  5.49236E-02  1.11195E+00  2.15033E+04  2.49062E+01
  5.58429E-02  1.19623E+00  2.15252E+04  2.53327E+01
  5.67402E-02  1.28372E+00  2.15477E+04  2.57524E+01
  5.76165E-02  1.37169E+00  2.15730E+04  2.61569E+01
  5.84746E-02  1.46488E+00  2.16027E+04  2.65401E+01
  5.93137E-02  1.55867E+00  2.16368E+04  2.69051E+01
  6.01361E-02  1.65881E+00  2.16729E+04  2.72607E+01
  6.09408E-02  1.75917E+00  2.17093E+04  2.76193E+01
  6.17299E-02  1.86510E+00  2.17445E+04  2.79880E+01
  6.25029E-02  1.97096E+00  2.17796E+04  2.83601E+01
  6.32618E-02  2.08098E+00  2.18169E+04  2.87249E+01
  6.40067E-02  2.19158E+00  2.18594E+04  2.90722E+01
  6.47389E-02  2.30575E+00  2.19054E+04  2.94028E+01
  6.54586E-02  2.42273E+00  2.19543E+04  2.97253E+01
  6.61663E-02  2.54092E+00  2.20047E+04  3.00473E+01
  6.68629E-02  2.66373E+00  2.20546E+04  3.03721E+01
  6.75482E-02  2.78895E+00  2.21053E+04  3.06998E+01
  6.82229E-02  2.91757E+00  2.21607E+04  3.10261E+01
  6.88870E-02  3.04792E+00  2.22208E+04  3.13459E+01
  6.95412E-02  3.18189E+00  2.22841E+04  3.16606E+01
  7.01858E-02  3.31792E+00  2.23499E+04  3.19763E+01
  7.08210E-02  3.45615E+00  2.24165E+04  3.22905E+01
  7.14473E-02  3.59801E+00  2.24852E+04  3.25948E+01
  7.20649E-02  3.74077E+00  2.25563E+04  3.28879E+01
  7.26744E-02  3.88696E+00  2.26296E+04  3.31716E+01
  7.32757E-02  4.03676E+00  2.27014E+04  3.34535E+01
  7.38692E-02  4.18921E+00  2.27701E+04  3.37395E+01
  7.44549E-02  4.34392E+00  2.28387E+04  3.40266E+01
  7.50332E-02  4.49802E+00  2.29175E+04  3.43112E+01
  7.56047E-02  4.65900E+00  2.30092E+04  3.45913E+01
  7.61691E-02  4.82686E+00  2.31136E+04  3.48745E+01
  7.67261E-02  4.98953E+00  2.32146E+04  3.51644E+01
  7.72769E-02  5.16157E+00  2.33077E+04  3.54539E+01
  7.78207E-02  5.32790E+00  2.33931E+04  3.57350E+01
  7.83588E-02  5.50555E+00  2.34802E+04  3.60083E+01
  7.88903E-02  5.67684E+00  2.35789E+04  3.62778E+01
  7.94164E-02  5.86140E+00  2.36888E+04  3.65443E+01
  7.99362E-02  6.04608E+00  2.38059E+04  3.68064E+01
  8.04500E-02  6.22959E+00  2.39243E+04  3.70667E+01
  8.09584E-02  6.42114E+00  2.40407E+04  3.73290E+01
  8.14611E-02  6.61715E+00  2.41568E+04  3.75965E+01
  8.19581E-02  6.80849E+00  2.42730E+04  3.78701E+01
  8.24501E-02  7.00429E+00  2.43937E+04  3.81436E+01
  8.29370E-02  7.20579E+00  2.45182E+04  3.84112E+01
  8.34189E-02  7.40912E+00  2.46476E+04  3.86743E+01
  8.38958E-02  7.61693E+00  2.47825E+04  3.89340E+01
  8.43678E-02  7.82648E+00  2.49213E+04  3.91896E+01
  8.48350E-02  8.03983E+00  2.50637E+04  3.94412E+01
  8.52975E-02  8.25434E+00  2.52104E+04  3.96896E+01
  8.57555E-02  8.47559E+00  2.53600E+04  3.99379E+01
  8.62089E-02  8.69781E+00  2.55121E+04  4.01908E+01
  8.66578E-02  8.92446E+00  2.56676E+04  4.04482E+01
  8.71024E-02  9.15567E+00  2.58263E+04  4.07038E+01
  8.75426E-02  9.38740E+00  2.59853E+04  4.09556E+01
  8.79785E-02  9.61804E+00  2.61481E+04  4.12036E+01
  8.84106E-02  9.85725E+00  2.63176E+04  4.14527E+01
  8.88385E-02  1.01039E+01  2.64926E+04  4.17048E+01
  8.92623E-02  1.03481E+01  2.66740E+04  4.19613E+01
  8.96822E-02  1.05923E+01  2.68569E+04  4.22171E+01
  9.00983E-02  1.08502E+01  2.70419E+04  4.24652E+01
  9.05104E-02  1.10987E+01  2.72289E+04  4.27093E+01
  9.09190E-02  1.13591E+01  2.74181E+04  4.29522E+01
  9.13239E-02  1.16237E+01  2.76146E+04  4.31975E+01
  9.17250E-02  1.18885E+01  2.78174E+04  4.34446E+01
  9.21226E-02  1.21578E+01  2.80258E+04  4.36932E+01
  9.25166E-02  1.24361E+01  2.82365E+04  4.39408E+01
  9.29070E-02  1.27064E+01  2.84504E+04  4.41855E+01
  9.32941E-02  1.29955E+01  2.86665E+04  4.44289E+01
  9.36775E-02  1.32660E+01  2.88865E+04  4.46681E+01
  9.40580E-02  1.35563E+01  2.91108E+04  4.49082E+01
  9.44351E-02  1.38536E+01  2.93425E+04  4.51498E+01
  9.48088E-02  1.41432E+01  2.95779E+04  4.53919E+01
  9.51794E-02  1.44410E+01  2.98195E+04  4.56351E+01
  9.55468E-02  1.47468E+01  3.00649E+04  4.58770E+01
  9.59110E-02  1.50580E+01  3.03157E+04  4.61200E+01
  9.62720E-02  1.53673E+01  3.05716E+04  4.63624E+01
  9.66300E-02  1.56753E+01  3.08291E+04  4.66009E+01
  9.69851E-02  1.59947E+01  3.10902E+04  4.68380E+01
  9.73372E-02  1.63148E+01  3.13551E+04  4.70757E+01
  9.76863E-02  1.66376E+01  3.16283E+04  4.73133E+01
  9.80327E-02  1.69690E+01  3.19074E+04  4.75492E+01
  9.83761E-02  1.73033E+01  3.21898E+04  4.77868E+01
  9.87166E-02  1.76374E+01  3.24746E+04  4.80242E+01
  9.90545E-02  1.79829E+01  3.27660E+04  4.82577E+01
  9.93895E-02  1.83242E+01  3.30675E+04  4.84892E+01
  9.97218E-02  1.86783E+01  3.33734E+04  4.87206E+01
  1.00051E-01  1.90283E+01  3.36817E+04  4.89539E+01
  1.00378E-01  1.93843E+01  3.39910E+04  4.91906E+01
  1.00703E-01  1.97448E+01  3.43033E+04  4.94272E+01
  1.01024E-01  2.01073E+01  3.46178E+04  4.96650E+01
  1.01344E-01  2.04681E+01  3.49397E+04  4.99040E+01
  1.01661E-01  2.08408E+01  3.52733E+04  5.01402E+01
  1.01975E-01  2.12232E+01  3.56109E+04  5.03690E+01
  1.02287E-01  2.16004E+01  3.59524E+04  5.05953E+01
  1.02596E-01  2.19802E+01  3.63003E+04  5.08258E+01
  1.02903E-01  2.23722E+01  3.66565E+04  5.10510E+01
  1.03208E-01  2.27695E+01  3.70199E+04  5.12779E+01
  1.03510E-01  2.31616E+01  3.73841E+04  5.15082E+01
  1.03810E-01  2.35645E+01  3.77534E+04  5.17371E+01
  1.04108E-01  2.39562E+01  3.81256E+04  5.19680E+01
  1.04403E-01  2.43760E+01  3.84989E+04  5.22008E+01
  1.04696E-01  2.47702E+01  3.88767E+04  5.24336E+01
  1.04987E-01  2.51957E+01  3.92609E+04  5.26617E+01
  1.05276E-01  2.56089E+01  3.96561E+04  5.28871E+01
  1.05563E-01  2.60333E+01  4.00607E+04  5.31082E+01
  1.05848E-01  2.64631E+01  4.04725E+04  5.33266E+01
  1.06130E-01  2.68948E+01  4.08948E+04  5.35475E+01
  1.06411E-01  2.73323E+01  4.13120E+04  5.37699E+01
  1.06689E-01  2.77643E+01  4.17296E+04  5.39952E+01
  1.06966E-01  2.82023E+01  4.21458E+04  5.42250E+01
  1.07240E-01  2.86449E+01  4.25686E+04  5.44527E+01
  1.07513E-01  2.90995E+01  4.30093E+04  5.46749E+01
  1.07784E-01  2.95498E+01  4.34609E+04  5.48887E+01
  1.08052E-01  3.00116E+01  4.39245E+04  5.51011E+01
  1.08319E-01  3.04774E+01  4.43848E+04  5.53210E+01
  1.08584E-01  3.09304E+01  4.48391E+04  5.55443E+01
  1.08847E-01  3.13965E+01  4.52985E+04  5.57685E+01
  1.09108E-01  3.18614E+01  4.57661E+04  5.59921E+01
  1.09368E-01  3.23317E+01  4.62434E+04  5.62102E+01
  1.09626E-01  3.28080E+01  4.67351E+04  5.64219E+01
  1.09882E-01  3.32958E+01  4.72315E+04  5.66318E+01
  1.10136E-01  3.37803E+01  4.77348E+04  5.68445E+01
  1.10389E-01  3.42667E+01  4.82264E+04  5.70616E+01
  1.10640E-01  3.47457E+01  4.87239E+04  5.72816E+01
  1.10889E-01  3.52486E+01  4.92239E+04  5.74974E+01
  1.11136E-01  3.57378E+01  4.97465E+04  5.77061E+01
  1.11383E-01  3.62401E+01  5.02838E+04  5.79127E+01
  1.11627E-01  3.67473E+01  5.08242E+04  5.81229E+01
  1.11870E-01  3.72515E+01  5.13505E+04  5.83364E+01
  1.12111E-01  3.77556E+01  5.18844E+04  5.85528E+01
  1.12351E-01  3.82475E+01  5.24210E+04  5.87666E+01
  1.12589E-01  3.87736E+01  5.29863E+04  5.89722E+01
  1.12826E-01  3.92969E+01  5.35526E+04  5.91753E+01
  1.13061E-01  3.98169E+01  5.41153E+04  5.93787E+01
  1.13295E-01  4.03188E+01  5.46817E+04  5.95868E+01
  1.13528E-01  4.08382E+01  5.52451E+04  5.97983E+01
  1.13759E-01  4.13844E+01  5.58249E+04  6.00073E+01
  1.13988E-01  4.18923E+01  5.64209E+04  6.02050E+01
  1.14217E-01  4.24259E+01  5.70174E+04  6.04062E+01
  1.14444E-01  4.29741E+01  5.76097E+04  6.06172E+01
  1.14669E-01  4.34831E+01  5.82289E+04  6.08136E+01
  1.14894E-01  4.40435E+01  5.88405E+04  6.10175E+01
  1.15117E-01  4.45413E+01  5.94025E+04  6.12435E+01
  1.15339E-01  4.51178E+01  6.00782E+04  6.14238E+01
  1.15559E-01  4.56795E+01  6.07742E+04  6.15982E+01
  1.15778E-01  4.61586E+01  6.12337E+04  6.18649E+01
  1.15996E-01  4.67261E+01  6.19553E+04  6.20405E+01
  1.16213E-01  4.73994E+01  6.28389E+04  6.21267E+01
  1.16428E-01  4.77662E+01  6.31222E+04  6.24621E+01
  1.16643E-01  4.83768E+01  6.38648E+04  6.28584E+01
  1.16856E-01  4.87838E+01  6.42784E+04  6.21571E+01
  1.17069E-01  3.62090E+01  3.77667E+04  4.81930E+01
  1.17357E-01  1.63645E+01  2.26920E+03  8.29004E+00
  1.17996E-01  1.25707E+01  4.29042E+00  1.17134E-01
  1.18824E-01  1.21666E+01  1.48643E-05  2.21720E-05
  1.19676E-01  1.20519E+01  1.29668E-06  1.26245E-09
  1.20532E-01  1.19408E+01  1.27682E-06  1.22235E-09
  1.21391E-01  1.18301E+01  1.25715E-06  1.21854E-09
  1.22254E-01  1.17197E+01  1.23766E-06  1.21352E-09
  1.23121E-01  1.16096E+01  1.21835E-06  1.20838E-09
  1.23991E-01  1.14999E+01  1.19922E-06  1.20324E-09
  1.24864E-01  1.13906E+01  1.18027E-06  1.19800E-09
  1.25742E-01  1.12816E+01  1.16151E-06  1.19265E-09
  1.26623E-01  1.11730E+01  1.14294E-06  1.18728E-09
  1.27508E-01  1.10647E+01  1.12454E-06  1.18182E-09
  1.28397E-01  1.09569E+01  1.10633E-06  1.17629E-09
  1.29290E-01  1.08494E+01  1.08831E-06  1.17072E-09
  1.30186E-01  1.07424E+01  1.07047E-06  1.16511E-09
  1.31087E-01  1.06357E+01  1.05282E-06  1.15941E-09
  1.31991E-01  1.05295E+01  1.03535E-06  1.15360E-09
  1.32900E-01  1.04237E+01  1.01806E-06  1.14781E-09
  1.33812E-01  1.03183E+01  1.00096E-06  1.14195E-09
  1.34729E-01  1.02133E+01  9.84050E-07  1.13598E-09
  1.35650E-01  1.01087E+01  9.67320E-07  1.12999E-09
  1.36575E-01  1.00046E+01  9.50774E-07  1.12397E-09
  1.37504E-01  9.90099E+00  9.34413E-07  1.11786E-09
  1.38438E-01  9.79778E+00  9.18236E-07  1.11175E-09
  1.39376E-01  9.69503E+00  9.02243E-07  1.10557E-09
  1.40318E-01  9.59274E+00  8.86433E-07  1.09932E-09
  1.41264E-01  9.49092E+00  8.70806E-07  1.09303E-09
  1.42216E-01  9.38956E+00  8.55362E-07  1.08670E-09
  1.43171E-01  9.28868E+00  8.40100E-07  1.08034E-09
  1.44131E-01  9.18827E+00  8.25020E-07  1.07395E-09
  1.45096E-01  9.08836E+00  8.10121E-07  1.06749E-09
  1.46065E-01  8.98892E+00  7.95403E-07  1.06100E-09
  1.47040E-01  8.88999E+00  7.80866E-07  1.05447E-09
  1.48018E-01  8.79154E+00  7.66508E-07  1.04787E-09
  1.49002E-01  8.69360E+00  7.52329E-07  1.04130E-09
  1.49991E-01  8.59617E+00  7.38328E-07  1.03467E-09
  1.50984E-01  8.49924E+00  7.24505E-07  1.02800E-09
  1.51982E-01  8.40282E+00  7.10859E-07  1.02129E-09
  1.52986E-01  8.30692E+00  6.97389E-07  1.01457E-09
  1.53994E-01  8.21154E+00  6.84094E-07  1.00782E-09
  1.55008E-01  8.11668E+00  6.70974E-07  1.00103E-09
  1.56026E-01  8.02235E+00  6.58028E-07  9.94220E-10
  1.57050E-01  7.92855E+00  6.45255E-07  9.87363E-10
  1.58080E-01  7.83529E+00  6.32653E-07  9.80490E-10
  1.59114E-01  7.74255E+00  6.20224E-07  9.73602E-10
  1.60154E-01  7.65036E+00  6.07964E-07  9.66701E-10
  1.61200E-01  7.55871E+00  5.95873E-07  9.59775E-10
  1.62251E-01  7.46760E+00  5.83951E-07  9.52793E-10
  1.63308E-01  7.37704E+00  5.72196E-07  9.45810E-10
  1.64370E-01  7.28703E+00  5.60608E-07  9.38860E-10
  1.65438E-01  7.19757E+00  5.49184E-07  9.31847E-10
  1.66512E-01  7.10867E+00  5.37925E-07  9.24827E-10
  1.67592E-01  7.02033E+00  5.26829E-07  9.17749E-10
  1.68678E-01  6.93254E+00  5.15896E-07  9.10730E-10
  1.69769E-01  6.84532E+00  5.05123E-07  9.03638E-10
  1.70867E-01  6.75865E+00  4.94510E-07  8.96570E-10
  1.71971E-01  6.67256E+00  4.84056E-07  8.89469E-10
  1.73082E-01  6.58703E+00  4.73759E-07  8.82387E-10
  1.74198E-01  6.50207E+00  4.63618E-07  8.75259E-10
  1.75321E-01  6.41768E+00  4.53633E-07  8.68149E-10
  1.76451E-01  6.33386E+00  4.43802E-07  8.61018E-10
  1.77587E-01  6.25062E+00  4.34123E-07  8.53874E-10
  1.78729E-01  6.16795E+00  4.24597E-07  8.46743E-10
  1.79879E-01  6.08586E+00  4.15220E-07  8.39606E-10
  1.81035E-01  6.00435E+00  4.05992E-07  8.32460E-10
  1.82198E-01  5.92342E+00  3.96912E-07  8.25282E-10
  1.83368E-01  5.84306E+00  3.87979E-07  8.18145E-10
  1.84545E-01  5.76329E+00  3.79192E-07  8.11011E-10
  1.85729E-01  5.68410E+00  3.70548E-07  8.03830E-10
  1.86921E-01  5.60549E+00  3.62046E-07  7.96674E-10
  1.88120E-01  5.52747E+00  3.53686E-07  7.89518E-10
  1.89326E-01  5.45003E+00  3.45466E-07  7.82375E-10
  1.90540E-01  5.37317E+00  3.37385E-07  7.75237E-10
  1.91762E-01  5.29691E+00  3.29442E-07  7.68098E-10
  1.92991E-01  5.22122E+00  3.21634E-07  7.60932E-10
  1.94228E-01  5.14613E+00  3.13961E-07  7.53782E-10
  1.95474E-01  5.07162E+00  3.06422E-07  7.46678E-10
  1.96727E-01  4.99770E+00  2.99014E-07  7.39575E-10
  1.97989E-01  4.92437E+00  2.91737E-07  7.32430E-10
  1.99259E-01  4.85162E+00  2.84590E-07  7.25318E-10
  2.00537E-01  4.77946E+00  2.77570E-07  7.18214E-10
  2.01824E-01  4.70789E+00  2.70677E-07  7.11125E-10
  2.03120E-01  4.63691E+00  2.63910E-07  7.04035E-10
  2.04424E-01  4.56651E+00  2.57266E-07  6.96959E-10
  2.05738E-01  4.49670E+00  2.50745E-07  6.89892E-10
  2.07060E-01  4.42748E+00  2.44345E-07  6.82852E-10
  2.08392E-01  4.35885E+00  2.38064E-07  6.75812E-10
  2.09733E-01  4.29080E+00  2.31902E-07  6.68782E-10
  2.11084E-01  4.22334E+00  2.25857E-07  6.61767E-10
  2.12444E-01  4.15646E+00  2.19928E-07  6.54766E-10
  2.13815E-01  4.09017E+00  2.14113E-07  6.47780E-10
  2.15195E-01  4.02446E+00  2.08411E-07  6.40800E-10
  2.16585E-01  3.95934E+00  2.02821E-07  6.33850E-10
  2.17986E-01  3.89480E+00  1.97341E-07  6.26914E-10
  2.19397E-01  3.83084E+00  1.91969E-07  6.19979E-10
  2.20819E-01  3.76747E+00  1.86706E-07  6.13076E-10
  2.22252E-01  3.70467E+00  1.81548E-07  6.06182E-10
  2.23696E-01  3.64246E+00  1.76495E-07  5.99300E-10
  2.25151E-01  3.58082E+00  1.71545E-07  5.92463E-10
  2.26617E-01  3.51976E+00  1.66698E-07  5.85620E-10
  2.28095E-01  3.45928E+00  1.61951E-07  5.78792E-10
  2.29585E-01  3.39937E+00  1.57304E-07  5.71996E-10
  2.31087E-01  3.34004E+00  1.52755E-07  5.65219E-10
  2.32601E-01  3.28129E+00  1.48302E-07  5.58465E-10
  2.34128E-01  3.22310E+00  1.43945E-07  5.51721E-10
  2.35667E-01  3.16549E+00  1.39682E-07  5.44995E-10
  2.37219E-01  3.10844E+00  1.35512E-07  5.38306E-10
  2.38784E-01  3.05196E+00  1.31434E-07  5.31628E-10
  2.40363E-01  2.99605E+00  1.27445E-07  5.24974E-10
  2.41955E-01  2.94071E+00  1.23546E-07  5.18334E-10
  2.43562E-01  2.88593E+00  1.19734E-07  5.11733E-10
  2.45182E-01  2.83171E+00  1.16009E-07  5.05145E-10
  2.46818E-01  2.77806E+00  1.12368E-07  4.98579E-10
  2.48468E-01  2.72496E+00  1.08812E-07  4.92045E-10
  2.50133E-01  2.67243E+00  1.05338E-07  4.85520E-10
  2.51813E-01  2.62044E+00  1.01945E-07  4.79029E-10
  2.53509E-01  2.56902E+00  9.86325E-08  4.72569E-10
  2.55221E-01  2.51815E+00  9.53987E-08  4.66121E-10
  2.56950E-01  2.46782E+00  9.22426E-08  4.59694E-10
  2.58695E-01  2.41805E+00  8.91629E-08  4.53298E-10
  2.60458E-01  2.36883E+00  8.61584E-08  4.46927E-10
  2.62238E-01  2.32015E+00  8.32279E-08  4.40578E-10
  2.64036E-01  2.27202E+00  8.03702E-08  4.34267E-10
  2.65852E-01  2.22443E+00  7.75841E-08  4.27973E-10
  2.67687E-01  2.17738E+00  7.48685E-08  4.21702E-10
  2.69542E-01  2.13087E+00  7.22222E-08  4.15455E-10
  2.71416E-01  2.08490E+00  6.96441E-08  4.09237E-10
  2.73310E-01  2.03947E+00  6.71329E-08  4.03049E-10
  2.75224E-01  1.99456E+00  6.46876E-08  3.96881E-10
  2.77160E-01  1.95019E+00  6.23071E-08  3.90746E-10
  2.79117E-01  1.90635E+00  5.99902E-08  3.84633E-10
  2.81097E-01  1.86304E+00  5.77358E-08  3.78545E-10
  2.83099E-01  1.82025E+00  5.55428E-08  3.72487E-10
  2.85125E-01  1.77799E+00  5.34102E-08  3.66457E-10
  2.87175E-01  1.73625E+00  5.13368E-08  3.60455E-10
  2.89249E-01  1.69503E+00  4.93216E-08  3.54479E-10
  2.91349E-01  1.65433E+00  4.73636E-08  3.48531E-10
  2.93475E-01  1.61414E+00  4.54616E-08  3.42607E-10
  2.95627E-01  1.57447E+00  4.36147E-08  3.36707E-10
  2.97807E-01  1.53531E+00  4.18218E-08  3.30843E-10
  3.00016E-01  1.49667E+00  4.00820E-08  3.25006E-10
  3.02253E-01  1.45853E+00  3.83941E-08  3.19196E-10
  3.04521E-01  1.42089E+00  3.67573E-08  3.13407E-10
  3.06819E-01  1.38376E+00  3.51705E-08  3.07652E-10
  3.09150E-01  1.34714E+00  3.36327E-08  3.01922E-10
  3.11513E-01  1.31101E+00  3.21430E-08  2.96216E-10
  3.13911E-01  1.27539E+00  3.07005E-08  2.90546E-10
  3.16343E-01  1.24026E+00  2.93041E-08  2.84898E-10
  3.18812E-01  1.20562E+00  2.79530E-08  2.79279E-10
  3.21319E-01  1.17148E+00  2.66462E-08  2.73690E-10
  3.23864E-01  1.13783E+00  2.53828E-08  2.68126E-10
  3.26449E-01  1.10467E+00  2.41619E-08  2.62591E-10
  3.29077E-01  1.07200E+00  2.29826E-08  2.57090E-10
  3.31747E-01  1.03981E+00  2.18441E-08  2.51610E-10
  3.34462E-01  1.00811E+00  2.07454E-08  2.46158E-10
  3.37224E-01  9.76892E-01  1.96858E-08  2.40734E-10
  3.40034E-01  9.46152E-01  1.86642E-08  2.35339E-10
  3.42894E-01  9.15892E-01  1.76800E-08  2.29971E-10
  3.45806E-01  8.86108E-01  1.67322E-08  2.24635E-10
  3.48773E-01  8.56801E-01  1.58200E-08  2.19320E-10
  3.51797E-01  8.27967E-01  1.49427E-08  2.14039E-10
  3.54880E-01  7.99606E-01  1.40994E-08  2.08783E-10
  3.58024E-01  7.71717E-01  1.32894E-08  2.03556E-10
  3.61233E-01  7.44296E-01  1.25117E-08  1.98356E-10
  3.64510E-01  7.17345E-01  1.17658E-08  1.93185E-10
  3.67857E-01  6.90860E-01  1.10507E-08  1.88042E-10
  3.71279E-01  6.64841E-01  1.03658E-08  1.82929E-10
  3.74778E-01  6.39286E-01  9.71032E-09  1.77840E-10
  3.78360E-01  6.14195E-01  9.08347E-09  1.72783E-10
  3.82027E-01  5.89566E-01  8.48455E-09  1.67753E-10
  3.85785E-01  5.65399E-01  7.91285E-09  1.62753E-10
  3.89639E-01  5.41692E-01  7.36765E-09  1.57778E-10
  3.93593E-01  5.18445E-01  6.84825E-09  1.52838E-10
  3.97655E-01  4.95658E-01  6.35395E-09  1.47921E-10
  4.01830E-01  4.73328E-01  5.88408E-09  1.43036E-10
  4.06126E-01  4.51457E-01  5.43795E-09  1.38182E-10
  4.10549E-01  4.30044E-01  5.01490E-09  1.33353E-10
  4.15110E-01  4.09088E-01  4.61427E-09  1.28558E-10
  4.19815E-01  3.88590E-01  4.23540E-09  1.23791E-10
  4.24677E-01  3.68550E-01  3.87766E-09  1.19056E-10
  4.29706E-01  3.48968E-01  3.54039E-09  1.14351E-10
  4.34914E-01  3.29845E-01  3.22298E-09  1.09678E-10
  4.40316E-01  3.11181E-01  2.92480E-09  1.05038E-10
  4.45928E-01  2.92977E-01  2.64523E-09  1.00428E-10
  4.51766E-01  2.75235E-01  2.38367E-09  9.58514E-11
  4.57852E-01  2.57955E-01  2.13952E-09  9.13115E-11
  4.64207E-01  2.41141E-01  1.91217E-09  8.68053E-11
  4.70856E-01  2.24794E-01  1.70104E-09  8.23342E-11
  4.77831E-01  2.08916E-01  1.50554E-09  7.78993E-11
  4.85164E-01  1.93511E-01  1.32510E-09  7.35034E-11
  4.92894E-01  1.78581E-01  1.15914E-09  6.91478E-11
  5.01069E-01  1.64132E-01  1.00708E-09  6.48319E-11
  5.09742E-01  1.50167E-01  8.68362E-10  6.05608E-11
  5.18979E-01  1.36693E-01  7.42423E-10  5.63340E-11
  5.28857E-01  1.23715E-01  6.28700E-10  5.21545E-11
  5.39472E-01  1.11240E-01  5.26635E-10  4.80237E-11
  5.50939E-01  9.92771E-02  4.35669E-10  4.39476E-11
  5.63404E-01  8.78358E-02  3.55245E-10  3.99280E-11
  5.77054E-01  7.69275E-02  2.84803E-10  3.59712E-11
  5.92128E-01  6.65656E-02  2.23782E-10  3.20790E-11
  6.08944E-01  5.67661E-02  1.71616E-10  2.82601E-11
  6.27936E-01  4.75482E-02  1.27731E-10  2.45213E-11
  6.49716E-01  3.89352E-02  9.15474E-11  2.08718E-11
  6.75184E-01  3.09564E-02  6.24681E-11  1.73229E-11
  7.05734E-01  2.36488E-02  3.98800E-11  1.38922E-11
  7.43699E-01  1.70612E-02  2.31432E-11  1.06062E-11
  7.93395E-01  1.12613E-02  1.15804E-11  7.57900E-12
  8.64237E-01  6.35029E-03  4.45721E-12  4.63385E-12
  9.84118E-01  2.50120E-03  9.43315E-13  9.82685E-13
  1.39569E+00  1.35808E-04  7.34429E-15  4.95619E-13
