 -6.76874E-11  1.40955E-03  7.69720E+03  2.96143E+00
  2.35510E-02  9.58120E-03  7.69720E+03  6.39933E+00
  2.71613E-02  1.49626E-02  7.69724E+03  7.34553E+00
  3.10631E-02  2.42620E-02  7.69737E+03  8.25225E+00
  3.44323E-02  3.54704E-02  7.69760E+03  9.04501E+00
  3.74195E-02  4.86731E-02  7.69797E+03  9.75378E+00
  4.01096E-02  6.44021E-02  7.69850E+03  1.03936E+01
  4.25430E-02  8.27082E-02  7.69924E+03  1.09759E+01
  4.47604E-02  1.02448E-01  7.70022E+03  1.15139E+01
  4.68188E-02  1.24063E-01  7.70142E+03  1.20173E+01
  4.87454E-02  1.47344E-01  7.70277E+03  1.24918E+01
  5.05627E-02  1.72595E-01  7.70438E+03  1.29408E+01
  5.22839E-02  1.99844E-01  7.70615E+03  1.33662E+01
  5.39196E-02  2.28752E-01  7.70810E+03  1.37709E+01
  5.54812E-02  2.58985E-01  7.71019E+03  1.41574E+01
  5.69793E-02  2.90278E-01  7.71253E+03  1.45277E+01
  5.84233E-02  3.23087E-01  7.71515E+03  1.48831E+01
  5.98181E-02  3.57217E-01  7.71801E+03  1.52263E+01
  6.11688E-02  3.93328E-01  7.72121E+03  1.55604E+01
  6.24772E-02  4.31897E-01  7.72461E+03  1.58873E+01
  6.37439E-02  4.72538E-01  7.72841E+03  1.62059E+01
  6.49712E-02  5.14113E-01  7.73252E+03  1.65157E+01
  6.61636E-02  5.57678E-01  7.73695E+03  1.68144E+01
  6.73230E-02  6.02519E-01  7.74190E+03  1.71022E+01
  6.84521E-02  6.48043E-01  7.74690E+03  1.73804E+01
  6.95544E-02  6.95272E-01  7.75198E+03  1.76495E+01
  7.06311E-02  7.42683E-01  7.75722E+03  1.79098E+01
  7.16856E-02  7.92851E-01  7.76277E+03  1.81620E+01
  7.27172E-02  8.43194E-01  7.76864E+03  1.84087E+01
  7.37286E-02  8.96884E-01  7.77505E+03  1.86533E+01
  7.47187E-02  9.50684E-01  7.78189E+03  1.88983E+01
  7.56899E-02  1.00753E+00  7.78920E+03  1.91449E+01
  7.66417E-02  1.06440E+00  7.79715E+03  1.93934E+01
  7.75763E-02  1.12336E+00  7.80557E+03  1.96448E+01
  7.84938E-02  1.18246E+00  7.81438E+03  1.98974E+01
  7.93961E-02  1.24335E+00  7.82357E+03  2.01456E+01
  8.02834E-02  1.30568E+00  7.83311E+03  2.03833E+01
  8.11563E-02  1.36842E+00  7.84245E+03  2.06047E+01
  8.20160E-02  1.43365E+00  7.85129E+03  2.08099E+01
  8.28623E-02  1.49998E+00  7.86052E+03  2.10057E+01
  8.36958E-02  1.56803E+00  7.87074E+03  2.11996E+01
  8.45168E-02  1.63703E+00  7.88302E+03  2.14026E+01
  8.53260E-02  1.70774E+00  7.89671E+03  2.16161E+01
  8.61236E-02  1.77956E+00  7.91141E+03  2.18325E+01
  8.69101E-02  1.85251E+00  7.92526E+03  2.20487E+01
  8.76860E-02  1.92655E+00  7.93715E+03  2.22556E+01
  8.84517E-02  2.00116E+00  7.94846E+03  2.24531E+01
  8.92078E-02  2.07690E+00  7.96026E+03  2.26480E+01
  8.99547E-02  2.15514E+00  7.97379E+03  2.28424E+01
  9.06922E-02  2.23523E+00  7.98989E+03  2.30367E+01
  9.14204E-02  2.31662E+00  8.00744E+03  2.32259E+01
  9.21396E-02  2.39708E+00  8.02551E+03  2.34080E+01
  9.28507E-02  2.48039E+00  8.04327E+03  2.35882E+01
  9.35535E-02  2.56578E+00  8.06069E+03  2.37730E+01
  9.42480E-02  2.64876E+00  8.07727E+03  2.39615E+01
  9.49355E-02  2.73683E+00  8.09363E+03  2.41501E+01
  9.56150E-02  2.82234E+00  8.11058E+03  2.43335E+01
  9.62878E-02  2.91428E+00  8.12988E+03  2.45118E+01
  9.69528E-02  3.00186E+00  8.15107E+03  2.46875E+01
  9.76114E-02  3.09597E+00  8.17339E+03  2.48620E+01
  9.82627E-02  3.18921E+00  8.19563E+03  2.50370E+01
  9.89072E-02  3.28155E+00  8.21653E+03  2.52105E+01
  9.95457E-02  3.37743E+00  8.23669E+03  2.53825E+01
  1.00178E-01  3.47567E+00  8.25763E+03  2.55545E+01
  1.00803E-01  3.57186E+00  8.28104E+03  2.57266E+01
  1.01423E-01  3.67086E+00  8.30725E+03  2.58991E+01
  1.02037E-01  3.77202E+00  8.33400E+03  2.60696E+01
  1.02645E-01  3.87324E+00  8.35921E+03  2.62350E+01
  1.03248E-01  3.97619E+00  8.38361E+03  2.63994E+01
  1.03844E-01  4.07844E+00  8.40777E+03  2.65627E+01
  1.04436E-01  4.18348E+00  8.43411E+03  2.67273E+01
  1.05023E-01  4.28846E+00  8.46367E+03  2.68945E+01
  1.05604E-01  4.39766E+00  8.49365E+03  2.70600E+01
  1.06180E-01  4.50639E+00  8.52272E+03  2.72212E+01
  1.06751E-01  4.61566E+00  8.55035E+03  2.73775E+01
  1.07318E-01  4.72733E+00  8.57889E+03  2.75323E+01
  1.07879E-01  4.83871E+00  8.60893E+03  2.76898E+01
  1.08436E-01  4.95077E+00  8.64140E+03  2.78512E+01
  1.08988E-01  5.06608E+00  8.67585E+03  2.80153E+01
  1.09536E-01  5.18509E+00  8.71075E+03  2.81790E+01
  1.10079E-01  5.30055E+00  8.74476E+03  2.83377E+01
  1.10618E-01  5.41613E+00  8.77820E+03  2.84903E+01
  1.11153E-01  5.53798E+00  8.81118E+03  2.86388E+01
  1.11683E-01  5.65403E+00  8.84523E+03  2.87882E+01
  1.12210E-01  5.77725E+00  8.88112E+03  2.89414E+01
  1.12733E-01  5.90080E+00  8.91905E+03  2.90982E+01
  1.13251E-01  6.02500E+00  8.95878E+03  2.92562E+01
  1.13765E-01  6.15133E+00  8.99929E+03  2.94126E+01
  1.14276E-01  6.28021E+00  9.03977E+03  2.95686E+01
  1.14783E-01  6.40459E+00  9.07943E+03  2.97226E+01
  1.15286E-01  6.53799E+00  9.11940E+03  2.98765E+01
  1.15785E-01  6.66063E+00  9.15866E+03  3.00246E+01
  1.16281E-01  6.79387E+00  9.20106E+03  3.01660E+01
  1.16773E-01  6.92901E+00  9.24505E+03  3.03065E+01
  1.17261E-01  7.06038E+00  9.28954E+03  3.04488E+01
  1.17746E-01  7.19525E+00  9.33399E+03  3.05994E+01
  1.18228E-01  7.33227E+00  9.37833E+03  3.07564E+01
  1.18707E-01  7.47141E+00  9.42374E+03  3.09143E+01
  1.19181E-01  7.60867E+00  9.47023E+03  3.10679E+01
  1.19653E-01  7.74640E+00  9.51934E+03  3.12164E+01
  1.20122E-01  7.88855E+00  9.56913E+03  3.13613E+01
  1.20587E-01  8.03184E+00  9.62029E+03  3.15067E+01
  1.21049E-01  8.17403E+00  9.67165E+03  3.16521E+01
  1.21508E-01  8.32013E+00  9.72330E+03  3.17967E+01
  1.21964E-01  8.46551E+00  9.77557E+03  3.19404E+01
  1.22416E-01  8.61209E+00  9.82893E+03  3.20827E+01
  1.22866E-01  8.76196E+00  9.88157E+03  3.22281E+01
  1.23313E-01  8.90774E+00  9.93406E+03  3.23777E+01
  1.23757E-01  9.05963E+00  9.98778E+03  3.25273E+01
  1.24198E-01  9.20798E+00  1.00450E+04  3.26718E+01
  1.24636E-01  9.36441E+00  1.01044E+04  3.28120E+01
  1.25072E-01  9.51787E+00  1.01633E+04  3.29529E+01
  1.25504E-01  9.67295E+00  1.02208E+04  3.30974E+01
  1.25934E-01  9.82537E+00  1.02787E+04  3.32437E+01
  1.26361E-01  9.98284E+00  1.03386E+04  3.33885E+01
  1.26786E-01  1.01449E+01  1.04028E+04  3.35269E+01
  1.27208E-01  1.03051E+01  1.04689E+04  3.36621E+01
  1.27627E-01  1.04646E+01  1.05346E+04  3.38006E+01
  1.28044E-01  1.06311E+01  1.05997E+04  3.39473E+01
  1.28458E-01  1.07919E+01  1.06633E+04  3.41003E+01
  1.28869E-01  1.09534E+01  1.07285E+04  3.42509E+01
  1.29278E-01  1.11214E+01  1.07953E+04  3.43970E+01
  1.29685E-01  1.12806E+01  1.08640E+04  3.45347E+01
  1.30089E-01  1.14581E+01  1.09340E+04  3.46651E+01
  1.30491E-01  1.16175E+01  1.10023E+04  3.47971E+01
  1.30890E-01  1.17917E+01  1.10713E+04  3.49346E+01
  1.31287E-01  1.19584E+01  1.11426E+04  3.50773E+01
  1.31682E-01  1.21313E+01  1.12153E+04  3.52213E+01
  1.32075E-01  1.23046E+01  1.12912E+04  3.53660E+01
  1.32465E-01  1.24792E+01  1.13672E+04  3.55095E+01
  1.32853E-01  1.26556E+01  1.14448E+04  3.56491E+01
  1.33239E-01  1.28306E+01  1.15218E+04  3.57890E+01
  1.33622E-01  1.30067E+01  1.15985E+04  3.59258E+01
  1.34003E-01  1.31858E+01  1.16770E+04  3.60617E+01
  1.34383E-01  1.33658E+01  1.17573E+04  3.61987E+01
  1.34760E-01  1.35464E+01  1.18380E+04  3.63377E+01
  1.35134E-01  1.37252E+01  1.19184E+04  3.64788E+01
  1.35507E-01  1.39058E+01  1.20018E+04  3.66198E+01
  1.35878E-01  1.40903E+01  1.20852E+04  3.67586E+01
  1.36247E-01  1.42737E+01  1.21710E+04  3.68944E+01
  1.36614E-01  1.44578E+01  1.22580E+04  3.70309E+01
  1.36978E-01  1.46395E+01  1.23453E+04  3.71687E+01
  1.37341E-01  1.48314E+01  1.24327E+04  3.73071E+01
  1.37702E-01  1.50148E+01  1.25216E+04  3.74473E+01
  1.38061E-01  1.52018E+01  1.26116E+04  3.75868E+01
  1.38418E-01  1.53942E+01  1.27014E+04  3.77250E+01
  1.38773E-01  1.55785E+01  1.27924E+04  3.78604E+01
  1.39126E-01  1.57806E+01  1.28854E+04  3.79941E+01
  1.39478E-01  1.59671E+01  1.29819E+04  3.81270E+01
  1.39827E-01  1.61535E+01  1.30811E+04  3.82584E+01
  1.40175E-01  1.63560E+01  1.31785E+04  3.83920E+01
  1.40521E-01  1.65476E+01  1.32756E+04  3.85282E+01
  1.40865E-01  1.67421E+01  1.33715E+04  3.86676E+01
  1.41208E-01  1.69299E+01  1.34676E+04  3.88064E+01
  1.41548E-01  1.71213E+01  1.35654E+04  3.89427E+01
  1.41888E-01  1.73205E+01  1.36664E+04  3.90789E+01
  1.42225E-01  1.75211E+01  1.37698E+04  3.92114E+01
  1.42561E-01  1.77134E+01  1.38770E+04  3.93429E+01
  1.42895E-01  1.79156E+01  1.39825E+04  3.94780E+01
  1.43227E-01  1.81166E+01  1.40877E+04  3.96143E+01
  1.43558E-01  1.83114E+01  1.41940E+04  3.97513E+01
  1.43888E-01  1.85064E+01  1.43001E+04  3.98884E+01
  1.44215E-01  1.87141E+01  1.44071E+04  4.00227E+01
  1.44541E-01  1.88997E+01  1.45179E+04  4.01521E+01
  1.44866E-01  1.91170E+01  1.46320E+04  4.02816E+01
  1.45189E-01  1.93121E+01  1.47472E+04  4.04110E+01
  1.45511E-01  1.95202E+01  1.48617E+04  4.05420E+01
  1.45831E-01  1.97124E+01  1.49725E+04  4.06769E+01
  1.46150E-01  1.99262E+01  1.50853E+04  4.08132E+01
  1.46467E-01  2.01135E+01  1.52028E+04  4.09486E+01
  1.46783E-01  2.03294E+01  1.53204E+04  4.10840E+01
  1.47097E-01  2.05247E+01  1.54353E+04  4.12187E+01
  1.47410E-01  2.07308E+01  1.55510E+04  4.13513E+01
  1.47721E-01  2.09224E+01  1.56723E+04  4.14799E+01
  1.48032E-01  2.11311E+01  1.57989E+04  4.16045E+01
  1.48341E-01  2.13596E+01  1.59273E+04  4.17271E+01
  1.48648E-01  2.15367E+01  1.60548E+04  4.18535E+01
  1.48954E-01  2.17380E+01  1.61773E+04  4.19889E+01
  1.49259E-01  2.19486E+01  1.62960E+04  4.21282E+01
  1.49563E-01  2.21552E+01  1.64163E+04  4.22689E+01
  1.49865E-01  2.23362E+01  1.65414E+04  4.24033E+01
  1.50166E-01  2.25415E+01  1.66732E+04  4.25309E+01
  1.50466E-01  2.27580E+01  1.68084E+04  4.26572E+01
  1.50765E-01  2.29631E+01  1.69468E+04  4.27792E+01
  1.51063E-01  2.31967E+01  1.70855E+04  4.28991E+01
  1.51359E-01  2.33653E+01  1.72184E+04  4.30254E+01
  1.51654E-01  2.35640E+01  1.73446E+04  4.31599E+01
  1.51948E-01  2.37674E+01  1.74736E+04  4.32985E+01
  1.52240E-01  2.39646E+01  1.76045E+04  4.34333E+01
  1.52532E-01  2.41572E+01  1.77408E+04  4.35650E+01
  1.52823E-01  2.43724E+01  1.78812E+04  4.36909E+01
  1.53113E-01  2.45695E+01  1.80250E+04  4.38118E+01
  1.53401E-01  2.47678E+01  1.81711E+04  4.39332E+01
  1.53688E-01  2.49834E+01  1.83204E+04  4.40553E+01
  1.53975E-01  2.51727E+01  1.84592E+04  4.41857E+01
  1.54260E-01  2.53570E+01  1.85891E+04  4.43250E+01
  1.54544E-01  2.55620E+01  1.87216E+04  4.44644E+01
  1.54827E-01  2.57684E+01  1.88703E+04  4.45905E+01
  1.55109E-01  2.59319E+01  1.90348E+04  4.46996E+01
  1.55391E-01  2.61539E+01  1.91990E+04  4.48093E+01
  1.55671E-01  2.63571E+01  1.93461E+04  4.49360E+01
  1.55950E-01  2.65436E+01  1.94775E+04  4.50814E+01
  1.56229E-01  2.67183E+01  1.96061E+04  4.52288E+01
  1.56506E-01  2.69016E+01  1.97568E+04  4.53540E+01
  1.56783E-01  2.70896E+01  1.99294E+04  4.54603E+01
  1.57059E-01  2.73103E+01  2.01028E+04  4.55662E+01
  1.57334E-01  2.75321E+01  2.02603E+04  4.56890E+01
  1.57607E-01  2.76472E+01  2.03981E+04  4.58335E+01
  1.57881E-01  2.78391E+01  2.05287E+04  4.59856E+01
  1.58153E-01  2.80415E+01  2.06817E+04  4.61109E+01
  1.58424E-01  2.82035E+01  2.08658E+04  4.62110E+01
  1.58695E-01  2.84117E+01  2.10360E+04  4.63232E+01
  1.58965E-01  2.86232E+01  2.12103E+04  4.64337E+01
  1.59234E-01  2.87835E+01  2.13780E+04  4.65489E+01
  1.59502E-01  2.89489E+01  2.14785E+04  4.67390E+01
  1.59770E-01  2.90479E+01  2.16196E+04  4.68861E+01
  1.60037E-01  2.93583E+01  2.18803E+04  4.69137E+01
  1.60303E-01  2.94681E+01  2.20316E+04  4.70983E+01
  1.60568E-01  2.96167E+01  2.20972E+04  4.72876E+01
  1.60833E-01  2.98812E+01  2.24537E+04  4.72642E+01
  1.61096E-01  3.01188E+01  2.26606E+04  4.72331E+01
  1.61358E-01  2.60232E+01  1.77048E+04  4.29163E+01
  1.61663E-01  1.21698E+01  2.58024E+03  1.34775E+01
  1.62313E-01  7.92240E+00  1.55728E+01  4.45024E-01
  1.63309E-01  7.38559E+00  2.61797E-04  2.56075E-04
  1.64370E-01  7.28703E+00  5.60614E-07  3.71096E-09
  1.65438E-01  7.19757E+00  5.49184E-07  1.83672E-09
  1.66512E-01  7.10867E+00  5.37925E-07  1.82557E-09
  1.67592E-01  7.02033E+00  5.26829E-07  1.81157E-09
  1.68678E-01  6.93254E+00  5.15896E-07  1.79774E-09
  1.69769E-01  6.84532E+00  5.05123E-07  1.78372E-09
  1.70867E-01  6.75865E+00  4.94510E-07  1.76979E-09
  1.71971E-01  6.67256E+00  4.84056E-07  1.75577E-09
  1.73082E-01  6.58703E+00  4.73759E-07  1.74178E-09
  1.74198E-01  6.50207E+00  4.63618E-07  1.72771E-09
  1.75321E-01  6.41768E+00  4.53633E-07  1.71368E-09
  1.76451E-01  6.33386E+00  4.43802E-07  1.69960E-09
  1.77587E-01  6.25062E+00  4.34123E-07  1.68549E-09
  1.78729E-01  6.16795E+00  4.24597E-07  1.67143E-09
  1.79879E-01  6.08586E+00  4.15220E-07  1.65734E-09
  1.81035E-01  6.00435E+00  4.05992E-07  1.64322E-09
  1.82198E-01  5.92342E+00  3.96912E-07  1.62905E-09
  1.83368E-01  5.84306E+00  3.87979E-07  1.61498E-09
  1.84545E-01  5.76329E+00  3.79192E-07  1.60090E-09
  1.85729E-01  5.68410E+00  3.70548E-07  1.58671E-09
  1.86921E-01  5.60549E+00  3.62046E-07  1.57258E-09
  1.88120E-01  5.52747E+00  3.53686E-07  1.55845E-09
  1.89326E-01  5.45003E+00  3.45466E-07  1.54436E-09
  1.90540E-01  5.37317E+00  3.37385E-07  1.53028E-09
  1.91762E-01  5.29691E+00  3.29442E-07  1.51619E-09
  1.92991E-01  5.22122E+00  3.21634E-07  1.50203E-09
  1.94228E-01  5.14613E+00  3.13961E-07  1.48793E-09
  1.95474E-01  5.07162E+00  3.06422E-07  1.47390E-09
  1.96727E-01  4.99770E+00  2.99014E-07  1.45989E-09
  1.97989E-01  4.92437E+00  2.91737E-07  1.44578E-09
  1.99259E-01  4.85162E+00  2.84590E-07  1.43173E-09
  2.00537E-01  4.77946E+00  2.77570E-07  1.41771E-09
  2.01824E-01  4.70789E+00  2.70677E-07  1.40373E-09
  2.03120E-01  4.63691E+00  2.63910E-07  1.38972E-09
  2.04424E-01  4.56651E+00  2.57266E-07  1.37576E-09
  2.05738E-01  4.49670E+00  2.50745E-07  1.36180E-09
  2.07060E-01  4.42748E+00  2.44345E-07  1.34791E-09
  2.08392E-01  4.35885E+00  2.38064E-07  1.33401E-09
  2.09733E-01  4.29080E+00  2.31902E-07  1.32014E-09
  2.11084E-01  4.22334E+00  2.25857E-07  1.30629E-09
  2.12444E-01  4.15646E+00  2.19928E-07  1.29247E-09
  2.13815E-01  4.09017E+00  2.14113E-07  1.27868E-09
  2.15195E-01  4.02446E+00  2.08411E-07  1.26490E-09
  2.16585E-01  3.95934E+00  2.02821E-07  1.25119E-09
  2.17986E-01  3.89480E+00  1.97341E-07  1.23750E-09
  2.19397E-01  3.83084E+00  1.91969E-07  1.22380E-09
  2.20819E-01  3.76747E+00  1.86706E-07  1.21018E-09
  2.22252E-01  3.70467E+00  1.81548E-07  1.19657E-09
  2.23696E-01  3.64246E+00  1.76495E-07  1.18298E-09
  2.25151E-01  3.58082E+00  1.71545E-07  1.16949E-09
  2.26617E-01  3.51976E+00  1.66698E-07  1.15598E-09
  2.28095E-01  3.45928E+00  1.61951E-07  1.14250E-09
  2.29585E-01  3.39937E+00  1.57304E-07  1.12909E-09
  2.31087E-01  3.34004E+00  1.52755E-07  1.11571E-09
  2.32601E-01  3.28129E+00  1.48302E-07  1.10238E-09
  2.34128E-01  3.22310E+00  1.43945E-07  1.08907E-09
  2.35667E-01  3.16549E+00  1.39682E-07  1.07579E-09
  2.37219E-01  3.10844E+00  1.35512E-07  1.06259E-09
  2.38784E-01  3.05196E+00  1.31434E-07  1.04941E-09
  2.40363E-01  2.99605E+00  1.27445E-07  1.03627E-09
  2.41955E-01  2.94071E+00  1.23546E-07  1.02316E-09
  2.43562E-01  2.88593E+00  1.19734E-07  1.01013E-09
  2.45182E-01  2.83171E+00  1.16009E-07  9.97130E-10
  2.46818E-01  2.77806E+00  1.12368E-07  9.84166E-10
  2.48468E-01  2.72496E+00  1.08812E-07  9.71273E-10
  2.50133E-01  2.67243E+00  1.05338E-07  9.58389E-10
  2.51813E-01  2.62044E+00  1.01945E-07  9.45576E-10
  2.53509E-01  2.56902E+00  9.86325E-08  9.32828E-10
  2.55221E-01  2.51815E+00  9.53987E-08  9.20099E-10
  2.56950E-01  2.46782E+00  9.22426E-08  9.07411E-10
  2.58695E-01  2.41805E+00  8.91629E-08  8.94783E-10
  2.60458E-01  2.36883E+00  8.61584E-08  8.82206E-10
  2.62238E-01  2.32015E+00  8.32279E-08  8.69677E-10
  2.64036E-01  2.27202E+00  8.03702E-08  8.57224E-10
  2.65852E-01  2.22443E+00  7.75841E-08  8.44796E-10
  2.67687E-01  2.17738E+00  7.48685E-08  8.32416E-10
  2.69542E-01  2.13087E+00  7.22222E-08  8.20085E-10
  2.71416E-01  2.08490E+00  6.96441E-08  8.07812E-10
  2.73310E-01  2.03947E+00  6.71329E-08  7.95601E-10
  2.75224E-01  1.99456E+00  6.46876E-08  7.83419E-10
  2.77160E-01  1.95019E+00  6.23071E-08  7.71311E-10
  2.79117E-01  1.90635E+00  5.99902E-08  7.59246E-10
  2.81097E-01  1.86304E+00  5.77358E-08  7.47227E-10
  2.83099E-01  1.82025E+00  5.55428E-08  7.35264E-10
  2.85125E-01  1.77799E+00  5.34102E-08  7.23363E-10
  2.87175E-01  1.73625E+00  5.13368E-08  7.11521E-10
  2.89249E-01  1.69503E+00  4.93216E-08  6.99722E-10
  2.91349E-01  1.65433E+00  4.73636E-08  6.87981E-10
  2.93475E-01  1.61414E+00  4.54616E-08  6.76285E-10
  2.95627E-01  1.57447E+00  4.36147E-08  6.64638E-10
  2.97807E-01  1.53531E+00  4.18218E-08  6.53065E-10
  3.00016E-01  1.49667E+00  4.00820E-08  6.41545E-10
  3.02253E-01  1.45853E+00  3.83941E-08  6.30078E-10
  3.04521E-01  1.42089E+00  3.67573E-08  6.18647E-10
  3.06819E-01  1.38376E+00  3.51705E-08  6.07290E-10
  3.09150E-01  1.34714E+00  3.36327E-08  5.95976E-10
  3.11513E-01  1.31101E+00  3.21430E-08  5.84711E-10
  3.13911E-01  1.27539E+00  3.07005E-08  5.73522E-10
  3.16343E-01  1.24026E+00  2.93041E-08  5.62372E-10
  3.18812E-01  1.20562E+00  2.79530E-08  5.51282E-10
  3.21319E-01  1.17148E+00  2.66462E-08  5.40250E-10
  3.23864E-01  1.13783E+00  2.53828E-08  5.29264E-10
  3.26449E-01  1.10467E+00  2.41619E-08  5.18337E-10
  3.29077E-01  1.07200E+00  2.29826E-08  5.07482E-10
  3.31747E-01  1.03981E+00  2.18441E-08  4.96666E-10
  3.34462E-01  1.00811E+00  2.07454E-08  4.85902E-10
  3.37224E-01  9.76892E-01  1.96858E-08  4.75195E-10
  3.40034E-01  9.46152E-01  1.86642E-08  4.64545E-10
  3.42894E-01  9.15892E-01  1.76800E-08  4.53951E-10
  3.45806E-01  8.86108E-01  1.67322E-08  4.43418E-10
  3.48773E-01  8.56801E-01  1.58200E-08  4.32927E-10
  3.51797E-01  8.27967E-01  1.49427E-08  4.22503E-10
  3.54880E-01  7.99606E-01  1.40994E-08  4.12125E-10
  3.58024E-01  7.71717E-01  1.32894E-08  4.01809E-10
  3.61233E-01  7.44296E-01  1.25117E-08  3.91544E-10
  3.64510E-01  7.17345E-01  1.17658E-08  3.81335E-10
  3.67857E-01  6.90860E-01  1.10507E-08  3.71185E-10
  3.71279E-01  6.64841E-01  1.03658E-08  3.61092E-10
  3.74778E-01  6.39286E-01  9.71032E-09  3.51046E-10
  3.78360E-01  6.14195E-01  9.08347E-09  3.41063E-10
  3.82027E-01  5.89566E-01  8.48455E-09  3.31135E-10
  3.85785E-01  5.65399E-01  7.91285E-09  3.21266E-10
  3.89639E-01  5.41692E-01  7.36765E-09  3.11444E-10
  3.93593E-01  5.18445E-01  6.84825E-09  3.01695E-10
  3.97655E-01  4.95658E-01  6.35395E-09  2.91988E-10
  4.01830E-01  4.73328E-01  5.88408E-09  2.82344E-10
  4.06126E-01  4.51457E-01  5.43795E-09  2.72765E-10
  4.10549E-01  4.30044E-01  5.01490E-09  2.63231E-10
  4.15110E-01  4.09088E-01  4.61427E-09  2.53767E-10
  4.19815E-01  3.88590E-01  4.23540E-09  2.44355E-10
  4.24677E-01  3.68550E-01  3.87766E-09  2.35010E-10
  4.29706E-01  3.48968E-01  3.54039E-09  2.25722E-10
  4.34914E-01  3.29845E-01  3.22298E-09  2.16497E-10
  4.40316E-01  3.11181E-01  2.92480E-09  2.07339E-10
  4.45928E-01  2.92977E-01  2.64523E-09  1.98240E-10
  4.51766E-01  2.75235E-01  2.38367E-09  1.89204E-10
  4.57852E-01  2.57955E-01  2.13952E-09  1.80244E-10
  4.64207E-01  2.41141E-01  1.91217E-09  1.71349E-10
  4.70856E-01  2.24794E-01  1.70104E-09  1.62523E-10
  4.77831E-01  2.08916E-01  1.50554E-09  1.53769E-10
  4.85164E-01  1.93511E-01  1.32510E-09  1.45091E-10
  4.92894E-01  1.78581E-01  1.15914E-09  1.36493E-10
  5.01069E-01  1.64132E-01  1.00708E-09  1.27974E-10
  5.09742E-01  1.50167E-01  8.68362E-10  1.19544E-10
  5.18979E-01  1.36693E-01  7.42423E-10  1.11200E-10
  5.28857E-01  1.23715E-01  6.28700E-10  1.02950E-10
  5.39472E-01  1.11240E-01  5.26635E-10  9.47956E-11
  5.50939E-01  9.92771E-02  4.35669E-10  8.67499E-11
  5.63404E-01  8.78358E-02  3.55245E-10  7.88154E-11
  5.77054E-01  7.69275E-02  2.84803E-10  7.10055E-11
  5.92128E-01  6.65656E-02  2.23782E-10  6.33220E-11
  6.08944E-01  5.67661E-02  1.71616E-10  5.57837E-11
  6.27936E-01  4.75482E-02  1.27731E-10  4.84037E-11
  6.49716E-01  3.89352E-02  9.15474E-11  4.11999E-11
  6.75184E-01  3.09564E-02  6.24681E-11  3.41945E-11
  7.05734E-01  2.36488E-02  3.98800E-11  2.74227E-11
  7.43699E-01  1.70612E-02  2.31432E-11  2.09362E-11
  7.93395E-01  1.12613E-02  1.15804E-11  1.49605E-11
  8.64237E-01  6.35029E-03  4.45721E-12  9.14698E-12
  9.84118E-01  2.50120E-03  9.43315E-13  1.93977E-12
  1.39569E+00  1.35808E-04  7.34429E-15  9.78320E-13
