 -3.77386E-11  1.24043E-02  8.20523E-06  4.54303E-05
  1.14072E-02  1.30771E-02  8.20495E-06  1.20323E-04
  1.87529E-02  1.32013E-02  8.20447E-06  1.79889E-04
  2.61374E-02  1.27006E-02  8.20406E-06  2.41081E-04
  3.37903E-02  7.91985E-02  8.20374E-06  2.78272E-04
  3.52403E-02  9.05567E-02  8.20356E-06  2.91079E-04
  3.69102E-02  9.95672E-02  8.20352E-06  3.05864E-04
  3.87869E-02  1.22238E-01  8.20373E-06  3.21195E-04
  4.06013E-02  1.44827E-01  8.20433E-06  3.35998E-04
  4.23750E-02  1.68865E-01  8.20544E-06  3.50254E-04
  4.41036E-02  1.93046E-01  8.20716E-06  3.63895E-04
  4.57961E-02  2.18496E-01  8.20925E-06  3.76933E-04
  4.74501E-02  2.48623E-01  8.21179E-06  3.89423E-04
  4.90428E-02  2.83820E-01  8.21461E-06  4.01340E-04
  5.05611E-02  3.23418E-01  8.21765E-06  4.12747E-04
  5.20034E-02  3.67588E-01  8.22078E-06  4.23730E-04
  5.33711E-02  4.15469E-01  8.22410E-06  4.34311E-04
  5.46703E-02  4.66223E-01  8.22772E-06  4.44612E-04
  5.59091E-02  5.19279E-01  8.23173E-06  4.54721E-04
  5.70956E-02  5.74277E-01  8.23636E-06  4.64679E-04
  5.82366E-02  6.32185E-01  8.24157E-06  4.74495E-04
  5.93361E-02  6.93962E-01  8.24738E-06  4.84067E-04
  6.03958E-02  7.60317E-01  8.25324E-06  4.93141E-04
  6.14169E-02  8.27937E-01  8.25884E-06  5.01501E-04
  6.24049E-02  8.88855E-01  8.26391E-06  5.09174E-04
  6.33725E-02  9.35200E-01  8.26864E-06  5.16413E-04
  6.43370E-02  9.71994E-01  8.27387E-06  5.23640E-04
  6.53079E-02  1.01326E+00  8.28012E-06  5.31157E-04
  6.62800E-02  1.06775E+00  8.28819E-06  5.39092E-04
  6.72408E-02  1.13464E+00  8.29762E-06  5.47265E-04
  6.81812E-02  1.21173E+00  8.30794E-06  5.55306E-04
  6.90960E-02  1.29273E+00  8.31774E-06  5.62930E-04
  6.99858E-02  1.37642E+00  8.32691E-06  5.70014E-04
  7.08524E-02  1.46206E+00  8.33535E-06  5.76664E-04
  7.16974E-02  1.54765E+00  8.34455E-06  5.83154E-04
  7.25237E-02  1.63676E+00  8.35496E-06  5.89693E-04
  7.33316E-02  1.72748E+00  8.36714E-06  5.96267E-04
  7.41224E-02  1.82258E+00  8.38123E-06  6.02861E-04
  7.48963E-02  1.91921E+00  8.39584E-06  6.09419E-04
  7.56546E-02  2.01649E+00  8.40965E-06  6.15759E-04
  7.63985E-02  2.10394E+00  8.42234E-06  6.21844E-04
  7.71330E-02  2.17661E+00  8.43435E-06  6.27858E-04
  7.78637E-02  2.24144E+00  8.44707E-06  6.34038E-04
  7.85934E-02  2.30837E+00  8.46126E-06  6.40444E-04
  7.93214E-02  2.38802E+00  8.47723E-06  6.46946E-04
  8.00439E-02  2.47938E+00  8.49447E-06  6.53348E-04
  8.07578E-02  2.58313E+00  8.51167E-06  6.59465E-04
  8.14604E-02  2.69441E+00  8.52863E-06  6.65297E-04
  8.21507E-02  2.80616E+00  8.54597E-06  6.71023E-04
  8.28298E-02  2.92387E+00  8.56427E-06  6.76807E-04
  8.34971E-02  3.04352E+00  8.58377E-06  6.82640E-04
  8.41534E-02  3.16471E+00  8.60418E-06  6.88411E-04
  8.47992E-02  3.28719E+00  8.62558E-06  6.94024E-04
  8.54350E-02  3.41113E+00  8.64773E-06  6.99359E-04
  8.60615E-02  3.52728E+00  8.67072E-06  7.04431E-04
  8.66807E-02  3.62705E+00  8.69518E-06  7.09377E-04
  8.72958E-02  3.71536E+00  8.72112E-06  7.14429E-04
  8.79089E-02  3.80100E+00  8.74668E-06  7.19631E-04
  8.85205E-02  3.89609E+00  8.77115E-06  7.25036E-04
  8.91292E-02  4.00560E+00  8.79370E-06  7.30714E-04
  8.97329E-02  4.12828E+00  8.81459E-06  7.36512E-04
  9.03300E-02  4.25872E+00  8.83640E-06  7.42279E-04
  9.09198E-02  4.39583E+00  8.86054E-06  7.47854E-04
  9.15019E-02  4.53610E+00  8.88926E-06  7.53080E-04
  9.20764E-02  4.67860E+00  8.92169E-06  7.57864E-04
  9.26435E-02  4.82305E+00  8.95626E-06  7.62378E-04
  9.32036E-02  4.96465E+00  8.99055E-06  7.66858E-04
  9.37572E-02  5.09405E+00  9.02398E-06  7.71535E-04
  9.43063E-02  5.21076E+00  9.05512E-06  7.76628E-04
  9.48522E-02  5.32305E+00  9.08493E-06  7.82125E-04
  9.53956E-02  5.42960E+00  9.11449E-06  7.87770E-04
  9.59371E-02  5.54608E+00  9.14624E-06  7.93289E-04
  9.64758E-02  5.68134E+00  9.18086E-06  7.98511E-04
  9.70101E-02  5.82098E+00  9.21960E-06  8.03288E-04
  9.75397E-02  5.97610E+00  9.26121E-06  8.07749E-04
  9.80636E-02  6.13011E+00  9.30357E-06  8.12281E-04
  9.85821E-02  6.28980E+00  9.34370E-06  8.17112E-04
  9.90951E-02  6.44264E+00  9.38130E-06  8.22349E-04
  9.96034E-02  6.59766E+00  9.41753E-06  8.27797E-04
  1.00107E-01  6.73682E+00  9.45668E-06  8.33025E-04
  1.00607E-01  6.88048E+00  9.50032E-06  8.37789E-04
  1.01104E-01  7.01566E+00  9.54729E-06  8.42130E-04
  1.01599E-01  7.14472E+00  9.59446E-06  8.46484E-04
  1.02091E-01  7.28560E+00  9.63740E-06  8.51353E-04
  1.02580E-01  7.43263E+00  9.67737E-06  8.56626E-04
  1.03066E-01  7.58392E+00  9.71816E-06  8.61819E-04
  1.03548E-01  7.74700E+00  9.76511E-06  8.66642E-04
  1.04027E-01  7.92043E+00  9.81851E-06  8.70995E-04
  1.04501E-01  8.09482E+00  9.87399E-06  8.75227E-04
  1.04971E-01  8.26114E+00  9.92516E-06  8.79852E-04
  1.05437E-01  8.42004E+00  9.97145E-06  8.84970E-04
  1.05901E-01  8.57362E+00  1.00174E-05  8.90150E-04
  1.06361E-01  8.72932E+00  1.00694E-05  8.94939E-04
  1.06819E-01  8.88422E+00  1.01276E-05  8.99314E-04
  1.07274E-01  9.04412E+00  1.01878E-05  9.03706E-04
  1.07727E-01  9.20975E+00  1.02450E-05  9.08413E-04
  1.08176E-01  9.37587E+00  1.02993E-05  9.13439E-04
  1.08623E-01  9.55260E+00  1.03548E-05  9.18555E-04
  1.09067E-01  9.73516E+00  1.04152E-05  9.23348E-04
  1.09507E-01  9.91957E+00  1.04804E-05  9.27825E-04
  1.09944E-01  1.01058E+01  1.05461E-05  9.32383E-04
  1.10377E-01  1.02857E+01  1.06096E-05  9.37283E-04
  1.10808E-01  1.04619E+01  1.06688E-05  9.42475E-04
  1.11235E-01  1.06360E+01  1.07298E-05  9.47548E-04
  1.11661E-01  1.08159E+01  1.07987E-05  9.52121E-04
  1.12084E-01  1.09915E+01  1.08730E-05  9.56401E-04
  1.12504E-01  1.11626E+01  1.09465E-05  9.60814E-04
  1.12922E-01  1.13479E+01  1.10144E-05  9.65644E-04
  1.13338E-01  1.15228E+01  1.10775E-05  9.70818E-04
  1.13751E-01  1.17062E+01  1.11445E-05  9.75899E-04
  1.14162E-01  1.19038E+01  1.12197E-05  9.80453E-04
  1.14570E-01  1.20991E+01  1.13016E-05  9.84532E-04
  1.14976E-01  1.22939E+01  1.13823E-05  9.88632E-04
  1.15379E-01  1.24918E+01  1.14556E-05  9.93259E-04
  1.15779E-01  1.26704E+01  1.15218E-05  9.98429E-04
  1.16178E-01  1.28490E+01  1.15882E-05  1.00375E-03
  1.16574E-01  1.30419E+01  1.16636E-05  1.00863E-03
  1.16969E-01  1.32236E+01  1.17517E-05  1.01277E-03
  1.17361E-01  1.34280E+01  1.18452E-05  1.01661E-03
  1.17751E-01  1.36244E+01  1.19370E-05  1.02076E-03
  1.18139E-01  1.38280E+01  1.20217E-05  1.02556E-03
  1.18525E-01  1.40209E+01  1.21008E-05  1.03083E-03
  1.18909E-01  1.42108E+01  1.21789E-05  1.03611E-03
  1.19290E-01  1.44213E+01  1.22631E-05  1.04116E-03
  1.19670E-01  1.46230E+01  1.23536E-05  1.04591E-03
  1.20047E-01  1.48122E+01  1.24509E-05  1.05044E-03
  1.20423E-01  1.50274E+01  1.25496E-05  1.05496E-03
  1.20796E-01  1.52358E+01  1.26495E-05  1.05950E-03
  1.21168E-01  1.54436E+01  1.27489E-05  1.06406E-03
  1.21537E-01  1.56322E+01  1.28486E-05  1.06864E-03
  1.21905E-01  1.58475E+01  1.29478E-05  1.07332E-03
  1.22271E-01  1.60598E+01  1.30431E-05  1.07825E-03
  1.22634E-01  1.62677E+01  1.31372E-05  1.08331E-03
  1.22996E-01  1.64720E+01  1.32329E-05  1.08826E-03
  1.23356E-01  1.66994E+01  1.33343E-05  1.09294E-03
  1.23714E-01  1.69024E+01  1.34396E-05  1.09742E-03
  1.24071E-01  1.70988E+01  1.35450E-05  1.10192E-03
  1.24426E-01  1.73066E+01  1.36494E-05  1.10653E-03
  1.24779E-01  1.75231E+01  1.37557E-05  1.11121E-03
  1.25131E-01  1.77371E+01  1.38659E-05  1.11573E-03
  1.25481E-01  1.79568E+01  1.39800E-05  1.12005E-03
  1.25829E-01  1.81826E+01  1.40944E-05  1.12436E-03
  1.26175E-01  1.83903E+01  1.42075E-05  1.12883E-03
  1.26520E-01  1.85955E+01  1.43180E-05  1.13349E-03
  1.26863E-01  1.88064E+01  1.44278E-05  1.13821E-03
  1.27205E-01  1.90333E+01  1.45408E-05  1.14293E-03
  1.27545E-01  1.92554E+01  1.46574E-05  1.14769E-03
  1.27883E-01  1.94784E+01  1.47782E-05  1.15241E-03
  1.28220E-01  1.97139E+01  1.48997E-05  1.15696E-03
  1.28555E-01  1.99351E+01  1.50242E-05  1.16154E-03
  1.28888E-01  2.01142E+01  1.51453E-05  1.16621E-03
  1.29221E-01  2.03522E+01  1.52675E-05  1.17080E-03
  1.29552E-01  2.06059E+01  1.53923E-05  1.17541E-03
  1.29881E-01  2.08375E+01  1.55252E-05  1.18016E-03
  1.30208E-01  2.10226E+01  1.56586E-05  1.18482E-03
  1.30534E-01  2.12796E+01  1.57896E-05  1.18952E-03
  1.30859E-01  2.15390E+01  1.59233E-05  1.19420E-03
  1.31182E-01  2.17153E+01  1.60615E-05  1.19886E-03
  1.31503E-01  2.19925E+01  1.61973E-05  1.20360E-03
  1.31823E-01  2.21756E+01  1.63350E-05  1.20825E-03
  1.32142E-01  2.24288E+01  1.64709E-05  1.21284E-03
  1.32459E-01  2.26902E+01  1.66124E-05  1.21741E-03
  1.32775E-01  2.28709E+01  1.67535E-05  1.22206E-03
  1.33090E-01  2.31622E+01  1.68960E-05  1.22668E-03
  1.33402E-01  2.33257E+01  1.70386E-05  1.23116E-03
  1.33714E-01  2.36291E+01  1.71855E-05  1.23586E-03
  1.34024E-01  2.37844E+01  1.73309E-05  1.24053E-03
  1.34334E-01  2.40657E+01  1.74785E-05  1.24489E-03
  1.34641E-01  2.43074E+01  1.76255E-05  1.24936E-03
  1.34948E-01  2.44800E+01  1.77712E-05  1.25391E-03
  1.35253E-01  2.47965E+01  1.79189E-05  1.25837E-03
  1.35557E-01  2.49236E+01  1.80713E-05  1.26283E-03
  1.35860E-01  2.51832E+01  1.82201E-05  1.26726E-03
  1.36162E-01  2.54997E+01  1.83730E-05  1.27167E-03
  1.36462E-01  2.56160E+01  1.85246E-05  1.27615E-03
  1.36762E-01  2.58619E+01  1.86810E-05  1.28058E-03
  1.37060E-01  2.61502E+01  1.88392E-05  1.28506E-03
  1.37357E-01  2.63941E+01  1.89970E-05  1.28945E-03
  1.37652E-01  2.65364E+01  1.91603E-05  1.29391E-03
  1.37947E-01  2.67756E+01  1.93207E-05  1.29831E-03
  1.38241E-01  2.70557E+01  1.94880E-05  1.30276E-03
  1.38534E-01  2.73175E+01  1.96520E-05  1.30737E-03
  1.38825E-01  2.75332E+01  1.98157E-05  1.31169E-03
  1.39115E-01  2.77044E+01  1.99850E-05  1.31607E-03
  1.39404E-01  2.79306E+01  2.01516E-05  1.32054E-03
  1.39693E-01  2.81688E+01  2.03233E-05  1.32498E-03
  1.39980E-01  2.83934E+01  2.04906E-05  1.32938E-03
  1.40267E-01  2.86504E+01  2.06629E-05  1.33377E-03
  1.40552E-01  2.88743E+01  2.08387E-05  1.33807E-03
  1.40836E-01  2.91186E+01  2.10218E-05  1.34231E-03
  1.41119E-01  2.93412E+01  2.12001E-05  1.34663E-03
  1.41401E-01  2.95626E+01  2.13828E-05  1.35102E-03
  1.41682E-01  2.97900E+01  2.15627E-05  1.35555E-03
  1.41962E-01  3.00080E+01  2.17427E-05  1.36014E-03
  1.42241E-01  3.02314E+01  2.19271E-05  1.36445E-03
  1.42519E-01  3.04736E+01  2.21038E-05  1.36889E-03
  1.42796E-01  3.07085E+01  2.22848E-05  1.37375E-03
  1.43072E-01  3.09467E+01  2.24887E-05  1.37754E-03
  1.43348E-01  3.11759E+01  2.26690E-05  1.38211E-03
  1.43622E-01  3.13650E+01  2.28214E-05  1.38848E-03
  1.43895E-01  3.15812E+01  2.30552E-05  1.39045E-03
  1.44168E-01  3.18247E+01  2.33095E-05  1.39504E-03
  1.44439E-01  3.19404E+01  2.33735E-05  1.40369E-03
  1.44711E-01  3.13009E+01  2.24262E-05  1.37619E-03
  1.44989E-01  2.00779E+01  9.73373E-06  8.54318E-04
  1.45424E-01  1.05050E+01  1.23414E-06  1.53981E-04
  1.46254E-01  9.05963E+00  8.06184E-07  6.44317E-05
  1.47211E-01  8.91260E+00  7.84223E-07  6.14301E-05
  1.48178E-01  8.81838E+00  7.70316E-07  6.11096E-05
  1.49150E-01  8.72050E+00  7.56282E-07  6.07974E-05
  1.50127E-01  8.62681E+00  7.42665E-07  6.03938E-05
  1.51108E-01  8.53039E+00  7.28954E-07  6.00452E-05
  1.52095E-01  8.43665E+00  7.15640E-07  5.96492E-05
  1.53086E-01  8.34271E+00  7.02362E-07  5.92825E-05
  1.54082E-01  8.24862E+00  6.89264E-07  5.88894E-05
  1.55083E-01  8.15474E+00  6.76238E-07  5.85132E-05
  1.56090E-01  8.06272E+00  6.63551E-07  5.81303E-05
  1.57101E-01  7.97059E+00  6.50945E-07  5.77454E-05
  1.58118E-01  7.87834E+00  6.38488E-07  5.73549E-05
  1.59140E-01  7.78700E+00  6.26146E-07  5.69582E-05
  1.60167E-01  7.69603E+00  6.14035E-07  5.65725E-05
  1.61200E-01  7.60620E+00  6.02087E-07  5.61853E-05
  1.62238E-01  7.51557E+00  5.90271E-07  5.57618E-05
  1.63282E-01  7.42640E+00  5.78594E-07  5.53893E-05
  1.64331E-01  7.33783E+00  5.67111E-07  5.50050E-05
  1.65386E-01  7.24949E+00  5.55789E-07  5.45685E-05
  1.66446E-01  7.16125E+00  5.44555E-07  5.41951E-05
  1.67513E-01  7.07380E+00  5.33522E-07  5.37972E-05
  1.68585E-01  6.98652E+00  5.22652E-07  5.33774E-05
  1.69663E-01  6.90072E+00  5.11975E-07  5.29772E-05
  1.70748E-01  6.81483E+00  5.01342E-07  5.25712E-05
  1.71838E-01  6.72883E+00  4.90903E-07  5.21617E-05
  1.72934E-01  6.64461E+00  4.80677E-07  5.17588E-05
  1.74037E-01  6.56051E+00  4.70559E-07  5.13520E-05
  1.75146E-01  6.47621E+00  4.60542E-07  5.09385E-05
  1.76261E-01  6.39329E+00  4.50752E-07  5.05421E-05
  1.77383E-01  6.31004E+00  4.41045E-07  5.01325E-05
  1.78511E-01  6.22833E+00  4.31546E-07  4.97155E-05
  1.79646E-01  6.14655E+00  4.22139E-07  4.93033E-05
  1.80788E-01  6.06550E+00  4.12891E-07  4.88895E-05
  1.81937E-01  5.98486E+00  4.03817E-07  4.84845E-05
  1.83092E-01  5.90501E+00  3.94855E-07  4.80593E-05
  1.84254E-01  5.82550E+00  3.86025E-07  4.76521E-05
  1.85424E-01  5.74648E+00  3.77358E-07  4.72508E-05
  1.86600E-01  5.66785E+00  3.68795E-07  4.68375E-05
  1.87784E-01  5.59038E+00  3.60416E-07  4.64106E-05
  1.88976E-01  5.51316E+00  3.52151E-07  4.59978E-05
  1.90174E-01  5.43626E+00  3.44011E-07  4.56019E-05
  1.91380E-01  5.36014E+00  3.36028E-07  4.51766E-05
  1.92594E-01  5.28466E+00  3.28164E-07  4.47580E-05
  1.93816E-01  5.20965E+00  3.20442E-07  4.43447E-05
  1.95046E-01  5.13510E+00  3.12835E-07  4.39397E-05
  1.96283E-01  5.06087E+00  3.05360E-07  4.35347E-05
  1.97529E-01  4.98769E+00  2.98024E-07  4.31051E-05
  1.98783E-01  4.91511E+00  2.90816E-07  4.26998E-05
  2.00045E-01  4.84280E+00  2.83728E-07  4.22820E-05
  2.01316E-01  4.77112E+00  2.76766E-07  4.18835E-05
  2.02595E-01  4.70006E+00  2.69928E-07  4.14558E-05
  2.03883E-01  4.62947E+00  2.63216E-07  4.10498E-05
  2.05180E-01  4.55966E+00  2.56617E-07  4.06514E-05
  2.06486E-01  4.49069E+00  2.50161E-07  4.02377E-05
  2.07801E-01  4.42126E+00  2.43781E-07  3.98197E-05
  2.09125E-01  4.35291E+00  2.37528E-07  3.94149E-05
  2.10459E-01  4.28585E+00  2.31443E-07  3.90058E-05
  2.11802E-01  4.21829E+00  2.25406E-07  3.86047E-05
  2.13155E-01  4.15182E+00  2.19529E-07  3.81937E-05
  2.14518E-01  4.08589E+00  2.13734E-07  3.77871E-05
  2.15891E-01  4.02035E+00  2.08062E-07  3.73745E-05
  2.17274E-01  3.95581E+00  2.02517E-07  3.69693E-05
  2.18667E-01  3.89130E+00  1.97047E-07  3.65949E-05
  2.20071E-01  3.82782E+00  1.91716E-07  3.61588E-05
  2.21485E-01  3.76475E+00  1.86471E-07  3.57590E-05
  2.22910E-01  3.70189E+00  1.81325E-07  3.53750E-05
  2.24347E-01  3.64017E+00  1.76302E-07  3.49603E-05
  2.25794E-01  3.57873E+00  1.71379E-07  3.45733E-05
  2.27253E-01  3.51764E+00  1.66535E-07  3.41728E-05
  2.28724E-01  3.45771E+00  1.61820E-07  3.37668E-05
  2.30206E-01  3.39772E+00  1.57182E-07  3.33817E-05
  2.31701E-01  3.33849E+00  1.52637E-07  3.29742E-05
  2.33208E-01  3.28003E+00  1.48210E-07  3.25852E-05
  2.34727E-01  3.22206E+00  1.43862E-07  3.21957E-05
  2.36259E-01  3.16473E+00  1.39620E-07  3.18126E-05
  2.37804E-01  3.10755E+00  1.35451E-07  3.14056E-05
  2.39362E-01  3.05125E+00  1.31387E-07  3.10144E-05
  2.40933E-01  2.99581E+00  1.27422E-07  3.06303E-05
  2.42519E-01  2.94028E+00  1.23516E-07  3.02414E-05
  2.44118E-01  2.88569E+00  1.19716E-07  2.98744E-05
  2.45731E-01  2.83146E+00  1.15989E-07  2.94841E-05
  2.47359E-01  2.77790E+00  1.12356E-07  2.90901E-05
  2.49002E-01  2.72530E+00  1.08818E-07  2.87190E-05
  2.50660E-01  2.67245E+00  1.05339E-07  2.83380E-05
  2.52333E-01  2.62037E+00  1.01942E-07  2.79570E-05
  2.54023E-01  2.56943E+00  9.86543E-08  2.75763E-05
  2.55728E-01  2.51834E+00  9.54152E-08  2.72197E-05
  2.57450E-01  2.46823E+00  9.22675E-08  2.68364E-05
  2.59188E-01  2.41855E+00  8.91926E-08  2.64560E-05
  2.60944E-01  2.36924E+00  8.61800E-08  2.60921E-05
  2.62717E-01  2.32068E+00  8.32582E-08  2.57120E-05
  2.64508E-01  2.27251E+00  8.04001E-08  2.53554E-05
  2.66317E-01  2.22496E+00  7.76142E-08  2.49818E-05
  2.68146E-01  2.17796E+00  7.49012E-08  2.46112E-05
  2.69993E-01  2.13149E+00  7.22569E-08  2.42518E-05
  2.71860E-01  2.08550E+00  6.96787E-08  2.38857E-05
  2.73748E-01  2.04011E+00  6.71686E-08  2.35234E-05
  2.75656E-01  1.99530E+00  6.47250E-08  2.31657E-05
  2.77585E-01  1.95088E+00  6.23434E-08  2.28055E-05
  2.79536E-01  1.90709E+00  6.00288E-08  2.24522E-05
  2.81509E-01  1.86373E+00  5.77716E-08  2.20966E-05
  2.83504E-01  1.82100E+00  5.55797E-08  2.17441E-05
  2.85524E-01  1.77875E+00  5.34489E-08  2.13857E-05
  2.87567E-01  1.73696E+00  5.13722E-08  2.10368E-05
  2.89635E-01  1.69580E+00  4.93573E-08  2.06918E-05
  2.91728E-01  1.65508E+00  4.73996E-08  2.03392E-05
  2.93847E-01  1.61494E+00  4.54970E-08  1.99979E-05
  2.95993E-01  1.57520E+00  4.36482E-08  1.96569E-05
  2.98167E-01  1.53612E+00  4.18572E-08  1.93097E-05
  3.00369E-01  1.49737E+00  4.01140E-08  1.89736E-05
  3.02600E-01  1.45917E+00  3.84244E-08  1.86263E-05
  3.04862E-01  1.42167E+00  3.67890E-08  1.82884E-05
  3.07154E-01  1.38447E+00  3.51996E-08  1.79601E-05
  3.09478E-01  1.34784E+00  3.36622E-08  1.76227E-05
  3.11836E-01  1.31173E+00  3.21721E-08  1.72874E-05
  3.14227E-01  1.27605E+00  3.07265E-08  1.69565E-05
  3.16653E-01  1.24100E+00  2.93313E-08  1.66293E-05
  3.19116E-01  1.20624E+00  2.79776E-08  1.63023E-05
  3.21617E-01  1.17210E+00  2.66694E-08  1.59680E-05
  3.24156E-01  1.13851E+00  2.54062E-08  1.56492E-05
  3.26735E-01  1.10526E+00  2.41837E-08  1.53319E-05
  3.29356E-01  1.07260E+00  2.30042E-08  1.50011E-05
  3.32021E-01  1.04035E+00  2.18629E-08  1.46840E-05
  3.34730E-01  1.00866E+00  2.07646E-08  1.43663E-05
  3.37486E-01  9.77449E-01  1.97041E-08  1.40464E-05
  3.40290E-01  9.46670E-01  1.86809E-08  1.37361E-05
  3.43144E-01  9.16396E-01  1.76964E-08  1.34206E-05
  3.46051E-01  8.86583E-01  1.67474E-08  1.31063E-05
  3.49012E-01  8.57301E-01  1.58347E-08  1.28005E-05
  3.52030E-01  8.28403E-01  1.49560E-08  1.24911E-05
  3.55107E-01  8.00047E-01  1.41123E-08  1.21827E-05
  3.58246E-01  7.72136E-01  1.33014E-08  1.18764E-05
  3.61449E-01  7.44698E-01  1.25229E-08  1.15755E-05
  3.64721E-01  7.17735E-01  1.17763E-08  1.12743E-05
  3.68062E-01  6.91224E-01  1.10603E-08  1.09720E-05
  3.71478E-01  6.65195E-01  1.03750E-08  1.06758E-05
  3.74972E-01  6.39599E-01  9.71842E-09  1.03762E-05
  3.78548E-01  6.14534E-01  9.09152E-09  1.00816E-05
  3.82210E-01  5.89849E-01  8.49140E-09  9.78943E-06
  3.85962E-01  5.65683E-01  7.91945E-09  9.49683E-06
  3.89811E-01  5.41954E-01  7.37352E-09  9.20688E-06
  3.93760E-01  5.18692E-01  6.85376E-09  8.91673E-06
  3.97817E-01  4.95885E-01  6.35882E-09  8.63036E-06
  4.01987E-01  4.73555E-01  5.88870E-09  8.34476E-06
  4.06277E-01  4.51664E-01  5.44210E-09  8.06273E-06
  4.10695E-01  4.30237E-01  5.01864E-09  7.78012E-06
  4.15250E-01  4.09269E-01  4.61765E-09  7.50068E-06
  4.19950E-01  3.88751E-01  4.23834E-09  7.22162E-06
  4.24807E-01  3.68719E-01  3.88049E-09  6.94536E-06
  4.29831E-01  3.49105E-01  3.54272E-09  6.67244E-06
  4.35034E-01  3.29982E-01  3.22514E-09  6.39814E-06
  4.40431E-01  3.11297E-01  2.92663E-09  6.12672E-06
  4.46038E-01  2.93093E-01  2.64693E-09  5.85946E-06
  4.51871E-01  2.75327E-01  2.38506E-09  5.59213E-06
  4.57952E-01  2.58046E-01  2.14076E-09  5.32625E-06
  4.64302E-01  2.41219E-01  1.91322E-09  5.06348E-06
  4.70947E-01  2.24870E-01  1.70197E-09  4.80325E-06
  4.77916E-01  2.08977E-01  1.50628E-09  4.54478E-06
  4.85244E-01  1.93570E-01  1.32575E-09  4.28380E-06
  4.92970E-01  1.78676E-01  1.15995E-09  4.03262E-06
  5.01138E-01  1.64174E-01  1.00750E-09  3.78626E-06
  5.09807E-01  1.50200E-01  8.68691E-10  3.53137E-06
  5.19039E-01  1.36725E-01  7.42708E-10  3.28582E-06
  5.28913E-01  1.23747E-01  6.28954E-10  3.04200E-06
  5.39522E-01  1.11272E-01  5.26852E-10  2.80117E-06
  5.50984E-01  9.92913E-02  4.35774E-10  2.56327E-06
  5.63446E-01  8.78483E-02  3.55328E-10  2.32858E-06
  5.77091E-01  7.69408E-02  2.84884E-10  2.09786E-06
  5.92161E-01  6.65783E-02  2.23838E-10  1.87111E-06
  6.08972E-01  5.67752E-02  1.71652E-10  1.64802E-06
  6.27959E-01  4.75509E-02  1.27747E-10  1.42993E-06
  6.49737E-01  3.89386E-02  9.15619E-11  1.21717E-06
  6.75201E-01  3.09597E-02  6.24771E-11  1.01026E-06
  7.05747E-01  2.36516E-02  3.98871E-11  8.10119E-07
  7.43706E-01  1.70634E-02  2.31469E-11  6.18531E-07
  7.93395E-01  1.12613E-02  1.15803E-11  4.41954E-07
  8.64237E-01  6.35029E-03  4.45723E-12  2.70140E-07
  9.84118E-01  2.49696E-03  9.41664E-13  5.73600E-08
  1.39620E+00  1.35937E-04  7.38334E-15  2.89185E-08
