 -1.40945E-09  3.28546E-07  6.74001E-03  1.52573E+00
  3.82683E-01  2.23321E-06  6.73989E-03  3.30302E+00
  4.41346E-01  3.48747E-06  6.73999E-03  3.79172E+00
  5.04749E-01  5.65463E-06  6.73987E-03  4.26358E+00
  5.59499E-01  8.26678E-06  6.73953E-03  4.67672E+00
  6.08042E-01  1.13432E-05  6.73919E-03  5.04658E+00
  6.51758E-01  1.50072E-05  6.73868E-03  5.38087E+00
  6.91307E-01  1.92714E-05  6.73811E-03  5.68486E+00
  7.27347E-01  2.38673E-05  6.73755E-03  5.96503E+00
  7.60807E-01  2.88989E-05  6.73700E-03  6.22670E+00
  7.92129E-01  3.43183E-05  6.73651E-03  6.47309E+00
  8.21675E-01  4.01896E-05  6.73609E-03  6.70627E+00
  8.49664E-01  4.65309E-05  6.73571E-03  6.92777E+00
  8.76264E-01  5.32477E-05  6.73520E-03  7.13873E+00
  9.01664E-01  6.02722E-05  6.73459E-03  7.34044E+00
  9.26037E-01  6.75422E-05  6.73400E-03  7.53413E+00
  9.49531E-01  7.51558E-05  6.73361E-03  7.72053E+00
  9.72232E-01  8.30773E-05  6.73318E-03  7.90023E+00
  9.94216E-01  9.14504E-05  6.73288E-03  8.07362E+00
  1.01552E+00  1.00379E-04  6.73261E-03  8.24111E+00
  1.03615E+00  1.09796E-04  6.73232E-03  8.40299E+00
  1.05613E+00  1.19423E-04  6.73192E-03  8.55995E+00
  1.07556E+00  1.29470E-04  6.73136E-03  8.71262E+00
  1.09446E+00  1.39826E-04  6.73025E-03  8.86128E+00
  1.11287E+00  1.50321E-04  6.72891E-03  9.00674E+00
  1.13084E+00  1.61172E-04  6.72699E-03  9.14926E+00
  1.14842E+00  1.72079E-04  6.72471E-03  9.28911E+00
  1.16563E+00  1.83547E-04  6.72206E-03  9.42636E+00
  1.18248E+00  1.95096E-04  6.71937E-03  9.56090E+00
  1.19901E+00  2.07352E-04  6.71655E-03  9.69295E+00
  1.21520E+00  2.19622E-04  6.71403E-03  9.82224E+00
  1.23110E+00  2.32581E-04  6.71207E-03  9.94885E+00
  1.24668E+00  2.45523E-04  6.70961E-03  1.00727E+01
  1.26199E+00  2.58883E-04  6.70775E-03  1.01941E+01
  1.27704E+00  2.72333E-04  6.70633E-03  1.03134E+01
  1.29183E+00  2.86094E-04  6.70534E-03  1.04307E+01
  1.30640E+00  3.00190E-04  6.70411E-03  1.05459E+01
  1.32074E+00  3.14355E-04  6.70244E-03  1.06594E+01
  1.33487E+00  3.29001E-04  6.70054E-03  1.07718E+01
  1.34879E+00  3.43927E-04  6.69793E-03  1.08826E+01
  1.36250E+00  3.59185E-04  6.69538E-03  1.09922E+01
  1.37603E+00  3.74531E-04  6.69232E-03  1.11005E+01
  1.38937E+00  3.90171E-04  6.68922E-03  1.12076E+01
  1.40253E+00  4.06086E-04  6.68553E-03  1.13137E+01
  1.41553E+00  4.22024E-04  6.68126E-03  1.14184E+01
  1.42836E+00  4.38416E-04  6.67770E-03  1.15220E+01
  1.44104E+00  4.54826E-04  6.67418E-03  1.16242E+01
  1.45358E+00  4.71538E-04  6.67036E-03  1.17246E+01
  1.46596E+00  4.88566E-04  6.66656E-03  1.18235E+01
  1.47821E+00  5.05944E-04  6.66262E-03  1.19209E+01
  1.49032E+00  5.23494E-04  6.65859E-03  1.20171E+01
  1.50229E+00  5.40685E-04  6.65478E-03  1.21120E+01
  1.51415E+00  5.58638E-04  6.65092E-03  1.22061E+01
  1.52588E+00  5.76840E-04  6.64659E-03  1.22989E+01
  1.53749E+00  5.94605E-04  6.64303E-03  1.23911E+01
  1.54900E+00  6.13384E-04  6.63917E-03  1.24826E+01
  1.56039E+00  6.31577E-04  6.63515E-03  1.25737E+01
  1.57167E+00  6.50886E-04  6.63026E-03  1.26644E+01
  1.58284E+00  6.69304E-04  6.62628E-03  1.27543E+01
  1.59392E+00  6.88562E-04  6.62235E-03  1.28435E+01
  1.60490E+00  7.08079E-04  6.61791E-03  1.29321E+01
  1.61579E+00  7.27154E-04  6.61194E-03  1.30200E+01
  1.62658E+00  7.46861E-04  6.60570E-03  1.31067E+01
  1.63728E+00  7.66797E-04  6.59875E-03  1.31927E+01
  1.64789E+00  7.86392E-04  6.59217E-03  1.32777E+01
  1.65843E+00  8.05948E-04  6.58508E-03  1.33618E+01
  1.66888E+00  8.25923E-04  6.57729E-03  1.34451E+01
  1.67926E+00  8.46143E-04  6.56993E-03  1.35279E+01
  1.68956E+00  8.66825E-04  6.56329E-03  1.36103E+01
  1.69978E+00  8.86677E-04  6.55675E-03  1.36924E+01
  1.70994E+00  9.07344E-04  6.55063E-03  1.37740E+01
  1.72002E+00  9.27739E-04  6.54400E-03  1.38548E+01
  1.73004E+00  9.48514E-04  6.53731E-03  1.39355E+01
  1.73999E+00  9.69583E-04  6.53090E-03  1.40156E+01
  1.74987E+00  9.90744E-04  6.52520E-03  1.40947E+01
  1.75969E+00  1.01228E-03  6.52026E-03  1.41735E+01
  1.76944E+00  1.03315E-03  6.51438E-03  1.42516E+01
  1.77913E+00  1.05443E-03  6.50886E-03  1.43292E+01
  1.78876E+00  1.07536E-03  6.50159E-03  1.44062E+01
  1.79834E+00  1.09729E-03  6.49296E-03  1.44830E+01
  1.80785E+00  1.11804E-03  6.48306E-03  1.45595E+01
  1.81732E+00  1.13863E-03  6.47350E-03  1.46359E+01
  1.82675E+00  1.16116E-03  6.46504E-03  1.47121E+01
  1.83611E+00  1.18185E-03  6.45697E-03  1.47878E+01
  1.84543E+00  1.20342E-03  6.44879E-03  1.48632E+01
  1.85470E+00  1.22501E-03  6.44058E-03  1.49379E+01
  1.86392E+00  1.24659E-03  6.43255E-03  1.50121E+01
  1.87310E+00  1.26870E-03  6.42420E-03  1.50855E+01
  1.88223E+00  1.29036E-03  6.41382E-03  1.51585E+01
  1.89131E+00  1.31099E-03  6.40237E-03  1.52308E+01
  1.90036E+00  1.33367E-03  6.39222E-03  1.53030E+01
  1.90936E+00  1.35330E-03  6.38187E-03  1.53755E+01
  1.91833E+00  1.37597E-03  6.37358E-03  1.54477E+01
  1.92726E+00  1.39816E-03  6.36504E-03  1.55201E+01
  1.93614E+00  1.41891E-03  6.35506E-03  1.55922E+01
  1.94499E+00  1.44133E-03  6.34613E-03  1.56639E+01
  1.95380E+00  1.46290E-03  6.33608E-03  1.57353E+01
  1.96257E+00  1.48458E-03  6.32533E-03  1.58060E+01
  1.97131E+00  1.50606E-03  6.31417E-03  1.58762E+01
  1.98002E+00  1.52673E-03  6.30342E-03  1.59461E+01
  1.98870E+00  1.54859E-03  6.29276E-03  1.60157E+01
  1.99734E+00  1.56975E-03  6.28197E-03  1.60856E+01
  2.00595E+00  1.59120E-03  6.26991E-03  1.61552E+01
  2.01453E+00  1.61261E-03  6.25873E-03  1.62244E+01
  2.02308E+00  1.63316E-03  6.24516E-03  1.62933E+01
  2.03161E+00  1.65430E-03  6.23379E-03  1.63617E+01
  2.04011E+00  1.67553E-03  6.22092E-03  1.64299E+01
  2.04858E+00  1.69651E-03  6.20993E-03  1.64982E+01
  2.05702E+00  1.71765E-03  6.19894E-03  1.65669E+01
  2.06543E+00  1.73818E-03  6.18775E-03  1.66354E+01
  2.07383E+00  1.75948E-03  6.17799E-03  1.67037E+01
  2.08219E+00  1.78014E-03  6.16708E-03  1.67714E+01
  2.09053E+00  1.80132E-03  6.15465E-03  1.68387E+01
  2.09885E+00  1.82060E-03  6.14162E-03  1.69057E+01
  2.10715E+00  1.84151E-03  6.12552E-03  1.69724E+01
  2.11542E+00  1.86096E-03  6.10961E-03  1.70389E+01
  2.12368E+00  1.87962E-03  6.09437E-03  1.71053E+01
  2.13192E+00  1.90057E-03  6.08039E-03  1.71721E+01
  2.14013E+00  1.91968E-03  6.06671E-03  1.72390E+01
  2.14833E+00  1.93896E-03  6.05573E-03  1.73057E+01
  2.15652E+00  1.95938E-03  6.04267E-03  1.73724E+01
  2.16468E+00  1.97994E-03  6.02821E-03  1.74387E+01
  2.17282E+00  1.99776E-03  6.01652E-03  1.75048E+01
  2.18095E+00  2.01901E-03  6.00404E-03  1.75703E+01
  2.18905E+00  2.03638E-03  5.99069E-03  1.76361E+01
  2.19715E+00  2.05568E-03  5.97570E-03  1.77019E+01
  2.20522E+00  2.07486E-03  5.95920E-03  1.77675E+01
  2.21329E+00  2.09079E-03  5.94246E-03  1.78326E+01
  2.22134E+00  2.11009E-03  5.92769E-03  1.78976E+01
  2.22938E+00  2.12869E-03  5.91434E-03  1.79628E+01
  2.23740E+00  2.14762E-03  5.89986E-03  1.80280E+01
  2.24541E+00  2.16397E-03  5.88524E-03  1.80932E+01
  2.25341E+00  2.18230E-03  5.87018E-03  1.81580E+01
  2.26140E+00  2.20010E-03  5.85476E-03  1.82229E+01
  2.26937E+00  2.21673E-03  5.83670E-03  1.82876E+01
  2.27734E+00  2.23338E-03  5.82054E-03  1.83527E+01
  2.28529E+00  2.25080E-03  5.80616E-03  1.84178E+01
  2.29324E+00  2.26749E-03  5.79186E-03  1.84828E+01
  2.30117E+00  2.28457E-03  5.77641E-03  1.85474E+01
  2.30909E+00  2.29965E-03  5.76114E-03  1.86117E+01
  2.31701E+00  2.31643E-03  5.74228E-03  1.86757E+01
  2.32492E+00  2.33000E-03  5.72043E-03  1.87398E+01
  2.33283E+00  2.34499E-03  5.70184E-03  1.88040E+01
  2.34073E+00  2.36011E-03  5.68568E-03  1.88689E+01
  2.34863E+00  2.37652E-03  5.67047E-03  1.89335E+01
  2.35652E+00  2.39116E-03  5.65643E-03  1.89980E+01
  2.36440E+00  2.40722E-03  5.63970E-03  1.90623E+01
  2.37227E+00  2.42212E-03  5.62379E-03  1.91266E+01
  2.38013E+00  2.43509E-03  5.60489E-03  1.91909E+01
  2.38800E+00  2.44833E-03  5.58778E-03  1.92550E+01
  2.39586E+00  2.46399E-03  5.56919E-03  1.93190E+01
  2.40372E+00  2.47532E-03  5.54993E-03  1.93828E+01
  2.41157E+00  2.48871E-03  5.53301E-03  1.94473E+01
  2.41942E+00  2.50239E-03  5.51785E-03  1.95116E+01
  2.42727E+00  2.51543E-03  5.50051E-03  1.95756E+01
  2.43512E+00  2.52731E-03  5.48156E-03  1.96401E+01
  2.44296E+00  2.53971E-03  5.46187E-03  1.97045E+01
  2.45081E+00  2.54983E-03  5.44225E-03  1.97685E+01
  2.45866E+00  2.56263E-03  5.42208E-03  1.98324E+01
  2.46650E+00  2.57503E-03  5.40371E-03  1.98966E+01
  2.47434E+00  2.58444E-03  5.38552E-03  1.99612E+01
  2.48219E+00  2.59630E-03  5.36935E-03  2.00257E+01
  2.49003E+00  2.60852E-03  5.35283E-03  2.00905E+01
  2.49787E+00  2.61619E-03  5.33160E-03  2.01547E+01
  2.50572E+00  2.62734E-03  5.31134E-03  2.02186E+01
  2.51357E+00  2.63481E-03  5.28967E-03  2.02829E+01
  2.52143E+00  2.64656E-03  5.27051E-03  2.03476E+01
  2.52928E+00  2.65444E-03  5.25268E-03  2.04121E+01
  2.53714E+00  2.66663E-03  5.23548E-03  2.04772E+01
  2.54500E+00  2.67304E-03  5.21519E-03  2.05422E+01
  2.55286E+00  2.68288E-03  5.19623E-03  2.06065E+01
  2.56073E+00  2.68961E-03  5.17486E-03  2.06711E+01
  2.56860E+00  2.69804E-03  5.15397E-03  2.07356E+01
  2.57648E+00  2.70427E-03  5.13227E-03  2.08000E+01
  2.58436E+00  2.71122E-03  5.11388E-03  2.08649E+01
  2.59225E+00  2.72127E-03  5.09354E-03  2.09302E+01
  2.60014E+00  2.72369E-03  5.07403E-03  2.09957E+01
  2.60805E+00  2.73095E-03  5.05380E-03  2.10614E+01
  2.61596E+00  2.73821E-03  5.03562E-03  2.11269E+01
  2.62388E+00  2.74796E-03  5.01581E-03  2.11923E+01
  2.63179E+00  2.74903E-03  4.99383E-03  2.12575E+01
  2.63972E+00  2.75336E-03  4.97187E-03  2.13228E+01
  2.64766E+00  2.76027E-03  4.95098E-03  2.13880E+01
  2.65561E+00  2.76374E-03  4.92898E-03  2.14537E+01
  2.66357E+00  2.77126E-03  4.90856E-03  2.15195E+01
  2.67153E+00  2.77192E-03  4.88895E-03  2.15854E+01
  2.67950E+00  2.77532E-03  4.86697E-03  2.16514E+01
  2.68749E+00  2.78076E-03  4.84458E-03  2.17179E+01
  2.69548E+00  2.78106E-03  4.82382E-03  2.17845E+01
  2.70350E+00  2.78522E-03  4.80282E-03  2.18505E+01
  2.71151E+00  2.79031E-03  4.78305E-03  2.19170E+01
  2.71954E+00  2.79247E-03  4.76265E-03  2.19832E+01
  2.72757E+00  2.79321E-03  4.74105E-03  2.20499E+01
  2.73563E+00  2.79493E-03  4.71926E-03  2.21168E+01
  2.74369E+00  2.79649E-03  4.69893E-03  2.21841E+01
  2.75177E+00  2.79753E-03  4.67620E-03  2.22511E+01
  2.75986E+00  2.79974E-03  4.65424E-03  2.23184E+01
  2.76796E+00  2.80137E-03  4.63111E-03  2.23858E+01
  2.77607E+00  2.79778E-03  4.60752E-03  2.24529E+01
  2.78421E+00  2.79874E-03  4.58578E-03  2.25213E+01
  2.79235E+00  2.79589E-03  4.56483E-03  2.25897E+01
  2.80052E+00  2.79957E-03  4.54508E-03  2.26584E+01
  2.80870E+00  2.79805E-03  4.52526E-03  2.27264E+01
  2.81689E+00  2.79789E-03  4.50246E-03  2.27943E+01
  2.82510E+00  2.79233E-03  4.47743E-03  2.28623E+01
  2.83333E+00  2.79232E-03  4.45480E-03  2.29302E+01
  2.84158E+00  2.79394E-03  4.43334E-03  2.29987E+01
  2.84983E+00  2.78426E-03  4.41114E-03  2.30683E+01
  2.85812E+00  2.78667E-03  4.39085E-03  2.31376E+01
  2.86642E+00  2.78736E-03  4.37101E-03  2.32073E+01
  2.87472E+00  2.77897E-03  4.34807E-03  2.32771E+01
  2.88306E+00  2.77714E-03  4.32398E-03  2.33463E+01
  2.89141E+00  2.77424E-03  4.29885E-03  2.34166E+01
  2.89978E+00  2.76766E-03  4.27773E-03  2.34870E+01
  2.90818E+00  2.76737E-03  4.25494E-03  2.35576E+01
  2.91659E+00  2.75783E-03  4.23168E-03  2.36279E+01
  2.92504E+00  2.75794E-03  4.20936E-03  2.36991E+01
  2.93349E+00  2.74773E-03  4.18677E-03  2.37702E+01
  2.94198E+00  2.74781E-03  4.16419E-03  2.38408E+01
  2.95047E+00  2.73639E-03  4.14094E-03  2.39122E+01
  2.95901E+00  2.73456E-03  4.11948E-03  2.39842E+01
  2.96755E+00  2.72510E-03  4.09586E-03  2.40566E+01
  2.97613E+00  2.72192E-03  4.07552E-03  2.41284E+01
  2.98473E+00  2.71638E-03  4.05207E-03  2.42007E+01
  2.99334E+00  2.70573E-03  4.02811E-03  2.42728E+01
  3.00199E+00  2.70138E-03  4.00568E-03  2.43459E+01
  3.01066E+00  2.69417E-03  3.98315E-03  2.44193E+01
  3.01936E+00  2.68293E-03  3.96130E-03  2.44927E+01
  3.02809E+00  2.67686E-03  3.93829E-03  2.45663E+01
  3.03684E+00  2.67305E-03  3.91495E-03  2.46400E+01
  3.04561E+00  2.65928E-03  3.89046E-03  2.47142E+01
  3.05442E+00  2.65095E-03  3.86850E-03  2.47885E+01
  3.06326E+00  2.64206E-03  3.84596E-03  2.48638E+01
  3.07213E+00  2.63439E-03  3.82247E-03  2.49392E+01
  3.08102E+00  2.62821E-03  3.79906E-03  2.50145E+01
  3.08994E+00  2.61313E-03  3.77657E-03  2.50897E+01
  3.09890E+00  2.60054E-03  3.75081E-03  2.51656E+01
  3.10790E+00  2.59465E-03  3.72727E-03  2.52420E+01
  3.11692E+00  2.58378E-03  3.70646E-03  2.53186E+01
  3.12597E+00  2.57371E-03  3.68378E-03  2.53956E+01
  3.13506E+00  2.56365E-03  3.66053E-03  2.54726E+01
  3.14417E+00  2.55051E-03  3.63777E-03  2.55501E+01
  3.15333E+00  2.54160E-03  3.61379E-03  2.56275E+01
  3.16251E+00  2.52784E-03  3.59011E-03  2.57056E+01
  3.17174E+00  2.51801E-03  3.56816E-03  2.57843E+01
  3.18099E+00  2.50545E-03  3.54439E-03  2.58633E+01
  3.19029E+00  2.49269E-03  3.52218E-03  2.59431E+01
  3.19962E+00  2.48178E-03  3.49899E-03  2.60224E+01
  3.20899E+00  2.47060E-03  3.47564E-03  2.61022E+01
  3.21839E+00  2.45544E-03  3.44992E-03  2.61820E+01
  3.22784E+00  2.43981E-03  3.42667E-03  2.62628E+01
  3.23734E+00  2.42802E-03  3.40368E-03  2.63441E+01
  3.24687E+00  2.41617E-03  3.38333E-03  2.64256E+01
  3.25644E+00  2.40744E-03  3.35946E-03  2.65075E+01
  3.26603E+00  2.38859E-03  3.33544E-03  2.65898E+01
  3.27568E+00  2.37244E-03  3.31158E-03  2.66727E+01
  3.28539E+00  2.36068E-03  3.28930E-03  2.67554E+01
  3.29513E+00  2.34892E-03  3.26666E-03  2.68388E+01
  3.30491E+00  2.32933E-03  3.24297E-03  2.69222E+01
  3.31475E+00  2.31616E-03  3.21917E-03  2.70067E+01
  3.32463E+00  2.30488E-03  3.19654E-03  2.70914E+01
  3.33455E+00  2.28779E-03  3.17471E-03  2.71764E+01
  3.34452E+00  2.27105E-03  3.15014E-03  2.72624E+01
  3.35455E+00  2.25516E-03  3.12516E-03  2.73493E+01
  3.36463E+00  2.24115E-03  3.10251E-03  2.74366E+01
  3.37476E+00  2.22276E-03  3.07823E-03  2.75238E+01
  3.38494E+00  2.20953E-03  3.05599E-03  2.76110E+01
  3.39517E+00  2.19201E-03  3.03333E-03  2.76990E+01
  3.40547E+00  2.18009E-03  3.01257E-03  2.77871E+01
  3.41579E+00  2.15881E-03  2.98992E-03  2.78760E+01
  3.42620E+00  2.14667E-03  2.96705E-03  2.79659E+01
  3.43664E+00  2.12680E-03  2.94291E-03  2.80563E+01
  3.44715E+00  2.11015E-03  2.91918E-03  2.81476E+01
  3.45772E+00  2.09461E-03  2.89317E-03  2.82395E+01
  3.46835E+00  2.07436E-03  2.86840E-03  2.83318E+01
  3.47905E+00  2.05550E-03  2.84438E-03  2.84252E+01
  3.48983E+00  2.04148E-03  2.82178E-03  2.85185E+01
  3.50065E+00  2.02586E-03  2.80060E-03  2.86115E+01
  3.51153E+00  2.00688E-03  2.77987E-03  2.87054E+01
  3.52248E+00  1.99026E-03  2.75945E-03  2.88001E+01
  3.53349E+00  1.96994E-03  2.73680E-03  2.88951E+01
  3.54458E+00  1.95661E-03  2.71422E-03  2.89906E+01
  3.55572E+00  1.93560E-03  2.68894E-03  2.90877E+01
  3.56695E+00  1.91758E-03  2.66433E-03  2.91859E+01
  3.57825E+00  1.89892E-03  2.63976E-03  2.92850E+01
  3.58962E+00  1.87774E-03  2.61513E-03  2.93851E+01
  3.60109E+00  1.86081E-03  2.59193E-03  2.94852E+01
  3.61263E+00  1.84141E-03  2.56783E-03  2.95859E+01
  3.62425E+00  1.82134E-03  2.54436E-03  2.96873E+01
  3.63596E+00  1.80754E-03  2.52483E-03  2.97889E+01
  3.64773E+00  1.78584E-03  2.50276E-03  2.98908E+01
  3.65959E+00  1.76580E-03  2.48114E-03  2.99937E+01
  3.67155E+00  1.74760E-03  2.45806E-03  3.00987E+01
  3.68359E+00  1.73243E-03  2.43548E-03  3.02039E+01
  3.69570E+00  1.70971E-03  2.41273E-03  3.03099E+01
  3.70792E+00  1.68900E-03  2.38904E-03  3.04173E+01
  3.72024E+00  1.67260E-03  2.36564E-03  3.05253E+01
  3.73264E+00  1.64887E-03  2.34254E-03  3.06340E+01
  3.74518E+00  1.63304E-03  2.31836E-03  3.07441E+01
  3.75778E+00  1.60967E-03  2.29651E-03  3.08556E+01
  3.77052E+00  1.59391E-03  2.27347E-03  3.09672E+01
  3.78333E+00  1.57022E-03  2.24869E-03  3.10801E+01
  3.79628E+00  1.55180E-03  2.22424E-03  3.11947E+01
  3.80934E+00  1.53079E-03  2.20145E-03  3.13104E+01
  3.82251E+00  1.50876E-03  2.17685E-03  3.14271E+01
  3.83583E+00  1.48974E-03  2.15408E-03  3.15444E+01
  3.84925E+00  1.47085E-03  2.13218E-03  3.16627E+01
  3.86279E+00  1.45262E-03  2.11089E-03  3.17809E+01
  3.87644E+00  1.43192E-03  2.09163E-03  3.18997E+01
  3.89022E+00  1.41269E-03  2.07282E-03  3.20197E+01
  3.90413E+00  1.39519E-03  2.05577E-03  3.21412E+01
  3.91815E+00  1.37599E-03  2.03431E-03  3.22642E+01
  3.93230E+00  1.35502E-03  2.01135E-03  3.23892E+01
  3.94660E+00  1.33415E-03  1.98689E-03  3.25171E+01
  3.96105E+00  1.30884E-03  1.95649E-03  3.26487E+01
  3.97571E+00  1.28838E-03  1.92655E-03  3.27823E+01
  3.99053E+00  1.26592E-03  1.89790E-03  3.29176E+01
  4.00554E+00  1.23973E-03  1.86903E-03  3.30546E+01
  4.02079E+00  1.22071E-03  1.84105E-03  3.31922E+01
  4.03619E+00  1.19717E-03  1.81845E-03  3.33295E+01
  4.05181E+00  1.18251E-03  1.80168E-03  3.34654E+01
  4.06755E+00  1.16380E-03  1.79026E-03  3.36000E+01
  4.08345E+00  1.14981E-03  1.78483E-03  3.37317E+01
  4.09945E+00  1.13728E-03  1.77844E-03  3.38657E+01
  4.11555E+00  1.11946E-03  1.76555E-03  3.40036E+01
  4.13181E+00  1.09996E-03  1.74410E-03  3.41485E+01
  4.14827E+00  1.07596E-03  1.71525E-03  3.42992E+01
  4.16500E+00  1.05136E-03  1.68258E-03  3.44559E+01
  4.18203E+00  1.02669E-03  1.64840E-03  3.46145E+01
  4.19936E+00  1.00479E-03  1.61766E-03  3.47762E+01
  4.21696E+00  9.80234E-04  1.58534E-03  3.49394E+01
  4.23490E+00  9.56098E-04  1.55397E-03  3.51068E+01
  4.25318E+00  9.32708E-04  1.52036E-03  3.52775E+01
  4.27180E+00  9.08994E-04  1.49154E-03  3.54506E+01
  4.29079E+00  8.88576E-04  1.46773E-03  3.56222E+01
  4.31008E+00  8.71647E-04  1.45445E-03  3.57905E+01
  4.32962E+00  8.58835E-04  1.45033E-03  3.59526E+01
  4.34933E+00  8.46209E-04  1.44891E-03  3.61145E+01
  4.36919E+00  8.33122E-04  1.44630E-03  3.62793E+01
  4.38924E+00  8.16946E-04  1.43920E-03  3.64497E+01
  4.40955E+00  8.02654E-04  1.43028E-03  3.66233E+01
  4.43009E+00  7.84739E-04  1.41796E-03  3.68005E+01
  4.45095E+00  7.68185E-04  1.40418E-03  3.69834E+01
  4.47212E+00  7.49101E-04  1.38448E-03  3.71717E+01
  4.49369E+00  7.29813E-04  1.36412E-03  3.73668E+01
  4.51567E+00  7.08553E-04  1.33693E-03  3.75690E+01
  4.53816E+00  6.86273E-04  1.31050E-03  3.77798E+01
  4.56122E+00  6.64691E-04  1.27694E-03  3.79961E+01
  4.58485E+00  6.41689E-04  1.24620E-03  3.82219E+01
  4.60916E+00  6.18245E-04  1.21038E-03  3.84531E+01
  4.63420E+00  5.95598E-04  1.17956E-03  3.86934E+01
  4.66000E+00  5.72799E-04  1.14094E-03  3.89382E+01
  4.68662E+00  5.50766E-04  1.11267E-03  3.92005E+01
  4.71408E+00  5.25772E-04  1.06528E-03  3.94609E+01
  4.74262E+00  5.04561E-04  1.03967E-03  3.97521E+01
  4.77212E+00  4.82358E-04  9.97514E-04  4.00134E+01
  4.80271E+00  4.65770E-04  9.91107E-04  4.03095E+01
  4.83413E+00  4.53367E-04  9.80192E-04  4.05553E+01
  4.86612E+00  4.39686E-04  9.82496E-04  4.08405E+01
  4.89884E+00  4.40494E-04  1.02775E-03  4.10615E+01
  4.93122E+00  4.34845E-04  1.05295E-03  4.12498E+01
  4.96377E+00  4.35576E-04  1.12123E-03  4.15316E+01
  4.99603E+00  4.24432E-04  1.12303E-03  4.17261E+01
  5.02890E+00  4.06977E-04  1.11914E-03  4.20345E+01
  5.06294E+00  3.92969E-04  1.11250E-03  4.22972E+01
  5.09796E+00  3.72709E-04  1.08661E-03  4.26704E+01
  5.13463E+00  3.55839E-04  1.07635E-03  4.29591E+01
  5.17278E+00  3.36057E-04  1.04387E-03  4.33426E+01
  5.21291E+00  3.17678E-04  1.03017E-03  4.36753E+01
  5.25508E+00  2.98086E-04  9.92139E-04  4.41239E+01
  5.29972E+00  2.78407E-04  9.74913E-04  4.45123E+01
  5.34721E+00  2.57298E-04  9.21344E-04  4.50141E+01
  5.39826E+00  2.36013E-04  8.94672E-04  4.54879E+01
  5.45356E+00  2.13594E-04  8.22600E-04  4.61128E+01
  5.51425E+00  1.90918E-04  7.88887E-04  4.67192E+01
  5.58169E+00  1.70234E-04  7.12288E-04  4.74479E+01
  5.65679E+00  1.51404E-04  7.00985E-04  4.81876E+01
  5.74066E+00  1.37287E-04  6.67966E-04  4.89670E+01
  5.83260E+00  1.20803E-04  6.65977E-04  4.98219E+01
  5.93664E+00  1.08752E-04  6.67248E-04  5.07514E+01
  6.05203E+00  9.31732E-05  6.70266E-04  5.17924E+01
  6.18720E+00  7.99804E-05  6.93502E-04  5.29772E+01
  6.34667E+00  6.46577E-05  7.23489E-04  5.43781E+01
  6.55060E+00  5.61155E-05  1.01363E-03  5.56401E+01
  6.81055E+00  4.80422E-05  1.73311E-03  5.60104E+01
  7.41577E+00  1.80063E-05  2.48082E-03  5.71050E+01
