 -4.87089E-10  3.37358E-06  3.28139E-01  1.51036E+00
  1.76065E-01  2.29314E-05  3.28141E-01  3.26327E+00
  2.03055E-01  3.58114E-05  3.28150E-01  3.74668E+00
  2.32225E-01  5.80675E-05  3.28164E-01  4.21213E+00
  2.57413E-01  8.48969E-05  3.28179E-01  4.62009E+00
  2.79744E-01  1.16498E-04  3.28199E-01  4.98535E+00
  2.99853E-01  1.54141E-04  3.28220E-01  5.31569E+00
  3.18045E-01  1.97956E-04  3.28241E-01  5.61626E+00
  3.34622E-01  2.45186E-04  3.28256E-01  5.89329E+00
  3.50011E-01  2.96891E-04  3.28261E-01  6.15218E+00
  3.64417E-01  3.52580E-04  3.28259E-01  6.39582E+00
  3.78005E-01  4.12916E-04  3.28250E-01  6.62666E+00
  3.90877E-01  4.78045E-04  3.28232E-01  6.84626E+00
  4.03111E-01  5.47081E-04  3.28207E-01  7.05568E+00
  4.14793E-01  6.19234E-04  3.28175E-01  7.25639E+00
  4.26003E-01  6.93925E-04  3.28140E-01  7.44956E+00
  4.36809E-01  7.72104E-04  3.28102E-01  7.63581E+00
  4.47250E-01  8.53458E-04  3.28063E-01  7.81558E+00
  4.57363E-01  9.39463E-04  3.28024E-01  7.98900E+00
  4.67160E-01  1.03112E-03  3.27982E-01  8.15615E+00
  4.76650E-01  1.12779E-03  3.27945E-01  8.31711E+00
  4.85846E-01  1.22663E-03  3.27910E-01  8.47246E+00
  4.94783E-01  1.32984E-03  3.27872E-01  8.62284E+00
  5.03477E-01  1.43628E-03  3.27839E-01  8.76895E+00
  5.11945E-01  1.54410E-03  3.27806E-01  8.91168E+00
  5.20216E-01  1.65590E-03  3.27782E-01  9.05146E+00
  5.28297E-01  1.76805E-03  3.27767E-01  9.18890E+00
  5.36214E-01  1.88650E-03  3.27768E-01  9.32416E+00
  5.43962E-01  2.00572E-03  3.27774E-01  9.45723E+00
  5.51560E-01  2.13213E-03  3.27779E-01  9.58769E+00
  5.59002E-01  2.25876E-03  3.27747E-01  9.71596E+00
  5.66305E-01  2.39217E-03  3.27693E-01  9.84191E+00
  5.73465E-01  2.52546E-03  3.27583E-01  9.96565E+00
  5.80500E-01  2.66265E-03  3.27444E-01  1.00866E+01
  5.87413E-01  2.80041E-03  3.27290E-01  1.02050E+01
  5.94215E-01  2.94131E-03  3.27122E-01  1.03211E+01
  6.00911E-01  3.08565E-03  3.26949E-01  1.04349E+01
  6.07504E-01  3.23068E-03  3.26776E-01  1.05470E+01
  6.14002E-01  3.38086E-03  3.26621E-01  1.06576E+01
  6.20404E-01  3.53439E-03  3.26510E-01  1.07670E+01
  6.26713E-01  3.69123E-03  3.26434E-01  1.08756E+01
  6.32933E-01  3.84999E-03  3.26396E-01  1.09835E+01
  6.39067E-01  4.01139E-03  3.26356E-01  1.10903E+01
  6.45119E-01  4.17649E-03  3.26322E-01  1.11955E+01
  6.51091E-01  4.34121E-03  3.26275E-01  1.12988E+01
  6.56990E-01  4.51101E-03  3.26195E-01  1.14007E+01
  6.62814E-01  4.68009E-03  3.26078E-01  1.15009E+01
  6.68571E-01  4.85237E-03  3.25926E-01  1.15994E+01
  6.74262E-01  5.02804E-03  3.25780E-01  1.16967E+01
  6.79887E-01  5.20716E-03  3.25634E-01  1.17928E+01
  6.85449E-01  5.38870E-03  3.25476E-01  1.18882E+01
  6.90948E-01  5.56572E-03  3.25333E-01  1.19825E+01
  6.96393E-01  5.75106E-03  3.25202E-01  1.20758E+01
  7.01781E-01  5.93962E-03  3.25084E-01  1.21679E+01
  7.07112E-01  6.12294E-03  3.24953E-01  1.22592E+01
  7.12394E-01  6.31664E-03  3.24801E-01  1.23497E+01
  7.17622E-01  6.50443E-03  3.24610E-01  1.24392E+01
  7.22803E-01  6.70331E-03  3.24389E-01  1.25281E+01
  7.27932E-01  6.89212E-03  3.24148E-01  1.26167E+01
  7.33020E-01  7.09040E-03  3.23904E-01  1.27053E+01
  7.38062E-01  7.29089E-03  3.23675E-01  1.27938E+01
  7.43059E-01  7.48831E-03  3.23472E-01  1.28821E+01
  7.48015E-01  7.69335E-03  3.23309E-01  1.29698E+01
  7.52928E-01  7.90198E-03  3.23179E-01  1.30563E+01
  7.57798E-01  8.10691E-03  3.23062E-01  1.31410E+01
  7.62629E-01  8.31208E-03  3.22923E-01  1.32240E+01
  7.67423E-01  8.52186E-03  3.22772E-01  1.33059E+01
  7.72180E-01  8.73161E-03  3.22519E-01  1.33861E+01
  7.76901E-01  8.94508E-03  3.22242E-01  1.34652E+01
  7.81585E-01  9.15136E-03  3.21928E-01  1.35446E+01
  7.86239E-01  9.36440E-03  3.21629E-01  1.36243E+01
  7.90860E-01  9.57429E-03  3.21316E-01  1.37045E+01
  7.95452E-01  9.79139E-03  3.21022E-01  1.37851E+01
  8.00011E-01  1.00076E-02  3.20749E-01  1.38658E+01
  8.04540E-01  1.02273E-02  3.20483E-01  1.39463E+01
  8.09039E-01  1.04487E-02  3.20241E-01  1.40260E+01
  8.13507E-01  1.06671E-02  3.20054E-01  1.41042E+01
  8.17948E-01  1.08873E-02  3.19856E-01  1.41812E+01
  8.22362E-01  1.11080E-02  3.19652E-01  1.42572E+01
  8.26749E-01  1.13382E-02  3.19443E-01  1.43326E+01
  8.31107E-01  1.15590E-02  3.19202E-01  1.44075E+01
  8.35441E-01  1.17758E-02  3.18900E-01  1.44827E+01
  8.39752E-01  1.20080E-02  3.18560E-01  1.45581E+01
  8.44036E-01  1.22231E-02  3.18154E-01  1.46335E+01
  8.48301E-01  1.24456E-02  3.17755E-01  1.47083E+01
  8.52543E-01  1.26719E-02  3.17372E-01  1.47824E+01
  8.56762E-01  1.28937E-02  3.17039E-01  1.48558E+01
  8.60962E-01  1.31287E-02  3.16760E-01  1.49283E+01
  8.65137E-01  1.33572E-02  3.16515E-01  1.50004E+01
  8.69291E-01  1.35784E-02  3.16277E-01  1.50724E+01
  8.73426E-01  1.38202E-02  3.16022E-01  1.51441E+01
  8.77537E-01  1.40314E-02  3.15713E-01  1.52154E+01
  8.81634E-01  1.42670E-02  3.15338E-01  1.52866E+01
  8.85710E-01  1.44971E-02  3.14940E-01  1.53582E+01
  8.89767E-01  1.47139E-02  3.14544E-01  1.54304E+01
  8.93809E-01  1.49501E-02  3.14171E-01  1.55029E+01
  8.97831E-01  1.51759E-02  3.13790E-01  1.55749E+01
  9.01836E-01  1.54037E-02  3.13368E-01  1.56456E+01
  9.05825E-01  1.56311E-02  3.12917E-01  1.57149E+01
  9.09798E-01  1.58471E-02  3.12445E-01  1.57831E+01
  9.13757E-01  1.60770E-02  3.11985E-01  1.58510E+01
  9.17701E-01  1.62986E-02  3.11559E-01  1.59186E+01
  9.21630E-01  1.65292E-02  3.11210E-01  1.59864E+01
  9.25544E-01  1.67599E-02  3.10941E-01  1.60551E+01
  9.29442E-01  1.69868E-02  3.10667E-01  1.61244E+01
  9.33325E-01  1.72149E-02  3.10365E-01  1.61935E+01
  9.37195E-01  1.74482E-02  3.09983E-01  1.62622E+01
  9.41049E-01  1.76672E-02  3.09515E-01  1.63300E+01
  9.44891E-01  1.78899E-02  3.09008E-01  1.63979E+01
  9.48720E-01  1.81022E-02  3.08434E-01  1.64657E+01
  9.52540E-01  1.83221E-02  3.07939E-01  1.65330E+01
  9.56348E-01  1.85414E-02  3.07428E-01  1.66003E+01
  9.60144E-01  1.87660E-02  3.06955E-01  1.66674E+01
  9.63928E-01  1.89739E-02  3.06501E-01  1.67344E+01
  9.67703E-01  1.92059E-02  3.06031E-01  1.68012E+01
  9.71464E-01  1.94188E-02  3.05594E-01  1.68680E+01
  9.75216E-01  1.96267E-02  3.05113E-01  1.69348E+01
  9.78959E-01  1.98543E-02  3.04616E-01  1.70012E+01
  9.82690E-01  2.00600E-02  3.04097E-01  1.70668E+01
  9.86412E-01  2.02649E-02  3.03576E-01  1.71317E+01
  9.90126E-01  2.04815E-02  3.03084E-01  1.71963E+01
  9.93831E-01  2.07100E-02  3.02655E-01  1.72612E+01
  9.97523E-01  2.08991E-02  3.02254E-01  1.73269E+01
  1.00121E+00  2.11351E-02  3.01804E-01  1.73931E+01
  1.00488E+00  2.13193E-02  3.01295E-01  1.74594E+01
  1.00855E+00  2.15345E-02  3.00747E-01  1.75253E+01
  1.01221E+00  2.17415E-02  3.00110E-01  1.75905E+01
  1.01586E+00  2.19203E-02  2.99463E-01  1.76550E+01
  1.01951E+00  2.21241E-02  2.98822E-01  1.77194E+01
  1.02315E+00  2.23212E-02  2.98248E-01  1.77841E+01
  1.02678E+00  2.25348E-02  2.97755E-01  1.78490E+01
  1.03041E+00  2.27190E-02  2.97314E-01  1.79141E+01
  1.03403E+00  2.29250E-02  2.96867E-01  1.79791E+01
  1.03764E+00  2.31243E-02  2.96360E-01  1.80436E+01
  1.04124E+00  2.33158E-02  2.95751E-01  1.81076E+01
  1.04484E+00  2.34948E-02  2.95062E-01  1.81715E+01
  1.04843E+00  2.36828E-02  2.94378E-01  1.82356E+01
  1.05202E+00  2.38577E-02  2.93669E-01  1.82995E+01
  1.05560E+00  2.40421E-02  2.93076E-01  1.83637E+01
  1.05918E+00  2.42176E-02  2.92495E-01  1.84280E+01
  1.06275E+00  2.44154E-02  2.91972E-01  1.84927E+01
  1.06632E+00  2.45777E-02  2.91397E-01  1.85574E+01
  1.06988E+00  2.47671E-02  2.90918E-01  1.86220E+01
  1.07344E+00  2.49354E-02  2.90286E-01  1.86866E+01
  1.07700E+00  2.51173E-02  2.89724E-01  1.87504E+01
  1.08055E+00  2.52727E-02  2.89039E-01  1.88142E+01
  1.08409E+00  2.54509E-02  2.88324E-01  1.88775E+01
  1.08763E+00  2.56200E-02  2.87644E-01  1.89405E+01
  1.09117E+00  2.57727E-02  2.86941E-01  1.90044E+01
  1.09471E+00  2.59205E-02  2.86285E-01  1.90683E+01
  1.09824E+00  2.61020E-02  2.85675E-01  1.91318E+01
  1.10177E+00  2.62455E-02  2.85031E-01  1.91961E+01
  1.10530E+00  2.64021E-02  2.84369E-01  1.92605E+01
  1.10882E+00  2.65456E-02  2.83688E-01  1.93240E+01
  1.11234E+00  2.67068E-02  2.83052E-01  1.93874E+01
  1.11586E+00  2.68410E-02  2.82358E-01  1.94515E+01
  1.11938E+00  2.69899E-02  2.81588E-01  1.95163E+01
  1.12290E+00  2.71141E-02  2.80834E-01  1.95808E+01
  1.12641E+00  2.72678E-02  2.80192E-01  1.96446E+01
  1.12993E+00  2.74208E-02  2.79575E-01  1.97087E+01
  1.13343E+00  2.75407E-02  2.78878E-01  1.97722E+01
  1.13694E+00  2.76673E-02  2.78153E-01  1.98361E+01
  1.14045E+00  2.78079E-02  2.77412E-01  1.99001E+01
  1.14396E+00  2.79174E-02  2.76719E-01  1.99643E+01
  1.14747E+00  2.80517E-02  2.75962E-01  2.00284E+01
  1.15097E+00  2.81550E-02  2.75234E-01  2.00919E+01
  1.15448E+00  2.82954E-02  2.74493E-01  2.01561E+01
  1.15798E+00  2.84005E-02  2.73828E-01  2.02205E+01
  1.16149E+00  2.85451E-02  2.73221E-01  2.02854E+01
  1.16499E+00  2.86371E-02  2.72530E-01  2.03501E+01
  1.16849E+00  2.87562E-02  2.71818E-01  2.04155E+01
  1.17200E+00  2.88557E-02  2.70999E-01  2.04801E+01
  1.17550E+00  2.89575E-02  2.70127E-01  2.05433E+01
  1.17901E+00  2.90342E-02  2.69222E-01  2.06062E+01
  1.18251E+00  2.91256E-02  2.68429E-01  2.06701E+01
  1.18602E+00  2.92509E-02  2.67638E-01  2.07355E+01
  1.18953E+00  2.93003E-02  2.66877E-01  2.08014E+01
  1.19304E+00  2.93966E-02  2.66208E-01  2.08674E+01
  1.19655E+00  2.95023E-02  2.65522E-01  2.09329E+01
  1.20007E+00  2.96105E-02  2.64743E-01  2.09985E+01
  1.20358E+00  2.96488E-02  2.63881E-01  2.10628E+01
  1.20709E+00  2.97161E-02  2.63052E-01  2.11268E+01
  1.21061E+00  2.98079E-02  2.62234E-01  2.11924E+01
  1.21413E+00  2.98785E-02  2.61440E-01  2.12580E+01
  1.21765E+00  2.99817E-02  2.60637E-01  2.13237E+01
  1.22117E+00  2.99922E-02  2.59867E-01  2.13896E+01
  1.22470E+00  3.00639E-02  2.59069E-01  2.14551E+01
  1.22823E+00  3.01530E-02  2.58265E-01  2.15206E+01
  1.23176E+00  3.01822E-02  2.57472E-01  2.15866E+01
  1.23530E+00  3.02370E-02  2.56603E-01  2.16526E+01
  1.23884E+00  3.03066E-02  2.55773E-01  2.17192E+01
  1.24238E+00  3.03483E-02  2.54890E-01  2.17857E+01
  1.24592E+00  3.03812E-02  2.54088E-01  2.18523E+01
  1.24947E+00  3.04274E-02  2.53300E-01  2.19189E+01
  1.25302E+00  3.04577E-02  2.52427E-01  2.19854E+01
  1.25657E+00  3.05011E-02  2.51527E-01  2.20519E+01
  1.26013E+00  3.05413E-02  2.50689E-01  2.21191E+01
  1.26370E+00  3.05743E-02  2.49827E-01  2.21864E+01
  1.26726E+00  3.05887E-02  2.49020E-01  2.22538E+01
  1.27083E+00  3.05957E-02  2.48164E-01  2.23217E+01
  1.27441E+00  3.06240E-02  2.47246E-01  2.23891E+01
  1.27799E+00  3.06573E-02  2.46333E-01  2.24563E+01
  1.28158E+00  3.06649E-02  2.45489E-01  2.25241E+01
  1.28517E+00  3.06915E-02  2.44660E-01  2.25922E+01
  1.28876E+00  3.06570E-02  2.43876E-01  2.26605E+01
  1.29237E+00  3.07014E-02  2.43025E-01  2.27293E+01
  1.29597E+00  3.07323E-02  2.42079E-01  2.27980E+01
  1.29958E+00  3.06505E-02  2.41116E-01  2.28662E+01
  1.30320E+00  3.06794E-02  2.40177E-01  2.29349E+01
  1.30683E+00  3.07083E-02  2.39283E-01  2.30042E+01
  1.31045E+00  3.06451E-02  2.38406E-01  2.30734E+01
  1.31409E+00  3.06648E-02  2.37512E-01  2.31437E+01
  1.31773E+00  3.06581E-02  2.36635E-01  2.32135E+01
  1.32138E+00  3.06118E-02  2.35726E-01  2.32829E+01
  1.32504E+00  3.06268E-02  2.34770E-01  2.33525E+01
  1.32870E+00  3.05541E-02  2.33864E-01  2.34223E+01
  1.33237E+00  3.05787E-02  2.32907E-01  2.34930E+01
  1.33605E+00  3.04866E-02  2.32009E-01  2.35644E+01
  1.33974E+00  3.05180E-02  2.31124E-01  2.36359E+01
  1.34342E+00  3.04263E-02  2.30240E-01  2.37071E+01
  1.34713E+00  3.04320E-02  2.29365E-01  2.37783E+01
  1.35083E+00  3.03545E-02  2.28394E-01  2.38493E+01
  1.35455E+00  3.03276E-02  2.27415E-01  2.39202E+01
  1.35828E+00  3.03034E-02  2.26475E-01  2.39918E+01
  1.36200E+00  3.02010E-02  2.25519E-01  2.40639E+01
  1.36575E+00  3.01844E-02  2.24569E-01  2.41368E+01
  1.36950E+00  3.01352E-02  2.23601E-01  2.42109E+01
  1.37326E+00  3.00365E-02  2.22679E-01  2.42849E+01
  1.37703E+00  2.99839E-02  2.21753E-01  2.43583E+01
  1.38081E+00  2.99759E-02  2.20748E-01  2.44318E+01
  1.38459E+00  2.98478E-02  2.19723E-01  2.45054E+01
  1.38839E+00  2.97857E-02  2.18775E-01  2.45790E+01
  1.39220E+00  2.96996E-02  2.17821E-01  2.46531E+01
  1.39602E+00  2.96443E-02  2.16889E-01  2.47275E+01
  1.39984E+00  2.96168E-02  2.15916E-01  2.48020E+01
  1.40368E+00  2.94761E-02  2.14964E-01  2.48763E+01
  1.40753E+00  2.93788E-02  2.14048E-01  2.49520E+01
  1.41139E+00  2.93279E-02  2.13032E-01  2.50283E+01
  1.41526E+00  2.92221E-02  2.12055E-01  2.51043E+01
  1.41914E+00  2.91412E-02  2.11100E-01  2.51809E+01
  1.42304E+00  2.90533E-02  2.10075E-01  2.52583E+01
  1.42694E+00  2.89217E-02  2.09018E-01  2.53357E+01
  1.43086E+00  2.88532E-02  2.08001E-01  2.54133E+01
  1.43479E+00  2.87296E-02  2.07001E-01  2.54907E+01
  1.43874E+00  2.86364E-02  2.05993E-01  2.55686E+01
  1.44269E+00  2.85206E-02  2.04996E-01  2.56472E+01
  1.44666E+00  2.84120E-02  2.04016E-01  2.57262E+01
  1.45065E+00  2.83094E-02  2.02996E-01  2.58050E+01
  1.45464E+00  2.82122E-02  2.02062E-01  2.58838E+01
  1.45865E+00  2.80814E-02  2.01004E-01  2.59635E+01
  1.46267E+00  2.79215E-02  1.99991E-01  2.60433E+01
  1.46671E+00  2.78259E-02  1.98996E-01  2.61243E+01
  1.47077E+00  2.76951E-02  1.97967E-01  2.62048E+01
  1.47484E+00  2.76267E-02  1.96976E-01  2.62857E+01
  1.47891E+00  2.74485E-02  1.95963E-01  2.63681E+01
  1.48301E+00  2.72887E-02  1.94945E-01  2.64509E+01
  1.48713E+00  2.71823E-02  1.93921E-01  2.65338E+01
  1.49126E+00  2.70829E-02  1.92882E-01  2.66165E+01
  1.49540E+00  2.68688E-02  1.91778E-01  2.66993E+01
  1.49957E+00  2.67463E-02  1.90695E-01  2.67829E+01
  1.50375E+00  2.66438E-02  1.89612E-01  2.68670E+01
  1.50794E+00  2.64640E-02  1.88603E-01  2.69512E+01
  1.51216E+00  2.63042E-02  1.87556E-01  2.70370E+01
  1.51639E+00  2.61662E-02  1.86541E-01  2.71231E+01
  1.52065E+00  2.60302E-02  1.85505E-01  2.72092E+01
  1.52492E+00  2.58542E-02  1.84507E-01  2.72954E+01
  1.52921E+00  2.57294E-02  1.83410E-01  2.73821E+01
  1.53351E+00  2.55364E-02  1.82327E-01  2.74694E+01
  1.53784E+00  2.54205E-02  1.81293E-01  2.75576E+01
  1.54219E+00  2.52021E-02  1.80259E-01  2.76458E+01
  1.54656E+00  2.50813E-02  1.79147E-01  2.77350E+01
  1.55095E+00  2.48753E-02  1.78057E-01  2.78244E+01
  1.55536E+00  2.47122E-02  1.77006E-01  2.79152E+01
  1.55980E+00  2.45725E-02  1.75942E-01  2.80060E+01
  1.56425E+00  2.43794E-02  1.74856E-01  2.80970E+01
  1.56873E+00  2.41860E-02  1.73802E-01  2.81889E+01
  1.57323E+00  2.40422E-02  1.72689E-01  2.82810E+01
  1.57775E+00  2.38739E-02  1.71557E-01  2.83740E+01
  1.58230E+00  2.36685E-02  1.70467E-01  2.84675E+01
  1.58687E+00  2.34769E-02  1.69398E-01  2.85621E+01
  1.59147E+00  2.32691E-02  1.68333E-01  2.86572E+01
  1.59611E+00  2.31351E-02  1.67239E-01  2.87518E+01
  1.60075E+00  2.29210E-02  1.66200E-01  2.88469E+01
  1.60543E+00  2.27549E-02  1.65142E-01  2.89436E+01
  1.61013E+00  2.25670E-02  1.64011E-01  2.90419E+01
  1.61486E+00  2.23431E-02  1.62817E-01  2.91413E+01
  1.61963E+00  2.21605E-02  1.61661E-01  2.92410E+01
  1.62442E+00  2.19690E-02  1.60544E-01  2.93405E+01
  1.62924E+00  2.17627E-02  1.59447E-01  2.94403E+01
  1.63409E+00  2.16016E-02  1.58361E-01  2.95397E+01
  1.63896E+00  2.13733E-02  1.57380E-01  2.96407E+01
  1.64387E+00  2.11612E-02  1.56348E-01  2.97433E+01
  1.64882E+00  2.09769E-02  1.55234E-01  2.98466E+01
  1.65380E+00  2.07987E-02  1.53981E-01  2.99518E+01
  1.65880E+00  2.05444E-02  1.52753E-01  3.00582E+01
  1.66385E+00  2.03239E-02  1.51513E-01  3.01658E+01
  1.66894E+00  2.01445E-02  1.50309E-01  3.02731E+01
  1.67405E+00  1.98927E-02  1.49227E-01  3.03807E+01
  1.67922E+00  1.97377E-02  1.48177E-01  3.04883E+01
  1.68441E+00  1.94865E-02  1.47165E-01  3.05962E+01
  1.68965E+00  1.93342E-02  1.46142E-01  3.07045E+01
  1.69491E+00  1.90779E-02  1.45035E-01  3.08154E+01
  1.70022E+00  1.88910E-02  1.43850E-01  3.09290E+01
  1.70557E+00  1.86543E-02  1.42630E-01  3.10434E+01
  1.71096E+00  1.84075E-02  1.41361E-01  3.11598E+01
  1.71641E+00  1.81957E-02  1.40079E-01  3.12776E+01
  1.72190E+00  1.79812E-02  1.38852E-01  3.13956E+01
  1.72744E+00  1.77765E-02  1.37707E-01  3.15132E+01
  1.73302E+00  1.75329E-02  1.36626E-01  3.16307E+01
  1.73865E+00  1.73101E-02  1.35530E-01  3.17500E+01
  1.74434E+00  1.71013E-02  1.34426E-01  3.18707E+01
  1.75007E+00  1.68776E-02  1.33288E-01  3.19931E+01
  1.75585E+00  1.66487E-02  1.32134E-01  3.21171E+01
  1.76169E+00  1.64236E-02  1.30939E-01  3.22431E+01
  1.76758E+00  1.61724E-02  1.29733E-01  3.23706E+01
  1.77355E+00  1.59727E-02  1.28533E-01  3.24991E+01
  1.77955E+00  1.57464E-02  1.27302E-01  3.26289E+01
  1.78562E+00  1.54798E-02  1.26102E-01  3.27603E+01
  1.79177E+00  1.52929E-02  1.24889E-01  3.28939E+01
  1.79796E+00  1.50129E-02  1.23619E-01  3.30300E+01
  1.80424E+00  1.48162E-02  1.22332E-01  3.31679E+01
  1.81058E+00  1.45507E-02  1.21055E-01  3.33073E+01
  1.81700E+00  1.43100E-02  1.19789E-01  3.34481E+01
  1.82350E+00  1.41030E-02  1.18587E-01  3.35890E+01
  1.83006E+00  1.38630E-02  1.17494E-01  3.37299E+01
  1.83670E+00  1.36527E-02  1.16518E-01  3.38709E+01
  1.84342E+00  1.34234E-02  1.15563E-01  3.40127E+01
  1.85021E+00  1.31979E-02  1.14550E-01  3.41570E+01
  1.85709E+00  1.29725E-02  1.13426E-01  3.43058E+01
  1.86405E+00  1.27450E-02  1.12090E-01  3.44610E+01
  1.87109E+00  1.24771E-02  1.10522E-01  3.46229E+01
  1.87825E+00  1.22082E-02  1.08812E-01  3.47913E+01
  1.88553E+00  1.19426E-02  1.07036E-01  3.49637E+01
  1.89294E+00  1.16686E-02  1.05352E-01  3.51382E+01
  1.90047E+00  1.14178E-02  1.03914E-01  3.53095E+01
  1.90813E+00  1.11964E-02  1.02884E-01  3.54746E+01
  1.91590E+00  1.10099E-02  1.02310E-01  3.56311E+01
  1.92375E+00  1.08431E-02  1.02069E-01  3.57817E+01
  1.93168E+00  1.06661E-02  1.01773E-01  3.59345E+01
  1.93969E+00  1.04448E-02  1.01059E-01  3.61010E+01
  1.94783E+00  1.02179E-02  9.96895E-02  3.62849E+01
  1.95610E+00  9.93756E-03  9.79296E-02  3.64848E+01
  1.96455E+00  9.65754E-03  9.59192E-02  3.66906E+01
  1.97320E+00  9.38652E-03  9.39698E-02  3.69051E+01
  1.98205E+00  9.09854E-03  9.18124E-02  3.71239E+01
  1.99111E+00  8.82568E-03  8.98064E-02  3.73541E+01
  2.00040E+00  8.52813E-03  8.76962E-02  3.75791E+01
  2.00995E+00  8.31438E-03  8.64555E-02  3.78042E+01
  2.01969E+00  8.11079E-03  8.57484E-02  3.79971E+01
  2.02960E+00  7.93864E-03  8.56311E-02  3.81930E+01
  2.03966E+00  7.77257E-03  8.55726E-02  3.83829E+01
  2.04987E+00  7.60321E-03  8.53288E-02  3.85817E+01
  2.06024E+00  7.41490E-03  8.50100E-02  3.87824E+01
  2.07081E+00  7.22244E-03  8.44784E-02  3.90015E+01
  2.08159E+00  7.02817E-03  8.39051E-02  3.92276E+01
  2.09259E+00  6.80216E-03  8.27673E-02  3.94677E+01
  2.10388E+00  6.56726E-03  8.14996E-02  3.97220E+01
  2.11550E+00  6.32394E-03  7.98595E-02  4.00062E+01
  2.12749E+00  6.05926E-03  7.79242E-02  4.03023E+01
  2.13992E+00  5.78534E-03  7.55771E-02  4.06217E+01
  2.15285E+00  5.51974E-03  7.34063E-02  4.09575E+01
  2.16631E+00  5.23873E-03  7.08380E-02  4.13154E+01
  2.18039E+00  4.96437E-03  6.84291E-02  4.16884E+01
  2.19514E+00  4.68843E-03  6.57075E-02  4.20870E+01
  2.21065E+00  4.43026E-03  6.35631E-02  4.24993E+01
  2.22693E+00  4.19529E-03  6.16316E-02  4.28858E+01
  2.24400E+00  4.01875E-03  6.14299E-02  4.32451E+01
  2.26168E+00  3.87280E-03  6.17450E-02  4.35709E+01
  2.27989E+00  3.74369E-03  6.29061E-02  4.38460E+01
  2.29859E+00  3.70157E-03  6.66908E-02  4.40576E+01
  2.31739E+00  3.59826E-03  6.91835E-02  4.42334E+01
  2.33662E+00  3.43815E-03  7.02332E-02  4.46118E+01
  2.35665E+00  3.23672E-03  6.99086E-02  4.49979E+01
  2.37783E+00  3.00799E-03  6.87082E-02  4.54818E+01
  2.40053E+00  2.78732E-03  6.78752E-02  4.59822E+01
  2.42496E+00  2.54859E-03  6.61885E-02  4.65802E+01
  2.45160E+00  2.31126E-03  6.47018E-02  4.71948E+01
  2.48094E+00  2.05604E-03  6.21114E-02  4.79810E+01
  2.51390E+00  1.79853E-03  5.94900E-02  4.88504E+01
  2.55162E+00  1.51443E-03  5.46023E-02  5.00515E+01
  2.59655E+00  1.23926E-03  5.02568E-02  5.14520E+01
  2.65182E+00  9.94833E-04  4.63463E-02  5.30765E+01
  2.72158E+00  7.80179E-04  4.64324E-02  5.46512E+01
  2.81334E+00  5.63829E-04  4.69191E-02  5.71721E+01
  2.95227E+00  3.34187E-04  5.01365E-02  6.08042E+01
  3.38966E+00  1.25693E-04  6.08692E-02  6.49417E+01
