 -1.38573E-10  3.32690E-04  1.96797E-08  2.21794E-05
  3.81087E-02  3.50743E-04  1.96799E-08  5.86586E-05
  6.26485E-02  3.54088E-04  1.96802E-08  8.72191E-05
  8.73171E-02  3.40680E-04  1.96804E-08  1.16324E-04
  1.12881E-01  2.12444E-03  1.96808E-08  1.33954E-04
  1.17725E-01  2.42914E-03  1.96814E-08  1.39930E-04
  1.23304E-01  2.67102E-03  1.96821E-08  1.46719E-04
  1.29572E-01  3.27917E-03  1.96830E-08  1.53735E-04
  1.35633E-01  3.88505E-03  1.96844E-08  1.60492E-04
  1.41558E-01  4.52982E-03  1.96859E-08  1.67048E-04
  1.47332E-01  5.17826E-03  1.96876E-08  1.73436E-04
  1.52986E-01  5.86015E-03  1.96893E-08  1.79719E-04
  1.58512E-01  6.66717E-03  1.96899E-08  1.85892E-04
  1.63834E-01  7.60905E-03  1.96893E-08  1.91849E-04
  1.68909E-01  8.66829E-03  1.96873E-08  1.97617E-04
  1.73731E-01  9.84891E-03  1.96840E-08  2.03142E-04
  1.78304E-01  1.11279E-02  1.96798E-08  2.08446E-04
  1.82650E-01  1.24817E-02  1.96753E-08  2.13514E-04
  1.86796E-01  1.38972E-02  1.96719E-08  2.18337E-04
  1.90767E-01  1.53638E-02  1.96706E-08  2.22900E-04
  1.94588E-01  1.69062E-02  1.96713E-08  2.27291E-04
  1.98270E-01  1.85521E-02  1.96748E-08  2.31418E-04
  2.01820E-01  2.03219E-02  1.96811E-08  2.35314E-04
  2.05241E-01  2.21258E-02  1.96900E-08  2.38996E-04
  2.08551E-01  2.37512E-02  1.96995E-08  2.42527E-04
  2.11793E-01  2.49909E-02  1.97085E-08  2.46027E-04
  2.15025E-01  2.59660E-02  1.97143E-08  2.49607E-04
  2.18279E-01  2.70588E-02  1.97156E-08  2.53349E-04
  2.21537E-01  2.84940E-02  1.97140E-08  2.57162E-04
  2.24760E-01  3.02573E-02  1.97112E-08  2.61005E-04
  2.27916E-01  3.22825E-02  1.97076E-08  2.64820E-04
  2.30988E-01  3.44152E-02  1.97041E-08  2.68540E-04
  2.33979E-01  3.66164E-02  1.97019E-08  2.72116E-04
  2.36893E-01  3.88713E-02  1.97001E-08  2.75533E-04
  2.39736E-01  4.11158E-02  1.96996E-08  2.78814E-04
  2.42518E-01  4.34520E-02  1.96991E-08  2.81964E-04
  2.45239E-01  4.58181E-02  1.97005E-08  2.85028E-04
  2.47905E-01  4.83062E-02  1.97039E-08  2.88013E-04
  2.50515E-01  5.08109E-02  1.97083E-08  2.90965E-04
  2.53074E-01  5.33430E-02  1.97140E-08  2.93880E-04
  2.55587E-01  5.56196E-02  1.97201E-08  2.96791E-04
  2.58070E-01  5.75021E-02  1.97263E-08  2.99683E-04
  2.60540E-01  5.91775E-02  1.97320E-08  3.02538E-04
  2.63009E-01  6.08845E-02  1.97363E-08  3.05367E-04
  2.65473E-01  6.29182E-02  1.97386E-08  3.08168E-04
  2.67921E-01  6.52487E-02  1.97387E-08  3.10951E-04
  2.70342E-01  6.78967E-02  1.97395E-08  3.13709E-04
  2.72727E-01  7.07422E-02  1.97413E-08  3.16437E-04
  2.75072E-01  7.35942E-02  1.97440E-08  3.19156E-04
  2.77381E-01  7.65890E-02  1.97498E-08  3.21867E-04
  2.79653E-01  7.96519E-02  1.97566E-08  3.24537E-04
  2.81888E-01  8.26992E-02  1.97635E-08  3.27130E-04
  2.84090E-01  8.57961E-02  1.97687E-08  3.29651E-04
  2.86261E-01  8.89051E-02  1.97715E-08  3.32117E-04
  2.88401E-01  9.17678E-02  1.97717E-08  3.34533E-04
  2.90520E-01  9.42163E-02  1.97716E-08  3.36936E-04
  2.92628E-01  9.63318E-02  1.97718E-08  3.39335E-04
  2.94732E-01  9.83954E-02  1.97740E-08  3.41793E-04
  2.96833E-01  1.00711E-01  1.97803E-08  3.44306E-04
  2.98927E-01  1.03409E-01  1.97880E-08  3.46823E-04
  3.01006E-01  1.06435E-01  1.97971E-08  3.49325E-04
  3.03063E-01  1.09663E-01  1.98057E-08  3.51790E-04
  3.05098E-01  1.13063E-01  1.98102E-08  3.54163E-04
  3.07107E-01  1.16400E-01  1.98132E-08  3.56434E-04
  3.09094E-01  1.19840E-01  1.98146E-08  3.58647E-04
  3.11059E-01  1.23259E-01  1.98153E-08  3.60841E-04
  3.13002E-01  1.26544E-01  1.98149E-08  3.63052E-04
  3.14928E-01  1.29605E-01  1.98191E-08  3.65272E-04
  3.16840E-01  1.32336E-01  1.98279E-08  3.67521E-04
  3.18744E-01  1.34943E-01  1.98382E-08  3.69796E-04
  3.20642E-01  1.37445E-01  1.98489E-08  3.72073E-04
  3.22535E-01  1.40135E-01  1.98585E-08  3.74347E-04
  3.24421E-01  1.43215E-01  1.98653E-08  3.76606E-04
  3.26295E-01  1.46443E-01  1.98710E-08  3.78820E-04
  3.28155E-01  1.49966E-01  1.98750E-08  3.80994E-04
  3.29999E-01  1.53389E-01  1.98799E-08  3.83107E-04
  3.31829E-01  1.57039E-01  1.98840E-08  3.85188E-04
  3.33642E-01  1.60453E-01  1.98884E-08  3.87265E-04
  3.35442E-01  1.63955E-01  1.98928E-08  3.89300E-04
  3.37228E-01  1.67057E-01  1.98992E-08  3.91354E-04
  3.39006E-01  1.70194E-01  1.99053E-08  3.93439E-04
  3.40775E-01  1.73019E-01  1.99128E-08  3.95563E-04
  3.42538E-01  1.75765E-01  1.99215E-08  3.97727E-04
  3.44298E-01  1.78747E-01  1.99313E-08  3.99885E-04
  3.46050E-01  1.81971E-01  1.99388E-08  4.02020E-04
  3.47793E-01  1.85304E-01  1.99465E-08  4.04119E-04
  3.49527E-01  1.88754E-01  1.99557E-08  4.06171E-04
  3.51251E-01  1.92387E-01  1.99650E-08  4.08155E-04
  3.52962E-01  1.96002E-01  1.99733E-08  4.10113E-04
  3.54663E-01  1.99479E-01  1.99794E-08  4.12051E-04
  3.56354E-01  2.02814E-01  1.99868E-08  4.14016E-04
  3.58037E-01  2.05988E-01  1.99949E-08  4.16010E-04
  3.59714E-01  2.09101E-01  2.00028E-08  4.18018E-04
  3.61384E-01  2.12047E-01  2.00074E-08  4.20046E-04
  3.63050E-01  2.15269E-01  2.00134E-08  4.22058E-04
  3.64709E-01  2.18427E-01  2.00202E-08  4.24036E-04
  3.66363E-01  2.21731E-01  2.00302E-08  4.25994E-04
  3.68009E-01  2.25315E-01  2.00396E-08  4.27925E-04
  3.69647E-01  2.28811E-01  2.00496E-08  4.29862E-04
  3.71276E-01  2.32376E-01  2.00600E-08  4.31805E-04
  3.72898E-01  2.35960E-01  2.00708E-08  4.33740E-04
  3.74511E-01  2.39332E-01  2.00810E-08  4.35687E-04
  3.76118E-01  2.42708E-01  2.00894E-08  4.37624E-04
  3.77718E-01  2.45878E-01  2.00965E-08  4.39549E-04
  3.79313E-01  2.49219E-01  2.01061E-08  4.41470E-04
  3.80903E-01  2.52362E-01  2.01153E-08  4.43367E-04
  3.82487E-01  2.55254E-01  2.01264E-08  4.45244E-04
  3.84069E-01  2.58607E-01  2.01361E-08  4.47129E-04
  3.85645E-01  2.61809E-01  2.01460E-08  4.49018E-04
  3.87216E-01  2.65099E-01  2.01548E-08  4.50928E-04
  3.88781E-01  2.68549E-01  2.01647E-08  4.52846E-04
  3.90341E-01  2.71728E-01  2.01712E-08  4.54764E-04
  3.91896E-01  2.75072E-01  2.01798E-08  4.56668E-04
  3.93445E-01  2.78452E-01  2.01870E-08  4.58575E-04
  3.94989E-01  2.81599E-01  2.01955E-08  4.60479E-04
  3.96529E-01  2.84644E-01  2.02063E-08  4.62365E-04
  3.98065E-01  2.87884E-01  2.02200E-08  4.64218E-04
  3.99597E-01  2.90783E-01  2.02373E-08  4.66011E-04
  4.01126E-01  2.93994E-01  2.02547E-08  4.67795E-04
  4.02650E-01  2.97054E-01  2.02714E-08  4.69579E-04
  4.04171E-01  3.00387E-01  2.02832E-08  4.71392E-04
  4.05686E-01  3.03450E-01  2.02901E-08  4.73268E-04
  4.07199E-01  3.06236E-01  2.02939E-08  4.75187E-04
  4.08709E-01  3.09625E-01  2.02980E-08  4.77105E-04
  4.10213E-01  3.12777E-01  2.03048E-08  4.78973E-04
  4.11714E-01  3.15266E-01  2.03158E-08  4.80812E-04
  4.13214E-01  3.18560E-01  2.03277E-08  4.82638E-04
  4.14709E-01  3.21460E-01  2.03391E-08  4.84452E-04
  4.16202E-01  3.24419E-01  2.03467E-08  4.86266E-04
  4.17691E-01  3.26970E-01  2.03566E-08  4.88104E-04
  4.19179E-01  3.30039E-01  2.03673E-08  4.89952E-04
  4.20664E-01  3.33166E-01  2.03809E-08  4.91789E-04
  4.22145E-01  3.36061E-01  2.03975E-08  4.93637E-04
  4.23622E-01  3.39059E-01  2.04124E-08  4.95500E-04
  4.25097E-01  3.42268E-01  2.04271E-08  4.97373E-04
  4.26567E-01  3.44984E-01  2.04415E-08  4.99236E-04
  4.28035E-01  3.47434E-01  2.04542E-08  5.01062E-04
  4.29502E-01  3.50249E-01  2.04652E-08  5.02868E-04
  4.30967E-01  3.52965E-01  2.04758E-08  5.04665E-04
  4.32429E-01  3.55836E-01  2.04861E-08  5.06448E-04
  4.33888E-01  3.58491E-01  2.04944E-08  5.08231E-04
  4.35346E-01  3.61231E-01  2.04998E-08  5.10019E-04
  4.36800E-01  3.63722E-01  2.05050E-08  5.11818E-04
  4.38254E-01  3.66284E-01  2.05152E-08  5.13648E-04
  4.39705E-01  3.68850E-01  2.05332E-08  5.15550E-04
  4.41155E-01  3.71666E-01  2.05508E-08  5.17495E-04
  4.42602E-01  3.74454E-01  2.05671E-08  5.19425E-04
  4.44046E-01  3.77043E-01  2.05801E-08  5.21253E-04
  4.45489E-01  3.79892E-01  2.05901E-08  5.22987E-04
  4.46928E-01  3.82199E-01  2.05989E-08  5.24665E-04
  4.48366E-01  3.84038E-01  2.06058E-08  5.26388E-04
  4.49805E-01  3.86779E-01  2.06202E-08  5.28208E-04
  4.51241E-01  3.89856E-01  2.06320E-08  5.30137E-04
  4.52673E-01  3.92468E-01  2.06462E-08  5.32090E-04
  4.54102E-01  3.93870E-01  2.06556E-08  5.33988E-04
  4.55534E-01  3.96898E-01  2.06619E-08  5.35814E-04
  4.56961E-01  3.99779E-01  2.06727E-08  5.37553E-04
  4.58386E-01  4.01185E-01  2.06885E-08  5.39301E-04
  4.59812E-01  4.04508E-01  2.07087E-08  5.41078E-04
  4.61233E-01  4.05953E-01  2.07250E-08  5.42910E-04
  4.62655E-01  4.08539E-01  2.07308E-08  5.44785E-04
  4.64075E-01  4.11403E-01  2.07333E-08  5.46690E-04
  4.65492E-01  4.12554E-01  2.07351E-08  5.48597E-04
  4.66910E-01  4.15799E-01  2.07451E-08  5.50468E-04
  4.68324E-01  4.16622E-01  2.07597E-08  5.52278E-04
  4.69741E-01  4.20321E-01  2.07784E-08  5.54039E-04
  4.71152E-01  4.21027E-01  2.07973E-08  5.55802E-04
  4.72566E-01  4.24098E-01  2.08100E-08  5.57604E-04
  4.73975E-01  4.26250E-01  2.08197E-08  5.59486E-04
  4.75383E-01  4.27332E-01  2.08242E-08  5.61370E-04
  4.76794E-01  4.30808E-01  2.08318E-08  5.63223E-04
  4.78198E-01  4.30909E-01  2.08439E-08  5.65074E-04
  4.79607E-01  4.33510E-01  2.08584E-08  5.66904E-04
  4.81014E-01  4.36904E-01  2.08711E-08  5.68749E-04
  4.82414E-01  4.36830E-01  2.08819E-08  5.70607E-04
  4.83820E-01  4.38966E-01  2.08902E-08  5.72469E-04
  4.85224E-01  4.41563E-01  2.08958E-08  5.74343E-04
  4.86625E-01  4.43551E-01  2.09026E-08  5.76205E-04
  4.88024E-01  4.43801E-01  2.09124E-08  5.78059E-04
  4.89428E-01  4.45916E-01  2.09224E-08  5.79928E-04
  4.90829E-01  4.48162E-01  2.09328E-08  5.81810E-04
  4.92228E-01  4.50401E-01  2.09437E-08  5.83682E-04
  4.93625E-01  4.51887E-01  2.09539E-08  5.85525E-04
  4.95021E-01  4.52587E-01  2.09659E-08  5.87352E-04
  4.96420E-01  4.54111E-01  2.09787E-08  5.89195E-04
  4.97819E-01  4.55841E-01  2.09925E-08  5.91070E-04
  4.99216E-01  4.57314E-01  2.10009E-08  5.93015E-04
  5.00613E-01  4.59195E-01  2.10052E-08  5.94947E-04
  5.02008E-01  4.60456E-01  2.10039E-08  5.96848E-04
  5.03403E-01  4.61831E-01  2.10043E-08  5.98748E-04
  5.04799E-01  4.63226E-01  2.10118E-08  6.00626E-04
  5.06193E-01  4.64361E-01  2.10269E-08  6.02495E-04
  5.07588E-01  4.66139E-01  2.10452E-08  6.04364E-04
  5.08982E-01  4.67377E-01  2.10637E-08  6.06236E-04
  5.10375E-01  4.68391E-01  2.10740E-08  6.08118E-04
  5.11769E-01  4.70293E-01  2.10726E-08  6.10014E-04
  5.13161E-01  4.71169E-01  2.10681E-08  6.11941E-04
  5.14553E-01  4.72070E-01  2.10677E-08  6.13901E-04
  5.15946E-01  4.73804E-01  2.10747E-08  6.15849E-04
  5.17338E-01  4.74953E-01  2.10897E-08  6.17802E-04
  5.18729E-01  4.75144E-01  2.11036E-08  6.19734E-04
  5.20122E-01  4.75863E-01  2.11087E-08  6.21637E-04
  5.21517E-01  4.76841E-01  2.11128E-08  6.23491E-04
  5.22911E-01  4.79234E-01  2.11170E-08  6.25374E-04
  5.24302E-01  4.80382E-01  2.11173E-08  6.27322E-04
  5.25692E-01  4.80290E-01  2.11267E-08  6.29280E-04
  5.27085E-01  4.80703E-01  2.11357E-08  6.31318E-04
  5.28479E-01  4.82513E-01  2.11388E-08  6.33338E-04
  5.29871E-01  4.84112E-01  2.11398E-08  6.35329E-04
  5.31261E-01  4.83499E-01  2.11414E-08  6.37246E-04
  5.32655E-01  4.84173E-01  2.11422E-08  6.39165E-04
  5.34050E-01  4.86676E-01  2.11483E-08  6.41024E-04
  5.35439E-01  4.85465E-01  2.11542E-08  6.42941E-04
  5.36834E-01  4.87221E-01  2.11601E-08  6.44918E-04
  5.38227E-01  4.88402E-01  2.11652E-08  6.46969E-04
  5.39618E-01  4.87290E-01  2.11706E-08  6.49043E-04
  5.41015E-01  4.89618E-01  2.11715E-08  6.51078E-04
  5.42407E-01  4.88827E-01  2.11735E-08  6.53065E-04
  5.43803E-01  4.90586E-01  2.11751E-08  6.54984E-04
  5.45196E-01  4.90011E-01  2.11747E-08  6.56919E-04
  5.46592E-01  4.91361E-01  2.11738E-08  6.58878E-04
  5.47987E-01  4.90542E-01  2.11666E-08  6.60901E-04
  5.49385E-01  4.92074E-01  2.11639E-08  6.62946E-04
  5.50780E-01  4.90884E-01  2.11663E-08  6.65001E-04
  5.52181E-01  4.93103E-01  2.11727E-08  6.67072E-04
  5.53577E-01  4.91619E-01  2.11792E-08  6.69121E-04
  5.54978E-01  4.93711E-01  2.11841E-08  6.71152E-04
  5.56375E-01  4.92642E-01  2.11843E-08  6.73189E-04
  5.57776E-01  4.93031E-01  2.11827E-08  6.75240E-04
  5.59177E-01  4.94033E-01  2.11786E-08  6.77282E-04
  5.60577E-01  4.92316E-01  2.11735E-08  6.79317E-04
  5.61982E-01  4.93544E-01  2.11659E-08  6.81365E-04
  5.63385E-01  4.94415E-01  2.11615E-08  6.83430E-04
  5.64787E-01  4.92234E-01  2.11584E-08  6.85533E-04
  5.66196E-01  4.92985E-01  2.11577E-08  6.87602E-04
  5.67603E-01  4.94016E-01  2.11551E-08  6.89673E-04
  5.69009E-01  4.93229E-01  2.11493E-08  6.91781E-04
  5.70417E-01  4.92315E-01  2.11454E-08  6.93872E-04
  5.71829E-01  4.92499E-01  2.11418E-08  6.95958E-04
  5.73241E-01  4.92732E-01  2.11335E-08  6.98070E-04
  5.74652E-01  4.92867E-01  2.11296E-08  7.00210E-04
  5.76064E-01  4.91828E-01  2.11267E-08  7.02323E-04
  5.77479E-01  4.91201E-01  2.11222E-08  7.04439E-04
  5.78897E-01  4.90860E-01  2.11170E-08  7.06576E-04
  5.80316E-01  4.90604E-01  2.11100E-08  7.08746E-04
  5.81735E-01  4.90406E-01  2.10971E-08  7.10913E-04
  5.83156E-01  4.90186E-01  2.10882E-08  7.13085E-04
  5.84577E-01  4.89571E-01  2.10790E-08  7.15244E-04
  5.86000E-01  4.88893E-01  2.10713E-08  7.17401E-04
  5.87425E-01  4.88779E-01  2.10638E-08  7.19594E-04
  5.88851E-01  4.87456E-01  2.10530E-08  7.21783E-04
  5.90280E-01  4.87079E-01  2.10468E-08  7.23973E-04
  5.91710E-01  4.86419E-01  2.10373E-08  7.26169E-04
  5.93142E-01  4.85454E-01  2.10267E-08  7.28368E-04
  5.94576E-01  4.84635E-01  2.10141E-08  7.30603E-04
  5.96013E-01  4.83989E-01  2.10020E-08  7.32823E-04
  5.97451E-01  4.83046E-01  2.09879E-08  7.35024E-04
  5.98891E-01  4.82269E-01  2.09739E-08  7.37260E-04
  6.00334E-01  4.81653E-01  2.09619E-08  7.39534E-04
  6.01777E-01  4.80634E-01  2.09446E-08  7.41809E-04
  6.03223E-01  4.80147E-01  2.09331E-08  7.44095E-04
  6.04670E-01  4.78166E-01  2.09118E-08  7.46357E-04
  6.06122E-01  4.76871E-01  2.09025E-08  7.48651E-04
  6.07577E-01  4.76210E-01  2.08866E-08  7.50975E-04
  6.09033E-01  4.75477E-01  2.08738E-08  7.53268E-04
  6.10490E-01  4.74653E-01  2.08597E-08  7.55614E-04
  6.11949E-01  4.72100E-01  2.08462E-08  7.57950E-04
  6.13415E-01  4.71364E-01  2.08319E-08  7.60244E-04
  6.14882E-01  4.70789E-01  2.08121E-08  7.62536E-04
  6.16349E-01  4.68354E-01  2.07834E-08  7.64827E-04
  6.17823E-01  4.67102E-01  2.07572E-08  7.67166E-04
  6.19300E-01  4.66521E-01  2.07360E-08  7.69556E-04
  6.20777E-01  4.63842E-01  2.07125E-08  7.71964E-04
  6.22261E-01  4.62829E-01  2.06939E-08  7.74397E-04
  6.23747E-01  4.61365E-01  2.06821E-08  7.76867E-04
  6.25236E-01  4.59520E-01  2.06667E-08  7.79333E-04
  6.26730E-01  4.58979E-01  2.06443E-08  7.81743E-04
  6.28223E-01  4.55791E-01  2.06179E-08  7.84156E-04
  6.29725E-01  4.55254E-01  2.05886E-08  7.86563E-04
  6.31227E-01  4.52253E-01  2.05649E-08  7.88975E-04
  6.32737E-01  4.51632E-01  2.05414E-08  7.91438E-04
  6.34248E-01  4.49100E-01  2.05199E-08  7.93939E-04
  6.35765E-01  4.47572E-01  2.04951E-08  7.96459E-04
  6.37285E-01  4.45825E-01  2.04682E-08  7.99000E-04
  6.38808E-01  4.42922E-01  2.04413E-08  8.01572E-04
  6.40340E-01  4.41820E-01  2.04080E-08  8.04136E-04
  6.41873E-01  4.39672E-01  2.03775E-08  8.06668E-04
  6.43411E-01  4.36674E-01  2.03488E-08  8.09237E-04
  6.44957E-01  4.35078E-01  2.03191E-08  8.11852E-04
  6.46507E-01  4.33514E-01  2.02882E-08  8.14413E-04
  6.48059E-01  4.30815E-01  2.02592E-08  8.16999E-04
  6.49619E-01  4.28055E-01  2.02306E-08  8.19666E-04
  6.51186E-01  4.26078E-01  2.02007E-08  8.22307E-04
  6.52757E-01  4.23937E-01  2.01670E-08  8.24974E-04
  6.54334E-01  4.21307E-01  2.01342E-08  8.27679E-04
  6.55917E-01  4.19255E-01  2.00998E-08  8.30368E-04
  6.57506E-01  4.16812E-01  2.00614E-08  8.33096E-04
  6.59100E-01  4.14043E-01  2.00242E-08  8.35792E-04
  6.60702E-01  4.11336E-01  1.99911E-08  8.38532E-04
  6.62311E-01  4.08556E-01  1.99529E-08  8.41316E-04
  6.63928E-01  4.06186E-01  1.99149E-08  8.44113E-04
  6.65551E-01  4.03458E-01  1.98770E-08  8.46938E-04
  6.67182E-01  4.01001E-01  1.98410E-08  8.49771E-04
  6.68819E-01  3.97960E-01  1.98022E-08  8.52620E-04
  6.70465E-01  3.95543E-01  1.97592E-08  8.55467E-04
  6.72117E-01  3.91967E-01  1.97168E-08  8.58372E-04
  6.73781E-01  3.89071E-01  1.96760E-08  8.61338E-04
  6.75453E-01  3.86317E-01  1.96304E-08  8.64294E-04
  6.77134E-01  3.83600E-01  1.95924E-08  8.67242E-04
  6.78822E-01  3.80058E-01  1.95477E-08  8.70238E-04
  6.80521E-01  3.77302E-01  1.94998E-08  8.73199E-04
  6.82229E-01  3.73538E-01  1.94567E-08  8.76188E-04
  6.83950E-01  3.71267E-01  1.94125E-08  8.79269E-04
  6.85677E-01  3.67150E-01  1.93673E-08  8.82396E-04
  6.87419E-01  3.64569E-01  1.93199E-08  8.85511E-04
  6.89169E-01  3.60669E-01  1.92663E-08  8.88657E-04
  6.90933E-01  3.57303E-01  1.92170E-08  8.91851E-04
  6.92708E-01  3.54145E-01  1.91650E-08  8.95070E-04
  6.94495E-01  3.50865E-01  1.91141E-08  8.98318E-04
  6.96294E-01  3.46843E-01  1.90591E-08  9.01593E-04
  6.98108E-01  3.43214E-01  1.90021E-08  9.04907E-04
  6.99936E-01  3.39713E-01  1.89526E-08  9.08278E-04
  7.01778E-01  3.36008E-01  1.89021E-08  9.11682E-04
  7.03635E-01  3.32676E-01  1.88483E-08  9.15077E-04
  7.05505E-01  3.28888E-01  1.87905E-08  9.18477E-04
  7.07391E-01  3.24769E-01  1.87333E-08  9.21936E-04
  7.09296E-01  3.20735E-01  1.86706E-08  9.25442E-04
  7.11218E-01  3.17080E-01  1.86125E-08  9.29044E-04
  7.13157E-01  3.13379E-01  1.85515E-08  9.32693E-04
  7.15112E-01  3.08818E-01  1.84918E-08  9.36397E-04
  7.17090E-01  3.05377E-01  1.84288E-08  9.40166E-04
  7.19084E-01  3.01020E-01  1.83651E-08  9.43916E-04
  7.21101E-01  2.96704E-01  1.83000E-08  9.47702E-04
  7.23140E-01  2.92665E-01  1.82341E-08  9.51539E-04
  7.25201E-01  2.88711E-01  1.81659E-08  9.55421E-04
  7.27283E-01  2.84222E-01  1.80981E-08  9.59362E-04
  7.29392E-01  2.79738E-01  1.80339E-08  9.63397E-04
  7.31527E-01  2.75398E-01  1.79648E-08  9.67526E-04
  7.33688E-01  2.71170E-01  1.78935E-08  9.71736E-04
  7.35876E-01  2.66770E-01  1.78253E-08  9.75979E-04
  7.38092E-01  2.61964E-01  1.77572E-08  9.80254E-04
  7.40341E-01  2.57680E-01  1.76806E-08  9.84642E-04
  7.42620E-01  2.53101E-01  1.75977E-08  9.89175E-04
  7.44933E-01  2.48058E-01  1.75102E-08  9.93767E-04
  7.47284E-01  2.43368E-01  1.74270E-08  9.98387E-04
  7.49672E-01  2.38726E-01  1.73533E-08  1.00299E-03
  7.52098E-01  2.33855E-01  1.72835E-08  1.00768E-03
  7.54566E-01  2.29165E-01  1.72037E-08  1.01258E-03
  7.57075E-01  2.24188E-01  1.71145E-08  1.01768E-03
  7.59632E-01  2.19187E-01  1.70146E-08  1.02296E-03
  7.62237E-01  2.14155E-01  1.69242E-08  1.02825E-03
  7.64895E-01  2.09144E-01  1.68493E-08  1.03348E-03
  7.67607E-01  2.04184E-01  1.67761E-08  1.03877E-03
  7.70375E-01  1.99005E-01  1.66856E-08  1.04437E-03
  7.73205E-01  1.93784E-01  1.65782E-08  1.05036E-03
  7.76101E-01  1.88417E-01  1.64622E-08  1.05658E-03
  7.79070E-01  1.83063E-01  1.63562E-08  1.06280E-03
  7.82116E-01  1.77740E-01  1.62693E-08  1.06896E-03
  7.85242E-01  1.72579E-01  1.61861E-08  1.07517E-03
  7.88451E-01  1.67137E-01  1.60884E-08  1.08173E-03
  7.91754E-01  1.61586E-01  1.59726E-08  1.08877E-03
  7.95159E-01  1.55972E-01  1.58481E-08  1.09619E-03
  7.98677E-01  1.50327E-01  1.57259E-08  1.10379E-03
  8.02316E-01  1.44720E-01  1.56163E-08  1.11149E-03
  8.06085E-01  1.39097E-01  1.55076E-08  1.11944E-03
  8.09995E-01  1.33368E-01  1.53906E-08  1.12780E-03
  8.14063E-01  1.27549E-01  1.52693E-08  1.13659E-03
  8.18307E-01  1.21786E-01  1.51462E-08  1.14578E-03
  8.22742E-01  1.15857E-01  1.50176E-08  1.15547E-03
  8.27395E-01  1.09819E-01  1.48638E-08  1.16600E-03
  8.32296E-01  1.03679E-01  1.46898E-08  1.17761E-03
  8.37481E-01  9.75559E-02  1.45258E-08  1.18952E-03
  8.42986E-01  9.15834E-02  1.44233E-08  1.20111E-03
  8.48849E-01  8.56798E-02  1.43406E-08  1.21258E-03
  8.55117E-01  7.94516E-02  1.41952E-08  1.22696E-03
  8.61885E-01  7.26915E-02  1.38874E-08  1.24531E-03
  8.69298E-01  6.60262E-02  1.36209E-08  1.26616E-03
  8.77485E-01  5.98342E-02  1.35222E-08  1.28149E-03
  8.86565E-01  5.36724E-02  1.34982E-08  1.29910E-03
  8.96764E-01  4.71730E-02  1.33819E-08  1.32102E-03
  9.08496E-01  3.97319E-02  1.28426E-08  1.35709E-03
  9.22657E-01  3.25665E-02  1.24594E-08  1.40539E-03
  9.40385E-01  2.61047E-02  1.25418E-08  1.42692E-03
  9.63563E-01  1.23664E-02  5.71962E-09  1.04137E-03
  1.01723E+00  2.54962E-03  5.34772E-11  7.26960E-05
  1.40689E+00  1.38629E-04  2.09934E-14  1.84274E-06
