 -4.57534E-10  6.29599E-06  9.29125E-01  1.49521E+00
  1.43004E-01  4.27955E-05  9.29109E-01  3.23359E+00
  1.64926E-01  6.68304E-05  9.29083E-01  3.71314E+00
  1.88619E-01  1.08359E-04  9.29043E-01  4.17422E+00
  2.09079E-01  1.58413E-04  9.28977E-01  4.57858E+00
  2.27219E-01  2.17362E-04  9.28902E-01  4.94147E+00
  2.43556E-01  2.87568E-04  9.28816E-01  5.27058E+00
  2.58336E-01  3.69276E-04  9.28725E-01  5.57110E+00
  2.71805E-01  4.57338E-04  9.28639E-01  5.84943E+00
  2.84309E-01  5.53759E-04  9.28571E-01  6.11081E+00
  2.96014E-01  6.57611E-04  9.28531E-01  6.35784E+00
  3.07055E-01  7.70164E-04  9.28533E-01  6.59219E+00
  3.17514E-01  8.91691E-04  9.28565E-01  6.81407E+00
  3.27454E-01  1.02054E-03  9.28614E-01  7.02419E+00
  3.36944E-01  1.15523E-03  9.28668E-01  7.22361E+00
  3.46050E-01  1.29472E-03  9.28722E-01  7.41380E+00
  3.54827E-01  1.44071E-03  9.28754E-01  7.59622E+00
  3.63308E-01  1.59264E-03  9.28768E-01  7.77188E+00
  3.71520E-01  1.75321E-03  9.28753E-01  7.94152E+00
  3.79477E-01  1.92438E-03  9.28695E-01  8.10537E+00
  3.87183E-01  2.10479E-03  9.28591E-01  8.26438E+00
  3.94651E-01  2.28917E-03  9.28450E-01  8.41918E+00
  4.01909E-01  2.48169E-03  9.28260E-01  8.57022E+00
  4.08969E-01  2.68008E-03  9.28062E-01  8.71779E+00
  4.15847E-01  2.88116E-03  9.27868E-01  8.86208E+00
  4.22565E-01  3.08942E-03  9.27667E-01  9.00345E+00
  4.29130E-01  3.29840E-03  9.27481E-01  9.14178E+00
  4.35562E-01  3.51899E-03  9.27296E-01  9.27704E+00
  4.41857E-01  3.74083E-03  9.27099E-01  9.40940E+00
  4.48031E-01  3.97590E-03  9.26867E-01  9.53862E+00
  4.54079E-01  4.21169E-03  9.26613E-01  9.66484E+00
  4.60014E-01  4.45996E-03  9.26343E-01  9.78838E+00
  4.65835E-01  4.70871E-03  9.26072E-01  9.90952E+00
  4.71553E-01  4.96521E-03  9.25891E-01  1.00286E+01
  4.77171E-01  5.22297E-03  9.25760E-01  1.01453E+01
  4.82698E-01  5.48751E-03  9.25737E-01  1.02613E+01
  4.88137E-01  5.75890E-03  9.25805E-01  1.03751E+01
  4.93490E-01  6.03166E-03  9.25909E-01  1.04881E+01
  4.98764E-01  6.31479E-03  9.26038E-01  1.05998E+01
  5.03959E-01  6.60265E-03  9.26070E-01  1.07099E+01
  5.09077E-01  6.89657E-03  9.26001E-01  1.08188E+01
  5.14122E-01  7.19259E-03  9.25806E-01  1.09257E+01
  5.19099E-01  7.49276E-03  9.25411E-01  1.10306E+01
  5.24010E-01  7.79873E-03  9.24843E-01  1.11334E+01
  5.28857E-01  8.10363E-03  9.24175E-01  1.12345E+01
  5.33647E-01  8.41808E-03  9.23451E-01  1.13343E+01
  5.38377E-01  8.73199E-03  9.22856E-01  1.14326E+01
  5.43054E-01  9.05253E-03  9.22351E-01  1.15306E+01
  5.47678E-01  9.38101E-03  9.21988E-01  1.16278E+01
  5.52248E-01  9.71623E-03  9.21791E-01  1.17240E+01
  5.56765E-01  1.00575E-02  9.21682E-01  1.18195E+01
  5.61231E-01  1.03903E-02  9.21666E-01  1.19143E+01
  5.65652E-01  1.07385E-02  9.21581E-01  1.20084E+01
  5.70025E-01  1.10922E-02  9.21476E-01  1.21009E+01
  5.74352E-01  1.14363E-02  9.21349E-01  1.21922E+01
  5.78638E-01  1.17997E-02  9.21120E-01  1.22830E+01
  5.82880E-01  1.21513E-02  9.20715E-01  1.23733E+01
  5.87084E-01  1.25242E-02  9.20198E-01  1.24625E+01
  5.91246E-01  1.28781E-02  9.19660E-01  1.25510E+01
  5.95373E-01  1.32495E-02  9.19109E-01  1.26390E+01
  5.99463E-01  1.36245E-02  9.18482E-01  1.27263E+01
  6.03516E-01  1.39939E-02  9.17911E-01  1.28128E+01
  6.07537E-01  1.43756E-02  9.17333E-01  1.28978E+01
  6.11523E-01  1.47642E-02  9.16815E-01  1.29818E+01
  6.15474E-01  1.51446E-02  9.16323E-01  1.30653E+01
  6.19394E-01  1.55278E-02  9.15792E-01  1.31480E+01
  6.23285E-01  1.59186E-02  9.15361E-01  1.32305E+01
  6.27145E-01  1.63139E-02  9.14934E-01  1.33125E+01
  6.30976E-01  1.67159E-02  9.14474E-01  1.33939E+01
  6.34776E-01  1.71069E-02  9.13984E-01  1.34747E+01
  6.38551E-01  1.75080E-02  9.13492E-01  1.35548E+01
  6.42298E-01  1.79058E-02  9.12929E-01  1.36343E+01
  6.46020E-01  1.83133E-02  9.12335E-01  1.37133E+01
  6.49716E-01  1.87214E-02  9.11815E-01  1.37919E+01
  6.53387E-01  1.91368E-02  9.11398E-01  1.38706E+01
  6.57032E-01  1.95545E-02  9.11055E-01  1.39487E+01
  6.60652E-01  1.99681E-02  9.10717E-01  1.40262E+01
  6.64249E-01  2.03788E-02  9.10213E-01  1.41024E+01
  6.67825E-01  2.07897E-02  9.09396E-01  1.41768E+01
  6.71379E-01  2.12147E-02  9.08376E-01  1.42505E+01
  6.74911E-01  2.16216E-02  9.07343E-01  1.43249E+01
  6.78424E-01  2.20248E-02  9.06260E-01  1.44003E+01
  6.81920E-01  2.24597E-02  9.05328E-01  1.44760E+01
  6.85394E-01  2.28682E-02  9.04592E-01  1.45520E+01
  6.88850E-01  2.32944E-02  9.04011E-01  1.46279E+01
  6.92288E-01  2.37263E-02  9.03599E-01  1.47031E+01
  6.95705E-01  2.41511E-02  9.03147E-01  1.47767E+01
  6.99106E-01  2.45960E-02  9.02679E-01  1.48488E+01
  7.02486E-01  2.50242E-02  9.01959E-01  1.49197E+01
  7.05848E-01  2.54361E-02  9.01188E-01  1.49901E+01
  7.09197E-01  2.58889E-02  9.00432E-01  1.50608E+01
  7.12526E-01  2.62882E-02  8.99624E-01  1.51321E+01
  7.15843E-01  2.67280E-02  8.98666E-01  1.52040E+01
  7.19143E-01  2.71617E-02  8.97608E-01  1.52757E+01
  7.22427E-01  2.75696E-02  8.96538E-01  1.53476E+01
  7.25699E-01  2.80117E-02  8.95517E-01  1.54194E+01
  7.28956E-01  2.84405E-02  8.94674E-01  1.54904E+01
  7.32198E-01  2.88744E-02  8.93919E-01  1.55600E+01
  7.35426E-01  2.93151E-02  8.93250E-01  1.56287E+01
  7.38640E-01  2.97308E-02  8.92478E-01  1.56966E+01
  7.41842E-01  3.01696E-02  8.91585E-01  1.57639E+01
  7.45030E-01  3.05911E-02  8.90549E-01  1.58319E+01
  7.48207E-01  3.10189E-02  8.89351E-01  1.59010E+01
  7.51371E-01  3.14445E-02  8.88241E-01  1.59708E+01
  7.54524E-01  3.18672E-02  8.87300E-01  1.60408E+01
  7.57665E-01  3.22935E-02  8.86411E-01  1.61103E+01
  7.60795E-01  3.27371E-02  8.85615E-01  1.61785E+01
  7.63912E-01  3.31605E-02  8.84759E-01  1.62453E+01
  7.67018E-01  3.35886E-02  8.83759E-01  1.63109E+01
  7.70114E-01  3.40019E-02  8.82728E-01  1.63761E+01
  7.73200E-01  3.44226E-02  8.81637E-01  1.64416E+01
  7.76276E-01  3.48440E-02  8.80588E-01  1.65080E+01
  7.79342E-01  3.52700E-02  8.79499E-01  1.65753E+01
  7.82398E-01  3.56684E-02  8.78440E-01  1.66438E+01
  7.85446E-01  3.61086E-02  8.77275E-01  1.67125E+01
  7.88483E-01  3.65137E-02  8.76113E-01  1.67799E+01
  7.91512E-01  3.69062E-02  8.74880E-01  1.68464E+01
  7.94534E-01  3.73335E-02  8.73390E-01  1.69117E+01
  7.97546E-01  3.77222E-02  8.72071E-01  1.69761E+01
  8.00551E-01  3.81180E-02  8.70900E-01  1.70404E+01
  8.03549E-01  3.85361E-02  8.69845E-01  1.71046E+01
  8.06538E-01  3.89679E-02  8.68812E-01  1.71693E+01
  8.09518E-01  3.93330E-02  8.67921E-01  1.72343E+01
  8.12492E-01  3.97873E-02  8.66938E-01  1.72998E+01
  8.15456E-01  4.01488E-02  8.66012E-01  1.73656E+01
  8.18414E-01  4.05606E-02  8.64839E-01  1.74316E+01
  8.21365E-01  4.09703E-02  8.63616E-01  1.74974E+01
  8.24308E-01  4.13184E-02  8.62125E-01  1.75627E+01
  8.27247E-01  4.17103E-02  8.60601E-01  1.76276E+01
  8.30179E-01  4.20892E-02  8.59041E-01  1.76921E+01
  8.33106E-01  4.24862E-02  8.57477E-01  1.77561E+01
  8.36025E-01  4.28245E-02  8.56011E-01  1.78197E+01
  8.38942E-01  4.32110E-02  8.54681E-01  1.78838E+01
  8.41852E-01  4.35929E-02  8.53332E-01  1.79485E+01
  8.44756E-01  4.39631E-02  8.51939E-01  1.80136E+01
  8.47655E-01  4.43214E-02  8.50542E-01  1.80781E+01
  8.50549E-01  4.46984E-02  8.49299E-01  1.81419E+01
  8.53437E-01  4.50490E-02  8.47984E-01  1.82050E+01
  8.56320E-01  4.54190E-02  8.46870E-01  1.82679E+01
  8.59199E-01  4.57640E-02  8.45550E-01  1.83314E+01
  8.62073E-01  4.61342E-02  8.44117E-01  1.83950E+01
  8.64942E-01  4.64550E-02  8.42663E-01  1.84594E+01
  8.67808E-01  4.68022E-02  8.41096E-01  1.85242E+01
  8.70670E-01  4.71319E-02  8.39558E-01  1.85886E+01
  8.73528E-01  4.74754E-02  8.37946E-01  1.86527E+01
  8.76382E-01  4.77822E-02  8.36325E-01  1.87165E+01
  8.79234E-01  4.81362E-02  8.34755E-01  1.87803E+01
  8.82081E-01  4.84743E-02  8.33223E-01  1.88435E+01
  8.84924E-01  4.87789E-02  8.31765E-01  1.89063E+01
  8.87765E-01  4.90777E-02  8.30347E-01  1.89695E+01
  8.90603E-01  4.94288E-02  8.28897E-01  1.90330E+01
  8.93436E-01  4.97162E-02  8.27349E-01  1.90970E+01
  8.96268E-01  5.00243E-02  8.25764E-01  1.91618E+01
  8.99097E-01  5.03139E-02  8.24298E-01  1.92267E+01
  9.01923E-01  5.06324E-02  8.22824E-01  1.92911E+01
  9.04747E-01  5.09048E-02  8.21205E-01  1.93545E+01
  9.07569E-01  5.12035E-02  8.19418E-01  1.94173E+01
  9.10388E-01  5.14475E-02  8.17391E-01  1.94798E+01
  9.13207E-01  5.17281E-02  8.15331E-01  1.95421E+01
  9.16024E-01  5.20174E-02  8.13443E-01  1.96049E+01
  9.18839E-01  5.22586E-02  8.11926E-01  1.96690E+01
  9.21653E-01  5.25354E-02  8.10560E-01  1.97342E+01
  9.24465E-01  5.28335E-02  8.09224E-01  1.97995E+01
  9.27274E-01  5.30505E-02  8.07648E-01  1.98639E+01
  9.30083E-01  5.33354E-02  8.05951E-01  1.99275E+01
  9.32890E-01  5.35352E-02  8.03966E-01  1.99907E+01
  9.35698E-01  5.38157E-02  8.02012E-01  2.00541E+01
  9.38503E-01  5.39982E-02  8.00100E-01  2.01177E+01
  9.41310E-01  5.42969E-02  7.98450E-01  2.01813E+01
  9.44112E-01  5.44841E-02  7.96854E-01  2.02458E+01
  9.46917E-01  5.47147E-02  7.95044E-01  2.03106E+01
  9.49720E-01  5.49332E-02  7.93120E-01  2.03754E+01
  9.52523E-01  5.51429E-02  7.91103E-01  2.04400E+01
  9.55325E-01  5.53230E-02  7.89131E-01  2.05044E+01
  9.58129E-01  5.55174E-02  7.87390E-01  2.05685E+01
  9.60934E-01  5.57865E-02  7.85554E-01  2.06328E+01
  9.63735E-01  5.58848E-02  7.83691E-01  2.06975E+01
  9.66540E-01  5.60812E-02  7.81891E-01  2.07622E+01
  9.69346E-01  5.62883E-02  7.80072E-01  2.08273E+01
  9.72150E-01  5.65100E-02  7.78128E-01  2.08922E+01
  9.74953E-01  5.66105E-02  7.76103E-01  2.09567E+01
  9.77760E-01  5.67508E-02  7.74122E-01  2.10210E+01
  9.80570E-01  5.69557E-02  7.72344E-01  2.10855E+01
  9.83377E-01  5.71147E-02  7.70512E-01  2.11508E+01
  9.86186E-01  5.73331E-02  7.68568E-01  2.12169E+01
  9.88992E-01  5.73681E-02  7.66523E-01  2.12832E+01
  9.91805E-01  5.75192E-02  7.64516E-01  2.13482E+01
  9.94619E-01  5.76917E-02  7.62412E-01  2.14129E+01
  9.97432E-01  5.77630E-02  7.60275E-01  2.14784E+01
  1.00025E+00  5.78992E-02  7.58333E-01  2.15447E+01
  1.00307E+00  5.80490E-02  7.56428E-01  2.16114E+01
  1.00589E+00  5.81739E-02  7.54491E-01  2.16784E+01
  1.00871E+00  5.82349E-02  7.52371E-01  2.17447E+01
  1.01153E+00  5.83332E-02  7.50015E-01  2.18102E+01
  1.01436E+00  5.83921E-02  7.47843E-01  2.18760E+01
  1.01719E+00  5.85220E-02  7.45710E-01  2.19424E+01
  1.02002E+00  5.86090E-02  7.43790E-01  2.20095E+01
  1.02285E+00  5.87139E-02  7.41708E-01  2.20768E+01
  1.02569E+00  5.87473E-02  7.39768E-01  2.21440E+01
  1.02853E+00  5.87868E-02  7.37599E-01  2.22113E+01
  1.03137E+00  5.88679E-02  7.35344E-01  2.22777E+01
  1.03421E+00  5.89402E-02  7.33111E-01  2.23444E+01
  1.03706E+00  5.89810E-02  7.30965E-01  2.24121E+01
  1.03991E+00  5.90483E-02  7.28775E-01  2.24800E+01
  1.04277E+00  5.89839E-02  7.26674E-01  2.25486E+01
  1.04563E+00  5.91083E-02  7.24687E-01  2.26178E+01
  1.04849E+00  5.91897E-02  7.22439E-01  2.26865E+01
  1.05135E+00  5.90687E-02  7.20252E-01  2.27543E+01
  1.05422E+00  5.91392E-02  7.17846E-01  2.28223E+01
  1.05710E+00  5.92104E-02  7.15453E-01  2.28903E+01
  1.05997E+00  5.91054E-02  7.13130E-01  2.29591E+01
  1.06286E+00  5.91584E-02  7.10809E-01  2.30285E+01
  1.06574E+00  5.91679E-02  7.08577E-01  2.30983E+01
  1.06863E+00  5.91080E-02  7.06536E-01  2.31684E+01
  1.07153E+00  5.91723E-02  7.04246E-01  2.32389E+01
  1.07442E+00  5.90545E-02  7.02076E-01  2.33090E+01
  1.07733E+00  5.91365E-02  6.99848E-01  2.33783E+01
  1.08024E+00  5.89747E-02  6.97491E-01  2.34485E+01
  1.08315E+00  5.90534E-02  6.95085E-01  2.35184E+01
  1.08607E+00  5.88888E-02  6.92755E-01  2.35891E+01
  1.08900E+00  5.89036E-02  6.90151E-01  2.36606E+01
  1.09193E+00  5.87804E-02  6.87840E-01  2.37313E+01
  1.09487E+00  5.87552E-02  6.85344E-01  2.38033E+01
  1.09781E+00  5.87254E-02  6.82850E-01  2.38751E+01
  1.10075E+00  5.85615E-02  6.80614E-01  2.39471E+01
  1.10371E+00  5.85568E-02  6.78219E-01  2.40198E+01
  1.10667E+00  5.84796E-02  6.75839E-01  2.40921E+01
  1.10964E+00  5.83235E-02  6.73555E-01  2.41645E+01
  1.11261E+00  5.82416E-02  6.71161E-01  2.42374E+01
  1.11559E+00  5.82472E-02  6.68594E-01  2.43107E+01
  1.11857E+00  5.80334E-02  6.66143E-01  2.43842E+01
  1.12157E+00  5.79207E-02  6.63598E-01  2.44578E+01
  1.12457E+00  5.77816E-02  6.61090E-01  2.45319E+01
  1.12758E+00  5.76939E-02  6.58651E-01  2.46059E+01
  1.13059E+00  5.76846E-02  6.56385E-01  2.46797E+01
  1.13361E+00  5.74226E-02  6.53966E-01  2.47542E+01
  1.13664E+00  5.72504E-02  6.51439E-01  2.48294E+01
  1.13968E+00  5.71782E-02  6.48826E-01  2.49049E+01
  1.14272E+00  5.69878E-02  6.46110E-01  2.49808E+01
  1.14578E+00  5.68443E-02  6.43481E-01  2.50575E+01
  1.14884E+00  5.67038E-02  6.40887E-01  2.51340E+01
  1.15191E+00  5.64700E-02  6.38312E-01  2.52107E+01
  1.15499E+00  5.63654E-02  6.35642E-01  2.52880E+01
  1.15808E+00  5.61607E-02  6.33209E-01  2.53660E+01
  1.16118E+00  5.60144E-02  6.30851E-01  2.54439E+01
  1.16428E+00  5.58142E-02  6.28285E-01  2.55206E+01
  1.16740E+00  5.56172E-02  6.25616E-01  2.55980E+01
  1.17052E+00  5.54444E-02  6.22859E-01  2.56759E+01
  1.17366E+00  5.52530E-02  6.20138E-01  2.57536E+01
  1.17680E+00  5.50367E-02  6.17613E-01  2.58332E+01
  1.17995E+00  5.47540E-02  6.15091E-01  2.59133E+01
  1.18312E+00  5.45885E-02  6.12366E-01  2.59940E+01
  1.18630E+00  5.43475E-02  6.09575E-01  2.60750E+01
  1.18948E+00  5.42347E-02  6.06895E-01  2.61564E+01
  1.19268E+00  5.39131E-02  6.04213E-01  2.62379E+01
  1.19588E+00  5.36019E-02  6.01276E-01  2.63190E+01
  1.19911E+00  5.34297E-02  5.98505E-01  2.64011E+01
  1.20234E+00  5.32443E-02  5.95761E-01  2.64834E+01
  1.20558E+00  5.28701E-02  5.93192E-01  2.65661E+01
  1.20884E+00  5.26634E-02  5.90476E-01  2.66489E+01
  1.21211E+00  5.24993E-02  5.87783E-01  2.67321E+01
  1.21539E+00  5.21593E-02  5.84926E-01  2.68167E+01
  1.21868E+00  5.18714E-02  5.82179E-01  2.69010E+01
  1.22199E+00  5.16306E-02  5.79642E-01  2.69858E+01
  1.22531E+00  5.13797E-02  5.76788E-01  2.70714E+01
  1.22864E+00  5.10422E-02  5.73783E-01  2.71571E+01
  1.23199E+00  5.08210E-02  5.70914E-01  2.72435E+01
  1.23534E+00  5.04684E-02  5.68121E-01  2.73303E+01
  1.23872E+00  5.02605E-02  5.65236E-01  2.74178E+01
  1.24211E+00  4.98440E-02  5.62313E-01  2.75064E+01
  1.24552E+00  4.96426E-02  5.59506E-01  2.75944E+01
  1.24893E+00  4.92588E-02  5.56628E-01  2.76835E+01
  1.25237E+00  4.89561E-02  5.53620E-01  2.77728E+01
  1.25583E+00  4.87055E-02  5.50819E-01  2.78627E+01
  1.25929E+00  4.83452E-02  5.47902E-01  2.79535E+01
  1.26278E+00  4.79881E-02  5.45075E-01  2.80447E+01
  1.26628E+00  4.77242E-02  5.42107E-01  2.81365E+01
  1.26980E+00  4.74372E-02  5.39246E-01  2.82282E+01
  1.27333E+00  4.70466E-02  5.36256E-01  2.83204E+01
  1.27688E+00  4.66837E-02  5.33237E-01  2.84138E+01
  1.28046E+00  4.62973E-02  5.30279E-01  2.85081E+01
  1.28405E+00  4.60494E-02  5.27373E-01  2.86031E+01
  1.28766E+00  4.56473E-02  5.24422E-01  2.86991E+01
  1.29129E+00  4.53268E-02  5.21341E-01  2.87950E+01
  1.29494E+00  4.49794E-02  5.18284E-01  2.88911E+01
  1.29861E+00  4.45670E-02  5.15133E-01  2.89880E+01
  1.30230E+00  4.42348E-02  5.12126E-01  2.90862E+01
  1.30602E+00  4.38794E-02  5.09150E-01  2.91854E+01
  1.30975E+00  4.34891E-02  5.05994E-01  2.92851E+01
  1.31351E+00  4.31772E-02  5.02833E-01  2.93856E+01
  1.31728E+00  4.27260E-02  4.99803E-01  2.94867E+01
  1.32108E+00  4.23284E-02  4.96957E-01  2.95869E+01
  1.32491E+00  4.19832E-02  4.93978E-01  2.96885E+01
  1.32876E+00  4.16726E-02  4.90818E-01  2.97921E+01
  1.33263E+00  4.11997E-02  4.87667E-01  2.98974E+01
  1.33654E+00  4.07847E-02  4.84194E-01  3.00034E+01
  1.34047E+00  4.04498E-02  4.80930E-01  3.01100E+01
  1.34442E+00  3.99558E-02  4.77691E-01  3.02171E+01
  1.34840E+00  3.96617E-02  4.74703E-01  3.03238E+01
  1.35241E+00  3.91704E-02  4.71693E-01  3.04306E+01
  1.35645E+00  3.88810E-02  4.68761E-01  3.05382E+01
  1.36051E+00  3.83914E-02  4.65689E-01  3.06485E+01
  1.36461E+00  3.80329E-02  4.62310E-01  3.07609E+01
  1.36873E+00  3.75836E-02  4.58827E-01  3.08753E+01
  1.37289E+00  3.71063E-02  4.55242E-01  3.09908E+01
  1.37709E+00  3.67077E-02  4.51700E-01  3.11072E+01
  1.38132E+00  3.63124E-02  4.48422E-01  3.12232E+01
  1.38558E+00  3.59262E-02  4.45341E-01  3.13379E+01
  1.38987E+00  3.54634E-02  4.42482E-01  3.14528E+01
  1.39420E+00  3.50372E-02  4.39480E-01  3.15702E+01
  1.39857E+00  3.46369E-02  4.36316E-01  3.16898E+01
  1.40297E+00  3.42012E-02  4.32996E-01  3.18116E+01
  1.40741E+00  3.37422E-02  4.29373E-01  3.19362E+01
  1.41190E+00  3.32893E-02  4.25509E-01  3.20637E+01
  1.41643E+00  3.27908E-02  4.21857E-01  3.21913E+01
  1.42101E+00  3.24062E-02  4.18329E-01  3.23188E+01
  1.42562E+00  3.19785E-02  4.15009E-01  3.24468E+01
  1.43028E+00  3.14660E-02  4.11833E-01  3.25749E+01
  1.43499E+00  3.11282E-02  4.08687E-01  3.27049E+01
  1.43974E+00  3.05928E-02  4.05335E-01  3.28367E+01
  1.44454E+00  3.02286E-02  4.01940E-01  3.29703E+01
  1.44939E+00  2.97200E-02  3.98401E-01  3.31067E+01
  1.45430E+00  2.92491E-02  3.94836E-01  3.32454E+01
  1.45926E+00  2.88466E-02  3.91273E-01  3.33855E+01
  1.46427E+00  2.83554E-02  3.87701E-01  3.35270E+01
  1.46934E+00  2.79108E-02  3.84140E-01  3.36707E+01
  1.47447E+00  2.74214E-02  3.80513E-01  3.38174E+01
  1.47967E+00  2.69458E-02  3.76727E-01  3.39669E+01
  1.48494E+00  2.64737E-02  3.72850E-01  3.41187E+01
  1.49027E+00  2.60241E-02  3.68852E-01  3.42735E+01
  1.49567E+00  2.55415E-02  3.65138E-01  3.44277E+01
  1.50115E+00  2.50807E-02  3.61645E-01  3.45831E+01
  1.50670E+00  2.46476E-02  3.58492E-01  3.47377E+01
  1.51232E+00  2.41952E-02  3.55636E-01  3.48927E+01
  1.51801E+00  2.37617E-02  3.52859E-01  3.50495E+01
  1.52378E+00  2.33144E-02  3.49749E-01  3.52103E+01
  1.52963E+00  2.28486E-02  3.45922E-01  3.53794E+01
  1.53557E+00  2.23583E-02  3.41334E-01  3.55584E+01
  1.54160E+00  2.18245E-02  3.36007E-01  3.57471E+01
  1.54776E+00  2.12444E-02  3.30380E-01  3.59431E+01
  1.55404E+00  2.07498E-02  3.24992E-01  3.61409E+01
  1.56044E+00  2.02324E-02  3.20599E-01  3.63331E+01
  1.56696E+00  1.97992E-02  3.17655E-01  3.65153E+01
  1.57360E+00  1.94377E-02  3.16461E-01  3.66839E+01
  1.58031E+00  1.90868E-02  3.16024E-01  3.68451E+01
  1.58711E+00  1.87233E-02  3.14836E-01  3.70167E+01
  1.59401E+00  1.82376E-02  3.11693E-01  3.72104E+01
  1.60104E+00  1.77713E-02  3.06965E-01  3.74285E+01
  1.60822E+00  1.72094E-02  3.00921E-01  3.76617E+01
  1.61560E+00  1.66526E-02  2.94612E-01  3.79091E+01
  1.62317E+00  1.60660E-02  2.87453E-01  3.81638E+01
  1.63097E+00  1.55327E-02  2.80943E-01  3.84350E+01
  1.63899E+00  1.49528E-02  2.73965E-01  3.86959E+01
  1.64727E+00  1.45166E-02  2.70731E-01  3.89552E+01
  1.65574E+00  1.41271E-02  2.68878E-01  3.91579E+01
  1.66439E+00  1.37731E-02  2.68556E-01  3.93804E+01
  1.67321E+00  1.34272E-02  2.68585E-01  3.95874E+01
  1.68220E+00  1.30612E-02  2.67849E-01  3.98184E+01
  1.69138E+00  1.26746E-02  2.66790E-01  4.00435E+01
  1.70079E+00  1.22628E-02  2.64686E-01  4.03006E+01
  1.71045E+00  1.18594E-02  2.62801E-01  4.05675E+01
  1.72037E+00  1.13763E-02  2.58380E-01  4.08655E+01
  1.73066E+00  1.08848E-02  2.53405E-01  4.11840E+01
  1.74135E+00  1.03551E-02  2.46627E-01  4.15546E+01
  1.75251E+00  9.81792E-03  2.39540E-01  4.19386E+01
  1.76421E+00  9.24936E-03  2.30715E-01  4.23683E+01
  1.77655E+00  8.69787E-03  2.22618E-01  4.28172E+01
  1.78959E+00  8.13446E-03  2.13181E-01  4.33099E+01
  1.80344E+00  7.60628E-03  2.05405E-01  4.38109E+01
  1.81815E+00  7.13046E-03  1.99067E-01  4.42949E+01
  1.83375E+00  6.75849E-03  1.98403E-01  4.47054E+01
  1.85009E+00  6.44278E-03  2.00006E-01  4.50906E+01
  1.86712E+00  6.15693E-03  2.04488E-01  4.53809E+01
  1.88485E+00  5.98049E-03  2.16160E-01  4.56238E+01
  1.90303E+00  5.69698E-03  2.23460E-01  4.58489E+01
  1.92205E+00  5.30498E-03  2.25064E-01  4.63530E+01
  1.94243E+00  4.86389E-03  2.23620E-01  4.68772E+01
  1.96464E+00  4.37763E-03  2.19361E-01  4.75654E+01
  1.98935E+00  3.89595E-03  2.15563E-01  4.82894E+01
  2.01718E+00  3.38127E-03  2.08844E-01  4.92570E+01
  2.04944E+00  2.85408E-03  2.00982E-01  5.03363E+01
  2.08805E+00  2.26563E-03  1.84162E-01  5.20623E+01
  2.13758E+00  1.68057E-03  1.67209E-01  5.42740E+01
  2.20673E+00  1.16065E-03  1.56589E-01  5.72159E+01
  2.31640E+00  6.60688E-04  1.58146E-01  6.12339E+01
  2.67369E+00  2.21413E-04  1.55076E-01  6.78502E+01
