 -5.63613E-09  8.78018E-09  1.00000E-15  2.23896E-05
  1.27998E+00  9.25658E-09  1.00000E-15  5.91778E-05
  2.10421E+00  9.34497E-09  1.00000E-15  8.80854E-05
  2.93277E+00  8.99069E-09  1.00000E-15  1.17568E-04
  3.79144E+00  5.60700E-08  1.00000E-15  1.35460E-04
  3.95413E+00  6.41077E-08  1.00000E-15  1.41567E-04
  4.14148E+00  7.04834E-08  1.00000E-15  1.48533E-04
  4.35206E+00  8.65266E-08  1.00000E-15  1.55778E-04
  4.55566E+00  1.02514E-07  1.00000E-15  1.62822E-04
  4.75469E+00  1.19517E-07  1.00000E-15  1.69699E-04
  4.94867E+00  1.36622E-07  1.00000E-15  1.76419E-04
  5.13863E+00  1.54607E-07  1.00000E-15  1.82992E-04
  5.32428E+00  1.75914E-07  1.00000E-15  1.89371E-04
  5.50306E+00  2.00761E-07  1.00000E-15  1.95481E-04
  5.67354E+00  2.28740E-07  1.00000E-15  2.01298E-04
  5.83550E+00  2.59915E-07  1.00000E-15  2.06815E-04
  5.98910E+00  2.93649E-07  1.00000E-15  2.12056E-04
  6.13507E+00  3.29377E-07  1.00000E-15  2.17044E-04
  6.27431E+00  3.66748E-07  1.00000E-15  2.21812E-04
  6.40770E+00  4.05321E-07  1.00000E-15  2.26387E-04
  6.53605E+00  4.45967E-07  1.00000E-15  2.30796E-04
  6.65977E+00  4.89176E-07  1.00000E-15  2.35041E-04
  6.77910E+00  5.35601E-07  1.00000E-15  2.39141E-04
  6.89415E+00  5.82915E-07  1.00000E-15  2.43098E-04
  7.00551E+00  6.25367E-07  1.00000E-15  2.46950E-04
  7.11462E+00  6.57690E-07  1.00000E-15  2.50763E-04
  7.22344E+00  6.83207E-07  1.00000E-15  2.54583E-04
  7.33301E+00  7.11995E-07  1.00000E-15  2.58419E-04
  7.44272E+00  7.49730E-07  1.00000E-15  2.62234E-04
  7.55123E+00  7.96096E-07  1.00000E-15  2.65991E-04
  7.65750E+00  8.49254E-07  1.00000E-15  2.69660E-04
  7.76097E+00  9.05375E-07  1.00000E-15  2.73234E-04
  7.86167E+00  9.63493E-07  1.00000E-15  2.76711E-04
  7.95976E+00  1.02259E-06  1.00000E-15  2.80099E-04
  8.05548E+00  1.08144E-06  1.00000E-15  2.83414E-04
  8.14914E+00  1.14236E-06  1.00000E-15  2.86653E-04
  8.24081E+00  1.20420E-06  1.00000E-15  2.89829E-04
  8.33064E+00  1.26924E-06  1.00000E-15  2.92938E-04
  8.41861E+00  1.33406E-06  1.00000E-15  2.95988E-04
  8.50493E+00  1.39969E-06  1.00000E-15  2.98978E-04
  8.58972E+00  1.45881E-06  1.00000E-15  3.01928E-04
  8.67351E+00  1.50741E-06  1.00000E-15  3.04853E-04
  8.75694E+00  1.55071E-06  1.00000E-15  3.07768E-04
  8.84032E+00  1.59464E-06  1.00000E-15  3.10681E-04
  8.92360E+00  1.64732E-06  1.00000E-15  3.13582E-04
  9.00634E+00  1.70783E-06  1.00000E-15  3.16461E-04
  9.08819E+00  1.77558E-06  1.00000E-15  3.19304E-04
  9.16888E+00  1.84948E-06  1.00000E-15  3.22111E-04
  9.24825E+00  1.92347E-06  1.00000E-15  3.24863E-04
  9.32641E+00  2.00028E-06  1.00000E-15  3.27579E-04
  9.40334E+00  2.07925E-06  1.00000E-15  3.30251E-04
  9.47906E+00  2.15693E-06  1.00000E-15  3.32888E-04
  9.55372E+00  2.23753E-06  1.00000E-15  3.35477E-04
  9.62731E+00  2.31535E-06  1.00000E-15  3.38032E-04
  9.69998E+00  2.38909E-06  1.00000E-15  3.40562E-04
  9.77192E+00  2.45281E-06  1.00000E-15  3.43074E-04
  9.84347E+00  2.50546E-06  1.00000E-15  3.45574E-04
  9.91496E+00  2.55755E-06  1.00000E-15  3.48078E-04
  9.98640E+00  2.61784E-06  1.00000E-15  3.50569E-04
  1.00576E+01  2.68428E-06  1.00000E-15  3.53054E-04
  1.01283E+01  2.76186E-06  1.00000E-15  3.55514E-04
  1.01983E+01  2.84224E-06  1.00000E-15  3.57951E-04
  1.02676E+01  2.93126E-06  1.00000E-15  3.60365E-04
  1.03361E+01  3.01278E-06  1.00000E-15  3.62744E-04
  1.04038E+01  3.09903E-06  1.00000E-15  3.65096E-04
  1.04709E+01  3.18408E-06  1.00000E-15  3.67432E-04
  1.05373E+01  3.26802E-06  1.00000E-15  3.69741E-04
  1.06031E+01  3.33966E-06  1.00000E-15  3.72040E-04
  1.06685E+01  3.41168E-06  1.00000E-15  3.74327E-04
  1.07336E+01  3.47451E-06  1.00000E-15  3.76604E-04
  1.07986E+01  3.53630E-06  1.00000E-15  3.78878E-04
  1.08635E+01  3.59927E-06  1.00000E-15  3.81147E-04
  1.09282E+01  3.67803E-06  1.00000E-15  3.83410E-04
  1.09925E+01  3.75546E-06  1.00000E-15  3.85648E-04
  1.10564E+01  3.84417E-06  1.00000E-15  3.87884E-04
  1.11198E+01  3.92734E-06  1.00000E-15  3.90083E-04
  1.11827E+01  4.01517E-06  1.00000E-15  3.92275E-04
  1.12451E+01  4.10204E-06  1.00000E-15  3.94448E-04
  1.13071E+01  4.18211E-06  1.00000E-15  3.96609E-04
  1.13687E+01  4.25760E-06  1.00000E-15  3.98767E-04
  1.14301E+01  4.33219E-06  1.00000E-15  4.00918E-04
  1.14912E+01  4.40346E-06  1.00000E-15  4.03052E-04
  1.15522E+01  4.46661E-06  1.00000E-15  4.05184E-04
  1.16130E+01  4.53733E-06  1.00000E-15  4.07307E-04
  1.16737E+01  4.61730E-06  1.00000E-15  4.09428E-04
  1.17341E+01  4.69398E-06  1.00000E-15  4.11530E-04
  1.17942E+01  4.77402E-06  1.00000E-15  4.13624E-04
  1.18540E+01  4.85324E-06  1.00000E-15  4.15714E-04
  1.19136E+01  4.94137E-06  1.00000E-15  4.17806E-04
  1.19728E+01  5.02236E-06  1.00000E-15  4.19865E-04
  1.20317E+01  5.10069E-06  1.00000E-15  4.21927E-04
  1.20904E+01  5.17318E-06  1.00000E-15  4.23978E-04
  1.21489E+01  5.24419E-06  1.00000E-15  4.26028E-04
  1.22073E+01  5.31216E-06  1.00000E-15  4.28072E-04
  1.22656E+01  5.38210E-06  1.00000E-15  4.30109E-04
  1.23237E+01  5.46039E-06  1.00000E-15  4.32143E-04
  1.23817E+01  5.52940E-06  1.00000E-15  4.34162E-04
  1.24394E+01  5.61436E-06  1.00000E-15  4.36187E-04
  1.24970E+01  5.69495E-06  1.00000E-15  4.38190E-04
  1.25542E+01  5.76734E-06  1.00000E-15  4.40189E-04
  1.26114E+01  5.84434E-06  1.00000E-15  4.42196E-04
  1.26683E+01  5.92390E-06  1.00000E-15  4.44183E-04
  1.27250E+01  5.99857E-06  1.00000E-15  4.46159E-04
  1.27816E+01  6.06966E-06  1.00000E-15  4.48147E-04
  1.28380E+01  6.14841E-06  1.00000E-15  4.50113E-04
  1.28942E+01  6.20208E-06  1.00000E-15  4.52080E-04
  1.29505E+01  6.27499E-06  1.00000E-15  4.54057E-04
  1.30066E+01  6.34588E-06  1.00000E-15  4.56008E-04
  1.30626E+01  6.39348E-06  1.00000E-15  4.57973E-04
  1.31186E+01  6.47163E-06  1.00000E-15  4.59939E-04
  1.31745E+01  6.55118E-06  1.00000E-15  4.61885E-04
  1.32302E+01  6.60842E-06  1.00000E-15  4.63836E-04
  1.32858E+01  6.68052E-06  1.00000E-15  4.65795E-04
  1.33413E+01  6.75901E-06  1.00000E-15  4.67729E-04
  1.33966E+01  6.81798E-06  1.00000E-15  4.69677E-04
  1.34519E+01  6.88456E-06  1.00000E-15  4.71602E-04
  1.35071E+01  6.94058E-06  1.00000E-15  4.73539E-04
  1.35622E+01  7.00610E-06  1.00000E-15  4.75469E-04
  1.36173E+01  7.06630E-06  1.00000E-15  4.77387E-04
  1.36723E+01  7.11692E-06  1.00000E-15  4.79313E-04
  1.37273E+01  7.18268E-06  1.00000E-15  4.81242E-04
  1.37823E+01  7.24172E-06  1.00000E-15  4.83165E-04
  1.38372E+01  7.29954E-06  1.00000E-15  4.85091E-04
  1.38920E+01  7.36684E-06  1.00000E-15  4.87009E-04
  1.39467E+01  7.42357E-06  1.00000E-15  4.88933E-04
  1.40014E+01  7.48503E-06  1.00000E-15  4.90846E-04
  1.40560E+01  7.53770E-06  1.00000E-15  4.92753E-04
  1.41106E+01  7.58108E-06  1.00000E-15  4.94666E-04
  1.41653E+01  7.61746E-06  1.00000E-15  4.96587E-04
  1.42200E+01  7.68168E-06  1.00000E-15  4.98512E-04
  1.42747E+01  7.73821E-06  1.00000E-15  5.00432E-04
  1.43293E+01  7.78068E-06  1.00000E-15  5.02349E-04
  1.43839E+01  7.86092E-06  1.00000E-15  5.04262E-04
  1.44383E+01  7.90947E-06  1.00000E-15  5.06159E-04
  1.44927E+01  7.94982E-06  1.00000E-15  5.08054E-04
  1.45471E+01  7.99353E-06  1.00000E-15  5.09960E-04
  1.46016E+01  8.00935E-06  1.00000E-15  5.11879E-04
  1.46563E+01  8.09234E-06  1.00000E-15  5.13797E-04
  1.47107E+01  8.13857E-06  1.00000E-15  5.15698E-04
  1.47651E+01  8.16331E-06  1.00000E-15  5.17603E-04
  1.48196E+01  8.18996E-06  1.00000E-15  5.19530E-04
  1.48743E+01  8.25512E-06  1.00000E-15  5.21444E-04
  1.49288E+01  8.29460E-06  1.00000E-15  5.23363E-04
  1.49834E+01  8.33673E-06  1.00000E-15  5.25265E-04
  1.50379E+01  8.35624E-06  1.00000E-15  5.27176E-04
  1.50926E+01  8.39945E-06  1.00000E-15  5.29104E-04
  1.51473E+01  8.45997E-06  1.00000E-15  5.31023E-04
  1.52018E+01  8.50135E-06  1.00000E-15  5.32934E-04
  1.52564E+01  8.52090E-06  1.00000E-15  5.34840E-04
  1.53111E+01  8.54995E-06  1.00000E-15  5.36767E-04
  1.53658E+01  8.57721E-06  1.00000E-15  5.38693E-04
  1.54207E+01  8.60371E-06  1.00000E-15  5.40617E-04
  1.54756E+01  8.65473E-06  1.00000E-15  5.42537E-04
  1.55304E+01  8.70949E-06  1.00000E-15  5.44456E-04
  1.55851E+01  8.67955E-06  1.00000E-15  5.46386E-04
  1.56402E+01  8.74949E-06  1.00000E-15  5.48331E-04
  1.56952E+01  8.80007E-06  1.00000E-15  5.50244E-04
  1.57500E+01  8.79975E-06  1.00000E-15  5.52168E-04
  1.58050E+01  8.81360E-06  1.00000E-15  5.54102E-04
  1.58602E+01  8.84128E-06  1.00000E-15  5.56059E-04
  1.59154E+01  8.88835E-06  1.00000E-15  5.57977E-04
  1.59705E+01  8.90687E-06  1.00000E-15  5.59916E-04
  1.60258E+01  8.91747E-06  1.00000E-15  5.61859E-04
  1.60811E+01  8.98548E-06  1.00000E-15  5.63799E-04
  1.61363E+01  8.94313E-06  1.00000E-15  5.65741E-04
  1.61918E+01  8.98020E-06  1.00000E-15  5.67695E-04
  1.62474E+01  9.01758E-06  1.00000E-15  5.69646E-04
  1.63029E+01  9.02938E-06  1.00000E-15  5.71588E-04
  1.63585E+01  9.05353E-06  1.00000E-15  5.73539E-04
  1.64141E+01  9.01330E-06  1.00000E-15  5.75499E-04
  1.64702E+01  9.07701E-06  1.00000E-15  5.77495E-04
  1.65260E+01  9.12007E-06  1.00000E-15  5.79433E-04
  1.65817E+01  9.08008E-06  1.00000E-15  5.81391E-04
  1.66379E+01  9.16324E-06  1.00000E-15  5.83368E-04
  1.66937E+01  9.10105E-06  1.00000E-15  5.85323E-04
  1.67500E+01  9.11138E-06  1.00000E-15  5.87323E-04
  1.68064E+01  9.17720E-06  1.00000E-15  5.89272E-04
  1.68626E+01  9.14411E-06  1.00000E-15  5.91256E-04
  1.69191E+01  9.14602E-06  1.00000E-15  5.93256E-04
  1.69757E+01  9.12974E-06  1.00000E-15  5.95257E-04
  1.70326E+01  9.17381E-06  1.00000E-15  5.97260E-04
  1.70893E+01  9.22858E-06  1.00000E-15  5.99239E-04
  1.71458E+01  9.19169E-06  1.00000E-15  6.01211E-04
  1.72027E+01  9.12134E-06  1.00000E-15  6.03236E-04
  1.72601E+01  9.16739E-06  1.00000E-15  6.05263E-04
  1.73174E+01  9.16688E-06  1.00000E-15  6.07268E-04
  1.73748E+01  9.19653E-06  1.00000E-15  6.09291E-04
  1.74321E+01  9.18955E-06  1.00000E-15  6.11299E-04
  1.74896E+01  9.17884E-06  1.00000E-15  6.13332E-04
  1.75472E+01  9.15509E-06  1.00000E-15  6.15345E-04
  1.76051E+01  9.17493E-06  1.00000E-15  6.17408E-04
  1.76630E+01  9.21639E-06  1.00000E-15  6.19423E-04
  1.77207E+01  9.14932E-06  1.00000E-15  6.21450E-04
  1.77789E+01  9.12977E-06  1.00000E-15  6.23512E-04
  1.78373E+01  9.15559E-06  1.00000E-15  6.25588E-04
  1.78957E+01  9.16693E-06  1.00000E-15  6.27622E-04
  1.79540E+01  9.12034E-06  1.00000E-15  6.29676E-04
  1.80128E+01  9.12843E-06  1.00000E-15  6.31746E-04
  1.80715E+01  9.13460E-06  1.00000E-15  6.33826E-04
  1.81303E+01  9.12013E-06  1.00000E-15  6.35884E-04
  1.81893E+01  9.06801E-06  1.00000E-15  6.37970E-04
  1.82486E+01  9.09447E-06  1.00000E-15  6.40067E-04
  1.83079E+01  9.05012E-06  1.00000E-15  6.42140E-04
  1.83675E+01  9.06351E-06  1.00000E-15  6.44258E-04
  1.84270E+01  9.07965E-06  1.00000E-15  6.46322E-04
  1.84865E+01  8.99766E-06  1.00000E-15  6.48444E-04
  1.85466E+01  9.02201E-06  1.00000E-15  6.50560E-04
  1.86066E+01  9.00189E-06  1.00000E-15  6.52661E-04
  1.86667E+01  8.99950E-06  1.00000E-15  6.54787E-04
  1.87269E+01  8.95666E-06  1.00000E-15  6.56911E-04
  1.87875E+01  8.95873E-06  1.00000E-15  6.59038E-04
  1.88480E+01  8.92354E-06  1.00000E-15  6.61171E-04
  1.89088E+01  8.87364E-06  1.00000E-15  6.63346E-04
  1.89700E+01  8.89645E-06  1.00000E-15  6.65485E-04
  1.90310E+01  8.88919E-06  1.00000E-15  6.67644E-04
  1.90921E+01  8.85673E-06  1.00000E-15  6.69776E-04
  1.91535E+01  8.80557E-06  1.00000E-15  6.71951E-04
  1.92152E+01  8.78517E-06  1.00000E-15  6.74132E-04
  1.92770E+01  8.79949E-06  1.00000E-15  6.76306E-04
  1.93388E+01  8.70193E-06  1.00000E-15  6.78486E-04
  1.94012E+01  8.72935E-06  1.00000E-15  6.80718E-04
  1.94635E+01  8.73992E-06  1.00000E-15  6.82871E-04
  1.95257E+01  8.63022E-06  1.00000E-15  6.85079E-04
  1.95886E+01  8.61901E-06  1.00000E-15  6.87315E-04
  1.96516E+01  8.61153E-06  1.00000E-15  6.89537E-04
  1.97147E+01  8.57737E-06  1.00000E-15  6.91767E-04
  1.97780E+01  8.55151E-06  1.00000E-15  6.93993E-04
  1.98414E+01  8.53246E-06  1.00000E-15  6.96249E-04
  1.99050E+01  8.50807E-06  1.00000E-15  6.98463E-04
  1.99687E+01  8.48031E-06  1.00000E-15  7.00708E-04
  2.00326E+01  8.36455E-06  1.00000E-15  7.02975E-04
  2.00973E+01  8.37411E-06  1.00000E-15  7.05284E-04
  2.01620E+01  8.40110E-06  1.00000E-15  7.07549E-04
  2.02263E+01  8.32084E-06  1.00000E-15  7.09833E-04
  2.02913E+01  8.27418E-06  1.00000E-15  7.12108E-04
  2.03565E+01  8.25675E-06  1.00000E-15  7.14447E-04
  2.04218E+01  8.27259E-06  1.00000E-15  7.16717E-04
  2.04870E+01  8.13172E-06  1.00000E-15  7.19027E-04
  2.05532E+01  8.09980E-06  1.00000E-15  7.21393E-04
  2.06196E+01  8.15911E-06  1.00000E-15  7.23720E-04
  2.06854E+01  8.11479E-06  1.00000E-15  7.26021E-04
  2.07516E+01  7.99960E-06  1.00000E-15  7.28380E-04
  2.08186E+01  7.97291E-06  1.00000E-15  7.30752E-04
  2.08857E+01  7.93337E-06  1.00000E-15  7.33128E-04
  2.09531E+01  7.91213E-06  1.00000E-15  7.35504E-04
  2.10206E+01  7.85919E-06  1.00000E-15  7.37896E-04
  2.10884E+01  7.84637E-06  1.00000E-15  7.40299E-04
  2.11562E+01  7.78015E-06  1.00000E-15  7.42695E-04
  2.12245E+01  7.76100E-06  1.00000E-15  7.45116E-04
  2.12929E+01  7.70594E-06  1.00000E-15  7.47518E-04
  2.13617E+01  7.65051E-06  1.00000E-15  7.49972E-04
  2.14308E+01  7.62940E-06  1.00000E-15  7.52401E-04
  2.15000E+01  7.57856E-06  1.00000E-15  7.54838E-04
  2.15696E+01  7.55879E-06  1.00000E-15  7.57295E-04
  2.16392E+01  7.47460E-06  1.00000E-15  7.59765E-04
  2.17095E+01  7.38048E-06  1.00000E-15  7.62278E-04
  2.17805E+01  7.39084E-06  1.00000E-15  7.64792E-04
  2.18513E+01  7.35196E-06  1.00000E-15  7.67279E-04
  2.19223E+01  7.27724E-06  1.00000E-15  7.69804E-04
  2.19938E+01  7.22251E-06  1.00000E-15  7.72348E-04
  2.20658E+01  7.26047E-06  1.00000E-15  7.74897E-04
  2.21372E+01  7.14708E-06  1.00000E-15  7.77391E-04
  2.22097E+01  7.04939E-06  1.00000E-15  7.80003E-04
  2.22829E+01  7.09445E-06  1.00000E-15  7.82553E-04
  2.23555E+01  6.98774E-06  1.00000E-15  7.85123E-04
  2.24290E+01  6.97301E-06  1.00000E-15  7.87763E-04
  2.25026E+01  6.90723E-06  1.00000E-15  7.90334E-04
  2.25766E+01  6.87209E-06  1.00000E-15  7.92971E-04
  2.26508E+01  6.79656E-06  1.00000E-15  7.95583E-04
  2.27256E+01  6.70852E-06  1.00000E-15  7.98278E-04
  2.28013E+01  6.71178E-06  1.00000E-15  8.00930E-04
  2.28766E+01  6.61546E-06  1.00000E-15  8.03624E-04
  2.29529E+01  6.61045E-06  1.00000E-15  8.06319E-04
  2.30290E+01  6.53096E-06  1.00000E-15  8.09021E-04
  2.31058E+01  6.47271E-06  1.00000E-15  8.11746E-04
  2.31831E+01  6.40975E-06  1.00000E-15  8.14473E-04
  2.32609E+01  6.39726E-06  1.00000E-15  8.17239E-04
  2.33386E+01  6.32514E-06  1.00000E-15  8.19976E-04
  2.34170E+01  6.28976E-06  1.00000E-15  8.22775E-04
  2.34955E+01  6.20279E-06  1.00000E-15  8.25541E-04
  2.35749E+01  6.11873E-06  1.00000E-15  8.28383E-04
  2.36551E+01  6.11117E-06  1.00000E-15  8.31228E-04
  2.37352E+01  6.05047E-06  1.00000E-15  8.34054E-04
  2.38158E+01  6.00471E-06  1.00000E-15  8.36930E-04
  2.38967E+01  5.94675E-06  1.00000E-15  8.39764E-04
  2.39781E+01  5.83879E-06  1.00000E-15  8.42690E-04
  2.40608E+01  5.80410E-06  1.00000E-15  8.45633E-04
  2.41436E+01  5.73649E-06  1.00000E-15  8.48574E-04
  2.42271E+01  5.69618E-06  1.00000E-15  8.51544E-04
  2.43109E+01  5.65336E-06  1.00000E-15  8.54501E-04
  2.43950E+01  5.56165E-06  1.00000E-15  8.57490E-04
  2.44802E+01  5.46685E-06  1.00000E-15  8.60546E-04
  2.45665E+01  5.46986E-06  1.00000E-15  8.63626E-04
  2.46524E+01  5.40292E-06  1.00000E-15  8.66623E-04
  2.47390E+01  5.29938E-06  1.00000E-15  8.69759E-04
  2.48270E+01  5.31354E-06  1.00000E-15  8.72845E-04
  2.49144E+01  5.23695E-06  1.00000E-15  8.75934E-04
  2.50026E+01  5.18425E-06  1.00000E-15  8.79072E-04
  2.50915E+01  5.12308E-06  1.00000E-15  8.82203E-04
  2.51810E+01  5.03831E-06  1.00000E-15  8.85412E-04
  2.52716E+01  4.96877E-06  1.00000E-15  8.88642E-04
  2.53630E+01  4.91083E-06  1.00000E-15  8.91910E-04
  2.54552E+01  4.87313E-06  1.00000E-15  8.95196E-04
  2.55476E+01  4.78460E-06  1.00000E-15  8.98472E-04
  2.56413E+01  4.67407E-06  1.00000E-15  9.01866E-04
  2.57368E+01  4.66639E-06  1.00000E-15  9.05260E-04
  2.58320E+01  4.57266E-06  1.00000E-15  9.08619E-04
  2.59287E+01  4.47526E-06  1.00000E-15  9.12149E-04
  2.60270E+01  4.46214E-06  1.00000E-15  9.15601E-04
  2.61251E+01  4.41294E-06  1.00000E-15  9.19082E-04
  2.62238E+01  4.37378E-06  1.00000E-15  9.22547E-04
  2.63229E+01  4.30701E-06  1.00000E-15  9.26059E-04
  2.64230E+01  4.28760E-06  1.00000E-15  9.29584E-04
  2.65231E+01  4.23593E-06  1.00000E-15  9.33110E-04
  2.66238E+01  4.14102E-06  1.00000E-15  9.36703E-04
  2.67264E+01  4.06512E-06  1.00000E-15  9.40408E-04
  2.68303E+01  4.01038E-06  1.00000E-15  9.44101E-04
  2.69351E+01  3.91490E-06  1.00000E-15  9.47878E-04
  2.70418E+01  3.84462E-06  1.00000E-15  9.51724E-04
  2.71500E+01  3.78935E-06  1.00000E-15  9.55592E-04
  2.72590E+01  3.68575E-06  1.00000E-15  9.59494E-04
  2.73705E+01  3.62250E-06  1.00000E-15  9.63538E-04
  2.74833E+01  3.54551E-06  1.00000E-15  9.67550E-04
  2.75979E+01  3.48180E-06  1.00000E-15  9.71705E-04
  2.77139E+01  3.40206E-06  1.00000E-15  9.75822E-04
  2.78318E+01  3.34343E-06  1.00000E-15  9.80098E-04
  2.79511E+01  3.33711E-06  1.00000E-15  9.84213E-04
  2.80699E+01  3.26470E-06  1.00000E-15  9.88483E-04
  2.81906E+01  3.26733E-06  1.00000E-15  9.92676E-04
  2.83105E+01  3.16342E-06  1.00000E-15  9.96956E-04
  2.84335E+01  3.16283E-06  1.00000E-15  1.00128E-03
  2.85558E+01  3.10395E-06  1.00000E-15  1.00560E-03
  2.86796E+01  3.03903E-06  1.00000E-15  1.01002E-03
  2.88053E+01  2.98686E-06  1.00000E-15  1.01450E-03
  2.89323E+01  2.93776E-06  1.00000E-15  1.01899E-03
  2.90607E+01  2.83248E-06  1.00000E-15  1.02362E-03
  2.91930E+01  2.79449E-06  1.00000E-15  1.02839E-03
  2.93262E+01  2.69159E-06  1.00000E-15  1.03314E-03
  2.94636E+01  2.64006E-06  1.00000E-15  1.03816E-03
  2.96026E+01  2.57979E-06  1.00000E-15  1.04309E-03
  2.97440E+01  2.48318E-06  1.00000E-15  1.04828E-03
  2.98899E+01  2.42110E-06  1.00000E-15  1.05347E-03
  3.00384E+01  2.34381E-06  1.00000E-15  1.05890E-03
  3.01907E+01  2.25962E-06  1.00000E-15  1.06438E-03
  3.03475E+01  2.19464E-06  1.00000E-15  1.07015E-03
  3.05078E+01  2.12967E-06  1.00000E-15  1.07583E-03
  3.06716E+01  2.03398E-06  1.00000E-15  1.08190E-03
  3.08418E+01  1.96205E-06  1.00000E-15  1.08803E-03
  3.10169E+01  1.90059E-06  1.00000E-15  1.09450E-03
  3.11961E+01  1.83922E-06  1.00000E-15  1.10079E-03
  3.13798E+01  1.77346E-06  1.00000E-15  1.10762E-03
  3.15686E+01  1.74287E-06  1.00000E-15  1.11415E-03
  3.17592E+01  1.67565E-06  1.00000E-15  1.12116E-03
  3.19557E+01  1.77894E-06  1.00000E-15  1.12769E-03
  3.21394E+01  1.70085E-06  1.00000E-15  1.13381E-03
  3.23299E+01  1.76681E-06  1.00000E-15  1.14059E-03
  3.25121E+01  1.72141E-06  1.00000E-15  1.14638E-03
  3.26977E+01  1.64986E-06  1.00000E-15  1.15349E-03
  3.28900E+01  1.62716E-06  1.00000E-15  1.15968E-03
  3.30837E+01  1.51310E-06  1.00000E-15  1.16744E-03
  3.32905E+01  1.47745E-06  1.00000E-15  1.17422E-03
  3.35007E+01  1.42912E-06  1.00000E-15  1.18244E-03
  3.37166E+01  1.35806E-06  1.00000E-15  1.18943E-03
  3.39421E+01  1.28715E-06  1.00000E-15  1.19857E-03
  3.41783E+01  1.22617E-06  1.00000E-15  1.20624E-03
  3.44245E+01  1.16165E-06  1.00000E-15  1.21620E-03
  3.46825E+01  1.09603E-06  1.00000E-15  1.22465E-03
  3.49538E+01  1.01681E-06  1.00000E-15  1.23574E-03
  3.52441E+01  9.51136E-07  1.00000E-15  1.24549E-03
  3.55521E+01  8.67602E-07  1.00000E-15  1.25802E-03
  3.58869E+01  8.00407E-07  1.00000E-15  1.26971E-03
  3.62468E+01  7.35090E-07  1.00000E-15  1.28390E-03
  3.66352E+01  6.66871E-07  1.00000E-15  1.29795E-03
  3.70595E+01  6.28285E-07  1.00000E-15  1.31388E-03
  3.75059E+01  5.65399E-07  1.00000E-15  1.33031E-03
  3.79977E+01  5.37017E-07  1.00000E-15  1.34824E-03
  3.85114E+01  4.81002E-07  1.00000E-15  1.36728E-03
  3.90810E+01  4.54827E-07  1.00000E-15  1.38788E-03
  3.96803E+01  4.07362E-07  1.00000E-15  1.40989E-03
  4.03475E+01  3.09089E-07  1.00000E-15  1.43723E-03
  4.12245E+01  6.21260E-07  1.00000E-15  1.45624E-03
  4.16664E+01  1.97852E-06  1.07952E-15  1.44864E-03
  4.18118E+01  1.47336E-06  1.00000E-15  1.43977E-03
  4.20236E+01  9.14239E-07  1.00000E-15  1.44252E-03
  4.24231E+01  7.93216E-07  1.30037E-15  1.45129E-03
  4.34302E+01  2.91466E-07  2.13817E-15  1.45990E-03
