 -9.74515E-11  8.21178E-04  3.12724E+03  2.29178E+00
  2.81984E-02  5.58181E-03  3.12723E+03  4.95039E+00
  3.25211E-02  8.71689E-03  3.12725E+03  5.68486E+00
  3.71929E-02  1.41344E-02  3.12729E+03  6.39244E+00
  4.12270E-02  2.06642E-02  3.12734E+03  7.01277E+00
  4.48037E-02  2.83553E-02  3.12742E+03  7.56788E+00
  4.80246E-02  3.75177E-02  3.12752E+03  8.06894E+00
  5.09383E-02  4.81810E-02  3.12766E+03  8.52234E+00
  5.35934E-02  5.96767E-02  3.12786E+03  8.93883E+00
  5.60583E-02  7.22646E-02  3.12815E+03  9.32613E+00
  5.83654E-02  8.58254E-02  3.12856E+03  9.68702E+00
  6.05416E-02  1.00530E-01  3.12910E+03  1.00258E+01
  6.26027E-02  1.16399E-01  3.12972E+03  1.03447E+01
  6.45616E-02  1.33236E-01  3.13044E+03  1.06473E+01
  6.64316E-02  1.50841E-01  3.13117E+03  1.09386E+01
  6.82257E-02  1.69057E-01  3.13181E+03  1.12216E+01
  6.99550E-02  1.88140E-01  3.13239E+03  1.14996E+01
  7.16258E-02  2.08007E-01  3.13288E+03  1.17742E+01
  7.32436E-02  2.28983E-01  3.13335E+03  1.20451E+01
  7.48111E-02  2.51397E-01  3.13393E+03  1.23091E+01
  7.63288E-02  2.75015E-01  3.13461E+03  1.25635E+01
  7.77995E-02  2.99168E-01  3.13547E+03  1.28053E+01
  7.92286E-02  3.24457E-01  3.13656E+03  1.30334E+01
  8.06182E-02  3.50513E-01  3.13788E+03  1.32516E+01
  8.19717E-02  3.76956E-01  3.13932E+03  1.34611E+01
  8.32932E-02  4.04393E-01  3.14096E+03  1.36650E+01
  8.45841E-02  4.31951E-01  3.14276E+03  1.38683E+01
  8.58483E-02  4.61082E-01  3.14458E+03  1.40720E+01
  8.70851E-02  4.90318E-01  3.14644E+03  1.42745E+01
  8.82978E-02  5.21446E-01  3.14820E+03  1.44742E+01
  8.94851E-02  5.52590E-01  3.14983E+03  1.46694E+01
  9.06501E-02  5.85479E-01  3.15135E+03  1.48600E+01
  9.17919E-02  6.18385E-01  3.15291E+03  1.50468E+01
  9.29134E-02  6.52374E-01  3.15463E+03  1.52303E+01
  9.40147E-02  6.86509E-01  3.15673E+03  1.54120E+01
  9.50980E-02  7.21699E-01  3.15919E+03  1.55924E+01
  9.61636E-02  7.57757E-01  3.16200E+03  1.57700E+01
  9.72119E-02  7.93990E-01  3.16487E+03  1.59421E+01
  9.82445E-02  8.31701E-01  3.16763E+03  1.61080E+01
  9.92611E-02  8.69986E-01  3.17017E+03  1.62698E+01
  1.00263E-01  9.09226E-01  3.17273E+03  1.64285E+01
  1.01249E-01  9.48810E-01  3.17544E+03  1.65860E+01
  1.02222E-01  9.89368E-01  3.17856E+03  1.67436E+01
  1.03181E-01  1.03060E+00  3.18229E+03  1.69033E+01
  1.04127E-01  1.07243E+00  3.18636E+03  1.70619E+01
  1.05061E-01  1.11522E+00  3.19050E+03  1.72176E+01
  1.05982E-01  1.15828E+00  3.19420E+03  1.73724E+01
  1.06892E-01  1.20162E+00  3.19720E+03  1.75245E+01
  1.07791E-01  1.24630E+00  3.19987E+03  1.76755E+01
  1.08679E-01  1.29158E+00  3.20271E+03  1.78230E+01
  1.09557E-01  1.33802E+00  3.20636E+03  1.79662E+01
  1.10424E-01  1.38365E+00  3.21089E+03  1.81063E+01
  1.11282E-01  1.43131E+00  3.21613E+03  1.82448E+01
  1.12130E-01  1.48001E+00  3.22150E+03  1.83868E+01
  1.12968E-01  1.52760E+00  3.22661E+03  1.85318E+01
  1.13797E-01  1.57778E+00  3.23135E+03  1.86780E+01
  1.14618E-01  1.62651E+00  3.23583E+03  1.88195E+01
  1.15430E-01  1.67839E+00  3.24041E+03  1.89559E+01
  1.16233E-01  1.72770E+00  3.24519E+03  1.90872E+01
  1.17030E-01  1.78044E+00  3.25015E+03  1.92135E+01
  1.17817E-01  1.83304E+00  3.25530E+03  1.93402E+01
  1.18597E-01  1.88508E+00  3.26085E+03  1.94699E+01
  1.19370E-01  1.93939E+00  3.26667E+03  1.96032E+01
  1.20136E-01  1.99497E+00  3.27283E+03  1.97378E+01
  1.20894E-01  2.04922E+00  3.27920E+03  1.98721E+01
  1.21645E-01  2.10428E+00  3.28566E+03  2.00043E+01
  1.22389E-01  2.16085E+00  3.29219E+03  2.01336E+01
  1.23127E-01  2.21739E+00  3.29869E+03  2.02589E+01
  1.23858E-01  2.27513E+00  3.30528E+03  2.03811E+01
  1.24583E-01  2.33243E+00  3.31198E+03  2.05026E+01
  1.25302E-01  2.39079E+00  3.31859E+03  2.06240E+01
  1.26014E-01  2.44844E+00  3.32512E+03  2.07463E+01
  1.26722E-01  2.50903E+00  3.33223E+03  2.08695E+01
  1.27423E-01  2.56865E+00  3.33902E+03  2.09928E+01
  1.28119E-01  2.62933E+00  3.34663E+03  2.11140E+01
  1.28809E-01  2.69152E+00  3.35458E+03  2.12330E+01
  1.29493E-01  2.75343E+00  3.36289E+03  2.13482E+01
  1.30172E-01  2.81526E+00  3.37188E+03  2.14609E+01
  1.30847E-01  2.87820E+00  3.38065E+03  2.15745E+01
  1.31515E-01  2.94373E+00  3.38938E+03  2.16914E+01
  1.32179E-01  3.00607E+00  3.39746E+03  2.18112E+01
  1.32838E-01  3.06917E+00  3.40537E+03  2.19332E+01
  1.33492E-01  3.13583E+00  3.41392E+03  2.20533E+01
  1.34142E-01  3.19933E+00  3.42262E+03  2.21716E+01
  1.34787E-01  3.26555E+00  3.43194E+03  2.22853E+01
  1.35427E-01  3.33330E+00  3.44170E+03  2.23967E+01
  1.36063E-01  3.40019E+00  3.45197E+03  2.25085E+01
  1.36695E-01  3.46834E+00  3.46203E+03  2.26206E+01
  1.37322E-01  3.53684E+00  3.47148E+03  2.27338E+01
  1.37945E-01  3.60431E+00  3.48152E+03  2.28481E+01
  1.38564E-01  3.67533E+00  3.49150E+03  2.29615E+01
  1.39178E-01  3.74228E+00  3.50242E+03  2.30710E+01
  1.39789E-01  3.81328E+00  3.51398E+03  2.31780E+01
  1.40396E-01  3.88680E+00  3.52565E+03  2.32839E+01
  1.40998E-01  3.95586E+00  3.53699E+03  2.33936E+01
  1.41597E-01  4.02838E+00  3.54777E+03  2.35059E+01
  1.42192E-01  4.09991E+00  3.55857E+03  2.36216E+01
  1.42783E-01  4.17314E+00  3.56934E+03  2.37375E+01
  1.43371E-01  4.24561E+00  3.58110E+03  2.38473E+01
  1.43955E-01  4.31842E+00  3.59367E+03  2.39549E+01
  1.44535E-01  4.39384E+00  3.60690E+03  2.40566E+01
  1.45112E-01  4.46894E+00  3.62039E+03  2.41547E+01
  1.45685E-01  4.54335E+00  3.63296E+03  2.42556E+01
  1.46255E-01  4.61914E+00  3.64569E+03  2.43623E+01
  1.46822E-01  4.69342E+00  3.65672E+03  2.44719E+01
  1.47386E-01  4.76919E+00  3.66860E+03  2.45827E+01
  1.47946E-01  4.84540E+00  3.68144E+03  2.46936E+01
  1.48503E-01  4.92310E+00  3.69641E+03  2.48048E+01
  1.49057E-01  5.00315E+00  3.71242E+03  2.49091E+01
  1.49607E-01  5.08221E+00  3.72840E+03  2.50044E+01
  1.50155E-01  5.16094E+00  3.74344E+03  2.51036E+01
  1.50699E-01  5.23904E+00  3.75664E+03  2.52067E+01
  1.51240E-01  5.31853E+00  3.76945E+03  2.53142E+01
  1.51778E-01  5.39290E+00  3.78287E+03  2.54231E+01
  1.52314E-01  5.47497E+00  3.79766E+03  2.55307E+01
  1.52847E-01  5.55792E+00  3.81394E+03  2.56365E+01
  1.53377E-01  5.63853E+00  3.83101E+03  2.57358E+01
  1.53904E-01  5.72002E+00  3.84779E+03  2.58331E+01
  1.54428E-01  5.80204E+00  3.86353E+03  2.59344E+01
  1.54949E-01  5.88416E+00  3.87898E+03  2.60403E+01
  1.55468E-01  5.96358E+00  3.89480E+03  2.61463E+01
  1.55984E-01  6.05013E+00  3.91124E+03  2.62484E+01
  1.56497E-01  6.12880E+00  3.92902E+03  2.63447E+01
  1.57008E-01  6.21908E+00  3.94753E+03  2.64442E+01
  1.57516E-01  6.29821E+00  3.96500E+03  2.65479E+01
  1.58022E-01  6.38469E+00  3.98138E+03  2.66519E+01
  1.58525E-01  6.46622E+00  3.99754E+03  2.67577E+01
  1.59026E-01  6.55145E+00  4.01591E+03  2.68578E+01
  1.59524E-01  6.63772E+00  4.03587E+03  2.69535E+01
  1.60020E-01  6.72447E+00  4.05531E+03  2.70520E+01
  1.60513E-01  6.81199E+00  4.07331E+03  2.71550E+01
  1.61004E-01  6.89271E+00  4.09089E+03  2.72583E+01
  1.61493E-01  6.98243E+00  4.10989E+03  2.73556E+01
  1.61979E-01  7.06886E+00  4.13081E+03  2.74533E+01
  1.62463E-01  7.15732E+00  4.15095E+03  2.75507E+01
  1.62944E-01  7.24622E+00  4.17085E+03  2.76543E+01
  1.63424E-01  7.33199E+00  4.18957E+03  2.77618E+01
  1.63901E-01  7.41672E+00  4.20954E+03  2.78608E+01
  1.64376E-01  7.50766E+00  4.23097E+03  2.79559E+01
  1.64849E-01  7.59618E+00  4.25312E+03  2.80470E+01
  1.65319E-01  7.68559E+00  4.27469E+03  2.81445E+01
  1.65788E-01  7.77024E+00  4.29411E+03  2.82565E+01
  1.66254E-01  7.85991E+00  4.31292E+03  2.83693E+01
  1.66719E-01  7.94510E+00  4.33452E+03  2.84662E+01
  1.67182E-01  8.03788E+00  4.35949E+03  2.85498E+01
  1.67642E-01  8.13471E+00  4.38524E+03  2.86314E+01
  1.68100E-01  8.22240E+00  4.40779E+03  2.87262E+01
  1.68556E-01  8.31501E+00  4.42803E+03  2.88376E+01
  1.69010E-01  8.39781E+00  4.44820E+03  2.89496E+01
  1.69463E-01  8.48500E+00  4.47107E+03  2.90532E+01
  1.69914E-01  8.57972E+00  4.49587E+03  2.91459E+01
  1.70363E-01  8.67482E+00  4.52240E+03  2.92371E+01
  1.70809E-01  8.76587E+00  4.54692E+03  2.93287E+01
  1.71254E-01  8.85529E+00  4.57174E+03  2.94201E+01
  1.71697E-01  8.94483E+00  4.59518E+03  2.95175E+01
  1.72138E-01  9.03435E+00  4.61816E+03  2.96202E+01
  1.72577E-01  9.12478E+00  4.64085E+03  2.97267E+01
  1.73015E-01  9.21268E+00  4.66558E+03  2.98312E+01
  1.73451E-01  9.30430E+00  4.69207E+03  2.99297E+01
  1.73886E-01  9.40341E+00  4.72047E+03  3.00243E+01
  1.74318E-01  9.49414E+00  4.74750E+03  3.01138E+01
  1.74749E-01  9.58692E+00  4.77642E+03  3.02031E+01
  1.75178E-01  9.68230E+00  4.80265E+03  3.02951E+01
  1.75605E-01  9.76505E+00  4.82735E+03  3.03930E+01
  1.76031E-01  9.85726E+00  4.85199E+03  3.04963E+01
  1.76455E-01  9.94675E+00  4.87798E+03  3.05968E+01
  1.76877E-01  1.00394E+01  4.90488E+03  3.06945E+01
  1.77299E-01  1.01282E+01  4.93274E+03  3.07897E+01
  1.77718E-01  1.02235E+01  4.96131E+03  3.08856E+01
  1.78136E-01  1.03143E+01  4.99028E+03  3.09824E+01
  1.78552E-01  1.04063E+01  5.01909E+03  3.10793E+01
  1.78967E-01  1.04996E+01  5.04751E+03  3.11764E+01
  1.79380E-01  1.05890E+01  5.07640E+03  3.12732E+01
  1.79792E-01  1.06785E+01  5.10634E+03  3.13681E+01
  1.80203E-01  1.07724E+01  5.13724E+03  3.14599E+01
  1.80611E-01  1.08747E+01  5.16899E+03  3.15531E+01
  1.81018E-01  1.09510E+01  5.19958E+03  3.16480E+01
  1.81424E-01  1.10405E+01  5.22877E+03  3.17422E+01
  1.81829E-01  1.11358E+01  5.25770E+03  3.18384E+01
  1.82232E-01  1.12303E+01  5.28783E+03  3.19373E+01
  1.82634E-01  1.13091E+01  5.31810E+03  3.20365E+01
  1.83035E-01  1.13948E+01  5.34911E+03  3.21332E+01
  1.83434E-01  1.14926E+01  5.38072E+03  3.22279E+01
  1.83832E-01  1.15799E+01  5.41273E+03  3.23215E+01
  1.84229E-01  1.16835E+01  5.44500E+03  3.24149E+01
  1.84624E-01  1.17544E+01  5.47726E+03  3.25102E+01
  1.85018E-01  1.18473E+01  5.50950E+03  3.26067E+01
  1.85411E-01  1.19332E+01  5.54188E+03  3.27001E+01
  1.85802E-01  1.20221E+01  5.57461E+03  3.27934E+01
  1.86193E-01  1.21069E+01  5.60821E+03  3.28905E+01
  1.86582E-01  1.22008E+01  5.64194E+03  3.29885E+01
  1.86970E-01  1.22836E+01  5.67535E+03  3.30839E+01
  1.87357E-01  1.23729E+01  5.70998E+03  3.31763E+01
  1.87742E-01  1.24612E+01  5.74463E+03  3.32693E+01
  1.88127E-01  1.25405E+01  5.77965E+03  3.33653E+01
  1.88510E-01  1.26291E+01  5.81458E+03  3.34626E+01
  1.88893E-01  1.27193E+01  5.84970E+03  3.35593E+01
  1.89273E-01  1.28120E+01  5.88527E+03  3.36538E+01
  1.89653E-01  1.28696E+01  5.92025E+03  3.37467E+01
  1.90032E-01  1.29618E+01  5.95533E+03  3.38399E+01
  1.90410E-01  1.30456E+01  5.99062E+03  3.39324E+01
  1.90787E-01  1.31339E+01  6.02609E+03  3.40234E+01
  1.91163E-01  1.32132E+01  6.06215E+03  3.41165E+01
  1.91538E-01  1.32935E+01  6.09933E+03  3.42129E+01
  1.91912E-01  1.33603E+01  6.13677E+03  3.43082E+01
  1.92285E-01  1.34559E+01  6.17393E+03  3.44027E+01
  1.92657E-01  1.35495E+01  6.21117E+03  3.44980E+01
  1.93028E-01  1.35928E+01  6.24841E+03  3.45945E+01
  1.93398E-01  1.36885E+01  6.28560E+03  3.46914E+01
  1.93768E-01  1.37770E+01  6.32395E+03  3.47859E+01
  1.94136E-01  1.38343E+01  6.36219E+03  3.48788E+01
  1.94503E-01  1.39154E+01  6.40039E+03  3.49712E+01
  1.94870E-01  1.40048E+01  6.43948E+03  3.50628E+01
  1.95235E-01  1.40631E+01  6.47899E+03  3.51548E+01
  1.95600E-01  1.41569E+01  6.51864E+03  3.52494E+01
  1.95964E-01  1.42050E+01  6.55894E+03  3.53433E+01
  1.96328E-01  1.43088E+01  6.59962E+03  3.54325E+01
  1.96690E-01  1.43445E+01  6.63984E+03  3.55217E+01
  1.97052E-01  1.44521E+01  6.67949E+03  3.56169E+01
  1.97412E-01  1.44934E+01  6.71913E+03  3.57165E+01
  1.97772E-01  1.45720E+01  6.75808E+03  3.58160E+01
  1.98132E-01  1.46297E+01  6.79831E+03  3.59110E+01
  1.98491E-01  1.47042E+01  6.83977E+03  3.60028E+01
  1.98849E-01  1.47849E+01  6.88191E+03  3.60938E+01
  1.99206E-01  1.48324E+01  6.92332E+03  3.61892E+01
  1.99562E-01  1.49021E+01  6.96370E+03  3.62853E+01
  1.99918E-01  1.49731E+01  7.00474E+03  3.63809E+01
  2.00274E-01  1.50158E+01  7.04622E+03  3.64757E+01
  2.00629E-01  1.50863E+01  7.08869E+03  3.65684E+01
  2.00983E-01  1.51692E+01  7.13280E+03  3.66580E+01
  2.01336E-01  1.52075E+01  7.17737E+03  3.67458E+01
  2.01689E-01  1.52681E+01  7.22225E+03  3.68347E+01
  2.02041E-01  1.53335E+01  7.26679E+03  3.69258E+01
  2.02393E-01  1.53909E+01  7.30912E+03  3.70214E+01
  2.02744E-01  1.54581E+01  7.35001E+03  3.71209E+01
  2.03095E-01  1.54913E+01  7.39066E+03  3.72212E+01
  2.03445E-01  1.55368E+01  7.43309E+03  3.73200E+01
  2.03795E-01  1.55901E+01  7.47571E+03  3.74154E+01
  2.04144E-01  1.56444E+01  7.51956E+03  3.75090E+01
  2.04493E-01  1.56949E+01  7.56549E+03  3.75993E+01
  2.04842E-01  1.57534E+01  7.61472E+03  3.76817E+01
  2.05190E-01  1.58028E+01  7.66552E+03  3.77642E+01
  2.05537E-01  1.58539E+01  7.71121E+03  3.78572E+01
  2.05884E-01  1.58908E+01  7.75179E+03  3.79600E+01
  2.06231E-01  1.59304E+01  7.79277E+03  3.80630E+01
  2.06577E-01  1.59694E+01  7.83636E+03  3.81625E+01
  2.06924E-01  1.60113E+01  7.88094E+03  3.82606E+01
  2.07269E-01  1.60545E+01  7.92587E+03  3.83583E+01
  2.07615E-01  1.60984E+01  7.97359E+03  3.84486E+01
  2.07960E-01  1.61375E+01  8.02588E+03  3.85275E+01
  2.08305E-01  1.61596E+01  8.07844E+03  3.86073E+01
  2.08650E-01  1.62067E+01  8.12896E+03  3.86967E+01
  2.08994E-01  1.62412E+01  8.16938E+03  3.88023E+01
  2.09338E-01  1.62659E+01  8.20361E+03  3.89249E+01
  2.09682E-01  1.62916E+01  8.24918E+03  3.90229E+01
  2.10026E-01  1.63091E+01  8.30754E+03  3.90925E+01
  2.10370E-01  1.63451E+01  8.35203E+03  3.91923E+01
  2.10713E-01  1.63973E+01  8.40153E+03  3.92859E+01
  2.11056E-01  1.64068E+01  8.46899E+03  3.93359E+01
  2.11399E-01  1.64175E+01  8.49616E+03  3.94878E+01
  2.11743E-01  1.64458E+01  8.52588E+03  3.96423E+01
  2.12086E-01  1.64680E+01  8.61072E+03  3.96244E+01
  2.12429E-01  1.65260E+01  8.67307E+03  3.97473E+01
  2.12771E-01  1.64523E+01  8.65877E+03  3.99761E+01
  2.13115E-01  1.60251E+01  8.30610E+03  3.92971E+01
  2.13468E-01  9.82836E+00  3.28605E+03  2.37502E+01
  2.14044E-01  4.83864E+00  8.42831E+01  2.27453E+00
  2.15210E-01  4.06633E+00  6.91917E-02  1.72160E-02
  2.16586E-01  3.95959E+00  2.68782E-07  1.43465E-06
  2.17986E-01  3.89480E+00  1.97341E-07  2.12637E-09
  2.19397E-01  3.83084E+00  1.91969E-07  2.10497E-09
  2.20819E-01  3.76747E+00  1.86706E-07  2.08199E-09
  2.22252E-01  3.70467E+00  1.81548E-07  2.05858E-09
  2.23696E-01  3.64246E+00  1.76495E-07  2.03519E-09
  2.25151E-01  3.58082E+00  1.71545E-07  2.01200E-09
  2.26617E-01  3.51976E+00  1.66698E-07  1.98875E-09
  2.28095E-01  3.45928E+00  1.61951E-07  1.96555E-09
  2.29585E-01  3.39937E+00  1.57304E-07  1.94249E-09
  2.31087E-01  3.34004E+00  1.52755E-07  1.91947E-09
  2.32601E-01  3.28129E+00  1.48302E-07  1.89655E-09
  2.34128E-01  3.22310E+00  1.43945E-07  1.87363E-09
  2.35667E-01  3.16549E+00  1.39682E-07  1.85077E-09
  2.37219E-01  3.10844E+00  1.35512E-07  1.82808E-09
  2.38784E-01  3.05196E+00  1.31434E-07  1.80540E-09
  2.40363E-01  2.99605E+00  1.27445E-07  1.78280E-09
  2.41955E-01  2.94071E+00  1.23546E-07  1.76023E-09
  2.43562E-01  2.88593E+00  1.19734E-07  1.73784E-09
  2.45182E-01  2.83171E+00  1.16009E-07  1.71547E-09
  2.46818E-01  2.77806E+00  1.12368E-07  1.69316E-09
  2.48468E-01  2.72496E+00  1.08812E-07  1.67098E-09
  2.50133E-01  2.67243E+00  1.05338E-07  1.64881E-09
  2.51813E-01  2.62044E+00  1.01945E-07  1.62677E-09
  2.53509E-01  2.56902E+00  9.86325E-08  1.60484E-09
  2.55221E-01  2.51815E+00  9.53987E-08  1.58295E-09
  2.56950E-01  2.46782E+00  9.22426E-08  1.56112E-09
  2.58695E-01  2.41805E+00  8.91629E-08  1.53938E-09
  2.60458E-01  2.36883E+00  8.61584E-08  1.51775E-09
  2.62238E-01  2.32015E+00  8.32279E-08  1.49619E-09
  2.64036E-01  2.27202E+00  8.03702E-08  1.47477E-09
  2.65852E-01  2.22443E+00  7.75841E-08  1.45339E-09
  2.67687E-01  2.17738E+00  7.48685E-08  1.43209E-09
  2.69542E-01  2.13087E+00  7.22222E-08  1.41088E-09
  2.71416E-01  2.08490E+00  6.96441E-08  1.38976E-09
  2.73310E-01  2.03947E+00  6.71329E-08  1.36876E-09
  2.75224E-01  1.99456E+00  6.46876E-08  1.34780E-09
  2.77160E-01  1.95019E+00  6.23071E-08  1.32697E-09
  2.79117E-01  1.90635E+00  5.99902E-08  1.30621E-09
  2.81097E-01  1.86304E+00  5.77358E-08  1.28553E-09
  2.83099E-01  1.82025E+00  5.55428E-08  1.26494E-09
  2.85125E-01  1.77799E+00  5.34102E-08  1.24447E-09
  2.87175E-01  1.73625E+00  5.13368E-08  1.22411E-09
  2.89249E-01  1.69503E+00  4.93216E-08  1.20380E-09
  2.91349E-01  1.65433E+00  4.73636E-08  1.18360E-09
  2.93475E-01  1.61414E+00  4.54616E-08  1.16348E-09
  2.95627E-01  1.57447E+00  4.36147E-08  1.14344E-09
  2.97807E-01  1.53531E+00  4.18218E-08  1.12353E-09
  3.00016E-01  1.49667E+00  4.00820E-08  1.10372E-09
  3.02253E-01  1.45853E+00  3.83941E-08  1.08399E-09
  3.04521E-01  1.42089E+00  3.67573E-08  1.06432E-09
  3.06819E-01  1.38376E+00  3.51705E-08  1.04479E-09
  3.09150E-01  1.34714E+00  3.36327E-08  1.02532E-09
  3.11513E-01  1.31101E+00  3.21430E-08  1.00593E-09
  3.13911E-01  1.27539E+00  3.07005E-08  9.86689E-10
  3.16343E-01  1.24026E+00  2.93041E-08  9.67505E-10
  3.18812E-01  1.20562E+00  2.79530E-08  9.48426E-10
  3.21319E-01  1.17148E+00  2.66462E-08  9.29450E-10
  3.23864E-01  1.13783E+00  2.53828E-08  9.10544E-10
  3.26449E-01  1.10467E+00  2.41619E-08  8.91744E-10
  3.29077E-01  1.07200E+00  2.29826E-08  8.73078E-10
  3.31747E-01  1.03981E+00  2.18441E-08  8.54469E-10
  3.34462E-01  1.00811E+00  2.07454E-08  8.35946E-10
  3.37224E-01  9.76892E-01  1.96858E-08  8.17525E-10
  3.40034E-01  9.46152E-01  1.86642E-08  7.99204E-10
  3.42894E-01  9.15892E-01  1.76800E-08  7.80978E-10
  3.45806E-01  8.86108E-01  1.67322E-08  7.62860E-10
  3.48773E-01  8.56801E-01  1.58200E-08  7.44806E-10
  3.51797E-01  8.27967E-01  1.49427E-08  7.26879E-10
  3.54880E-01  7.99606E-01  1.40994E-08  7.09019E-10
  3.58024E-01  7.71717E-01  1.32894E-08  6.91274E-10
  3.61233E-01  7.44296E-01  1.25117E-08  6.73616E-10
  3.64510E-01  7.17345E-01  1.17658E-08  6.56050E-10
  3.67857E-01  6.90860E-01  1.10507E-08  6.38587E-10
  3.71279E-01  6.64841E-01  1.03658E-08  6.21225E-10
  3.74778E-01  6.39286E-01  9.71032E-09  6.03940E-10
  3.78360E-01  6.14195E-01  9.08347E-09  5.86766E-10
  3.82027E-01  5.89566E-01  8.48455E-09  5.69687E-10
  3.85785E-01  5.65399E-01  7.91285E-09  5.52709E-10
  3.89639E-01  5.41692E-01  7.36765E-09  5.35806E-10
  3.93593E-01  5.18445E-01  6.84825E-09  5.19039E-10
  3.97655E-01  4.95658E-01  6.35395E-09  5.02337E-10
  4.01830E-01  4.73328E-01  5.88408E-09  4.85746E-10
  4.06126E-01  4.51457E-01  5.43795E-09  4.69267E-10
  4.10549E-01  4.30044E-01  5.01490E-09  4.52861E-10
  4.15110E-01  4.09088E-01  4.61427E-09  4.36583E-10
  4.19815E-01  3.88590E-01  4.23540E-09  4.20389E-10
  4.24677E-01  3.68550E-01  3.87766E-09  4.04311E-10
  4.29706E-01  3.48968E-01  3.54039E-09  3.88333E-10
  4.34914E-01  3.29845E-01  3.22298E-09  3.72462E-10
  4.40316E-01  3.11181E-01  2.92480E-09  3.56706E-10
  4.45928E-01  2.92977E-01  2.64523E-09  3.41051E-10
  4.51766E-01  2.75235E-01  2.38367E-09  3.25507E-10
  4.57852E-01  2.57955E-01  2.13952E-09  3.10093E-10
  4.64207E-01  2.41141E-01  1.91217E-09  2.94790E-10
  4.70856E-01  2.24794E-01  1.70104E-09  2.79606E-10
  4.77831E-01  2.08916E-01  1.50554E-09  2.64543E-10
  4.85164E-01  1.93511E-01  1.32510E-09  2.49614E-10
  4.92894E-01  1.78581E-01  1.15914E-09  2.34823E-10
  5.01069E-01  1.64132E-01  1.00708E-09  2.20165E-10
  5.09742E-01  1.50167E-01  8.68362E-10  2.05663E-10
  5.18979E-01  1.36693E-01  7.42423E-10  1.91309E-10
  5.28857E-01  1.23715E-01  6.28700E-10  1.77116E-10
  5.39472E-01  1.11240E-01  5.26635E-10  1.63086E-10
  5.50939E-01  9.92771E-02  4.35669E-10  1.49245E-10
  5.63404E-01  8.78358E-02  3.55245E-10  1.35593E-10
  5.77054E-01  7.69275E-02  2.84803E-10  1.22159E-10
  5.92128E-01  6.65656E-02  2.23782E-10  1.08939E-10
  6.08944E-01  5.67661E-02  1.71616E-10  9.59702E-11
  6.27936E-01  4.75482E-02  1.27731E-10  8.32738E-11
  6.49716E-01  3.89352E-02  9.15474E-11  7.08808E-11
  6.75184E-01  3.09564E-02  6.24681E-11  5.88284E-11
  7.05734E-01  2.36488E-02  3.98800E-11  4.71783E-11
  7.43699E-01  1.70612E-02  2.31432E-11  3.60189E-11
  7.93395E-01  1.12613E-02  1.15804E-11  2.57381E-11
  8.64237E-01  6.35029E-03  4.45721E-12  1.57365E-11
  9.84118E-01  2.50120E-03  9.43315E-13  3.33718E-12
  1.39569E+00  1.35808E-04  7.34429E-15  1.68310E-12
