 -4.73891E-11  7.46902E-03  3.52214E-06  3.44328E-05
  1.35088E-02  7.87450E-03  3.52230E-06  8.93342E-05
  2.22075E-02  7.94995E-03  3.52258E-06  1.34899E-04
  3.09517E-02  7.64896E-03  3.52275E-06  1.81452E-04
  4.00134E-02  4.76996E-02  3.52299E-06  2.10808E-04
  4.17304E-02  5.45449E-02  3.52332E-06  2.21299E-04
  4.37075E-02  5.99752E-02  3.52366E-06  2.33836E-04
  4.59294E-02  7.36355E-02  3.52399E-06  2.47241E-04
  4.80775E-02  8.72429E-02  3.52431E-06  2.60261E-04
  5.01774E-02  1.01718E-01  3.52455E-06  2.72560E-04
  5.22239E-02  1.16274E-01  3.52474E-06  2.83887E-04
  5.42281E-02  1.31592E-01  3.52511E-06  2.93980E-04
  5.61867E-02  1.49717E-01  3.52545E-06  3.02834E-04
  5.80730E-02  1.70887E-01  3.52590E-06  3.10805E-04
  5.98714E-02  1.94710E-01  3.52650E-06  3.18258E-04
  6.15800E-02  2.21265E-01  3.52698E-06  3.25822E-04
  6.32003E-02  2.50057E-01  3.52749E-06  3.33792E-04
  6.47397E-02  2.80549E-01  3.52812E-06  3.42212E-04
  6.62078E-02  3.12443E-01  3.52911E-06  3.50880E-04
  6.76139E-02  3.45506E-01  3.53056E-06  3.59488E-04
  6.89663E-02  3.80321E-01  3.53253E-06  3.67689E-04
  7.02694E-02  4.17473E-01  3.53494E-06  3.75164E-04
  7.15254E-02  4.57392E-01  3.53741E-06  3.81694E-04
  7.27356E-02  4.98077E-01  3.53964E-06  3.87462E-04
  7.39066E-02  5.34640E-01  3.54106E-06  3.92818E-04
  7.50534E-02  5.62391E-01  3.54163E-06  3.98070E-04
  7.61969E-02  5.84268E-01  3.54167E-06  4.03463E-04
  7.73485E-02  6.08847E-01  3.54164E-06  4.09126E-04
  7.85017E-02  6.41207E-01  3.54216E-06  4.15034E-04
  7.96422E-02  6.81154E-01  3.54407E-06  4.21106E-04
  8.07588E-02  7.27297E-01  3.54740E-06  4.27328E-04
  8.18451E-02  7.75946E-01  3.55162E-06  4.33607E-04
  8.29017E-02  8.26210E-01  3.55586E-06  4.39836E-04
  8.39305E-02  8.77677E-01  3.55951E-06  4.45920E-04
  8.49337E-02  9.28812E-01  3.56238E-06  4.51708E-04
  8.59147E-02  9.82003E-01  3.56488E-06  4.57020E-04
  8.68742E-02  1.03589E+00  3.56725E-06  4.61784E-04
  8.78139E-02  1.09235E+00  3.56988E-06  4.66128E-04
  8.87339E-02  1.14960E+00  3.57269E-06  4.70311E-04
  8.96356E-02  1.20725E+00  3.57545E-06  4.74620E-04
  9.05208E-02  1.25901E+00  3.57810E-06  4.79253E-04
  9.13951E-02  1.30199E+00  3.58097E-06  4.84158E-04
  9.22651E-02  1.34041E+00  3.58442E-06  4.89100E-04
  9.31341E-02  1.37992E+00  3.58876E-06  4.93842E-04
  9.40013E-02  1.42725E+00  3.59403E-06  4.98350E-04
  9.48620E-02  1.48140E+00  3.59946E-06  5.02726E-04
  9.57126E-02  1.54273E+00  3.60422E-06  5.07236E-04
  9.65501E-02  1.60815E+00  3.60780E-06  5.12086E-04
  9.73734E-02  1.67382E+00  3.61092E-06  5.17133E-04
  9.81837E-02  1.74265E+00  3.61449E-06  5.22076E-04
  9.89806E-02  1.81340E+00  3.61976E-06  5.26569E-04
  9.97643E-02  1.88492E+00  3.62692E-06  5.30451E-04
  1.00536E-01  1.95762E+00  3.63528E-06  5.33955E-04
  1.01295E-01  2.03098E+00  3.64304E-06  5.37503E-04
  1.02044E-01  2.09870E+00  3.64892E-06  5.41456E-04
  1.02784E-01  2.15583E+00  3.65269E-06  5.45906E-04
  1.03520E-01  2.20538E+00  3.65537E-06  5.50675E-04
  1.04254E-01  2.25349E+00  3.65866E-06  5.55340E-04
  1.04988E-01  2.30796E+00  3.66391E-06  5.59567E-04
  1.05718E-01  2.37214E+00  3.67131E-06  5.63286E-04
  1.06443E-01  2.44464E+00  3.68015E-06  5.66677E-04
  1.07159E-01  2.52199E+00  3.68940E-06  5.70040E-04
  1.07867E-01  2.60283E+00  3.69807E-06  5.73607E-04
  1.08565E-01  2.68360E+00  3.70574E-06  5.77421E-04
  1.09255E-01  2.76526E+00  3.71245E-06  5.81393E-04
  1.09936E-01  2.84676E+00  3.71864E-06  5.85464E-04
  1.10610E-01  2.92637E+00  3.72504E-06  5.89572E-04
  1.11277E-01  2.99970E+00  3.73195E-06  5.93674E-04
  1.11939E-01  3.06533E+00  3.73949E-06  5.97678E-04
  1.12598E-01  3.12994E+00  3.74787E-06  6.01563E-04
  1.13253E-01  3.19086E+00  3.75721E-06  6.05323E-04
  1.13907E-01  3.25774E+00  3.76700E-06  6.08905E-04
  1.14558E-01  3.33448E+00  3.77671E-06  6.12365E-04
  1.15203E-01  3.41330E+00  3.78618E-06  6.15785E-04
  1.15843E-01  3.49977E+00  3.79556E-06  6.19157E-04
  1.16478E-01  3.58590E+00  3.80516E-06  6.22560E-04
  1.17106E-01  3.67542E+00  3.81544E-06  6.26058E-04
  1.17728E-01  3.76186E+00  3.82605E-06  6.29674E-04
  1.18345E-01  3.85005E+00  3.83641E-06  6.33437E-04
  1.18956E-01  3.92764E+00  3.84652E-06  6.37299E-04
  1.19564E-01  4.00623E+00  3.85644E-06  6.41092E-04
  1.20168E-01  4.07958E+00  3.86661E-06  6.44731E-04
  1.20770E-01  4.14919E+00  3.87746E-06  6.48246E-04
  1.21369E-01  4.22714E+00  3.88883E-06  6.51680E-04
  1.21966E-01  4.30984E+00  3.90076E-06  6.55115E-04
  1.22558E-01  4.39443E+00  3.91281E-06  6.58595E-04
  1.23147E-01  4.48392E+00  3.92435E-06  6.62150E-04
  1.23732E-01  4.57755E+00  3.93575E-06  6.65659E-04
  1.24312E-01  4.67053E+00  3.94782E-06  6.69007E-04
  1.24887E-01  4.76124E+00  3.96065E-06  6.72296E-04
  1.25459E-01  4.84955E+00  3.97456E-06  6.75723E-04
  1.26027E-01  4.93543E+00  3.98884E-06  6.79279E-04
  1.26591E-01  5.01972E+00  4.00319E-06  6.82905E-04
  1.27153E-01  5.10133E+00  4.01678E-06  6.86495E-04
  1.27713E-01  5.18552E+00  4.02988E-06  6.89869E-04
  1.28270E-01  5.27305E+00  4.04334E-06  6.93128E-04
  1.28823E-01  5.36251E+00  4.05772E-06  6.96416E-04
  1.29374E-01  5.45783E+00  4.07264E-06  6.99739E-04
  1.29921E-01  5.55537E+00  4.08797E-06  7.03206E-04
  1.30465E-01  5.65291E+00  4.10385E-06  7.06679E-04
  1.31005E-01  5.74981E+00  4.11867E-06  7.10038E-04
  1.31541E-01  5.84371E+00  4.13352E-06  7.13318E-04
  1.32075E-01  5.93666E+00  4.14864E-06  7.16583E-04
  1.32605E-01  6.02893E+00  4.16498E-06  7.20021E-04
  1.33133E-01  6.12236E+00  4.18155E-06  7.23403E-04
  1.33659E-01  6.21179E+00  4.19850E-06  7.26761E-04
  1.34182E-01  6.29737E+00  4.21516E-06  7.30164E-04
  1.34703E-01  6.39392E+00  4.23248E-06  7.33452E-04
  1.35221E-01  6.48561E+00  4.24975E-06  7.36689E-04
  1.35737E-01  6.58311E+00  4.26802E-06  7.40019E-04
  1.36250E-01  6.68384E+00  4.28621E-06  7.43382E-04
  1.36760E-01  6.78118E+00  4.30494E-06  7.46693E-04
  1.37268E-01  6.87929E+00  4.32391E-06  7.50048E-04
  1.37773E-01  6.98062E+00  4.34235E-06  7.53350E-04
  1.38276E-01  7.07541E+00  4.36113E-06  7.56689E-04
  1.38776E-01  7.16949E+00  4.38107E-06  7.60033E-04
  1.39274E-01  7.26821E+00  4.40103E-06  7.63294E-04
  1.39770E-01  7.35720E+00  4.42164E-06  7.66532E-04
  1.40264E-01  7.45661E+00  4.44242E-06  7.69742E-04
  1.40755E-01  7.55268E+00  4.46372E-06  7.72892E-04
  1.41245E-01  7.65549E+00  4.48599E-06  7.76150E-04
  1.41732E-01  7.75368E+00  4.50714E-06  7.79452E-04
  1.42217E-01  7.84861E+00  4.52807E-06  7.82728E-04
  1.42700E-01  7.95584E+00  4.54878E-06  7.86076E-04
  1.43181E-01  8.05391E+00  4.56928E-06  7.89505E-04
  1.43659E-01  8.14054E+00  4.59023E-06  7.92953E-04
  1.44137E-01  8.24370E+00  4.61160E-06  7.96307E-04
  1.44612E-01  8.34153E+00  4.63378E-06  7.99674E-04
  1.45085E-01  8.44089E+00  4.65769E-06  8.02958E-04
  1.45556E-01  8.53257E+00  4.68160E-06  8.06073E-04
  1.46026E-01  8.63730E+00  4.70728E-06  8.09140E-04
  1.46493E-01  8.74390E+00  4.73366E-06  8.12197E-04
  1.46959E-01  8.84734E+00  4.75926E-06  8.15300E-04
  1.47422E-01  8.94625E+00  4.78343E-06  8.18524E-04
  1.47884E-01  9.05899E+00  4.80850E-06  8.21928E-04
  1.48343E-01  9.15259E+00  4.83279E-06  8.25356E-04
  1.48801E-01  9.24170E+00  4.85710E-06  8.28827E-04
  1.49257E-01  9.34074E+00  4.88184E-06  8.32362E-04
  1.49712E-01  9.44208E+00  4.90711E-06  8.35837E-04
  1.50165E-01  9.54367E+00  4.93357E-06  8.39048E-04
  1.50617E-01  9.64953E+00  4.96323E-06  8.42031E-04
  1.51066E-01  9.75850E+00  4.99409E-06  8.45000E-04
  1.51513E-01  9.85789E+00  5.02453E-06  8.48043E-04
  1.51959E-01  9.95601E+00  5.05302E-06  8.51349E-04
  1.52404E-01  1.00557E+01  5.07925E-06  8.54927E-04
  1.52847E-01  1.01567E+01  5.10406E-06  8.58618E-04
  1.53288E-01  1.02583E+01  5.12967E-06  8.62161E-04
  1.53727E-01  1.03608E+01  5.15846E-06  8.65422E-04
  1.54166E-01  1.04739E+01  5.19070E-06  8.68413E-04
  1.54602E-01  1.05781E+01  5.22452E-06  8.71189E-04
  1.55036E-01  1.06621E+01  5.25744E-06  8.74109E-04
  1.55470E-01  1.07736E+01  5.28704E-06  8.77419E-04
  1.55901E-01  1.08901E+01  5.31427E-06  8.81044E-04
  1.56331E-01  1.09864E+01  5.34072E-06  8.84783E-04
  1.56759E-01  1.10642E+01  5.37067E-06  8.88251E-04
  1.57187E-01  1.11873E+01  5.40460E-06  8.91257E-04
  1.57613E-01  1.13097E+01  5.44060E-06  8.94068E-04
  1.58036E-01  1.13911E+01  5.47654E-06  8.96982E-04
  1.58459E-01  1.15138E+01  5.50889E-06  9.00214E-04
  1.58879E-01  1.15935E+01  5.53869E-06  9.03826E-04
  1.59299E-01  1.17010E+01  5.56800E-06  9.07541E-04
  1.59718E-01  1.18211E+01  5.60010E-06  9.10991E-04
  1.60134E-01  1.18985E+01  5.63723E-06  9.13996E-04
  1.60550E-01  1.20421E+01  5.67687E-06  9.16800E-04
  1.60963E-01  1.21128E+01  5.71475E-06  9.19858E-04
  1.61376E-01  1.22504E+01  5.74754E-06  9.23392E-04
  1.61786E-01  1.23071E+01  5.77818E-06  9.27116E-04
  1.62196E-01  1.24332E+01  5.81193E-06  9.30667E-04
  1.62605E-01  1.25433E+01  5.85122E-06  9.33756E-04
  1.63012E-01  1.26283E+01  5.89399E-06  9.36654E-04
  1.63418E-01  1.27785E+01  5.93274E-06  9.39762E-04
  1.63821E-01  1.28216E+01  5.96702E-06  9.43237E-04
  1.64225E-01  1.29379E+01  6.00066E-06  9.46904E-04
  1.64627E-01  1.30809E+01  6.03765E-06  9.50272E-04
  1.65026E-01  1.31301E+01  6.07987E-06  9.53302E-04
  1.65426E-01  1.32430E+01  6.12094E-06  9.56352E-04
  1.65824E-01  1.33726E+01  6.15909E-06  9.59705E-04
  1.66221E-01  1.34797E+01  6.19576E-06  9.63220E-04
  1.66615E-01  1.35307E+01  6.23435E-06  9.66505E-04
  1.67011E-01  1.36441E+01  6.27579E-06  9.69546E-04
  1.67404E-01  1.37630E+01  6.31715E-06  9.72674E-04
  1.67796E-01  1.38806E+01  6.35604E-06  9.76052E-04
  1.68186E-01  1.39699E+01  6.39448E-06  9.79441E-04
  1.68576E-01  1.40436E+01  6.43555E-06  9.82609E-04
  1.68964E-01  1.41407E+01  6.47970E-06  9.85496E-04
  1.69352E-01  1.42524E+01  6.52499E-06  9.88492E-04
  1.69739E-01  1.43423E+01  6.56480E-06  9.91982E-04
  1.70124E-01  1.44496E+01  6.60065E-06  9.95787E-04
  1.70508E-01  1.45410E+01  6.63965E-06  9.99281E-04
  1.70891E-01  1.46493E+01  6.68779E-06  1.00214E-03
  1.71273E-01  1.47561E+01  6.74037E-06  1.00475E-03
  1.71654E-01  1.48517E+01  6.78770E-06  1.00780E-03
  1.72033E-01  1.49480E+01  6.82699E-06  1.01156E-03
  1.72412E-01  1.50247E+01  6.86320E-06  1.01545E-03
  1.72790E-01  1.51170E+01  6.90459E-06  1.01897E-03
  1.73167E-01  1.52325E+01  6.95451E-06  1.02198E-03
  1.73542E-01  1.53429E+01  7.00714E-06  1.02477E-03
  1.73916E-01  1.54409E+01  7.05818E-06  1.02781E-03
  1.74289E-01  1.55467E+01  7.10471E-06  1.03109E-03
  1.74661E-01  1.56350E+01  7.14923E-06  1.03453E-03
  1.75032E-01  1.57010E+01  7.19219E-06  1.03807E-03
  1.75403E-01  1.57814E+01  7.23595E-06  1.04166E-03
  1.75773E-01  1.58665E+01  7.28236E-06  1.04504E-03
  1.76142E-01  1.60065E+01  7.33259E-06  1.04814E-03
  1.76509E-01  1.61160E+01  7.38494E-06  1.05107E-03
  1.76875E-01  1.61820E+01  7.43802E-06  1.05404E-03
  1.77240E-01  1.62487E+01  7.48730E-06  1.05714E-03
  1.77605E-01  1.63799E+01  7.53603E-06  1.06037E-03
  1.77969E-01  1.64918E+01  7.58269E-06  1.06379E-03
  1.78330E-01  1.65249E+01  7.62817E-06  1.06731E-03
  1.78693E-01  1.66149E+01  7.67418E-06  1.07077E-03
  1.79054E-01  1.67540E+01  7.72395E-06  1.07398E-03
  1.79413E-01  1.67852E+01  7.77654E-06  1.07692E-03
  1.79773E-01  1.69030E+01  7.83046E-06  1.07995E-03
  1.80131E-01  1.70192E+01  7.88353E-06  1.08311E-03
  1.80488E-01  1.70417E+01  7.93533E-06  1.08622E-03
  1.80845E-01  1.71988E+01  7.98666E-06  1.08937E-03
  1.81200E-01  1.72269E+01  8.03798E-06  1.09252E-03
  1.81555E-01  1.73488E+01  8.08920E-06  1.09570E-03
  1.81908E-01  1.74068E+01  8.14001E-06  1.09898E-03
  1.82262E-01  1.75041E+01  8.19047E-06  1.10234E-03
  1.82614E-01  1.75608E+01  8.24269E-06  1.10567E-03
  1.82966E-01  1.76726E+01  8.29620E-06  1.10892E-03
  1.83317E-01  1.77183E+01  8.35094E-06  1.11204E-03
  1.83667E-01  1.78474E+01  8.40545E-06  1.11513E-03
  1.84016E-01  1.78594E+01  8.46056E-06  1.11828E-03
  1.84365E-01  1.80060E+01  8.51510E-06  1.12151E-03
  1.84712E-01  1.80342E+01  8.57022E-06  1.12466E-03
  1.85060E-01  1.81275E+01  8.62621E-06  1.12781E-03
  1.85406E-01  1.82349E+01  8.68409E-06  1.13093E-03
  1.85751E-01  1.82527E+01  8.74140E-06  1.13401E-03
  1.86097E-01  1.83637E+01  8.79831E-06  1.13723E-03
  1.86441E-01  1.84603E+01  8.85384E-06  1.14059E-03
  1.86784E-01  1.84710E+01  8.90902E-06  1.14390E-03
  1.87128E-01  1.85601E+01  8.96528E-06  1.14710E-03
  1.87470E-01  1.86655E+01  9.02276E-06  1.15039E-03
  1.87811E-01  1.87186E+01  9.08351E-06  1.15354E-03
  1.88152E-01  1.87546E+01  9.14211E-06  1.15667E-03
  1.88493E-01  1.88334E+01  9.19466E-06  1.16038E-03
  1.88833E-01  1.89173E+01  9.25217E-06  1.16330E-03
  1.89172E-01  1.90069E+01  9.32424E-06  1.16585E-03
  1.89510E-01  1.90304E+01  9.36931E-06  1.17010E-03
  1.89848E-01  1.90605E+01  9.41475E-06  1.17347E-03
  1.90186E-01  1.92024E+01  9.54248E-06  1.17478E-03
  1.90523E-01  1.92127E+01  9.54710E-06  1.17747E-03
  1.90859E-01  1.76010E+01  8.25106E-06  1.12129E-03
  1.91227E-01  9.69167E+00  2.37215E-06  5.21862E-04
  1.91895E-01  5.83619E+00  4.07672E-07  1.11919E-04
  1.92999E-01  5.34100E+00  3.34041E-07  7.76228E-05
  1.94197E-01  5.26101E+00  3.25719E-07  7.63967E-05
  1.95404E-01  5.18756E+00  3.18186E-07  7.57926E-05
  1.96619E-01  5.11396E+00  3.10701E-07  7.50916E-05
  1.97842E-01  5.04149E+00  3.03407E-07  7.44099E-05
  1.99074E-01  4.96925E+00  2.96189E-07  7.36969E-05
  2.00313E-01  4.89751E+00  2.89080E-07  7.30022E-05
  2.01561E-01  4.82624E+00  2.82115E-07  7.23196E-05
  2.02817E-01  4.75567E+00  2.75273E-07  7.16000E-05
  2.04081E-01  4.68519E+00  2.68530E-07  7.09331E-05
  2.05355E-01  4.61592E+00  2.61909E-07  7.02222E-05
  2.06637E-01  4.54680E+00  2.55416E-07  6.95259E-05
  2.07929E-01  4.47823E+00  2.49016E-07  6.88360E-05
  2.09229E-01  4.41019E+00  2.42752E-07  6.81406E-05
  2.10539E-01  4.34250E+00  2.36592E-07  6.74338E-05
  2.11858E-01  4.27582E+00  2.30545E-07  6.67479E-05
  2.13187E-01  4.20942E+00  2.24610E-07  6.60761E-05
  2.14525E-01  4.14322E+00  2.18768E-07  6.53676E-05
  2.15873E-01  4.07816E+00  2.13059E-07  6.46820E-05
  2.17232E-01  4.01305E+00  2.07434E-07  6.39919E-05
  2.18600E-01  3.94899E+00  2.01939E-07  6.32947E-05
  2.19979E-01  3.88530E+00  1.96544E-07  6.26271E-05
  2.21368E-01  3.82211E+00  1.91241E-07  6.19201E-05
  2.22768E-01  3.75940E+00  1.86025E-07  6.12364E-05
  2.24180E-01  3.69705E+00  1.80929E-07  6.05825E-05
  2.25602E-01  3.63600E+00  1.75976E-07  5.98640E-05
  2.27035E-01  3.57497E+00  1.71068E-07  5.92082E-05
  2.28480E-01  3.51396E+00  1.66249E-07  5.85278E-05
  2.29936E-01  3.45469E+00  1.61582E-07  5.78301E-05
  2.31404E-01  3.39476E+00  1.56958E-07  5.71779E-05
  2.32885E-01  3.33643E+00  1.52468E-07  5.64893E-05
  2.34378E-01  3.27798E+00  1.48058E-07  5.58154E-05
  2.35883E-01  3.22035E+00  1.43737E-07  5.51499E-05
  2.37401E-01  3.16305E+00  1.39498E-07  5.44921E-05
  2.38932E-01  3.10609E+00  1.35350E-07  5.38053E-05
  2.40476E-01  3.05012E+00  1.31300E-07  5.31618E-05
  2.42034E-01  2.99467E+00  1.27346E-07  5.24857E-05
  2.43605E-01  2.93994E+00  1.23484E-07  5.18266E-05
  2.45191E-01  2.88520E+00  1.19686E-07  5.11766E-05
  2.46790E-01  2.83118E+00  1.15973E-07  5.05122E-05
  2.48405E-01  2.77774E+00  1.12346E-07  4.98661E-05
  2.50034E-01  2.72551E+00  1.08824E-07  4.92041E-05
  2.51678E-01  2.67250E+00  1.05348E-07  4.85602E-05
  2.53338E-01  2.62096E+00  1.01978E-07  4.79099E-05
  2.55014E-01  2.56995E+00  9.86857E-08  4.72684E-05
  2.56706E-01  2.51888E+00  9.54558E-08  4.66153E-05
  2.58414E-01  2.46881E+00  9.22982E-08  4.59858E-05
  2.60139E-01  2.41914E+00  8.92343E-08  4.53436E-05
  2.61882E-01  2.37045E+00  8.62512E-08  4.46958E-05
  2.63642E-01  2.32164E+00  8.33107E-08  4.40909E-05
  2.65420E-01  2.27368E+00  8.04713E-08  4.34405E-05
  2.67216E-01  2.22612E+00  7.76818E-08  4.28186E-05
  2.69031E-01  2.17916E+00  7.49706E-08  4.21858E-05
  2.70866E-01  2.13287E+00  7.23363E-08  4.15487E-05
  2.72720E-01  2.08685E+00  6.97506E-08  4.09433E-05
  2.74594E-01  2.04144E+00  6.72415E-08  4.03205E-05
  2.76489E-01  1.99669E+00  6.48008E-08  3.97033E-05
  2.78405E-01  1.95223E+00  6.24169E-08  3.90917E-05
  2.80343E-01  1.90852E+00  6.01033E-08  3.84662E-05
  2.82304E-01  1.86529E+00  5.78502E-08  3.78712E-05
  2.84287E-01  1.82243E+00  5.56556E-08  3.72604E-05
  2.86293E-01  1.78026E+00  5.35217E-08  3.66535E-05
  2.88324E-01  1.73847E+00  5.14463E-08  3.60644E-05
  2.90380E-01  1.69729E+00  4.94312E-08  3.54586E-05
  2.92460E-01  1.65652E+00  4.74687E-08  3.48654E-05
  2.94567E-01  1.61642E+00  4.55664E-08  3.42680E-05
  2.96701E-01  1.57669E+00  4.37173E-08  3.36797E-05
  2.98863E-01  1.53751E+00  4.19209E-08  3.30931E-05
  3.01052E-01  1.49883E+00  4.01796E-08  3.25083E-05
  3.03272E-01  1.46068E+00  3.84902E-08  3.19257E-05
  3.05521E-01  1.42308E+00  3.68494E-08  3.13571E-05
  3.07801E-01  1.38586E+00  3.52597E-08  3.07642E-05
  3.10113E-01  1.34922E+00  3.37190E-08  3.01906E-05
  3.12459E-01  1.31303E+00  3.22252E-08  2.96313E-05
  3.14838E-01  1.27749E+00  3.07834E-08  2.90587E-05
  3.17253E-01  1.24224E+00  2.93807E-08  2.84931E-05
  3.19704E-01  1.20750E+00  2.80262E-08  2.79297E-05
  3.22193E-01  1.17341E+00  2.67186E-08  2.73733E-05
  3.24720E-01  1.13967E+00  2.54497E-08  2.68159E-05
  3.27288E-01  1.10645E+00  2.42268E-08  2.62568E-05
  3.29898E-01  1.07371E+00  2.30444E-08  2.57094E-05
  3.32551E-01  1.04153E+00  2.19036E-08  2.51629E-05
  3.35249E-01  1.00972E+00  2.08016E-08  2.46059E-05
  3.37993E-01  9.78506E-01  1.97389E-08  2.40724E-05
  3.40786E-01  9.47671E-01  1.87143E-08  2.35326E-05
  3.43629E-01  9.17391E-01  1.77285E-08  2.29869E-05
  3.46525E-01  8.87540E-01  1.67771E-08  2.24620E-05
  3.49475E-01  8.58172E-01  1.58620E-08  2.19262E-05
  3.52481E-01  8.29315E-01  1.49831E-08  2.13957E-05
  3.55547E-01  8.00882E-01  1.41370E-08  2.08728E-05
  3.58675E-01  7.72937E-01  1.33243E-08  2.03477E-05
  3.61868E-01  7.45459E-01  1.25442E-08  1.98283E-05
  3.65128E-01  7.18493E-01  1.17969E-08  1.93108E-05
  3.68459E-01  6.91910E-01  1.10788E-08  1.87950E-05
  3.71865E-01  6.65855E-01  1.03923E-08  1.82838E-05
  3.75348E-01  6.40263E-01  9.73505E-09  1.77725E-05
  3.78913E-01  6.15126E-01  9.10614E-09  1.72697E-05
  3.82564E-01  5.90423E-01  8.50518E-09  1.67673E-05
  3.86307E-01  5.66234E-01  7.93225E-09  1.62638E-05
  3.90144E-01  5.42467E-01  7.38513E-09  1.57676E-05
  3.94084E-01  5.19170E-01  6.86435E-09  1.52719E-05
  3.98130E-01  4.96336E-01  6.36848E-09  1.47799E-05
  4.02289E-01  4.73990E-01  5.89760E-09  1.42898E-05
  4.06569E-01  4.52050E-01  5.44991E-09  1.38072E-05
  4.10978E-01  4.30609E-01  5.02587E-09  1.33224E-05
  4.15523E-01  4.09611E-01  4.62409E-09  1.28443E-05
  4.20213E-01  3.89077E-01  4.24421E-09  1.23649E-05
  4.25060E-01  3.69005E-01  3.88554E-09  1.18921E-05
  4.30073E-01  3.49384E-01  3.54738E-09  1.14242E-05
  4.35267E-01  3.30223E-01  3.22916E-09  1.09548E-05
  4.40655E-01  3.11533E-01  2.93025E-09  1.04900E-05
  4.46252E-01  2.93294E-01  2.64998E-09  1.00308E-05
  4.52076E-01  2.75521E-01  2.38784E-09  9.57339E-06
  4.58147E-01  2.58214E-01  2.14310E-09  9.11843E-06
  4.64487E-01  2.41376E-01  1.91525E-09  8.66789E-06
  4.71123E-01  2.25005E-01  1.70368E-09  8.22195E-06
  4.78083E-01  2.09103E-01  1.50779E-09  7.77930E-06
  4.85402E-01  1.93679E-01  1.32699E-09  7.33283E-06
  4.93118E-01  1.78759E-01  1.16088E-09  6.90264E-06
  5.01278E-01  1.64254E-01  1.00832E-09  6.48009E-06
  5.09938E-01  1.50285E-01  8.69462E-10  6.04397E-06
  5.19160E-01  1.36781E-01  7.43225E-10  5.62384E-06
  5.29025E-01  1.23799E-01  6.29393E-10  5.20576E-06
  5.39626E-01  1.11302E-01  5.27129E-10  4.79359E-06
  5.51081E-01  9.93365E-02  4.36075E-10  4.38665E-06
  5.63533E-01  8.78752E-02  3.55512E-10  3.98478E-06
  5.77170E-01  7.69639E-02  2.85024E-10  3.58967E-06
  5.92231E-01  6.65909E-02  2.23919E-10  3.20154E-06
  6.09035E-01  5.67894E-02  1.71720E-10  2.81979E-06
  6.28015E-01  4.75606E-02  1.27789E-10  2.44663E-06
  6.49784E-01  3.89475E-02  9.15929E-11  2.08243E-06
  6.75238E-01  3.09622E-02  6.24878E-11  1.72839E-06
  7.05779E-01  2.36539E-02  3.98937E-11  1.38593E-06
  7.43731E-01  1.70630E-02  2.31475E-11  1.05815E-06
  7.93418E-01  1.12624E-02  1.15819E-11  7.56066E-07
  8.64250E-01  6.35100E-03  4.45783E-12  4.62041E-07
  9.84118E-01  2.49390E-03  9.40468E-13  9.81910E-08
  1.39657E+00  1.36029E-04  7.41116E-15  4.94701E-08
