 -2.73482E-11  3.42866E-02  4.46969E-05  1.01772E-04
  8.12823E-03  3.61495E-02  4.47019E-05  2.67349E-04
  1.33621E-02  3.64988E-02  4.47117E-05  3.95532E-04
  1.86230E-02  3.51188E-02  4.47183E-05  5.23428E-04
  2.40750E-02  2.19024E-01  4.47272E-05  6.02549E-04
  2.51079E-02  2.50476E-01  4.47380E-05  6.29259E-04
  2.62972E-02  2.75449E-01  4.47516E-05  6.59539E-04
  2.76337E-02  3.38237E-01  4.47682E-05  6.90815E-04
  2.89256E-02  4.00847E-01  4.47907E-05  7.21382E-04
  3.01882E-02  4.67532E-01  4.48214E-05  7.51705E-04
  3.14184E-02  5.34676E-01  4.48583E-05  7.81330E-04
  3.26227E-02  6.05386E-01  4.48979E-05  8.09813E-04
  3.37991E-02  6.89104E-01  4.49370E-05  8.36742E-04
  3.49317E-02  7.86906E-01  4.49776E-05  8.62042E-04
  3.60112E-02  8.97032E-01  4.50219E-05  8.85933E-04
  3.70364E-02  1.02003E+00  4.50737E-05  9.08739E-04
  3.80081E-02  1.15353E+00  4.51353E-05  9.30637E-04
  3.89309E-02  1.29532E+00  4.52054E-05  9.51637E-04
  3.98103E-02  1.44375E+00  4.52811E-05  9.71692E-04
  4.06520E-02  1.59782E+00  4.53596E-05  9.90728E-04
  4.14610E-02  1.76014E+00  4.54407E-05  1.00894E-03
  4.22402E-02  1.93340E+00  4.55243E-05  1.02666E-03
  4.29908E-02  2.11991E+00  4.56140E-05  1.04410E-03
  4.37137E-02  2.31055E+00  4.57123E-05  1.06147E-03
  4.44126E-02  2.48299E+00  4.58181E-05  1.07868E-03
  4.50965E-02  2.61540E+00  4.59300E-05  1.09561E-03
  4.57777E-02  2.72136E+00  4.60458E-05  1.11234E-03
  4.64627E-02  2.84017E+00  4.61688E-05  1.12904E-03
  4.71480E-02  2.99644E+00  4.63034E-05  1.14608E-03
  4.78247E-02  3.18816E+00  4.64558E-05  1.16363E-03
  4.84864E-02  3.40968E+00  4.66244E-05  1.18146E-03
  4.91293E-02  3.64317E+00  4.67994E-05  1.19884E-03
  4.97540E-02  3.88514E+00  4.69718E-05  1.21516E-03
  5.03615E-02  4.13330E+00  4.71428E-05  1.23056E-03
  5.09533E-02  4.38264E+00  4.73276E-05  1.24583E-03
  5.15311E-02  4.64381E+00  4.75395E-05  1.26176E-03
  5.20952E-02  4.91188E+00  4.77817E-05  1.27838E-03
  5.26464E-02  5.19382E+00  4.80388E-05  1.29496E-03
  5.31849E-02  5.48094E+00  4.82935E-05  1.31053E-03
  5.37115E-02  5.77085E+00  4.85403E-05  1.32494E-03
  5.42274E-02  6.03361E+00  4.87898E-05  1.33874E-03
  5.47358E-02  6.25793E+00  4.90559E-05  1.35266E-03
  5.52407E-02  6.46056E+00  4.93456E-05  1.36706E-03
  5.57438E-02  6.67162E+00  4.96514E-05  1.38173E-03
  5.62447E-02  6.91967E+00  4.99649E-05  1.39619E-03
  5.67407E-02  7.20308E+00  5.02785E-05  1.41013E-03
  5.72298E-02  7.52319E+00  5.05919E-05  1.42350E-03
  5.77103E-02  7.86787E+00  5.09121E-05  1.43654E-03
  5.81815E-02  8.21635E+00  5.12424E-05  1.44939E-03
  5.86441E-02  8.58328E+00  5.15824E-05  1.46214E-03
  5.90977E-02  8.95985E+00  5.19345E-05  1.47488E-03
  5.95429E-02  9.34142E+00  5.23039E-05  1.48769E-03
  5.99800E-02  9.73358E+00  5.26986E-05  1.50063E-03
  6.04094E-02  1.01328E+01  5.31170E-05  1.51369E-03
  6.08313E-02  1.05115E+01  5.35510E-05  1.52663E-03
  6.12473E-02  1.08455E+01  5.39905E-05  1.53936E-03
  6.16595E-02  1.11420E+01  5.44356E-05  1.55206E-03
  6.20695E-02  1.14376E+01  5.48941E-05  1.56494E-03
  6.24773E-02  1.17641E+01  5.53706E-05  1.57807E-03
  6.28822E-02  1.21408E+01  5.58592E-05  1.59124E-03
  6.32825E-02  1.25623E+01  5.63645E-05  1.60449E-03
  6.36772E-02  1.30114E+01  5.68838E-05  1.61779E-03
  6.40658E-02  1.34857E+01  5.74308E-05  1.63119E-03
  6.44481E-02  1.39718E+01  5.80131E-05  1.64473E-03
  6.48243E-02  1.44709E+01  5.86253E-05  1.65831E-03
  6.51944E-02  1.49799E+01  5.92503E-05  1.67191E-03
  6.55587E-02  1.54815E+01  5.98810E-05  1.68547E-03
  6.59177E-02  1.59497E+01  6.05240E-05  1.69916E-03
  6.62726E-02  1.63903E+01  6.11946E-05  1.71296E-03
  6.66242E-02  1.68276E+01  6.18966E-05  1.72665E-03
  6.69728E-02  1.72456E+01  6.26087E-05  1.74006E-03
  6.73189E-02  1.77014E+01  6.33187E-05  1.75304E-03
  6.76618E-02  1.82114E+01  6.40309E-05  1.76561E-03
  6.80009E-02  1.87385E+01  6.47526E-05  1.77796E-03
  6.83359E-02  1.93165E+01  6.54936E-05  1.79039E-03
  6.86663E-02  1.98996E+01  6.62564E-05  1.80307E-03
  6.89923E-02  2.05044E+01  6.70340E-05  1.81581E-03
  6.93137E-02  2.11040E+01  6.78224E-05  1.82810E-03
  6.96311E-02  2.17118E+01  6.86312E-05  1.83995E-03
  6.99444E-02  2.22787E+01  6.94560E-05  1.85153E-03
  7.02545E-02  2.28539E+01  7.03044E-05  1.86336E-03
  7.05615E-02  2.34044E+01  7.11654E-05  1.87577E-03
  7.08659E-02  2.39409E+01  7.20553E-05  1.88849E-03
  7.11679E-02  2.45336E+01  7.29792E-05  1.90107E-03
  7.14670E-02  2.51661E+01  7.39381E-05  1.91317E-03
  7.17628E-02  2.58108E+01  7.49048E-05  1.92506E-03
  7.20554E-02  2.64976E+01  7.58644E-05  1.93703E-03
  7.23446E-02  2.72032E+01  7.68356E-05  1.94923E-03
  7.26302E-02  2.79285E+01  7.78411E-05  1.96168E-03
  7.29124E-02  2.86422E+01  7.88947E-05  1.97425E-03
  7.31913E-02  2.93527E+01  7.99961E-05  1.98678E-03
  7.34672E-02  3.00582E+01  8.11139E-05  1.99918E-03
  7.37403E-02  3.07603E+01  8.22437E-05  2.01134E-03
  7.40108E-02  3.14604E+01  8.33780E-05  2.02333E-03
  7.42788E-02  3.21729E+01  8.45188E-05  2.03527E-03
  7.45443E-02  3.29153E+01  8.56764E-05  2.04731E-03
  7.48072E-02  3.36856E+01  8.68738E-05  2.05971E-03
  7.50674E-02  3.45043E+01  8.81175E-05  2.07245E-03
  7.53246E-02  3.53398E+01  8.94083E-05  2.08511E-03
  7.55790E-02  3.62063E+01  9.07460E-05  2.09727E-03
  7.58304E-02  3.70755E+01  9.21210E-05  2.10923E-03
  7.60789E-02  3.79298E+01  9.34825E-05  2.12135E-03
  7.63249E-02  3.87891E+01  9.48231E-05  2.13380E-03
  7.65683E-02  3.96302E+01  9.61758E-05  2.14637E-03
  7.68094E-02  4.05012E+01  9.75906E-05  2.15865E-03
  7.70482E-02  4.13574E+01  9.90773E-05  2.17078E-03
  7.72848E-02  4.22227E+01  1.00595E-04  2.18271E-03
  7.75192E-02  4.31492E+01  1.02128E-04  2.19454E-03
  7.77513E-02  4.40606E+01  1.03669E-04  2.20618E-03
  7.79812E-02  4.49917E+01  1.05198E-04  2.21760E-03
  7.82089E-02  4.59568E+01  1.06689E-04  2.22908E-03
  7.84344E-02  4.68888E+01  1.08180E-04  2.24056E-03
  7.86578E-02  4.78554E+01  1.09733E-04  2.25189E-03
  7.88791E-02  4.88656E+01  1.11380E-04  2.26296E-03
  7.90983E-02  4.98517E+01  1.13065E-04  2.27400E-03
  7.93154E-02  5.08261E+01  1.14779E-04  2.28509E-03
  7.95307E-02  5.18628E+01  1.16506E-04  2.29652E-03
  7.97439E-02  5.27874E+01  1.18208E-04  2.30805E-03
  7.99556E-02  5.38334E+01  1.19956E-04  2.31873E-03
  8.01654E-02  5.48411E+01  1.21701E-04  2.32909E-03
  8.03735E-02  5.58805E+01  1.23338E-04  2.34024E-03
  8.05797E-02  5.69005E+01  1.25112E-04  2.35040E-03
  8.07844E-02  5.80142E+01  1.27084E-04  2.35961E-03
  8.09871E-02  5.90303E+01  1.28592E-04  2.37212E-03
  8.11884E-02  6.01287E+01  1.30489E-04  2.38469E-03
  8.13879E-02  6.13066E+01  1.32986E-04  2.39028E-03
  8.15856E-02  6.23230E+01  1.34499E-04  2.40315E-03
  8.17819E-02  6.34694E+01  1.36577E-04  2.42602E-03
  8.19765E-02  6.42527E+01  1.37267E-04  2.39660E-03
  8.21706E-02  4.67188E+01  7.72961E-05  1.78771E-03
  8.24398E-02  2.20820E+01  6.98500E-06  3.03359E-04
  8.30115E-02  1.76410E+01  2.45348E-06  2.95584E-05
  8.37259E-02  1.73187E+01  2.37281E-06  2.28059E-05
  8.44511E-02  1.72029E+01  2.34641E-06  2.28304E-05
  8.51786E-02  1.70875E+01  2.32025E-06  2.28455E-05
  8.59084E-02  1.69716E+01  2.29410E-06  2.28476E-05
  8.66404E-02  1.68556E+01  2.26806E-06  2.28462E-05
  8.73748E-02  1.67395E+01  2.24209E-06  2.28377E-05
  8.81115E-02  1.66236E+01  2.21624E-06  2.28321E-05
  8.88505E-02  1.65076E+01  2.19053E-06  2.28219E-05
  8.95920E-02  1.63918E+01  2.16493E-06  2.28086E-05
  9.03358E-02  1.62753E+01  2.13939E-06  2.28004E-05
  9.10821E-02  1.61587E+01  2.11392E-06  2.27791E-05
  9.18308E-02  1.60424E+01  2.08865E-06  2.27644E-05
  9.25821E-02  1.59261E+01  2.06349E-06  2.27472E-05
  9.33358E-02  1.58101E+01  2.03844E-06  2.27188E-05
  9.40921E-02  1.56934E+01  2.01344E-06  2.26891E-05
  9.48509E-02  1.55776E+01  1.98868E-06  2.26618E-05
  9.56123E-02  1.54614E+01  1.96410E-06  2.26467E-05
  9.63763E-02  1.53448E+01  1.93946E-06  2.26064E-05
  9.71429E-02  1.52289E+01  1.91502E-06  2.25733E-05
  9.79122E-02  1.51124E+01  1.89079E-06  2.25479E-05
  9.86842E-02  1.49963E+01  1.86662E-06  2.24994E-05
  9.94589E-02  1.48811E+01  1.84269E-06  2.24694E-05
  1.00236E-01  1.47643E+01  1.81875E-06  2.24180E-05
  1.01017E-01  1.46489E+01  1.79509E-06  2.23767E-05
  1.01800E-01  1.45333E+01  1.77153E-06  2.23422E-05
  1.02585E-01  1.44183E+01  1.74818E-06  2.22823E-05
  1.03374E-01  1.43021E+01  1.72478E-06  2.22397E-05
  1.04166E-01  1.41873E+01  1.70176E-06  2.21865E-05
  1.04960E-01  1.40715E+01  1.67876E-06  2.21339E-05
  1.05757E-01  1.39572E+01  1.65598E-06  2.20837E-05
  1.06558E-01  1.38426E+01  1.63340E-06  2.20259E-05
  1.07361E-01  1.37269E+01  1.61081E-06  2.19549E-05
  1.08167E-01  1.36134E+01  1.58859E-06  2.19094E-05
  1.08977E-01  1.34986E+01  1.56636E-06  2.18459E-05
  1.09789E-01  1.33847E+01  1.54439E-06  2.17716E-05
  1.10605E-01  1.32712E+01  1.52258E-06  2.17243E-05
  1.11423E-01  1.31573E+01  1.50087E-06  2.16462E-05
  1.12245E-01  1.30439E+01  1.47944E-06  2.15790E-05
  1.13070E-01  1.29312E+01  1.45811E-06  2.15091E-05
  1.13898E-01  1.28180E+01  1.43694E-06  2.14484E-05
  1.14730E-01  1.27053E+01  1.41599E-06  2.13716E-05
  1.15565E-01  1.25931E+01  1.39515E-06  2.12963E-05
  1.16403E-01  1.24808E+01  1.37448E-06  2.12138E-05
  1.17245E-01  1.23692E+01  1.35408E-06  2.11423E-05
  1.18089E-01  1.22578E+01  1.33383E-06  2.10679E-05
  1.18938E-01  1.21463E+01  1.31362E-06  2.09727E-05
  1.19790E-01  1.20357E+01  1.29380E-06  2.09037E-05
  1.20645E-01  1.19252E+01  1.27401E-06  2.08090E-05
  1.21504E-01  1.18151E+01  1.25446E-06  2.07428E-05
  1.22366E-01  1.17046E+01  1.23503E-06  2.06494E-05
  1.23232E-01  1.15948E+01  1.21576E-06  2.05674E-05
  1.24102E-01  1.14857E+01  1.19675E-06  2.04830E-05
  1.24975E-01  1.13778E+01  1.17793E-06  2.03858E-05
  1.25852E-01  1.12685E+01  1.15924E-06  2.02963E-05
  1.26732E-01  1.11598E+01  1.14072E-06  2.02081E-05
  1.27617E-01  1.10521E+01  1.12239E-06  2.01184E-05
  1.28505E-01  1.09451E+01  1.10433E-06  2.00260E-05
  1.29397E-01  1.08374E+01  1.08633E-06  1.99415E-05
  1.30294E-01  1.07311E+01  1.06864E-06  1.98308E-05
  1.31194E-01  1.06248E+01  1.05099E-06  1.97448E-05
  1.32098E-01  1.05193E+01  1.03363E-06  1.96358E-05
  1.33006E-01  1.04128E+01  1.01635E-06  1.95425E-05
  1.33918E-01  1.03083E+01  9.99356E-07  1.94392E-05
  1.34834E-01  1.02038E+01  9.82489E-07  1.93387E-05
  1.35754E-01  1.00993E+01  9.65825E-07  1.92271E-05
  1.36679E-01  9.99569E+00  9.49346E-07  1.91371E-05
  1.37607E-01  9.89226E+00  9.33031E-07  1.90305E-05
  1.38540E-01  9.78964E+00  9.16929E-07  1.89382E-05
  1.39477E-01  9.68666E+00  9.00962E-07  1.88262E-05
  1.40419E-01  9.58468E+00  8.85206E-07  1.87145E-05
  1.41365E-01  9.48340E+00  8.69633E-07  1.86151E-05
  1.42316E-01  9.38212E+00  8.54235E-07  1.85092E-05
  1.43271E-01  9.28145E+00  8.39032E-07  1.83967E-05
  1.44230E-01  9.18110E+00  8.23954E-07  1.82854E-05
  1.45195E-01  9.08184E+00  8.09148E-07  1.81766E-05
  1.46163E-01  8.98219E+00  7.94414E-07  1.80625E-05
  1.47137E-01  8.88427E+00  7.80002E-07  1.79543E-05
  1.48115E-01  8.78521E+00  7.65613E-07  1.78463E-05
  1.49098E-01  8.68798E+00  7.51506E-07  1.77376E-05
  1.50086E-01  8.59030E+00  7.37493E-07  1.76093E-05
  1.51079E-01  8.49419E+00  7.23754E-07  1.75026E-05
  1.52076E-01  8.39769E+00  7.10157E-07  1.73988E-05
  1.53079E-01  8.30197E+00  6.96676E-07  1.72750E-05
  1.54087E-01  8.20673E+00  6.83410E-07  1.71735E-05
  1.55100E-01  8.11185E+00  6.70328E-07  1.70481E-05
  1.56118E-01  8.01803E+00  6.57431E-07  1.69303E-05
  1.57141E-01  7.92434E+00  6.44692E-07  1.68139E-05
  1.58170E-01  7.83112E+00  6.32089E-07  1.67004E-05
  1.59204E-01  7.73842E+00  6.19669E-07  1.65750E-05
  1.60244E-01  7.64681E+00  6.07485E-07  1.64665E-05
  1.61288E-01  7.55486E+00  5.95383E-07  1.63430E-05
  1.62339E-01  7.46419E+00  5.83487E-07  1.62273E-05
  1.63395E-01  7.37344E+00  5.71748E-07  1.61148E-05
  1.64457E-01  7.28419E+00  5.60222E-07  1.59816E-05
  1.65524E-01  7.19447E+00  5.48788E-07  1.58807E-05
  1.66597E-01  7.10577E+00  5.37560E-07  1.57548E-05
  1.67677E-01  7.01718E+00  5.26447E-07  1.56327E-05
  1.68762E-01  6.92975E+00  5.15557E-07  1.55096E-05
  1.69853E-01  6.84282E+00  5.04808E-07  1.53934E-05
  1.70950E-01  6.75608E+00  4.94195E-07  1.52671E-05
  1.72053E-01  6.67016E+00  4.83762E-07  1.51495E-05
  1.73163E-01  6.58466E+00  4.73481E-07  1.50325E-05
  1.74279E-01  6.50006E+00  4.63370E-07  1.49097E-05
  1.75401E-01  6.41545E+00  4.53375E-07  1.47875E-05
  1.76530E-01  6.33193E+00  4.43568E-07  1.46643E-05
  1.77665E-01  6.24863E+00  4.33899E-07  1.45492E-05
  1.78807E-01  6.16612E+00  4.24388E-07  1.44185E-05
  1.79956E-01  6.08420E+00  4.15019E-07  1.43059E-05
  1.81111E-01  6.00264E+00  4.05801E-07  1.41799E-05
  1.82274E-01  5.92198E+00  3.96750E-07  1.40596E-05
  1.83443E-01  5.84147E+00  3.87809E-07  1.39394E-05
  1.84620E-01  5.76174E+00  3.79022E-07  1.38122E-05
  1.85803E-01  5.68281E+00  3.70404E-07  1.36963E-05
  1.86994E-01  5.60412E+00  3.61899E-07  1.35736E-05
  1.88193E-01  5.52614E+00  3.53548E-07  1.34473E-05
  1.89398E-01  5.44904E+00  3.45356E-07  1.33249E-05
  1.90612E-01  5.37206E+00  3.37266E-07  1.32075E-05
  1.91833E-01  5.29584E+00  3.29328E-07  1.30830E-05
  1.93061E-01  5.22022E+00  3.21533E-07  1.29656E-05
  1.94298E-01  5.14523E+00  3.13873E-07  1.28388E-05
  1.95543E-01  5.07065E+00  3.06325E-07  1.27193E-05
  1.96795E-01  4.99699E+00  2.98936E-07  1.26041E-05
  1.98056E-01  4.92342E+00  2.91653E-07  1.24789E-05
  1.99326E-01  4.85088E+00  2.84519E-07  1.23544E-05
  2.00603E-01  4.77875E+00  2.77501E-07  1.22352E-05
  2.01890E-01  4.70717E+00  2.70606E-07  1.21141E-05
  2.03185E-01  4.63634E+00  2.63852E-07  1.19965E-05
  2.04488E-01  4.56588E+00  2.57212E-07  1.18735E-05
  2.05801E-01  4.49618E+00  2.50692E-07  1.17517E-05
  2.07123E-01  4.42693E+00  2.44292E-07  1.16346E-05
  2.08454E-01  4.35844E+00  2.38027E-07  1.15150E-05
  2.09795E-01  4.29032E+00  2.31859E-07  1.13909E-05
  2.11145E-01  4.22294E+00  2.25819E-07  1.12760E-05
  2.12505E-01  4.15610E+00  2.19895E-07  1.11579E-05
  2.13875E-01  4.08983E+00  2.14081E-07  1.10368E-05
  2.15254E-01  4.02404E+00  2.08377E-07  1.09161E-05
  2.16644E-01  3.95911E+00  2.02797E-07  1.07962E-05
  2.18044E-01  3.89440E+00  1.97310E-07  1.06838E-05
  2.19455E-01  3.83058E+00  1.91946E-07  1.05609E-05
  2.20876E-01  3.76736E+00  1.86690E-07  1.04469E-05
  2.22308E-01  3.70431E+00  1.81522E-07  1.03296E-05
  2.23751E-01  3.64224E+00  1.76476E-07  1.02083E-05
  2.25206E-01  3.58062E+00  1.71529E-07  1.00948E-05
  2.26671E-01  3.51958E+00  1.66684E-07  9.97423E-06
  2.28149E-01  3.45922E+00  1.61942E-07  9.86100E-06
  2.29638E-01  3.39919E+00  1.57292E-07  9.74770E-06
  2.31139E-01  3.33989E+00  1.52744E-07  9.62921E-06
  2.32653E-01  3.28117E+00  1.48293E-07  9.51289E-06
  2.34178E-01  3.22307E+00  1.43941E-07  9.39960E-06
  2.35717E-01  3.16545E+00  1.39676E-07  9.28542E-06
  2.37269E-01  3.10836E+00  1.35507E-07  9.17363E-06
  2.38833E-01  3.05187E+00  1.31429E-07  9.05649E-06
  2.40411E-01  2.99606E+00  1.27444E-07  8.94386E-06
  2.42003E-01  2.94069E+00  1.23544E-07  8.83310E-06
  2.43609E-01  2.88588E+00  1.19730E-07  8.71183E-06
  2.45229E-01  2.83186E+00  1.16017E-07  8.60914E-06
  2.46864E-01  2.77807E+00  1.12370E-07  8.47311E-06
  2.48513E-01  2.72533E+00  1.08818E-07  8.38122E-06
  2.50177E-01  2.67248E+00  1.05341E-07  8.29749E-06
  2.51857E-01  2.62062E+00  1.01956E-07  8.15714E-06
  2.53552E-01  2.56913E+00  9.86367E-08  8.05687E-06
  2.55264E-01  2.51813E+00  9.53996E-08  7.94005E-06
  2.56992E-01  2.46785E+00  9.22439E-08  7.83065E-06
  2.58737E-01  2.41808E+00  8.91641E-08  7.72546E-06
  2.60499E-01  2.36889E+00  8.61613E-08  7.61575E-06
  2.62278E-01  2.32017E+00  8.32296E-08  7.50733E-06
  2.64076E-01  2.27205E+00  8.03723E-08  7.39552E-06
  2.65892E-01  2.22456E+00  7.75891E-08  7.29251E-06
  2.67726E-01  2.17750E+00  7.48737E-08  7.18717E-06
  2.69580E-01  2.13095E+00  7.22259E-08  7.07611E-06
  2.71453E-01  2.08505E+00  6.96499E-08  6.97439E-06
  2.73346E-01  2.03945E+00  6.71339E-08  6.86797E-06
  2.75260E-01  1.99460E+00  6.46894E-08  6.76025E-06
  2.77196E-01  1.95022E+00  6.23091E-08  6.65845E-06
  2.79152E-01  1.90640E+00  5.99929E-08  6.55359E-06
  2.81132E-01  1.86309E+00  5.77386E-08  6.44917E-06
  2.83133E-01  1.82034E+00  5.55461E-08  6.34641E-06
  2.85159E-01  1.77807E+00  5.34135E-08  6.24429E-06
  2.87208E-01  1.73632E+00  5.13403E-08  6.14032E-06
  2.89282E-01  1.69516E+00  4.93264E-08  6.03917E-06
  2.91381E-01  1.65444E+00  4.73680E-08  5.93909E-06
  2.93506E-01  1.61424E+00  4.54650E-08  5.83742E-06
  2.95658E-01  1.57450E+00  4.36164E-08  5.73726E-06
  2.97837E-01  1.53536E+00  4.18239E-08  5.63645E-06
  3.00045E-01  1.49670E+00  4.00840E-08  5.53681E-06
  3.02282E-01  1.45859E+00  3.83971E-08  5.43848E-06
  3.04549E-01  1.42097E+00  3.67600E-08  5.33902E-06
  3.06847E-01  1.38385E+00  3.51737E-08  5.24179E-06
  3.09177E-01  1.34721E+00  3.36354E-08  5.14597E-06
  3.11540E-01  1.31109E+00  3.21454E-08  5.04595E-06
  3.13937E-01  1.27549E+00  3.07037E-08  4.95017E-06
  3.16369E-01  1.24036E+00  2.93071E-08  4.85426E-06
  3.18837E-01  1.20568E+00  2.79550E-08  4.75762E-06
  3.21343E-01  1.17151E+00  2.66476E-08  4.66368E-06
  3.23888E-01  1.13789E+00  2.53845E-08  4.56860E-06
  3.26473E-01  1.10471E+00  2.41631E-08  4.47412E-06
  3.29100E-01  1.07204E+00  2.29843E-08  4.37934E-06
  3.31770E-01  1.03986E+00  2.18459E-08  4.28703E-06
  3.34484E-01  1.00814E+00  2.07467E-08  4.19432E-06
  3.37246E-01  9.76951E-01  1.96875E-08  4.10098E-06
  3.40055E-01  9.46231E-01  1.86662E-08  4.00984E-06
  3.42915E-01  9.15940E-01  1.76814E-08  3.91830E-06
  3.45827E-01  8.86173E-01  1.67340E-08  3.82689E-06
  3.48793E-01  8.56855E-01  1.58215E-08  3.73674E-06
  3.51816E-01  8.27992E-01  1.49436E-08  3.64680E-06
  3.54898E-01  7.99630E-01  1.41002E-08  3.55716E-06
  3.58042E-01  7.71743E-01  1.32903E-08  3.46742E-06
  3.61251E-01  7.44336E-01  1.25129E-08  3.37958E-06
  3.64527E-01  7.17375E-01  1.17666E-08  3.29182E-06
  3.67874E-01  6.90905E-01  1.10518E-08  3.20349E-06
  3.71295E-01  6.64870E-01  1.03666E-08  3.11683E-06
  3.74794E-01  6.39320E-01  9.71109E-09  3.02995E-06
  3.78375E-01  6.14241E-01  9.08438E-09  2.94370E-06
  3.82042E-01  5.89607E-01  8.48536E-09  2.85815E-06
  3.85799E-01  5.65440E-01  7.91365E-09  2.77325E-06
  3.89652E-01  5.41720E-01  7.36813E-09  2.68813E-06
  3.93606E-01  5.18450E-01  6.84855E-09  2.60351E-06
  3.97668E-01  4.95670E-01  6.35425E-09  2.52028E-06
  4.01843E-01  4.73344E-01  5.88442E-09  2.43684E-06
  4.06138E-01  4.51467E-01  5.43826E-09  2.35431E-06
  4.10561E-01  4.30058E-01  5.01519E-09  2.27200E-06
  4.15121E-01  4.09106E-01  4.61459E-09  2.19026E-06
  4.19826E-01  3.88607E-01  4.23567E-09  2.10903E-06
  4.24687E-01  3.68570E-01  3.87796E-09  2.02832E-06
  4.29715E-01  3.48988E-01  3.54066E-09  1.94838E-06
  4.34923E-01  3.29861E-01  3.22318E-09  1.86852E-06
  4.40325E-01  3.11201E-01  2.92507E-09  1.78938E-06
  4.45936E-01  2.92996E-01  2.64548E-09  1.71120E-06
  4.51774E-01  2.75250E-01  2.38383E-09  1.63309E-06
  4.57859E-01  2.57956E-01  2.13957E-09  1.55554E-06
  4.64213E-01  2.41145E-01  1.91224E-09  1.47887E-06
  4.70863E-01  2.24798E-01  1.70110E-09  1.40281E-06
  4.77837E-01  2.08920E-01  1.50558E-09  1.32734E-06
  4.85169E-01  1.93514E-01  1.32512E-09  1.25156E-06
  4.92900E-01  1.78677E-01  1.15978E-09  1.17791E-06
  5.01070E-01  1.64150E-01  1.00719E-09  1.10548E-06
  5.09742E-01  1.50168E-01  8.68378E-10  1.03161E-06
  5.18979E-01  1.36693E-01  7.42430E-10  9.59730E-07
  5.28857E-01  1.23715E-01  6.28709E-10  8.88534E-07
  5.39472E-01  1.11240E-01  5.26633E-10  8.18187E-07
  5.50939E-01  9.92771E-02  4.35665E-10  7.48717E-07
  5.63404E-01  8.78358E-02  3.55243E-10  6.80209E-07
  5.77054E-01  7.69275E-02  2.84808E-10  6.12821E-07
  5.92128E-01  6.65656E-02  2.23778E-10  5.46540E-07
  6.08944E-01  5.67661E-02  1.71612E-10  4.81441E-07
  6.27936E-01  4.75482E-02  1.27732E-10  4.17745E-07
  6.49716E-01  3.89352E-02  9.15485E-11  3.55579E-07
  6.75184E-01  3.09564E-02  6.24682E-11  2.95126E-07
  7.05734E-01  2.36488E-02  3.98802E-11  2.36672E-07
  7.43699E-01  1.70612E-02  2.31430E-11  1.80692E-07
  7.93395E-01  1.12613E-02  1.15803E-11  1.29119E-07
  8.64237E-01  6.35029E-03  4.45720E-12  7.89387E-08
  9.84118E-01  2.49997E-03  9.42850E-13  1.67465E-08
  1.39584E+00  1.35847E-04  7.35571E-15  8.44530E-09
