 -9.17857E-11  8.96372E-04  3.61906E+03  2.37883E+00
  2.73868E-02  6.09292E-03  3.61904E+03  5.14510E+00
  3.15850E-02  9.51502E-03  3.61902E+03  5.90629E+00
  3.61224E-02  1.54284E-02  3.61901E+03  6.63391E+00
  4.00404E-02  2.25559E-02  3.61903E+03  7.27029E+00
  4.35142E-02  3.09511E-02  3.61912E+03  7.83630E+00
  4.66425E-02  4.09524E-02  3.61927E+03  8.34781E+00
  4.94724E-02  5.25927E-02  3.61954E+03  8.81366E+00
  5.20511E-02  6.51426E-02  3.61990E+03  9.24450E+00
  5.44449E-02  7.88849E-02  3.62034E+03  9.64819E+00
  5.66855E-02  9.36889E-02  3.62087E+03  1.00299E+01
  5.87990E-02  1.09740E-01  3.62147E+03  1.03927E+01
  6.08007E-02  1.27062E-01  3.62212E+03  1.07353E+01
  6.27031E-02  1.45435E-01  3.62273E+03  1.10600E+01
  6.45193E-02  1.64646E-01  3.62334E+03  1.13677E+01
  6.62619E-02  1.84527E-01  3.62396E+03  1.16602E+01
  6.79415E-02  2.05353E-01  3.62459E+03  1.19424E+01
  6.95643E-02  2.27039E-01  3.62534E+03  1.22159E+01
  7.11356E-02  2.49963E-01  3.62633E+03  1.24839E+01
  7.26579E-02  2.74449E-01  3.62751E+03  1.27483E+01
  7.41318E-02  3.00263E-01  3.62892E+03  1.30069E+01
  7.55598E-02  3.26666E-01  3.63053E+03  1.32594E+01
  7.69474E-02  3.54301E-01  3.63208E+03  1.35030E+01
  7.82965E-02  3.82745E-01  3.63350E+03  1.37362E+01
  7.96107E-02  4.11587E-01  3.63476E+03  1.39598E+01
  8.08938E-02  4.41495E-01  3.63594E+03  1.41753E+01
  8.21474E-02  4.71529E-01  3.63738E+03  1.43868E+01
  8.33752E-02  5.03312E-01  3.63914E+03  1.45954E+01
  8.45765E-02  5.35232E-01  3.64148E+03  1.48020E+01
  8.57543E-02  5.69289E-01  3.64429E+03  1.50065E+01
  8.69073E-02  6.03407E-01  3.64740E+03  1.52084E+01
  8.80384E-02  6.39457E-01  3.65041E+03  1.54088E+01
  8.91468E-02  6.75463E-01  3.65299E+03  1.56061E+01
  9.02353E-02  7.12627E-01  3.65504E+03  1.57973E+01
  9.13043E-02  7.49804E-01  3.65673E+03  1.59836E+01
  9.23559E-02  7.88101E-01  3.65845E+03  1.61666E+01
  9.33905E-02  8.27321E-01  3.66068E+03  1.63458E+01
  9.44085E-02  8.66849E-01  3.66362E+03  1.65227E+01
  9.54114E-02  9.08069E-01  3.66723E+03  1.66962E+01
  9.63986E-02  9.50098E-01  3.67150E+03  1.68679E+01
  9.73708E-02  9.93167E-01  3.67602E+03  1.70391E+01
  9.83285E-02  1.03664E+00  3.68045E+03  1.72090E+01
  9.92725E-02  1.08108E+00  3.68476E+03  1.73771E+01
  1.00203E-01  1.12604E+00  3.68871E+03  1.75423E+01
  1.01121E-01  1.17157E+00  3.69239E+03  1.77036E+01
  1.02028E-01  1.21808E+00  3.69593E+03  1.78608E+01
  1.02922E-01  1.26492E+00  3.69944E+03  1.80164E+01
  1.03806E-01  1.31236E+00  3.70329E+03  1.81709E+01
  1.04679E-01  1.36140E+00  3.70760E+03  1.83246E+01
  1.05541E-01  1.41126E+00  3.71256E+03  1.84785E+01
  1.06392E-01  1.46229E+00  3.71814E+03  1.86324E+01
  1.07234E-01  1.51234E+00  3.72402E+03  1.87851E+01
  1.08066E-01  1.56441E+00  3.72998E+03  1.89367E+01
  1.08888E-01  1.61758E+00  3.73595E+03  1.90867E+01
  1.09701E-01  1.66949E+00  3.74170E+03  1.92339E+01
  1.10506E-01  1.72442E+00  3.74745E+03  1.93760E+01
  1.11302E-01  1.77800E+00  3.75359E+03  1.95134E+01
  1.12090E-01  1.83496E+00  3.76000E+03  1.96481E+01
  1.12870E-01  1.88919E+00  3.76643E+03  1.97827E+01
  1.13642E-01  1.94700E+00  3.77262E+03  1.99214E+01
  1.14406E-01  2.00445E+00  3.77845E+03  2.00647E+01
  1.15162E-01  2.06117E+00  3.78439E+03  2.02092E+01
  1.15912E-01  2.12053E+00  3.79099E+03  2.03497E+01
  1.16655E-01  2.18142E+00  3.79849E+03  2.04827E+01
  1.17390E-01  2.24100E+00  3.80660E+03  2.06105E+01
  1.18118E-01  2.30155E+00  3.81500E+03  2.07383E+01
  1.18840E-01  2.36360E+00  3.82310E+03  2.08688E+01
  1.19555E-01  2.42551E+00  3.83090E+03  2.10034E+01
  1.20264E-01  2.48873E+00  3.83860E+03  2.11378E+01
  1.20967E-01  2.55151E+00  3.84665E+03  2.12696E+01
  1.21664E-01  2.61570E+00  3.85520E+03  2.13980E+01
  1.22355E-01  2.67938E+00  3.86423E+03  2.15236E+01
  1.23041E-01  2.74598E+00  3.87347E+03  2.16503E+01
  1.23720E-01  2.81203E+00  3.88278E+03  2.17769E+01
  1.24394E-01  2.87869E+00  3.89230E+03  2.19026E+01
  1.25063E-01  2.94694E+00  3.90184E+03  2.20278E+01
  1.25726E-01  3.01466E+00  3.91136E+03  2.21533E+01
  1.26384E-01  3.08196E+00  3.92125E+03  2.22771E+01
  1.27037E-01  3.15098E+00  3.93141E+03  2.23996E+01
  1.27686E-01  3.22288E+00  3.94211E+03  2.25221E+01
  1.28329E-01  3.29200E+00  3.95307E+03  2.26443E+01
  1.28967E-01  3.36201E+00  3.96410E+03  2.27656E+01
  1.29601E-01  3.43541E+00  3.97508E+03  2.28857E+01
  1.30230E-01  3.50548E+00  3.98612E+03  2.30063E+01
  1.30855E-01  3.57870E+00  3.99724E+03  2.31282E+01
  1.31475E-01  3.65251E+00  4.00887E+03  2.32507E+01
  1.32090E-01  3.72610E+00  4.02093E+03  2.33716E+01
  1.32702E-01  3.80128E+00  4.03360E+03  2.34866E+01
  1.33309E-01  3.87762E+00  4.04681E+03  2.35989E+01
  1.33912E-01  3.95274E+00  4.06037E+03  2.37112E+01
  1.34511E-01  4.03152E+00  4.07337E+03  2.38220E+01
  1.35105E-01  4.10465E+00  4.08595E+03  2.39364E+01
  1.35696E-01  4.18147E+00  4.09749E+03  2.40514E+01
  1.36283E-01  4.26104E+00  4.11028E+03  2.41671E+01
  1.36866E-01  4.33735E+00  4.12323E+03  2.42868E+01
  1.37446E-01  4.41748E+00  4.13768E+03  2.44050E+01
  1.38022E-01  4.49825E+00  4.15339E+03  2.45232E+01
  1.38594E-01  4.58103E+00  4.16946E+03  2.46406E+01
  1.39162E-01  4.66146E+00  4.18461E+03  2.47523E+01
  1.39727E-01  4.74064E+00  4.19866E+03  2.48610E+01
  1.40288E-01  4.82295E+00  4.21289E+03  2.49708E+01
  1.40846E-01  4.90405E+00  4.22701E+03  2.50816E+01
  1.41400E-01  4.98683E+00  4.24292E+03  2.51922E+01
  1.41952E-01  5.07161E+00  4.26008E+03  2.53026E+01
  1.42500E-01  5.15643E+00  4.27800E+03  2.54127E+01
  1.43044E-01  5.24148E+00  4.29523E+03  2.55230E+01
  1.43585E-01  5.32856E+00  4.31200E+03  2.56340E+01
  1.44123E-01  5.41097E+00  4.32740E+03  2.57482E+01
  1.44658E-01  5.49710E+00  4.34309E+03  2.58617E+01
  1.45190E-01  5.58212E+00  4.36029E+03  2.59754E+01
  1.45719E-01  5.66970E+00  4.37821E+03  2.60855E+01
  1.46245E-01  5.75822E+00  4.39725E+03  2.61903E+01
  1.46768E-01  5.84911E+00  4.41718E+03  2.62935E+01
  1.47288E-01  5.93463E+00  4.43686E+03  2.63964E+01
  1.47805E-01  6.02521E+00  4.45560E+03  2.65017E+01
  1.48319E-01  6.11590E+00  4.47365E+03  2.66150E+01
  1.48830E-01  6.20328E+00  4.49164E+03  2.67316E+01
  1.49339E-01  6.29176E+00  4.51049E+03  2.68464E+01
  1.49845E-01  6.38359E+00  4.52997E+03  2.69571E+01
  1.50348E-01  6.47596E+00  4.55092E+03  2.70573E+01
  1.50849E-01  6.56710E+00  4.57348E+03  2.71526E+01
  1.51347E-01  6.66428E+00  4.59558E+03  2.72521E+01
  1.51842E-01  6.75128E+00  4.61644E+03  2.73595E+01
  1.52335E-01  6.84860E+00  4.63723E+03  2.74729E+01
  1.52825E-01  6.93793E+00  4.65772E+03  2.75904E+01
  1.53312E-01  7.03314E+00  4.67823E+03  2.77025E+01
  1.53797E-01  7.12528E+00  4.70021E+03  2.78051E+01
  1.54280E-01  7.22194E+00  4.72348E+03  2.79037E+01
  1.54760E-01  7.31713E+00  4.74784E+03  2.80030E+01
  1.55238E-01  7.41448E+00  4.77191E+03  2.81082E+01
  1.55714E-01  7.51153E+00  4.79488E+03  2.82197E+01
  1.56187E-01  7.60200E+00  4.81657E+03  2.83305E+01
  1.56658E-01  7.70256E+00  4.84048E+03  2.84373E+01
  1.57126E-01  7.79712E+00  4.86469E+03  2.85325E+01
  1.57592E-01  7.89828E+00  4.89090E+03  2.86283E+01
  1.58056E-01  7.99588E+00  4.91612E+03  2.87336E+01
  1.58518E-01  8.09407E+00  4.94049E+03  2.88454E+01
  1.58977E-01  8.18795E+00  4.96389E+03  2.89582E+01
  1.59435E-01  8.28921E+00  4.99045E+03  2.90635E+01
  1.59890E-01  8.38906E+00  5.01828E+03  2.91636E+01
  1.60343E-01  8.48858E+00  5.04529E+03  2.92594E+01
  1.60794E-01  8.58521E+00  5.07122E+03  2.93614E+01
  1.61243E-01  8.68738E+00  5.09563E+03  2.94702E+01
  1.61689E-01  8.78244E+00  5.12225E+03  2.95750E+01
  1.62134E-01  8.88349E+00  5.15117E+03  2.96747E+01
  1.62577E-01  8.99065E+00  5.18099E+03  2.97731E+01
  1.63018E-01  9.09035E+00  5.21030E+03  2.98777E+01
  1.63457E-01  9.19578E+00  5.23720E+03  2.99927E+01
  1.63894E-01  9.28999E+00  5.26387E+03  3.01043E+01
  1.64329E-01  9.39063E+00  5.29410E+03  3.02029E+01
  1.64762E-01  9.49840E+00  5.32629E+03  3.02905E+01
  1.65193E-01  9.60032E+00  5.35635E+03  3.03824E+01
  1.65622E-01  9.70182E+00  5.38389E+03  3.04918E+01
  1.66049E-01  9.79423E+00  5.40914E+03  3.06108E+01
  1.66475E-01  9.89489E+00  5.43702E+03  3.07208E+01
  1.66900E-01  1.00012E+01  5.47087E+03  3.08142E+01
  1.67322E-01  1.01113E+01  5.50753E+03  3.08992E+01
  1.67742E-01  1.02151E+01  5.54229E+03  3.09914E+01
  1.68161E-01  1.03172E+01  5.57320E+03  3.11001E+01
  1.68578E-01  1.04196E+01  5.60204E+03  3.12150E+01
  1.68993E-01  1.05189E+01  5.63195E+03  3.13250E+01
  1.69406E-01  1.06186E+01  5.66395E+03  3.14284E+01
  1.69818E-01  1.07293E+01  5.69882E+03  3.15274E+01
  1.70228E-01  1.08264E+01  5.73464E+03  3.16232E+01
  1.70637E-01  1.09381E+01  5.77064E+03  3.17165E+01
  1.71044E-01  1.10417E+01  5.80509E+03  3.18117E+01
  1.71449E-01  1.11467E+01  5.83891E+03  3.19129E+01
  1.71853E-01  1.12417E+01  5.87049E+03  3.20216E+01
  1.72255E-01  1.13471E+01  5.90242E+03  3.21323E+01
  1.72656E-01  1.14462E+01  5.93721E+03  3.22377E+01
  1.73055E-01  1.15517E+01  5.97308E+03  3.23386E+01
  1.73453E-01  1.16586E+01  6.01026E+03  3.24330E+01
  1.73849E-01  1.17638E+01  6.04931E+03  3.25242E+01
  1.74244E-01  1.18668E+01  6.08809E+03  3.26185E+01
  1.74637E-01  1.19721E+01  6.12575E+03  3.27153E+01
  1.75029E-01  1.20827E+01  6.16185E+03  3.28187E+01
  1.75419E-01  1.21664E+01  6.19664E+03  3.29261E+01
  1.75808E-01  1.22678E+01  6.23350E+03  3.30311E+01
  1.76196E-01  1.23782E+01  6.27137E+03  3.31338E+01
  1.76582E-01  1.24851E+01  6.30929E+03  3.32347E+01
  1.76967E-01  1.25761E+01  6.34853E+03  3.33324E+01
  1.77351E-01  1.26786E+01  6.38940E+03  3.34325E+01
  1.77734E-01  1.27865E+01  6.42848E+03  3.35332E+01
  1.78114E-01  1.28860E+01  6.46930E+03  3.36372E+01
  1.78494E-01  1.30036E+01  6.50901E+03  3.37405E+01
  1.78872E-01  1.30842E+01  6.54852E+03  3.38333E+01
  1.79249E-01  1.31913E+01  6.59042E+03  3.39277E+01
  1.79625E-01  1.32906E+01  6.63160E+03  3.40251E+01
  1.80000E-01  1.33917E+01  6.67334E+03  3.41174E+01
  1.80374E-01  1.34880E+01  6.71471E+03  3.42127E+01
  1.80746E-01  1.35935E+01  6.75642E+03  3.43168E+01
  1.81117E-01  1.36892E+01  6.79874E+03  3.44201E+01
  1.81487E-01  1.37887E+01  6.84032E+03  3.45229E+01
  1.81856E-01  1.38877E+01  6.88231E+03  3.46247E+01
  1.82223E-01  1.39765E+01  6.92488E+03  3.47231E+01
  1.82590E-01  1.40786E+01  6.96926E+03  3.48223E+01
  1.82955E-01  1.41827E+01  7.01403E+03  3.49219E+01
  1.83320E-01  1.42879E+01  7.05820E+03  3.50197E+01
  1.83682E-01  1.43533E+01  7.10108E+03  3.51157E+01
  1.84045E-01  1.44587E+01  7.14550E+03  3.52143E+01
  1.84406E-01  1.45555E+01  7.19121E+03  3.53134E+01
  1.84767E-01  1.46594E+01  7.23723E+03  3.54113E+01
  1.85126E-01  1.47491E+01  7.28226E+03  3.55117E+01
  1.85484E-01  1.48395E+01  7.32703E+03  3.56129E+01
  1.85841E-01  1.49147E+01  7.37262E+03  3.57078E+01
  1.86197E-01  1.50248E+01  7.42008E+03  3.58023E+01
  1.86553E-01  1.51340E+01  7.46857E+03  3.59042E+01
  1.86906E-01  1.51850E+01  7.51584E+03  3.60047E+01
  1.87260E-01  1.52948E+01  7.56265E+03  3.61021E+01
  1.87613E-01  1.53949E+01  7.60980E+03  3.61994E+01
  1.87964E-01  1.54605E+01  7.65783E+03  3.62973E+01
  1.88315E-01  1.55553E+01  7.70619E+03  3.63970E+01
  1.88665E-01  1.56566E+01  7.75530E+03  3.64953E+01
  1.89014E-01  1.57234E+01  7.80342E+03  3.65914E+01
  1.89362E-01  1.58299E+01  7.85273E+03  3.66882E+01
  1.89709E-01  1.58849E+01  7.90224E+03  3.67869E+01
  1.90056E-01  1.60010E+01  7.95201E+03  3.68851E+01
  1.90401E-01  1.60435E+01  8.00169E+03  3.69810E+01
  1.90747E-01  1.61663E+01  8.05196E+03  3.70788E+01
  1.91091E-01  1.62155E+01  8.10243E+03  3.71778E+01
  1.91434E-01  1.63079E+01  8.15262E+03  3.72768E+01
  1.91777E-01  1.63736E+01  8.20272E+03  3.73754E+01
  1.92119E-01  1.64584E+01  8.25355E+03  3.74736E+01
  1.92461E-01  1.65505E+01  8.30503E+03  3.75717E+01
  1.92801E-01  1.66043E+01  8.35675E+03  3.76694E+01
  1.93142E-01  1.66872E+01  8.40899E+03  3.77645E+01
  1.93481E-01  1.67702E+01  8.46283E+03  3.78603E+01
  1.93820E-01  1.68237E+01  8.51578E+03  3.79592E+01
  1.94158E-01  1.69033E+01  8.56895E+03  3.80562E+01
  1.94496E-01  1.69967E+01  8.62246E+03  3.81520E+01
  1.94832E-01  1.70422E+01  8.67815E+03  3.82449E+01
  1.95168E-01  1.71134E+01  8.73447E+03  3.83399E+01
  1.95504E-01  1.71847E+01  8.78771E+03  3.84393E+01
  1.95839E-01  1.72490E+01  8.83896E+03  3.85413E+01
  1.96174E-01  1.73280E+01  8.89089E+03  3.86426E+01
  1.96508E-01  1.73700E+01  8.94537E+03  3.87406E+01
  1.96842E-01  1.74258E+01  9.00104E+03  3.88371E+01
  1.97175E-01  1.74941E+01  9.05830E+03  3.89324E+01
  1.97508E-01  1.75572E+01  9.11366E+03  3.90304E+01
  1.97840E-01  1.76114E+01  9.16766E+03  3.91307E+01
  1.98172E-01  1.76716E+01  9.22184E+03  3.92308E+01
  1.98503E-01  1.77195E+01  9.27757E+03  3.93277E+01
  1.98834E-01  1.77798E+01  9.33512E+03  3.94237E+01
  1.99165E-01  1.78298E+01  9.39190E+03  3.95228E+01
  1.99495E-01  1.78848E+01  9.45082E+03  3.96177E+01
  1.99825E-01  1.79367E+01  9.51225E+03  3.97069E+01
  2.00154E-01  1.79897E+01  9.57017E+03  3.98011E+01
  2.00483E-01  1.80427E+01  9.62872E+03  3.98948E+01
  2.00812E-01  1.80950E+01  9.68905E+03  3.99886E+01
  2.01140E-01  1.81152E+01  9.73262E+03  4.01141E+01
  2.01468E-01  1.81327E+01  9.78891E+03  4.02159E+01
  2.01797E-01  1.82118E+01  9.87340E+03  4.02623E+01
  2.02124E-01  1.82348E+01  9.90809E+03  4.04186E+01
  2.02452E-01  1.82544E+01  9.94414E+03  4.05756E+01
  2.02780E-01  1.83420E+01  1.00506E+04  4.05462E+01
  2.03106E-01  1.83694E+01  1.01300E+04  4.06721E+01
  2.03433E-01  1.83415E+01  1.01209E+04  4.08984E+01
  2.03760E-01  1.79071E+01  9.72608E+03  4.02195E+01
  2.04096E-01  1.09885E+01  3.86702E+03  2.44144E+01
  2.04643E-01  5.40639E+00  9.99405E+01  2.34843E+00
  2.05751E-01  4.54370E+00  8.23921E-02  1.78520E-02
  2.07060E-01  4.42778E+00  3.23252E-07  1.49260E-06
  2.08392E-01  4.35885E+00  2.38064E-07  2.10759E-09
  2.09733E-01  4.29080E+00  2.31902E-07  2.08775E-09
  2.11084E-01  4.22334E+00  2.25857E-07  2.06630E-09
  2.12444E-01  4.15646E+00  2.19928E-07  2.04444E-09
  2.13815E-01  4.09017E+00  2.14113E-07  2.02262E-09
  2.15195E-01  4.02446E+00  2.08411E-07  2.00081E-09
  2.16585E-01  3.95934E+00  2.02821E-07  1.97914E-09
  2.17986E-01  3.89480E+00  1.97341E-07  1.95749E-09
  2.19397E-01  3.83084E+00  1.91969E-07  1.93581E-09
  2.20819E-01  3.76747E+00  1.86706E-07  1.91426E-09
  2.22252E-01  3.70467E+00  1.81548E-07  1.89274E-09
  2.23696E-01  3.64246E+00  1.76495E-07  1.87124E-09
  2.25151E-01  3.58082E+00  1.71545E-07  1.84991E-09
  2.26617E-01  3.51976E+00  1.66698E-07  1.82853E-09
  2.28095E-01  3.45928E+00  1.61951E-07  1.80720E-09
  2.29585E-01  3.39937E+00  1.57304E-07  1.78600E-09
  2.31087E-01  3.34004E+00  1.52755E-07  1.76483E-09
  2.32601E-01  3.28129E+00  1.48302E-07  1.74376E-09
  2.34128E-01  3.22310E+00  1.43945E-07  1.72269E-09
  2.35667E-01  3.16549E+00  1.39682E-07  1.70168E-09
  2.37219E-01  3.10844E+00  1.35512E-07  1.68081E-09
  2.38784E-01  3.05196E+00  1.31434E-07  1.65996E-09
  2.40363E-01  2.99605E+00  1.27445E-07  1.63918E-09
  2.41955E-01  2.94071E+00  1.23546E-07  1.61843E-09
  2.43562E-01  2.88593E+00  1.19734E-07  1.59784E-09
  2.45182E-01  2.83171E+00  1.16009E-07  1.57727E-09
  2.46818E-01  2.77806E+00  1.12368E-07  1.55676E-09
  2.48468E-01  2.72496E+00  1.08812E-07  1.53637E-09
  2.50133E-01  2.67243E+00  1.05338E-07  1.51599E-09
  2.51813E-01  2.62044E+00  1.01945E-07  1.49572E-09
  2.53509E-01  2.56902E+00  9.86325E-08  1.47556E-09
  2.55221E-01  2.51815E+00  9.53987E-08  1.45542E-09
  2.56950E-01  2.46782E+00  9.22426E-08  1.43535E-09
  2.58695E-01  2.41805E+00  8.91629E-08  1.41537E-09
  2.60458E-01  2.36883E+00  8.61584E-08  1.39548E-09
  2.62238E-01  2.32015E+00  8.32279E-08  1.37566E-09
  2.64036E-01  2.27202E+00  8.03702E-08  1.35596E-09
  2.65852E-01  2.22443E+00  7.75841E-08  1.33631E-09
  2.67687E-01  2.17738E+00  7.48685E-08  1.31672E-09
  2.69542E-01  2.13087E+00  7.22222E-08  1.29721E-09
  2.71416E-01  2.08490E+00  6.96441E-08  1.27780E-09
  2.73310E-01  2.03947E+00  6.71329E-08  1.25849E-09
  2.75224E-01  1.99456E+00  6.46876E-08  1.23922E-09
  2.77160E-01  1.95019E+00  6.23071E-08  1.22006E-09
  2.79117E-01  1.90635E+00  5.99902E-08  1.20098E-09
  2.81097E-01  1.86304E+00  5.77358E-08  1.18197E-09
  2.83099E-01  1.82025E+00  5.55428E-08  1.16304E-09
  2.85125E-01  1.77799E+00  5.34102E-08  1.14422E-09
  2.87175E-01  1.73625E+00  5.13368E-08  1.12549E-09
  2.89249E-01  1.69503E+00  4.93216E-08  1.10682E-09
  2.91349E-01  1.65433E+00  4.73636E-08  1.08825E-09
  2.93475E-01  1.61414E+00  4.54616E-08  1.06975E-09
  2.95627E-01  1.57447E+00  4.36147E-08  1.05133E-09
  2.97807E-01  1.53531E+00  4.18218E-08  1.03302E-09
  3.00016E-01  1.49667E+00  4.00820E-08  1.01480E-09
  3.02253E-01  1.45853E+00  3.83941E-08  9.96663E-10
  3.04521E-01  1.42089E+00  3.67573E-08  9.78580E-10
  3.06819E-01  1.38376E+00  3.51705E-08  9.60619E-10
  3.09150E-01  1.34714E+00  3.36327E-08  9.42716E-10
  3.11513E-01  1.31101E+00  3.21430E-08  9.24895E-10
  3.13911E-01  1.27539E+00  3.07005E-08  9.07201E-10
  3.16343E-01  1.24026E+00  2.93041E-08  8.89562E-10
  3.18812E-01  1.20562E+00  2.79530E-08  8.72020E-10
  3.21319E-01  1.17148E+00  2.66462E-08  8.54572E-10
  3.23864E-01  1.13783E+00  2.53828E-08  8.37190E-10
  3.26449E-01  1.10467E+00  2.41619E-08  8.19905E-10
  3.29077E-01  1.07200E+00  2.29826E-08  8.02742E-10
  3.31747E-01  1.03981E+00  2.18441E-08  7.85632E-10
  3.34462E-01  1.00811E+00  2.07454E-08  7.68602E-10
  3.37224E-01  9.76892E-01  1.96858E-08  7.51666E-10
  3.40034E-01  9.46152E-01  1.86642E-08  7.34819E-10
  3.42894E-01  9.15892E-01  1.76800E-08  7.18061E-10
  3.45806E-01  8.86108E-01  1.67322E-08  7.01403E-10
  3.48773E-01  8.56801E-01  1.58200E-08  6.84804E-10
  3.51797E-01  8.27967E-01  1.49427E-08  6.68321E-10
  3.54880E-01  7.99606E-01  1.40994E-08  6.51901E-10
  3.58024E-01  7.71717E-01  1.32894E-08  6.35585E-10
  3.61233E-01  7.44296E-01  1.25117E-08  6.19349E-10
  3.64510E-01  7.17345E-01  1.17658E-08  6.03198E-10
  3.67857E-01  6.90860E-01  1.10507E-08  5.87143E-10
  3.71279E-01  6.64841E-01  1.03658E-08  5.71180E-10
  3.74778E-01  6.39286E-01  9.71032E-09  5.55286E-10
  3.78360E-01  6.14195E-01  9.08347E-09  5.39496E-10
  3.82027E-01  5.89566E-01  8.48455E-09  5.23792E-10
  3.85785E-01  5.65399E-01  7.91285E-09  5.08183E-10
  3.89639E-01  5.41692E-01  7.36765E-09  4.92641E-10
  3.93593E-01  5.18445E-01  6.84825E-09  4.77225E-10
  3.97655E-01  4.95658E-01  6.35395E-09  4.61869E-10
  4.01830E-01  4.73328E-01  5.88408E-09  4.46614E-10
  4.06126E-01  4.51457E-01  5.43795E-09  4.31463E-10
  4.10549E-01  4.30044E-01  5.01490E-09  4.16379E-10
  4.15110E-01  4.09088E-01  4.61427E-09  4.01411E-10
  4.19815E-01  3.88590E-01  4.23540E-09  3.86522E-10
  4.24677E-01  3.68550E-01  3.87766E-09  3.71740E-10
  4.29706E-01  3.48968E-01  3.54039E-09  3.57049E-10
  4.34914E-01  3.29845E-01  3.22298E-09  3.42456E-10
  4.40316E-01  3.11181E-01  2.92480E-09  3.27969E-10
  4.45928E-01  2.92977E-01  2.64523E-09  3.13576E-10
  4.51766E-01  2.75235E-01  2.38367E-09  2.99284E-10
  4.57852E-01  2.57955E-01  2.13952E-09  2.85112E-10
  4.64207E-01  2.41141E-01  1.91217E-09  2.71042E-10
  4.70856E-01  2.24794E-01  1.70104E-09  2.57081E-10
  4.77831E-01  2.08916E-01  1.50554E-09  2.43231E-10
  4.85164E-01  1.93511E-01  1.32510E-09  2.29505E-10
  4.92894E-01  1.78581E-01  1.15914E-09  2.15905E-10
  5.01069E-01  1.64132E-01  1.00708E-09  2.02429E-10
  5.09742E-01  1.50167E-01  8.68362E-10  1.89095E-10
  5.18979E-01  1.36693E-01  7.42423E-10  1.75897E-10
  5.28857E-01  1.23715E-01  6.28700E-10  1.62848E-10
  5.39472E-01  1.11240E-01  5.26635E-10  1.49948E-10
  5.50939E-01  9.92771E-02  4.35669E-10  1.37221E-10
  5.63404E-01  8.78358E-02  3.55245E-10  1.24670E-10
  5.77054E-01  7.69275E-02  2.84803E-10  1.12318E-10
  5.92128E-01  6.65656E-02  2.23782E-10  1.00163E-10
  6.08944E-01  5.67661E-02  1.71616E-10  8.82389E-11
  6.27936E-01  4.75482E-02  1.27731E-10  7.65652E-11
  6.49716E-01  3.89352E-02  9.15474E-11  6.51705E-11
  6.75184E-01  3.09564E-02  6.24681E-11  5.40892E-11
  7.05734E-01  2.36488E-02  3.98800E-11  4.33776E-11
  7.43699E-01  1.70612E-02  2.31432E-11  3.31172E-11
  7.93395E-01  1.12613E-02  1.15804E-11  2.36646E-11
  8.64237E-01  6.35029E-03  4.45721E-12  1.44688E-11
  9.84118E-01  2.50120E-03  9.43315E-13  3.06834E-12
  1.39569E+00  1.35808E-04  7.34429E-15  1.54751E-12
