 -5.22660E-11  3.27662E-03  3.14115E+04  5.08107E+00
  1.77785E-02  2.22724E-02  3.14119E+04  1.09565E+01
  2.05038E-02  3.47827E-02  3.14129E+04  1.25826E+01
  2.34492E-02  5.64018E-02  3.14147E+04  1.41486E+01
  2.59925E-02  8.24606E-02  3.14173E+04  1.55244E+01
  2.82474E-02  1.13159E-01  3.14212E+04  1.67617E+01
  3.02779E-02  1.49737E-01  3.14270E+04  1.78863E+01
  3.21146E-02  1.92317E-01  3.14347E+04  1.89121E+01
  3.37881E-02  2.38243E-01  3.14446E+04  1.98551E+01
  3.53415E-02  2.88551E-01  3.14570E+04  2.07327E+01
  3.67952E-02  3.42757E-01  3.14720E+04  2.15589E+01
  3.81663E-02  4.01584E-01  3.14892E+04  2.23391E+01
  3.94646E-02  4.65095E-01  3.15086E+04  2.30790E+01
  4.06983E-02  5.32495E-01  3.15294E+04  2.37813E+01
  4.18758E-02  6.03030E-01  3.15520E+04  2.44496E+01
  4.30052E-02  6.76088E-01  3.15757E+04  2.50869E+01
  4.40936E-02  7.52689E-01  3.16002E+04  2.56958E+01
  4.51448E-02  8.32414E-01  3.16251E+04  2.62800E+01
  4.61625E-02  9.16785E-01  3.16512E+04  2.68423E+01
  4.71481E-02  1.00693E+00  3.16784E+04  2.73860E+01
  4.81022E-02  1.10199E+00  3.17083E+04  2.79142E+01
  4.90264E-02  1.19926E+00  3.17407E+04  2.84325E+01
  4.99242E-02  1.30143E+00  3.17773E+04  2.89469E+01
  5.07968E-02  1.40659E+00  3.18200E+04  2.94640E+01
  5.16464E-02  1.51371E+00  3.18701E+04  2.99889E+01
  5.24754E-02  1.62513E+00  3.19267E+04  3.05118E+01
  5.32848E-02  1.73724E+00  3.19871E+04  3.10192E+01
  5.40769E-02  1.85584E+00  3.20470E+04  3.14955E+01
  5.48514E-02  1.97488E+00  3.21047E+04  3.19320E+01
  5.56104E-02  2.10190E+00  3.21613E+04  3.23390E+01
  5.63531E-02  2.22937E+00  3.22229E+04  3.27397E+01
  5.70813E-02  2.36458E+00  3.22956E+04  3.31551E+01
  5.77944E-02  2.50016E+00  3.23800E+04  3.35842E+01
  5.84941E-02  2.64149E+00  3.24691E+04  3.40129E+01
  5.91805E-02  2.78300E+00  3.25558E+04  3.44282E+01
  5.98550E-02  2.92880E+00  3.26379E+04  3.48304E+01
  6.05179E-02  3.07781E+00  3.27202E+04  3.52330E+01
  6.11697E-02  3.22869E+00  3.28077E+04  3.56436E+01
  6.18111E-02  3.38624E+00  3.29036E+04  3.60575E+01
  6.24420E-02  3.54676E+00  3.30042E+04  3.64610E+01
  6.30628E-02  3.71210E+00  3.31101E+04  3.68435E+01
  6.36737E-02  3.87968E+00  3.32240E+04  3.72079E+01
  6.42753E-02  4.05204E+00  3.33485E+04  3.75599E+01
  6.48678E-02  4.22795E+00  3.34784E+04  3.79158E+01
  6.54514E-02  4.40632E+00  3.36062E+04  3.82763E+01
  6.60267E-02  4.58864E+00  3.37303E+04  3.86435E+01
  6.65937E-02  4.77217E+00  3.38514E+04  3.90206E+01
  6.71532E-02  4.96019E+00  3.39807E+04  3.93958E+01
  6.77052E-02  5.15494E+00  3.41246E+04  3.97587E+01
  6.82495E-02  5.35447E+00  3.42814E+04  4.01035E+01
  6.87864E-02  5.55785E+00  3.44431E+04  4.04319E+01
  6.93160E-02  5.75939E+00  3.46080E+04  4.07605E+01
  6.98390E-02  5.96791E+00  3.47682E+04  4.11064E+01
  7.03555E-02  6.18357E+00  3.49314E+04  4.14657E+01
  7.08651E-02  6.39451E+00  3.51060E+04  4.18270E+01
  7.13689E-02  6.62002E+00  3.52936E+04  4.21736E+01
  7.18661E-02  6.84158E+00  3.54922E+04  4.24991E+01
  7.23574E-02  7.07687E+00  3.56865E+04  4.28123E+01
  7.28424E-02  7.30247E+00  3.58815E+04  4.31332E+01
  7.33222E-02  7.54332E+00  3.60758E+04  4.34737E+01
  7.37960E-02  7.78439E+00  3.62796E+04  4.38222E+01
  7.42643E-02  8.02553E+00  3.64973E+04  4.41624E+01
  7.47275E-02  8.27982E+00  3.67289E+04  4.44849E+01
  7.51851E-02  8.54016E+00  3.69643E+04  4.47993E+01
  7.56372E-02  8.79553E+00  3.71994E+04  4.51159E+01
  7.60844E-02  9.05490E+00  3.74292E+04  4.54417E+01
  7.65268E-02  9.32294E+00  3.76705E+04  4.57674E+01
  7.69642E-02  9.59476E+00  3.79263E+04  4.60816E+01
  7.73969E-02  9.87337E+00  3.81971E+04  4.63941E+01
  7.78247E-02  1.01539E+01  3.84664E+04  4.67184E+01
  7.82480E-02  1.04386E+01  3.87355E+04  4.70509E+01
  7.86668E-02  1.07264E+01  3.90149E+04  4.73761E+01
  7.90812E-02  1.10242E+01  3.93112E+04  4.76820E+01
  7.94911E-02  1.13255E+01  3.96206E+04  4.79770E+01
  7.98967E-02  1.16320E+01  3.99238E+04  4.82858E+01
  8.02980E-02  1.19425E+01  4.02192E+04  4.86112E+01
  8.06951E-02  1.22541E+01  4.05217E+04  4.89397E+01
  8.10882E-02  1.25680E+01  4.08471E+04  4.92542E+01
  8.14775E-02  1.28955E+01  4.11911E+04  4.95514E+01
  8.18627E-02  1.32342E+01  4.15430E+04  4.98460E+01
  8.22438E-02  1.35653E+01  4.18943E+04  5.01500E+01
  8.26211E-02  1.38998E+01  4.22472E+04  5.04630E+01
  8.29948E-02  1.42512E+01  4.26002E+04  5.07813E+01
  8.33646E-02  1.45889E+01  4.29599E+04  5.10989E+01
  8.37311E-02  1.49485E+01  4.33358E+04  5.14101E+01
  8.40938E-02  1.53137E+01  4.37300E+04  5.17130E+01
  8.44530E-02  1.56816E+01  4.41394E+04  5.20083E+01
  8.48086E-02  1.60553E+01  4.45549E+04  5.23021E+01
  8.51607E-02  1.64404E+01  4.49694E+04  5.26004E+01
  8.55092E-02  1.68131E+01  4.53824E+04  5.29036E+01
  8.58546E-02  1.72135E+01  4.58067E+04  5.32107E+01
  8.61965E-02  1.75914E+01  4.62409E+04  5.35181E+01
  8.65354E-02  1.79957E+01  4.66836E+04  5.38253E+01
  8.68711E-02  1.84106E+01  4.71392E+04  5.41310E+01
  8.72034E-02  1.88156E+01  4.76049E+04  5.44345E+01
  8.75327E-02  1.92306E+01  4.80799E+04  5.47329E+01
  8.78590E-02  1.96618E+01  4.85635E+04  5.50285E+01
  8.81821E-02  2.00965E+01  4.90564E+04  5.53197E+01
  8.85021E-02  2.05331E+01  4.95626E+04  5.56093E+01
  8.88192E-02  2.09703E+01  5.00781E+04  5.59030E+01
  8.91334E-02  2.14213E+01  5.06002E+04  5.62001E+01
  8.94447E-02  2.18730E+01  5.11247E+04  5.64992E+01
  8.97532E-02  2.23333E+01  5.16611E+04  5.67936E+01
  9.00588E-02  2.27957E+01  5.22105E+04  5.70841E+01
  9.03618E-02  2.32761E+01  5.27651E+04  5.73764E+01
  9.06619E-02  2.37492E+01  5.33312E+04  5.76706E+01
  9.09594E-02  2.42392E+01  5.39075E+04  5.79630E+01
  9.12542E-02  2.47288E+01  5.44976E+04  5.82550E+01
  9.15463E-02  2.52282E+01  5.50939E+04  5.85479E+01
  9.18359E-02  2.57278E+01  5.57005E+04  5.88387E+01
  9.21229E-02  2.62398E+01  5.63151E+04  5.91274E+01
  9.24075E-02  2.67591E+01  5.69431E+04  5.94152E+01
  9.26895E-02  2.72849E+01  5.75803E+04  5.97024E+01
  9.29690E-02  2.78013E+01  5.82249E+04  5.99881E+01
  9.32462E-02  2.83394E+01  5.88794E+04  6.02724E+01
  9.35210E-02  2.88860E+01  5.95444E+04  6.05556E+01
  9.37934E-02  2.94318E+01  6.02162E+04  6.08380E+01
  9.40635E-02  2.99803E+01  6.09057E+04  6.11210E+01
  9.43314E-02  3.05456E+01  6.16027E+04  6.14038E+01
  9.45969E-02  3.11151E+01  6.23147E+04  6.16858E+01
  9.48602E-02  3.16820E+01  6.30355E+04  6.19670E+01
  9.51214E-02  3.22704E+01  6.37685E+04  6.22468E+01
  9.53803E-02  3.28437E+01  6.45052E+04  6.25262E+01
  9.56371E-02  3.34483E+01  6.52539E+04  6.28041E+01
  9.58918E-02  3.40293E+01  6.60107E+04  6.30789E+01
  9.61445E-02  3.46483E+01  6.67808E+04  6.33507E+01
  9.63950E-02  3.52509E+01  6.75638E+04  6.36233E+01
  9.66436E-02  3.58685E+01  6.83553E+04  6.39008E+01
  9.68902E-02  3.64936E+01  6.91560E+04  6.41762E+01
  9.71347E-02  3.71174E+01  6.99813E+04  6.44466E+01
  9.73774E-02  3.77593E+01  7.08069E+04  6.47195E+01
  9.76181E-02  3.83977E+01  7.16498E+04  6.49917E+01
  9.78569E-02  3.90473E+01  7.24995E+04  6.52602E+01
  9.80939E-02  3.97012E+01  7.33591E+04  6.55288E+01
  9.83289E-02  4.03644E+01  7.42273E+04  6.57948E+01
  9.85622E-02  4.10258E+01  7.50977E+04  6.60584E+01
  9.87937E-02  4.16898E+01  7.59840E+04  6.63204E+01
  9.90235E-02  4.23720E+01  7.68859E+04  6.65785E+01
  9.92514E-02  4.30520E+01  7.78126E+04  6.68373E+01
  9.94777E-02  4.37376E+01  7.87315E+04  6.70922E+01
  9.97023E-02  4.44291E+01  7.96724E+04  6.73501E+01
  9.99253E-02  4.51159E+01  8.06019E+04  6.76184E+01
  1.00147E-01  4.58170E+01  8.15528E+04  6.78814E+01
  1.00366E-01  4.65333E+01  8.25309E+04  6.81386E+01
  1.00584E-01  4.72393E+01  8.34951E+04  6.84012E+01
  1.00801E-01  4.79596E+01  8.44727E+04  6.86618E+01
  1.01016E-01  4.86831E+01  8.54976E+04  6.89065E+01
  1.01230E-01  4.94309E+01  8.65115E+04  6.91687E+01
  1.01442E-01  5.01420E+01  8.74982E+04  6.94362E+01
  1.01652E-01  5.09122E+01  8.86242E+04  6.96516E+01
  1.01861E-01  5.16581E+01  8.96814E+04  6.99119E+01
  1.02068E-01  5.23420E+01  9.05289E+04  7.02190E+01
  1.02275E-01  5.31853E+01  9.18661E+04  7.03829E+01
  1.02479E-01  5.39831E+01  9.31153E+04  7.05948E+01
  1.02682E-01  5.44995E+01  9.34735E+04  7.09960E+01
  1.02885E-01  5.55321E+01  9.53195E+04  7.12773E+01
  1.03085E-01  5.64162E+01  9.67295E+04  7.08841E+01
  1.03284E-01  4.59804E+01  6.74706E+04  6.04307E+01
  1.03529E-01  2.07053E+01  6.46367E+03  1.43708E+01
  1.04075E-01  1.47611E+01  2.13743E+01  3.03576E-01
  1.04841E-01  1.41065E+01  1.43217E-04  9.40729E-05
  1.05638E-01  1.39832E+01  1.66118E-06  1.25858E-09
  1.06438E-01  1.38677E+01  1.63838E-06  9.79367E-10
  1.07242E-01  1.37524E+01  1.61574E-06  9.78224E-10
  1.08049E-01  1.36373E+01  1.59327E-06  9.75519E-10
  1.08858E-01  1.35224E+01  1.57096E-06  9.72753E-10
  1.09671E-01  1.34078E+01  1.54882E-06  9.69940E-10
  1.10487E-01  1.32933E+01  1.52686E-06  9.67022E-10
  1.11306E-01  1.31791E+01  1.50506E-06  9.64043E-10
  1.12128E-01  1.30652E+01  1.48343E-06  9.61004E-10
  1.12954E-01  1.29515E+01  1.46198E-06  9.57857E-10
  1.13782E-01  1.28380E+01  1.44069E-06  9.54671E-10
  1.14614E-01  1.27249E+01  1.41959E-06  9.51424E-10
  1.15449E-01  1.26120E+01  1.39866E-06  9.48093E-10
  1.16288E-01  1.24993E+01  1.37791E-06  9.44702E-10
  1.17130E-01  1.23870E+01  1.35733E-06  9.41261E-10
  1.17975E-01  1.22750E+01  1.33694E-06  9.37753E-10
  1.18824E-01  1.21633E+01  1.31672E-06  9.34148E-10
  1.19676E-01  1.20519E+01  1.29668E-06  9.30538E-10
  1.20532E-01  1.19408E+01  1.27682E-06  9.26827E-10
  1.21391E-01  1.18301E+01  1.25715E-06  9.23088E-10
  1.22254E-01  1.17197E+01  1.23766E-06  9.19281E-10
  1.23121E-01  1.16096E+01  1.21835E-06  9.15394E-10
  1.23991E-01  1.14999E+01  1.19922E-06  9.11496E-10
  1.24864E-01  1.13906E+01  1.18027E-06  9.07524E-10
  1.25742E-01  1.12816E+01  1.16151E-06  9.03476E-10
  1.26623E-01  1.11730E+01  1.14294E-06  8.99409E-10
  1.27508E-01  1.10647E+01  1.12454E-06  8.95272E-10
  1.28397E-01  1.09569E+01  1.10633E-06  8.91079E-10
  1.29290E-01  1.08494E+01  1.08831E-06  8.86864E-10
  1.30186E-01  1.07424E+01  1.07047E-06  8.82613E-10
  1.31087E-01  1.06357E+01  1.05282E-06  8.78294E-10
  1.31991E-01  1.05295E+01  1.03535E-06  8.73895E-10
  1.32900E-01  1.04237E+01  1.01806E-06  8.69507E-10
  1.33812E-01  1.03183E+01  1.00096E-06  8.65066E-10
  1.34729E-01  1.02133E+01  9.84050E-07  8.60547E-10
  1.35650E-01  1.01087E+01  9.67320E-07  8.56009E-10
  1.36575E-01  1.00046E+01  9.50774E-07  8.51445E-10
  1.37504E-01  9.90099E+00  9.34413E-07  8.46819E-10
  1.38438E-01  9.79778E+00  9.18236E-07  8.42186E-10
  1.39376E-01  9.69503E+00  9.02243E-07  8.37507E-10
  1.40318E-01  9.59274E+00  8.86433E-07  8.32775E-10
  1.41264E-01  9.49092E+00  8.70806E-07  8.28010E-10
  1.42216E-01  9.38956E+00  8.55362E-07  8.23212E-10
  1.43171E-01  9.28868E+00  8.40100E-07  8.18396E-10
  1.44131E-01  9.18827E+00  8.25020E-07  8.13552E-10
  1.45096E-01  9.08836E+00  8.10121E-07  8.08662E-10
  1.46065E-01  8.98892E+00  7.95403E-07  8.03743E-10
  1.47040E-01  8.88999E+00  7.80866E-07  7.98795E-10
  1.48018E-01  8.79154E+00  7.66508E-07  7.93802E-10
  1.49002E-01  8.69360E+00  7.52329E-07  7.88821E-10
  1.49991E-01  8.59617E+00  7.38328E-07  7.83795E-10
  1.50984E-01  8.49924E+00  7.24505E-07  7.78746E-10
  1.51982E-01  8.40282E+00  7.10859E-07  7.73660E-10
  1.52986E-01  8.30692E+00  6.97389E-07  7.68571E-10
  1.53994E-01  8.21154E+00  6.84094E-07  7.63460E-10
  1.55008E-01  8.11668E+00  6.70974E-07  7.58315E-10
  1.56026E-01  8.02235E+00  6.58028E-07  7.53157E-10
  1.57050E-01  7.92855E+00  6.45255E-07  7.47962E-10
  1.58080E-01  7.83529E+00  6.32653E-07  7.42756E-10
  1.59114E-01  7.74255E+00  6.20224E-07  7.37537E-10
  1.60154E-01  7.65036E+00  6.07964E-07  7.32310E-10
  1.61200E-01  7.55871E+00  5.95873E-07  7.27063E-10
  1.62251E-01  7.46760E+00  5.83951E-07  7.21776E-10
  1.63308E-01  7.37704E+00  5.72196E-07  7.16486E-10
  1.64370E-01  7.28703E+00  5.60608E-07  7.11219E-10
  1.65438E-01  7.19757E+00  5.49184E-07  7.05906E-10
  1.66512E-01  7.10867E+00  5.37925E-07  7.00588E-10
  1.67592E-01  7.02033E+00  5.26829E-07  6.95229E-10
  1.68678E-01  6.93254E+00  5.15896E-07  6.89909E-10
  1.69769E-01  6.84532E+00  5.05123E-07  6.84539E-10
  1.70867E-01  6.75865E+00  4.94510E-07  6.79182E-10
  1.71971E-01  6.67256E+00  4.84056E-07  6.73804E-10
  1.73082E-01  6.58703E+00  4.73759E-07  6.68439E-10
  1.74198E-01  6.50207E+00  4.63618E-07  6.63039E-10
  1.75321E-01  6.41768E+00  4.53633E-07  6.57652E-10
  1.76451E-01  6.33386E+00  4.43802E-07  6.52251E-10
  1.77587E-01  6.25062E+00  4.34123E-07  6.46840E-10
  1.78729E-01  6.16795E+00  4.24597E-07  6.41438E-10
  1.79879E-01  6.08586E+00  4.15220E-07  6.36031E-10
  1.81035E-01  6.00435E+00  4.05992E-07  6.30618E-10
  1.82198E-01  5.92342E+00  3.96912E-07  6.25181E-10
  1.83368E-01  5.84306E+00  3.87979E-07  6.19773E-10
  1.84545E-01  5.76329E+00  3.79192E-07  6.14368E-10
  1.85729E-01  5.68410E+00  3.70548E-07  6.08931E-10
  1.86921E-01  5.60549E+00  3.62046E-07  6.03509E-10
  1.88120E-01  5.52747E+00  3.53686E-07  5.98088E-10
  1.89326E-01  5.45003E+00  3.45466E-07  5.92678E-10
  1.90540E-01  5.37317E+00  3.37385E-07  5.87268E-10
  1.91762E-01  5.29691E+00  3.29442E-07  5.81860E-10
  1.92991E-01  5.22122E+00  3.21634E-07  5.76435E-10
  1.94228E-01  5.14613E+00  3.13961E-07  5.71016E-10
  1.95474E-01  5.07162E+00  3.06422E-07  5.65634E-10
  1.96727E-01  4.99770E+00  2.99014E-07  5.60253E-10
  1.97989E-01  4.92437E+00  2.91737E-07  5.54842E-10
  1.99259E-01  4.85162E+00  2.84590E-07  5.49455E-10
  2.00537E-01  4.77946E+00  2.77570E-07  5.44073E-10
  2.01824E-01  4.70789E+00  2.70677E-07  5.38702E-10
  2.03120E-01  4.63691E+00  2.63910E-07  5.33333E-10
  2.04424E-01  4.56651E+00  2.57266E-07  5.27971E-10
  2.05738E-01  4.49670E+00  2.50745E-07  5.22618E-10
  2.07060E-01  4.42748E+00  2.44345E-07  5.17285E-10
  2.08392E-01  4.35885E+00  2.38064E-07  5.11951E-10
  2.09733E-01  4.29080E+00  2.31902E-07  5.06626E-10
  2.11084E-01  4.22334E+00  2.25857E-07  5.01312E-10
  2.12444E-01  4.15646E+00  2.19928E-07  4.96009E-10
  2.13815E-01  4.09017E+00  2.14113E-07  4.90717E-10
  2.15195E-01  4.02446E+00  2.08411E-07  4.85429E-10
  2.16585E-01  3.95934E+00  2.02821E-07  4.80163E-10
  2.17986E-01  3.89480E+00  1.97341E-07  4.74909E-10
  2.19397E-01  3.83084E+00  1.91969E-07  4.69656E-10
  2.20819E-01  3.76747E+00  1.86706E-07  4.64426E-10
  2.22252E-01  3.70467E+00  1.81548E-07  4.59204E-10
  2.23696E-01  3.64246E+00  1.76495E-07  4.53991E-10
  2.25151E-01  3.58082E+00  1.71545E-07  4.48811E-10
  2.26617E-01  3.51976E+00  1.66698E-07  4.43628E-10
  2.28095E-01  3.45928E+00  1.61951E-07  4.38456E-10
  2.29585E-01  3.39937E+00  1.57304E-07  4.33307E-10
  2.31087E-01  3.34004E+00  1.52755E-07  4.28173E-10
  2.32601E-01  3.28129E+00  1.48302E-07  4.23056E-10
  2.34128E-01  3.22310E+00  1.43945E-07  4.17949E-10
  2.35667E-01  3.16549E+00  1.39682E-07  4.12853E-10
  2.37219E-01  3.10844E+00  1.35512E-07  4.07786E-10
  2.38784E-01  3.05196E+00  1.31434E-07  4.02727E-10
  2.40363E-01  2.99605E+00  1.27445E-07  3.97687E-10
  2.41955E-01  2.94071E+00  1.23546E-07  3.92657E-10
  2.43562E-01  2.88593E+00  1.19734E-07  3.87656E-10
  2.45182E-01  2.83171E+00  1.16009E-07  3.82665E-10
  2.46818E-01  2.77806E+00  1.12368E-07  3.77691E-10
  2.48468E-01  2.72496E+00  1.08812E-07  3.72741E-10
  2.50133E-01  2.67243E+00  1.05338E-07  3.67798E-10
  2.51813E-01  2.62044E+00  1.01945E-07  3.62881E-10
  2.53509E-01  2.56902E+00  9.86325E-08  3.57988E-10
  2.55221E-01  2.51815E+00  9.53987E-08  3.53102E-10
  2.56950E-01  2.46782E+00  9.22426E-08  3.48234E-10
  2.58695E-01  2.41805E+00  8.91629E-08  3.43390E-10
  2.60458E-01  2.36883E+00  8.61584E-08  3.38563E-10
  2.62238E-01  2.32015E+00  8.32279E-08  3.33753E-10
  2.64036E-01  2.27202E+00  8.03702E-08  3.28972E-10
  2.65852E-01  2.22443E+00  7.75841E-08  3.24204E-10
  2.67687E-01  2.17738E+00  7.48685E-08  3.19454E-10
  2.69542E-01  2.13087E+00  7.22222E-08  3.14722E-10
  2.71416E-01  2.08490E+00  6.96441E-08  3.10012E-10
  2.73310E-01  2.03947E+00  6.71329E-08  3.05323E-10
  2.75224E-01  1.99456E+00  6.46876E-08  3.00651E-10
  2.77160E-01  1.95019E+00  6.23071E-08  2.96004E-10
  2.79117E-01  1.90635E+00  5.99902E-08  2.91373E-10
  2.81097E-01  1.86304E+00  5.77358E-08  2.86761E-10
  2.83099E-01  1.82025E+00  5.55428E-08  2.82172E-10
  2.85125E-01  1.77799E+00  5.34102E-08  2.77604E-10
  2.87175E-01  1.73625E+00  5.13368E-08  2.73058E-10
  2.89249E-01  1.69503E+00  4.93216E-08  2.68530E-10
  2.91349E-01  1.65433E+00  4.73636E-08  2.64025E-10
  2.93475E-01  1.61414E+00  4.54616E-08  2.59537E-10
  2.95627E-01  1.57447E+00  4.36147E-08  2.55068E-10
  2.97807E-01  1.53531E+00  4.18218E-08  2.50625E-10
  3.00016E-01  1.49667E+00  4.00820E-08  2.46204E-10
  3.02253E-01  1.45853E+00  3.83941E-08  2.41802E-10
  3.04521E-01  1.42089E+00  3.67573E-08  2.37417E-10
  3.06819E-01  1.38376E+00  3.51705E-08  2.33057E-10
  3.09150E-01  1.34714E+00  3.36327E-08  2.28716E-10
  3.11513E-01  1.31101E+00  3.21430E-08  2.24394E-10
  3.13911E-01  1.27539E+00  3.07005E-08  2.20099E-10
  3.16343E-01  1.24026E+00  2.93041E-08  2.15821E-10
  3.18812E-01  1.20562E+00  2.79530E-08  2.11564E-10
  3.21319E-01  1.17148E+00  2.66462E-08  2.07330E-10
  3.23864E-01  1.13783E+00  2.53828E-08  2.03115E-10
  3.26449E-01  1.10467E+00  2.41619E-08  1.98922E-10
  3.29077E-01  1.07200E+00  2.29826E-08  1.94754E-10
  3.31747E-01  1.03981E+00  2.18441E-08  1.90603E-10
  3.34462E-01  1.00811E+00  2.07454E-08  1.86473E-10
  3.37224E-01  9.76892E-01  1.96858E-08  1.82365E-10
  3.40034E-01  9.46152E-01  1.86642E-08  1.78277E-10
  3.42894E-01  9.15892E-01  1.76800E-08  1.74211E-10
  3.45806E-01  8.86108E-01  1.67322E-08  1.70168E-10
  3.48773E-01  8.56801E-01  1.58200E-08  1.66143E-10
  3.51797E-01  8.27967E-01  1.49427E-08  1.62142E-10
  3.54880E-01  7.99606E-01  1.40994E-08  1.58160E-10
  3.58024E-01  7.71717E-01  1.32894E-08  1.54201E-10
  3.61233E-01  7.44296E-01  1.25117E-08  1.50262E-10
  3.64510E-01  7.17345E-01  1.17658E-08  1.46344E-10
  3.67857E-01  6.90860E-01  1.10507E-08  1.42449E-10
  3.71279E-01  6.64841E-01  1.03658E-08  1.38575E-10
  3.74778E-01  6.39286E-01  9.71032E-09  1.34720E-10
  3.78360E-01  6.14195E-01  9.08347E-09  1.30889E-10
  3.82027E-01  5.89566E-01  8.48455E-09  1.27079E-10
  3.85785E-01  5.65399E-01  7.91285E-09  1.23291E-10
  3.89639E-01  5.41692E-01  7.36765E-09  1.19522E-10
  3.93593E-01  5.18445E-01  6.84825E-09  1.15780E-10
  3.97655E-01  4.95658E-01  6.35395E-09  1.12056E-10
  4.01830E-01  4.73328E-01  5.88408E-09  1.08355E-10
  4.06126E-01  4.51457E-01  5.43795E-09  1.04678E-10
  4.10549E-01  4.30044E-01  5.01490E-09  1.01019E-10
  4.15110E-01  4.09088E-01  4.61427E-09  9.73873E-11
  4.19815E-01  3.88590E-01  4.23540E-09  9.37760E-11
  4.24677E-01  3.68550E-01  3.87766E-09  9.01889E-11
  4.29706E-01  3.48968E-01  3.54039E-09  8.66249E-11
  4.34914E-01  3.29845E-01  3.22298E-09  8.30846E-11
  4.40316E-01  3.11181E-01  2.92480E-09  7.95695E-11
  4.45928E-01  2.92977E-01  2.64523E-09  7.60777E-11
  4.51766E-01  2.75235E-01  2.38367E-09  7.26109E-11
  4.57852E-01  2.57955E-01  2.13952E-09  6.91716E-11
  4.64207E-01  2.41141E-01  1.91217E-09  6.57581E-11
  4.70856E-01  2.24794E-01  1.70104E-09  6.23711E-11
  4.77831E-01  2.08916E-01  1.50554E-09  5.90114E-11
  4.85164E-01  1.93511E-01  1.32510E-09  5.56814E-11
  4.92894E-01  1.78581E-01  1.15914E-09  5.23819E-11
  5.01069E-01  1.64132E-01  1.00708E-09  4.91125E-11
  5.09742E-01  1.50167E-01  8.68362E-10  4.58769E-11
  5.18979E-01  1.36693E-01  7.42423E-10  4.26750E-11
  5.28857E-01  1.23715E-01  6.28700E-10  3.95088E-11
  5.39472E-01  1.11240E-01  5.26635E-10  3.63797E-11
  5.50939E-01  9.92771E-02  4.35669E-10  3.32919E-11
  5.63404E-01  8.78358E-02  3.55245E-10  3.02470E-11
  5.77054E-01  7.69275E-02  2.84803E-10  2.72495E-11
  5.92128E-01  6.65656E-02  2.23782E-10  2.43011E-11
  6.08944E-01  5.67661E-02  1.71616E-10  2.14080E-11
  6.27936E-01  4.75482E-02  1.27731E-10  1.85757E-11
  6.49716E-01  3.89352E-02  9.15474E-11  1.58111E-11
  6.75184E-01  3.09564E-02  6.24681E-11  1.31227E-11
  7.05734E-01  2.36488E-02  3.98800E-11  1.05238E-11
  7.43699E-01  1.70612E-02  2.31432E-11  8.03459E-12
  7.93395E-01  1.12613E-02  1.15804E-11  5.74136E-12
  8.64237E-01  6.35029E-03  4.45721E-12  3.51030E-12
  9.84118E-01  2.50120E-03  9.43315E-13  7.44418E-13
  1.39569E+00  1.35808E-04  7.34429E-15  3.75449E-13
