 -9.11454E-12  6.63057E-02  4.74287E+06  9.35828E+01
  6.52409E-03  4.51092E-01  4.74947E+06  1.97221E+02
  7.52344E-03  7.05671E-01  4.76338E+06  2.25572E+02
  8.60205E-03  1.14759E+00  4.78653E+06  2.52361E+02
  9.53131E-03  1.68425E+00  4.81792E+06  2.75598E+02
  1.03528E-02  2.32201E+00  4.85609E+06  2.96773E+02
  1.10899E-02  3.08971E+00  4.90236E+06  3.16756E+02
  1.17539E-02  3.99661E+00  4.96203E+06  3.35929E+02
  1.23556E-02  4.99637E+00  5.04008E+06  3.54252E+02
  1.29102E-02  6.12068E+00  5.13878E+06  3.71620E+02
  1.34244E-02  7.36960E+00  5.25881E+06  3.87965E+02
  1.39042E-02  8.76834E+00  5.39909E+06  4.03557E+02
  1.43530E-02  1.03270E+01  5.55597E+06  4.19005E+02
  1.47738E-02  1.20363E+01  5.72763E+06  4.34724E+02
  1.51700E-02  1.38988E+01  5.92157E+06  4.50224E+02
  1.55443E-02  1.59336E+01  6.15047E+06  4.64676E+02
  1.58986E-02  1.81835E+01  6.41572E+06  4.78350E+02
  1.62342E-02  2.06342E+01  6.70308E+06  4.92513E+02
  1.65526E-02  2.33289E+01  7.00870E+06  5.07660E+02
  1.68548E-02  2.63545E+01  7.35194E+06  5.22717E+02
  1.71410E-02  2.97343E+01  7.74443E+06  5.36631E+02
  1.74116E-02  3.34272E+01  8.18359E+06  5.49630E+02
  1.76679E-02  3.74913E+01  8.65710E+06  5.62871E+02
  1.79107E-02  4.18141E+01  9.13514E+06  5.77001E+02
  1.81414E-02  4.64922E+01  9.66536E+06  5.90861E+02
  1.83611E-02  5.17838E+01  1.02940E+07  6.03491E+02
  1.85694E-02  5.72510E+01  1.09091E+07  6.15780E+02
  1.87681E-02  6.34104E+01  1.16122E+07  6.28538E+02
  1.89571E-02  7.02284E+01  1.24322E+07  6.39245E+02
  1.91366E-02  7.67579E+01  1.30226E+07  6.48560E+02
  1.93091E-02  8.49136E+01  1.39974E+07  6.71323E+02
  1.94726E-02  9.26644E+01  1.46979E+07  6.69417E+02
  1.96297E-02  6.88235E+01  7.88340E+06  4.81603E+02
  1.98502E-02  3.19936E+01  2.59892E+05  5.44141E+01
  2.03361E-02  2.65600E+01  1.59149E+02  3.54445E-01
  2.09243E-02  2.62050E+01  7.26981E-05  1.77991E-05
  2.15201E-02  2.61554E+01  4.71713E-06  9.93724E-12
  2.21166E-02  2.61064E+01  4.70241E-06  8.13755E-12
  2.27135E-02  2.60562E+01  4.68735E-06  8.35902E-12
  2.33111E-02  2.60048E+01  4.67194E-06  8.55338E-12
  2.39092E-02  2.59522E+01  4.65620E-06  8.74708E-12
  2.45079E-02  2.58984E+01  4.64012E-06  8.93868E-12
  2.51072E-02  2.58434E+01  4.62372E-06  9.12934E-12
  2.57072E-02  2.57873E+01  4.60698E-06  9.31793E-12
  2.63078E-02  2.57299E+01  4.58993E-06  9.50489E-12
  2.69091E-02  2.56715E+01  4.57256E-06  9.69127E-12
  2.75111E-02  2.56118E+01  4.55487E-06  9.87476E-12
  2.81137E-02  2.55511E+01  4.53687E-06  1.00569E-11
  2.87171E-02  2.54892E+01  4.51857E-06  1.02379E-11
  2.93211E-02  2.54262E+01  4.49997E-06  1.04173E-11
  2.99260E-02  2.53620E+01  4.48106E-06  1.05948E-11
  3.05315E-02  2.52968E+01  4.46187E-06  1.07700E-11
  3.11379E-02  2.52305E+01  4.44239E-06  1.09443E-11
  3.17450E-02  2.51630E+01  4.42262E-06  1.11153E-11
  3.23529E-02  2.50945E+01  4.40258E-06  1.12864E-11
  3.29616E-02  2.50250E+01  4.38226E-06  1.14558E-11
  3.35712E-02  2.49544E+01  4.36166E-06  1.16219E-11
  3.41816E-02  2.48827E+01  4.34081E-06  1.17863E-11
  3.47929E-02  2.48100E+01  4.31969E-06  1.19494E-11
  3.54051E-02  2.47363E+01  4.29832E-06  1.21104E-11
  3.60181E-02  2.46615E+01  4.27669E-06  1.22694E-11
  3.66321E-02  2.45858E+01  4.25482E-06  1.24266E-11
  3.72470E-02  2.45090E+01  4.23271E-06  1.25822E-11
  3.78628E-02  2.44313E+01  4.21036E-06  1.27347E-11
  3.84796E-02  2.43526E+01  4.18778E-06  1.28862E-11
  3.90974E-02  2.42729E+01  4.16497E-06  1.30355E-11
  3.97161E-02  2.41923E+01  4.14194E-06  1.31828E-11
  4.03359E-02  2.41108E+01  4.11869E-06  1.33276E-11
  4.09567E-02  2.40283E+01  4.09524E-06  1.34708E-11
  4.15785E-02  2.39449E+01  4.07157E-06  1.36116E-11
  4.22014E-02  2.38606E+01  4.04770E-06  1.37506E-11
  4.28253E-02  2.37753E+01  4.02364E-06  1.38875E-11
  4.34504E-02  2.36892E+01  3.99939E-06  1.40212E-11
  4.40765E-02  2.36023E+01  3.97495E-06  1.41546E-11
  4.47038E-02  2.35144E+01  3.95032E-06  1.42859E-11
  4.53322E-02  2.34258E+01  3.92552E-06  1.44132E-11
  4.59617E-02  2.33363E+01  3.90055E-06  1.45395E-11
  4.65925E-02  2.32459E+01  3.87542E-06  1.46634E-11
  4.72244E-02  2.31547E+01  3.85012E-06  1.47853E-11
  4.78575E-02  2.30628E+01  3.82467E-06  1.49042E-11
  4.84918E-02  2.29700E+01  3.79907E-06  1.50218E-11
  4.91274E-02  2.28765E+01  3.77333E-06  1.51371E-11
  4.97642E-02  2.27822E+01  3.74744E-06  1.52501E-11
  5.04023E-02  2.26872E+01  3.72142E-06  1.53607E-11
  5.10417E-02  2.25914E+01  3.69527E-06  1.54695E-11
  5.16824E-02  2.24949E+01  3.66900E-06  1.55755E-11
  5.23244E-02  2.23976E+01  3.64260E-06  1.56796E-11
  5.29678E-02  2.22997E+01  3.61610E-06  1.57816E-11
  5.36125E-02  2.22011E+01  3.58948E-06  1.58811E-11
  5.42586E-02  2.21018E+01  3.56276E-06  1.59787E-11
  5.49060E-02  2.20018E+01  3.53594E-06  1.60733E-11
  5.55549E-02  2.19012E+01  3.50903E-06  1.61665E-11
  5.62053E-02  2.17999E+01  3.48203E-06  1.62568E-11
  5.68570E-02  2.16980E+01  3.45495E-06  1.63455E-11
  5.75102E-02  2.15955E+01  3.42779E-06  1.64315E-11
  5.81649E-02  2.14924E+01  3.40056E-06  1.65154E-11
  5.88211E-02  2.13887E+01  3.37326E-06  1.65969E-11
  5.94789E-02  2.12844E+01  3.34589E-06  1.66762E-11
  6.01381E-02  2.11796E+01  3.31847E-06  1.67532E-11
  6.07989E-02  2.10742E+01  3.29099E-06  1.68281E-11
  6.14613E-02  2.09683E+01  3.26347E-06  1.69008E-11
  6.21253E-02  2.08618E+01  3.23590E-06  1.69713E-11
  6.27909E-02  2.07549E+01  3.20829E-06  1.70394E-11
  6.34581E-02  2.06474E+01  3.18065E-06  1.71053E-11
  6.41270E-02  2.05394E+01  3.15298E-06  1.71679E-11
  6.47975E-02  2.04310E+01  3.12529E-06  1.72307E-11
  6.54697E-02  2.03221E+01  3.09758E-06  1.72900E-11
  6.61436E-02  2.02128E+01  3.06985E-06  1.73466E-11
  6.68192E-02  2.01030E+01  3.04211E-06  1.74032E-11
  6.74966E-02  1.99928E+01  3.01437E-06  1.74540E-11
  6.81757E-02  1.98822E+01  2.98663E-06  1.75039E-11
  6.88566E-02  1.97712E+01  2.95888E-06  1.75529E-11
  6.95393E-02  1.96598E+01  2.93115E-06  1.75992E-11
  7.02238E-02  1.95480E+01  2.90343E-06  1.76429E-11
  7.09102E-02  1.94359E+01  2.87573E-06  1.76847E-11
  7.15984E-02  1.93234E+01  2.84805E-06  1.77245E-11
  7.22885E-02  1.92106E+01  2.82039E-06  1.77621E-11
  7.29805E-02  1.90975E+01  2.79276E-06  1.77973E-11
  7.36744E-02  1.89840E+01  2.76517E-06  1.78307E-11
  7.43703E-02  1.88703E+01  2.73761E-06  1.78614E-11
  7.50681E-02  1.87563E+01  2.71010E-06  1.78907E-11
  7.57679E-02  1.86420E+01  2.68263E-06  1.79178E-11
  7.64697E-02  1.85274E+01  2.65521E-06  1.79428E-11
  7.71735E-02  1.84126E+01  2.62785E-06  1.79656E-11
  7.78794E-02  1.82976E+01  2.60054E-06  1.79862E-11
  7.85873E-02  1.81823E+01  2.57330E-06  1.80052E-11
  7.92973E-02  1.80669E+01  2.54612E-06  1.80217E-11
  8.00094E-02  1.79512E+01  2.51901E-06  1.80364E-11
  8.07236E-02  1.78353E+01  2.49197E-06  1.80494E-11
  8.14400E-02  1.77193E+01  2.46501E-06  1.80602E-11
  8.21586E-02  1.76031E+01  2.43813E-06  1.80691E-11
  8.28793E-02  1.74868E+01  2.41134E-06  1.80759E-11
  8.36023E-02  1.73703E+01  2.38463E-06  1.80806E-11
  8.43275E-02  1.72537E+01  2.35801E-06  1.80839E-11
  8.50549E-02  1.71370E+01  2.33148E-06  1.80849E-11
  8.57847E-02  1.70202E+01  2.30506E-06  1.80841E-11
  8.65167E-02  1.69033E+01  2.27873E-06  1.80812E-11
  8.72511E-02  1.67863E+01  2.25250E-06  1.80773E-11
  8.79879E-02  1.66692E+01  2.22638E-06  1.80706E-11
  8.87270E-02  1.65521E+01  2.20038E-06  1.80625E-11
  8.94685E-02  1.64349E+01  2.17448E-06  1.80523E-11
  9.02124E-02  1.63178E+01  2.14870E-06  1.80409E-11
  9.09588E-02  1.62005E+01  2.12303E-06  1.80274E-11
  9.17076E-02  1.60833E+01  2.09749E-06  1.80120E-11
  9.24589E-02  1.59661E+01  2.07207E-06  1.79952E-11
  9.32128E-02  1.58488E+01  2.04678E-06  1.79764E-11
  9.39692E-02  1.57316E+01  2.02161E-06  1.79559E-11
  9.47281E-02  1.56145E+01  1.99658E-06  1.79338E-11
  9.54897E-02  1.54973E+01  1.97168E-06  1.79104E-11
  9.62539E-02  1.53803E+01  1.94692E-06  1.78846E-11
  9.70207E-02  1.52633E+01  1.92229E-06  1.78575E-11
  9.77902E-02  1.51463E+01  1.89781E-06  1.78292E-11
  9.85624E-02  1.50295E+01  1.87347E-06  1.77990E-11
  9.93373E-02  1.49127E+01  1.84927E-06  1.77670E-11
  1.00115E-01  1.47960E+01  1.82523E-06  1.77339E-11
  1.00895E-01  1.46795E+01  1.80133E-06  1.76983E-11
  1.01679E-01  1.45631E+01  1.77758E-06  1.76617E-11
  1.02465E-01  1.44468E+01  1.75399E-06  1.76325E-11
  1.03254E-01  1.43306E+01  1.73053E-06  1.75854E-11
  1.04045E-01  1.42146E+01  1.70727E-06  1.75371E-11
  1.04840E-01  1.40988E+01  1.68414E-06  1.75034E-11
  1.05638E-01  1.39832E+01  1.66118E-06  1.74588E-11
  1.06438E-01  1.38677E+01  1.63838E-06  1.74137E-11
  1.07242E-01  1.37524E+01  1.61574E-06  1.73677E-11
  1.08049E-01  1.36373E+01  1.59327E-06  1.73196E-11
  1.08858E-01  1.35224E+01  1.57096E-06  1.72705E-11
  1.09671E-01  1.34078E+01  1.54882E-06  1.72204E-11
  1.10487E-01  1.32933E+01  1.52686E-06  1.71685E-11
  1.11306E-01  1.31791E+01  1.50506E-06  1.71157E-11
  1.12128E-01  1.30652E+01  1.48343E-06  1.70616E-11
  1.12954E-01  1.29515E+01  1.46198E-06  1.70059E-11
  1.13782E-01  1.28380E+01  1.44069E-06  1.69494E-11
  1.14614E-01  1.27249E+01  1.41959E-06  1.68916E-11
  1.15449E-01  1.26120E+01  1.39866E-06  1.68324E-11
  1.16288E-01  1.24993E+01  1.37791E-06  1.67724E-11
  1.17130E-01  1.23870E+01  1.35733E-06  1.67112E-11
  1.17975E-01  1.22750E+01  1.33694E-06  1.66490E-11
  1.18824E-01  1.21633E+01  1.31672E-06  1.65851E-11
  1.19676E-01  1.20519E+01  1.29668E-06  1.65207E-11
  1.20532E-01  1.19408E+01  1.27682E-06  1.64552E-11
  1.21391E-01  1.18301E+01  1.25715E-06  1.63885E-11
  1.22254E-01  1.17197E+01  1.23766E-06  1.63209E-11
  1.23121E-01  1.16096E+01  1.21835E-06  1.62521E-11
  1.23991E-01  1.14999E+01  1.19922E-06  1.61827E-11
  1.24864E-01  1.13906E+01  1.18027E-06  1.61121E-11
  1.25742E-01  1.12816E+01  1.16151E-06  1.60405E-11
  1.26623E-01  1.11730E+01  1.14294E-06  1.59682E-11
  1.27508E-01  1.10647E+01  1.12454E-06  1.58948E-11
  1.28397E-01  1.09569E+01  1.10633E-06  1.58204E-11
  1.29290E-01  1.08494E+01  1.08831E-06  1.57454E-11
  1.30186E-01  1.07424E+01  1.07047E-06  1.56698E-11
  1.31087E-01  1.06357E+01  1.05282E-06  1.55932E-11
  1.31991E-01  1.05295E+01  1.03535E-06  1.55154E-11
  1.32900E-01  1.04237E+01  1.01806E-06  1.54371E-11
  1.33812E-01  1.03183E+01  1.00096E-06  1.53583E-11
  1.34729E-01  1.02133E+01  9.84050E-07  1.52783E-11
  1.35650E-01  1.01087E+01  9.67320E-07  1.51977E-11
  1.36575E-01  1.00046E+01  9.50774E-07  1.51167E-11
  1.37504E-01  9.90099E+00  9.34413E-07  1.50347E-11
  1.38438E-01  9.79778E+00  9.18236E-07  1.49523E-11
  1.39376E-01  9.69503E+00  9.02243E-07  1.48690E-11
  1.40318E-01  9.59274E+00  8.86433E-07  1.47852E-11
  1.41264E-01  9.49092E+00  8.70806E-07  1.47007E-11
  1.42216E-01  9.38956E+00  8.55362E-07  1.46154E-11
  1.43171E-01  9.28868E+00  8.40100E-07  1.45298E-11
  1.44131E-01  9.18827E+00  8.25020E-07  1.44437E-11
  1.45096E-01  9.08836E+00  8.10121E-07  1.43571E-11
  1.46065E-01  8.98892E+00  7.95403E-07  1.42698E-11
  1.47040E-01  8.88999E+00  7.80866E-07  1.41818E-11
  1.48018E-01  8.79154E+00  7.66508E-07  1.40934E-11
  1.49002E-01  8.69360E+00  7.52329E-07  1.40048E-11
  1.49991E-01  8.59617E+00  7.38328E-07  1.39157E-11
  1.50984E-01  8.49924E+00  7.24505E-07  1.38259E-11
  1.51982E-01  8.40282E+00  7.10859E-07  1.37357E-11
  1.52986E-01  8.30692E+00  6.97389E-07  1.36453E-11
  1.53994E-01  8.21154E+00  6.84094E-07  1.35545E-11
  1.55008E-01  8.11668E+00  6.70974E-07  1.34632E-11
  1.56026E-01  8.02235E+00  6.58028E-07  1.33715E-11
  1.57050E-01  7.92855E+00  6.45255E-07  1.32794E-11
  1.58080E-01  7.83529E+00  6.32653E-07  1.31871E-11
  1.59114E-01  7.74255E+00  6.20224E-07  1.30942E-11
  1.60154E-01  7.65036E+00  6.07964E-07  1.30015E-11
  1.61200E-01  7.55871E+00  5.95873E-07  1.29083E-11
  1.62251E-01  7.46760E+00  5.83951E-07  1.28146E-11
  1.63308E-01  7.37704E+00  5.72196E-07  1.27207E-11
  1.64370E-01  7.28703E+00  5.60608E-07  1.26269E-11
  1.65438E-01  7.19757E+00  5.49184E-07  1.25326E-11
  1.66512E-01  7.10867E+00  5.37925E-07  1.24382E-11
  1.67592E-01  7.02033E+00  5.26829E-07  1.23433E-11
  1.68678E-01  6.93254E+00  5.15896E-07  1.22486E-11
  1.69769E-01  6.84532E+00  5.05123E-07  1.21534E-11
  1.70867E-01  6.75865E+00  4.94510E-07  1.20581E-11
  1.71971E-01  6.67256E+00  4.84056E-07  1.19627E-11
  1.73082E-01  6.58703E+00  4.73759E-07  1.18675E-11
  1.74198E-01  6.50207E+00  4.63618E-07  1.17717E-11
  1.75321E-01  6.41768E+00  4.53633E-07  1.16759E-11
  1.76451E-01  6.33386E+00  4.43802E-07  1.15801E-11
  1.77587E-01  6.25062E+00  4.34123E-07  1.14841E-11
  1.78729E-01  6.16795E+00  4.24597E-07  1.13881E-11
  1.79879E-01  6.08586E+00  4.15220E-07  1.12921E-11
  1.81035E-01  6.00435E+00  4.05992E-07  1.11961E-11
  1.82198E-01  5.92342E+00  3.96912E-07  1.10997E-11
  1.83368E-01  5.84306E+00  3.87979E-07  1.10034E-11
  1.84545E-01  5.76329E+00  3.79192E-07  1.09074E-11
  1.85729E-01  5.68410E+00  3.70548E-07  1.08111E-11
  1.86921E-01  5.60549E+00  3.62046E-07  1.07149E-11
  1.88120E-01  5.52747E+00  3.53686E-07  1.06187E-11
  1.89326E-01  5.45003E+00  3.45466E-07  1.05225E-11
  1.90540E-01  5.37317E+00  3.37385E-07  1.04263E-11
  1.91762E-01  5.29691E+00  3.29442E-07  1.03302E-11
  1.92991E-01  5.22122E+00  3.21634E-07  1.02342E-11
  1.94228E-01  5.14613E+00  3.13961E-07  1.01378E-11
  1.95474E-01  5.07162E+00  3.06422E-07  1.00423E-11
  1.96727E-01  4.99770E+00  2.99014E-07  9.94672E-12
  1.97989E-01  4.92437E+00  2.91737E-07  9.85071E-12
  1.99259E-01  4.85162E+00  2.84590E-07  9.75512E-12
  2.00537E-01  4.77946E+00  2.77570E-07  9.65952E-12
  2.01824E-01  4.70789E+00  2.70677E-07  9.56412E-12
  2.03120E-01  4.63691E+00  2.63910E-07  9.46893E-12
  2.04424E-01  4.56651E+00  2.57266E-07  9.37368E-12
  2.05738E-01  4.49670E+00  2.50745E-07  9.27867E-12
  2.07060E-01  4.42748E+00  2.44345E-07  9.18392E-12
  2.08392E-01  4.35885E+00  2.38064E-07  9.08922E-12
  2.09733E-01  4.29080E+00  2.31902E-07  8.99467E-12
  2.11084E-01  4.22334E+00  2.25857E-07  8.90033E-12
  2.12444E-01  4.15646E+00  2.19928E-07  8.80621E-12
  2.13815E-01  4.09017E+00  2.14113E-07  8.71226E-12
  2.15195E-01  4.02446E+00  2.08411E-07  8.61842E-12
  2.16585E-01  3.95934E+00  2.02821E-07  8.52484E-12
  2.17986E-01  3.89480E+00  1.97341E-07  8.43153E-12
  2.19397E-01  3.83084E+00  1.91969E-07  8.33839E-12
  2.20819E-01  3.76747E+00  1.86706E-07  8.24548E-12
  2.22252E-01  3.70467E+00  1.81548E-07  8.15276E-12
  2.23696E-01  3.64246E+00  1.76495E-07  8.06028E-12
  2.25151E-01  3.58082E+00  1.71545E-07  7.96817E-12
  2.26617E-01  3.51976E+00  1.66698E-07  7.87622E-12
  2.28095E-01  3.45928E+00  1.61951E-07  7.78448E-12
  2.29585E-01  3.39937E+00  1.57304E-07  7.69299E-12
  2.31087E-01  3.34004E+00  1.52755E-07  7.60184E-12
  2.32601E-01  3.28129E+00  1.48302E-07  7.51091E-12
  2.34128E-01  3.22310E+00  1.43945E-07  7.42031E-12
  2.35667E-01  3.16549E+00  1.39682E-07  7.32988E-12
  2.37219E-01  3.10844E+00  1.35512E-07  7.23984E-12
  2.38784E-01  3.05196E+00  1.31434E-07  7.15005E-12
  2.40363E-01  2.99605E+00  1.27445E-07  7.06057E-12
  2.41955E-01  2.94071E+00  1.23546E-07  6.97134E-12
  2.43562E-01  2.88593E+00  1.19734E-07  6.88250E-12
  2.45182E-01  2.83171E+00  1.16009E-07  6.79385E-12
  2.46818E-01  2.77806E+00  1.12368E-07  6.70559E-12
  2.48468E-01  2.72496E+00  1.08812E-07  6.61763E-12
  2.50133E-01  2.67243E+00  1.05338E-07  6.52993E-12
  2.51813E-01  2.62044E+00  1.01945E-07  6.44263E-12
  2.53509E-01  2.56902E+00  9.86325E-08  6.35569E-12
  2.55221E-01  2.51815E+00  9.53987E-08  6.26897E-12
  2.56950E-01  2.46782E+00  9.22426E-08  6.18254E-12
  2.58695E-01  2.41805E+00  8.91629E-08  6.09660E-12
  2.60458E-01  2.36883E+00  8.61584E-08  6.01092E-12
  2.62238E-01  2.32015E+00  8.32279E-08  5.92549E-12
  2.64036E-01  2.27202E+00  8.03702E-08  5.84055E-12
  2.65852E-01  2.22443E+00  7.75841E-08  5.75591E-12
  2.67687E-01  2.17738E+00  7.48685E-08  5.67159E-12
  2.69542E-01  2.13087E+00  7.22222E-08  5.58761E-12
  2.71416E-01  2.08490E+00  6.96441E-08  5.50399E-12
  2.73310E-01  2.03947E+00  6.71329E-08  5.42069E-12
  2.75224E-01  1.99456E+00  6.46876E-08  5.33780E-12
  2.77160E-01  1.95019E+00  6.23071E-08  5.25529E-12
  2.79117E-01  1.90635E+00  5.99902E-08  5.17305E-12
  2.81097E-01  1.86304E+00  5.77358E-08  5.09119E-12
  2.83099E-01  1.82025E+00  5.55428E-08  5.00977E-12
  2.85125E-01  1.77799E+00  5.34102E-08  4.92864E-12
  2.87175E-01  1.73625E+00  5.13368E-08  4.84786E-12
  2.89249E-01  1.69503E+00  4.93216E-08  4.76750E-12
  2.91349E-01  1.65433E+00  4.73636E-08  4.68752E-12
  2.93475E-01  1.61414E+00  4.54616E-08  4.60787E-12
  2.95627E-01  1.57447E+00  4.36147E-08  4.52853E-12
  2.97807E-01  1.53531E+00  4.18218E-08  4.44964E-12
  3.00016E-01  1.49667E+00  4.00820E-08  4.37111E-12
  3.02253E-01  1.45853E+00  3.83941E-08  4.29296E-12
  3.04521E-01  1.42089E+00  3.67573E-08  4.21512E-12
  3.06819E-01  1.38376E+00  3.51705E-08  4.13769E-12
  3.09150E-01  1.34714E+00  3.36327E-08  4.06067E-12
  3.11513E-01  1.31101E+00  3.21430E-08  3.98395E-12
  3.13911E-01  1.27539E+00  3.07005E-08  3.90765E-12
  3.16343E-01  1.24026E+00  2.93041E-08  3.83172E-12
  3.18812E-01  1.20562E+00  2.79530E-08  3.75613E-12
  3.21319E-01  1.17148E+00  2.66462E-08  3.68095E-12
  3.23864E-01  1.13783E+00  2.53828E-08  3.60615E-12
  3.26449E-01  1.10467E+00  2.41619E-08  3.53173E-12
  3.29077E-01  1.07200E+00  2.29826E-08  3.45765E-12
  3.31747E-01  1.03981E+00  2.18441E-08  3.38396E-12
  3.34462E-01  1.00811E+00  2.07454E-08  3.31066E-12
  3.37224E-01  9.76892E-01  1.96858E-08  3.23772E-12
  3.40034E-01  9.46152E-01  1.86642E-08  3.16514E-12
  3.42894E-01  9.15892E-01  1.76800E-08  3.09296E-12
  3.45806E-01  8.86108E-01  1.67322E-08  3.02117E-12
  3.48773E-01  8.56801E-01  1.58200E-08  2.94971E-12
  3.51797E-01  8.27967E-01  1.49427E-08  2.87867E-12
  3.54880E-01  7.99606E-01  1.40994E-08  2.80799E-12
  3.58024E-01  7.71717E-01  1.32894E-08  2.73768E-12
  3.61233E-01  7.44296E-01  1.25117E-08  2.66775E-12
  3.64510E-01  7.17345E-01  1.17658E-08  2.59821E-12
  3.67857E-01  6.90860E-01  1.10507E-08  2.52905E-12
  3.71279E-01  6.64841E-01  1.03658E-08  2.46026E-12
  3.74778E-01  6.39286E-01  9.71032E-09  2.39184E-12
  3.78360E-01  6.14195E-01  9.08347E-09  2.32382E-12
  3.82027E-01  5.89566E-01  8.48455E-09  2.25617E-12
  3.85785E-01  5.65399E-01  7.91285E-09  2.18891E-12
  3.89639E-01  5.41692E-01  7.36765E-09  2.12203E-12
  3.93593E-01  5.18445E-01  6.84825E-09  2.05555E-12
  3.97655E-01  4.95658E-01  6.35395E-09  1.98944E-12
  4.01830E-01  4.73328E-01  5.88408E-09  1.92375E-12
  4.06126E-01  4.51457E-01  5.43795E-09  1.85844E-12
  4.10549E-01  4.30044E-01  5.01490E-09  1.79352E-12
  4.15110E-01  4.09088E-01  4.61427E-09  1.72901E-12
  4.19815E-01  3.88590E-01  4.23540E-09  1.66491E-12
  4.24677E-01  3.68550E-01  3.87766E-09  1.60122E-12
  4.29706E-01  3.48968E-01  3.54039E-09  1.53795E-12
  4.34914E-01  3.29845E-01  3.22298E-09  1.47509E-12
  4.40316E-01  3.11181E-01  2.92480E-09  1.41268E-12
  4.45928E-01  2.92977E-01  2.64523E-09  1.35069E-12
  4.51766E-01  2.75235E-01  2.38367E-09  1.28915E-12
  4.57852E-01  2.57955E-01  2.13952E-09  1.22807E-12
  4.64207E-01  2.41141E-01  1.91217E-09  1.16747E-12
  4.70856E-01  2.24794E-01  1.70104E-09  1.10734E-12
  4.77831E-01  2.08916E-01  1.50554E-09  1.04770E-12
  4.85164E-01  1.93511E-01  1.32510E-09  9.88582E-13
  4.92894E-01  1.78581E-01  1.15914E-09  9.29997E-13
  5.01069E-01  1.64132E-01  1.00708E-09  8.71958E-13
  5.09742E-01  1.50167E-01  8.68362E-10  8.14503E-13
  5.18979E-01  1.36693E-01  7.42423E-10  7.57654E-13
  5.28857E-01  1.23715E-01  6.28700E-10  7.01437E-13
  5.39472E-01  1.11240E-01  5.26635E-10  6.45896E-13
  5.50939E-01  9.92771E-02  4.35669E-10  5.91074E-13
  5.63404E-01  8.78358E-02  3.55245E-10  5.37016E-13
  5.77054E-01  7.69275E-02  2.84803E-10  4.83785E-13
  5.92128E-01  6.65656E-02  2.23782E-10  4.31446E-13
  6.08944E-01  5.67661E-02  1.71616E-10  3.80082E-13
  6.27936E-01  4.75482E-02  1.27731E-10  3.29795E-13
  6.49716E-01  3.89352E-02  9.15474E-11  2.80709E-13
  6.75184E-01  3.09564E-02  6.24681E-11  2.32982E-13
  7.05734E-01  2.36488E-02  3.98800E-11  1.86838E-13
  7.43699E-01  1.70612E-02  2.31432E-11  1.42646E-13
  7.93395E-01  1.12613E-02  1.15804E-11  1.01933E-13
  8.64237E-01  6.35029E-03  4.45721E-12  6.23218E-14
  9.84118E-01  2.50120E-03  9.43315E-13  1.32164E-14
  1.39569E+00  1.35808E-04  7.34429E-15  6.66582E-15
