 -1.30170E-10  4.09783E-04  9.81511E+02  1.76047E+00
  3.55511E-02  2.78543E-03  9.81522E+02  3.78790E+00
  4.10008E-02  4.34994E-03  9.81543E+02  4.35745E+00
  4.68908E-02  7.05343E-03  9.81581E+02  4.91510E+00
  5.19767E-02  1.03123E-02  9.81631E+02  5.41726E+00
  5.64857E-02  1.41509E-02  9.81691E+02  5.88182E+00
  6.05463E-02  1.87234E-02  9.81749E+02  6.31400E+00
  6.42196E-02  2.40456E-02  9.81809E+02  6.71777E+00
  6.75667E-02  2.97821E-02  9.81851E+02  7.09336E+00
  7.06741E-02  3.60633E-02  9.81893E+02  7.44506E+00
  7.35828E-02  4.28281E-02  9.81923E+02  7.77101E+00
  7.63266E-02  5.01619E-02  9.81953E+02  8.07095E+00
  7.89254E-02  5.80746E-02  9.82010E+02  8.34250E+00
  8.13954E-02  6.64678E-02  9.82074E+02  8.58851E+00
  8.37538E-02  7.52453E-02  9.82148E+02  8.81069E+00
  8.60165E-02  8.43272E-02  9.82258E+02  9.01619E+00
  8.81975E-02  9.38426E-02  9.82402E+02  9.21122E+00
  9.03047E-02  1.03750E-01  9.82533E+02  9.40298E+00
  9.23453E-02  1.14216E-01  9.82686E+02  9.59663E+00
  9.43222E-02  1.25390E-01  9.82835E+02  9.79475E+00
  9.62364E-02  1.37166E-01  9.83015E+02  9.99664E+00
  9.80913E-02  1.49214E-01  9.83238E+02  1.01997E+01
  9.98937E-02  1.61814E-01  9.83512E+02  1.03989E+01
  1.01646E-01  1.74810E-01  9.83851E+02  1.05902E+01
  1.03354E-01  1.87979E-01  9.84186E+02  1.07702E+01
  1.05021E-01  2.01642E-01  9.84539E+02  1.09385E+01
  1.06649E-01  2.15350E-01  9.84878E+02  1.10982E+01
  1.08244E-01  2.29834E-01  9.85157E+02  1.12536E+01
  1.09805E-01  2.44359E-01  9.85388E+02  1.14084E+01
  1.11335E-01  2.59814E-01  9.85597E+02  1.15644E+01
  1.12834E-01  2.75283E-01  9.85822E+02  1.17210E+01
  1.14305E-01  2.91639E-01  9.86116E+02  1.18762E+01
  1.15747E-01  3.08005E-01  9.86504E+02  1.20269E+01
  1.17163E-01  3.24931E-01  9.86977E+02  1.21717E+01
  1.18553E-01  3.41899E-01  9.87484E+02  1.23109E+01
  1.19921E-01  3.59373E-01  9.88017E+02  1.24467E+01
  1.21267E-01  3.77233E-01  9.88489E+02  1.25808E+01
  1.22591E-01  3.95152E-01  9.88907E+02  1.27144E+01
  1.23896E-01  4.13824E-01  9.89333E+02  1.28494E+01
  1.25180E-01  4.32804E-01  9.89862E+02  1.29864E+01
  1.26446E-01  4.52252E-01  9.90459E+02  1.31229E+01
  1.27693E-01  4.71907E-01  9.91214E+02  1.32574E+01
  1.28923E-01  4.92039E-01  9.91982E+02  1.33887E+01
  1.30135E-01  5.12395E-01  9.92732E+02  1.35163E+01
  1.31331E-01  5.33027E-01  9.93394E+02  1.36411E+01
  1.32512E-01  5.54035E-01  9.93952E+02  1.37619E+01
  1.33678E-01  5.75175E-01  9.94443E+02  1.38793E+01
  1.34830E-01  5.96618E-01  9.94945E+02  1.39950E+01
  1.35968E-01  6.18601E-01  9.95452E+02  1.41103E+01
  1.37092E-01  6.40987E-01  9.96116E+02  1.42273E+01
  1.38204E-01  6.63951E-01  9.96897E+02  1.43450E+01
  1.39302E-01  6.86345E-01  9.97788E+02  1.44597E+01
  1.40388E-01  7.09723E-01  9.98849E+02  1.45714E+01
  1.41462E-01  7.33767E-01  9.99967E+02  1.46798E+01
  1.42524E-01  7.56976E-01  1.00109E+03  1.47861E+01
  1.43576E-01  7.81678E-01  1.00209E+03  1.48939E+01
  1.44616E-01  8.05553E-01  1.00285E+03  1.50056E+01
  1.45647E-01  8.30838E-01  1.00344E+03  1.51209E+01
  1.46666E-01  8.54802E-01  1.00412E+03  1.52360E+01
  1.47677E-01  8.80493E-01  1.00507E+03  1.53444E+01
  1.48677E-01  9.06587E-01  1.00635E+03  1.54450E+01
  1.49667E-01  9.31930E-01  1.00789E+03  1.55399E+01
  1.50649E-01  9.58954E-01  1.00941E+03  1.56349E+01
  1.51621E-01  9.85582E-01  1.01059E+03  1.57355E+01
  1.52584E-01  1.01210E+00  1.01138E+03  1.58414E+01
  1.53539E-01  1.03842E+00  1.01203E+03  1.59528E+01
  1.54485E-01  1.06544E+00  1.01283E+03  1.60631E+01
  1.55424E-01  1.09267E+00  1.01404E+03  1.61662E+01
  1.56356E-01  1.12106E+00  1.01568E+03  1.62613E+01
  1.57279E-01  1.14906E+00  1.01754E+03  1.63501E+01
  1.58194E-01  1.17767E+00  1.01929E+03  1.64367E+01
  1.59102E-01  1.20579E+00  1.02076E+03  1.65247E+01
  1.60003E-01  1.23474E+00  1.02200E+03  1.66175E+01
  1.60897E-01  1.26339E+00  1.02312E+03  1.67168E+01
  1.61784E-01  1.29249E+00  1.02423E+03  1.68214E+01
  1.62664E-01  1.32213E+00  1.02544E+03  1.69260E+01
  1.63538E-01  1.35157E+00  1.02696E+03  1.70276E+01
  1.64405E-01  1.38098E+00  1.02862E+03  1.71224E+01
  1.65267E-01  1.41126E+00  1.03031E+03  1.72108E+01
  1.66122E-01  1.44247E+00  1.03204E+03  1.72973E+01
  1.66970E-01  1.47244E+00  1.03373E+03  1.73842E+01
  1.67813E-01  1.50245E+00  1.03541E+03  1.74740E+01
  1.68651E-01  1.53474E+00  1.03714E+03  1.75638E+01
  1.69482E-01  1.56482E+00  1.03892E+03  1.76502E+01
  1.70308E-01  1.59655E+00  1.04079E+03  1.77353E+01
  1.71129E-01  1.62837E+00  1.04274E+03  1.78202E+01
  1.71944E-01  1.65987E+00  1.04469E+03  1.79057E+01
  1.72754E-01  1.69253E+00  1.04661E+03  1.79942E+01
  1.73559E-01  1.72443E+00  1.04834E+03  1.80867E+01
  1.74358E-01  1.75643E+00  1.05015E+03  1.81809E+01
  1.75153E-01  1.78966E+00  1.05202E+03  1.82731E+01
  1.75943E-01  1.82072E+00  1.05404E+03  1.83613E+01
  1.76728E-01  1.85446E+00  1.05611E+03  1.84471E+01
  1.77509E-01  1.88823E+00  1.05817E+03  1.85272E+01
  1.78285E-01  1.92029E+00  1.06025E+03  1.86072E+01
  1.79056E-01  1.95404E+00  1.06224E+03  1.86910E+01
  1.79823E-01  1.98781E+00  1.06447E+03  1.87767E+01
  1.80586E-01  2.02184E+00  1.06669E+03  1.88625E+01
  1.81344E-01  2.05621E+00  1.06910E+03  1.89488E+01
  1.82097E-01  2.08982E+00  1.07147E+03  1.90355E+01
  1.82847E-01  2.12408E+00  1.07388E+03  1.91202E+01
  1.83593E-01  2.15878E+00  1.07624E+03  1.92025E+01
  1.84334E-01  2.19276E+00  1.07869E+03  1.92808E+01
  1.85072E-01  2.22789E+00  1.08101E+03  1.93599E+01
  1.85805E-01  2.26291E+00  1.08351E+03  1.94426E+01
  1.86535E-01  2.29741E+00  1.08597E+03  1.95266E+01
  1.87261E-01  2.33284E+00  1.08841E+03  1.96078E+01
  1.87983E-01  2.36793E+00  1.09112E+03  1.96881E+01
  1.88702E-01  2.40387E+00  1.09378E+03  1.97683E+01
  1.89416E-01  2.43899E+00  1.09649E+03  1.98490E+01
  1.90128E-01  2.47422E+00  1.09914E+03  1.99302E+01
  1.90836E-01  2.51101E+00  1.10206E+03  2.00112E+01
  1.91540E-01  2.54692E+00  1.10476E+03  2.00916E+01
  1.92241E-01  2.58105E+00  1.10744E+03  2.01708E+01
  1.92939E-01  2.61843E+00  1.11017E+03  2.02508E+01
  1.93633E-01  2.65481E+00  1.11293E+03  2.03312E+01
  1.94324E-01  2.69025E+00  1.11575E+03  2.04114E+01
  1.95012E-01  2.72651E+00  1.11870E+03  2.04908E+01
  1.95697E-01  2.76321E+00  1.12187E+03  2.05691E+01
  1.96378E-01  2.79975E+00  1.12500E+03  2.06461E+01
  1.97057E-01  2.83679E+00  1.12821E+03  2.07212E+01
  1.97732E-01  2.87516E+00  1.13155E+03  2.07964E+01
  1.98404E-01  2.90955E+00  1.13489E+03  2.08722E+01
  1.99074E-01  2.94974E+00  1.13824E+03  2.09492E+01
  1.99740E-01  2.98392E+00  1.14139E+03  2.10273E+01
  2.00404E-01  3.02251E+00  1.14453E+03  2.11053E+01
  2.01064E-01  3.05908E+00  1.14767E+03  2.11834E+01
  2.01722E-01  3.09521E+00  1.15084E+03  2.12623E+01
  2.02377E-01  3.13250E+00  1.15412E+03  2.13428E+01
  2.03030E-01  3.17014E+00  1.15749E+03  2.14225E+01
  2.03680E-01  3.20857E+00  1.16105E+03  2.14998E+01
  2.04327E-01  3.24409E+00  1.16453E+03  2.15749E+01
  2.04972E-01  3.28243E+00  1.16804E+03  2.16481E+01
  2.05614E-01  3.32017E+00  1.17170E+03  2.17218E+01
  2.06253E-01  3.35807E+00  1.17559E+03  2.17957E+01
  2.06890E-01  3.39681E+00  1.17966E+03  2.18694E+01
  2.07524E-01  3.43539E+00  1.18365E+03  2.19442E+01
  2.08155E-01  3.47150E+00  1.18761E+03  2.20197E+01
  2.08785E-01  3.51041E+00  1.19124E+03  2.20970E+01
  2.09411E-01  3.54625E+00  1.19455E+03  2.21771E+01
  2.10036E-01  3.58332E+00  1.19771E+03  2.22576E+01
  2.10658E-01  3.61865E+00  1.20118E+03  2.23350E+01
  2.11279E-01  3.65814E+00  1.20532E+03  2.24062E+01
  2.11897E-01  3.69600E+00  1.21018E+03  2.24733E+01
  2.12512E-01  3.73571E+00  1.21509E+03  2.25422E+01
  2.13126E-01  3.77514E+00  1.21953E+03  2.26158E+01
  2.13736E-01  3.81112E+00  1.22353E+03  2.26950E+01
  2.14345E-01  3.85063E+00  1.22709E+03  2.27766E+01
  2.14951E-01  3.88539E+00  1.23044E+03  2.28578E+01
  2.15556E-01  3.92024E+00  1.23411E+03  2.29343E+01
  2.16159E-01  3.95948E+00  1.23866E+03  2.30035E+01
  2.16759E-01  3.99905E+00  1.24379E+03  2.30664E+01
  2.17358E-01  4.03845E+00  1.24919E+03  2.31317E+01
  2.17954E-01  4.07574E+00  1.25386E+03  2.32059E+01
  2.18548E-01  4.11259E+00  1.25797E+03  2.32868E+01
  2.19140E-01  4.14846E+00  1.26162E+03  2.33705E+01
  2.19731E-01  4.18508E+00  1.26567E+03  2.34496E+01
  2.20319E-01  4.22184E+00  1.27045E+03  2.35218E+01
  2.20906E-01  4.26003E+00  1.27585E+03  2.35887E+01
  2.21491E-01  4.30152E+00  1.28099E+03  2.36552E+01
  2.22073E-01  4.33565E+00  1.28564E+03  2.37277E+01
  2.22654E-01  4.37118E+00  1.28986E+03  2.38051E+01
  2.23234E-01  4.40947E+00  1.29415E+03  2.38825E+01
  2.23811E-01  4.44348E+00  1.29902E+03  2.39570E+01
  2.24387E-01  4.48246E+00  1.30431E+03  2.40269E+01
  2.24961E-01  4.51887E+00  1.30954E+03  2.40954E+01
  2.25534E-01  4.55725E+00  1.31452E+03  2.41691E+01
  2.26104E-01  4.59151E+00  1.31923E+03  2.42455E+01
  2.26673E-01  4.62943E+00  1.32415E+03  2.43211E+01
  2.27240E-01  4.66419E+00  1.32925E+03  2.43933E+01
  2.27806E-01  4.70161E+00  1.33466E+03  2.44628E+01
  2.28370E-01  4.73916E+00  1.33996E+03  2.45348E+01
  2.28932E-01  4.77385E+00  1.34519E+03  2.46079E+01
  2.29493E-01  4.80871E+00  1.35048E+03  2.46806E+01
  2.30052E-01  4.84459E+00  1.35586E+03  2.47537E+01
  2.30610E-01  4.88465E+00  1.36118E+03  2.48284E+01
  2.31165E-01  4.91188E+00  1.36621E+03  2.49041E+01
  2.31720E-01  4.94711E+00  1.37146E+03  2.49787E+01
  2.32274E-01  4.98530E+00  1.37716E+03  2.50482E+01
  2.32826E-01  5.02530E+00  1.38330E+03  2.51134E+01
  2.33376E-01  5.05446E+00  1.38952E+03  2.51808E+01
  2.33925E-01  5.08926E+00  1.39510E+03  2.52554E+01
  2.34472E-01  5.12435E+00  1.39990E+03  2.53369E+01
  2.35018E-01  5.15540E+00  1.40437E+03  2.54205E+01
  2.35563E-01  5.19408E+00  1.40971E+03  2.54948E+01
  2.36107E-01  5.22278E+00  1.41631E+03  2.55590E+01
  2.36649E-01  5.25980E+00  1.42336E+03  2.56222E+01
  2.37190E-01  5.29490E+00  1.43011E+03  2.56881E+01
  2.37729E-01  5.32986E+00  1.43619E+03  2.57616E+01
  2.38267E-01  5.35955E+00  1.44154E+03  2.58401E+01
  2.38804E-01  5.39410E+00  1.44685E+03  2.59176E+01
  2.39339E-01  5.42219E+00  1.45228E+03  2.59919E+01
  2.39874E-01  5.45580E+00  1.45784E+03  2.60640E+01
  2.40407E-01  5.48771E+00  1.46384E+03  2.61352E+01
  2.40940E-01  5.51671E+00  1.46994E+03  2.62074E+01
  2.41471E-01  5.54928E+00  1.47632E+03  2.62794E+01
  2.42001E-01  5.58377E+00  1.48287E+03  2.63503E+01
  2.42530E-01  5.61900E+00  1.48970E+03  2.64213E+01
  2.43057E-01  5.64103E+00  1.49641E+03  2.64914E+01
  2.43583E-01  5.67576E+00  1.50318E+03  2.65616E+01
  2.44109E-01  5.70620E+00  1.50963E+03  2.66331E+01
  2.44633E-01  5.73895E+00  1.51578E+03  2.67059E+01
  2.45156E-01  5.76740E+00  1.52187E+03  2.67793E+01
  2.45678E-01  5.79534E+00  1.52794E+03  2.68536E+01
  2.46199E-01  5.81602E+00  1.53402E+03  2.69282E+01
  2.46720E-01  5.85164E+00  1.54061E+03  2.70021E+01
  2.47240E-01  5.88682E+00  1.54763E+03  2.70744E+01
  2.47757E-01  5.90075E+00  1.55449E+03  2.71457E+01
  2.48276E-01  5.93617E+00  1.56112E+03  2.72169E+01
  2.48792E-01  5.96785E+00  1.56789E+03  2.72901E+01
  2.49307E-01  5.98699E+00  1.57453E+03  2.73629E+01
  2.49822E-01  6.01586E+00  1.58131E+03  2.74346E+01
  2.50336E-01  6.04855E+00  1.58826E+03  2.75056E+01
  2.50849E-01  6.06563E+00  1.59523E+03  2.75798E+01
  2.51362E-01  6.10109E+00  1.60207E+03  2.76534E+01
  2.51873E-01  6.11550E+00  1.60894E+03  2.77247E+01
  2.52384E-01  6.15149E+00  1.61585E+03  2.77985E+01
  2.52893E-01  6.16118E+00  1.62291E+03  2.78711E+01
  2.53403E-01  6.20174E+00  1.62988E+03  2.79436E+01
  2.53911E-01  6.21240E+00  1.63716E+03  2.80167E+01
  2.54419E-01  6.24327E+00  1.64441E+03  2.80892E+01
  2.54925E-01  6.26066E+00  1.65164E+03  2.81626E+01
  2.55432E-01  6.28530E+00  1.65865E+03  2.82360E+01
  2.55938E-01  6.31321E+00  1.66551E+03  2.83092E+01
  2.56442E-01  6.32627E+00  1.67265E+03  2.83811E+01
  2.56947E-01  6.35233E+00  1.68027E+03  2.84541E+01
  2.57451E-01  6.37396E+00  1.68762E+03  2.85273E+01
  2.57954E-01  6.38907E+00  1.69506E+03  2.85993E+01
  2.58457E-01  6.41187E+00  1.70232E+03  2.86743E+01
  2.58959E-01  6.44094E+00  1.71006E+03  2.87471E+01
  2.59460E-01  6.44817E+00  1.71760E+03  2.88176E+01
  2.59961E-01  6.46923E+00  1.72542E+03  2.88892E+01
  2.60461E-01  6.49081E+00  1.73320E+03  2.89611E+01
  2.60961E-01  6.50839E+00  1.74109E+03  2.90328E+01
  2.61461E-01  6.53308E+00  1.74838E+03  2.91093E+01
  2.61959E-01  6.54059E+00  1.75557E+03  2.91863E+01
  2.62458E-01  6.55277E+00  1.76283E+03  2.92609E+01
  2.62956E-01  6.57203E+00  1.77037E+03  2.93372E+01
  2.63454E-01  6.58507E+00  1.77775E+03  2.94130E+01
  2.63952E-01  6.60115E+00  1.78526E+03  2.94874E+01
  2.64449E-01  6.61673E+00  1.79327E+03  2.95608E+01
  2.64946E-01  6.63136E+00  1.80143E+03  2.96318E+01
  2.65442E-01  6.64429E+00  1.80974E+03  2.97003E+01
  2.65939E-01  6.65922E+00  1.81842E+03  2.97720E+01
  2.66434E-01  6.67186E+00  1.82647E+03  2.98443E+01
  2.66930E-01  6.68503E+00  1.83450E+03  2.99198E+01
  2.67425E-01  6.69436E+00  1.84169E+03  3.00008E+01
  2.67920E-01  6.70488E+00  1.84888E+03  3.00797E+01
  2.68415E-01  6.71500E+00  1.85617E+03  3.01587E+01
  2.68910E-01  6.72233E+00  1.86416E+03  3.02323E+01
  2.69405E-01  6.72362E+00  1.87280E+03  3.03003E+01
  2.69900E-01  6.73773E+00  1.88152E+03  3.03700E+01
  2.70395E-01  6.75117E+00  1.89078E+03  3.04402E+01
  2.70890E-01  6.76391E+00  1.89936E+03  3.05137E+01
  2.71383E-01  6.76630E+00  1.90652E+03  3.05958E+01
  2.71878E-01  6.75965E+00  1.91326E+03  3.06819E+01
  2.72373E-01  6.76770E+00  1.92064E+03  3.07625E+01
  2.72868E-01  6.78594E+00  1.92970E+03  3.08344E+01
  2.73362E-01  6.77649E+00  1.93957E+03  3.09001E+01
  2.73857E-01  6.78858E+00  1.94921E+03  3.09688E+01
  2.74351E-01  6.80409E+00  1.95681E+03  3.10478E+01
  2.74845E-01  6.78250E+00  1.96301E+03  3.11354E+01
  2.75341E-01  6.79282E+00  1.96998E+03  3.12206E+01
  2.75836E-01  6.78785E+00  1.97922E+03  3.12909E+01
  2.76332E-01  6.79979E+00  1.98961E+03  3.13529E+01
  2.76828E-01  6.79674E+00  1.99928E+03  3.14214E+01
  2.77323E-01  6.79954E+00  2.00705E+03  3.15015E+01
  2.77819E-01  6.78949E+00  2.01383E+03  3.15910E+01
  2.78316E-01  6.79345E+00  2.02059E+03  3.16792E+01
  2.78813E-01  6.77676E+00  2.02915E+03  3.17557E+01
  2.79311E-01  6.78904E+00  2.03949E+03  3.18245E+01
  2.79808E-01  6.78003E+00  2.04945E+03  3.18923E+01
  2.80306E-01  6.77643E+00  2.05821E+03  3.19675E+01
  2.80805E-01  6.77943E+00  2.06618E+03  3.20498E+01
  2.81303E-01  6.76402E+00  2.07435E+03  3.21322E+01
  2.81803E-01  6.75160E+00  2.08264E+03  3.22128E+01
  2.82304E-01  6.75097E+00  2.09114E+03  3.22940E+01
  2.82804E-01  6.74903E+00  2.09951E+03  3.23764E+01
  2.83305E-01  6.73511E+00  2.10782E+03  3.24564E+01
  2.83807E-01  6.71785E+00  2.11649E+03  3.25326E+01
  2.84311E-01  6.70788E+00  2.12574E+03  3.26083E+01
  2.84815E-01  6.70130E+00  2.13467E+03  3.26877E+01
  2.85319E-01  6.69134E+00  2.14330E+03  3.27674E+01
  2.85824E-01  6.67840E+00  2.15231E+03  3.28465E+01
  2.86330E-01  6.66763E+00  2.16116E+03  3.29260E+01
  2.86837E-01  6.65114E+00  2.17006E+03  3.30040E+01
  2.87345E-01  6.63837E+00  2.17900E+03  3.30838E+01
  2.87853E-01  6.62512E+00  2.18774E+03  3.31663E+01
  2.88363E-01  6.60845E+00  2.19617E+03  3.32498E+01
  2.88873E-01  6.59286E+00  2.20446E+03  3.33331E+01
  2.89385E-01  6.56596E+00  2.21320E+03  3.34155E+01
  2.89899E-01  6.54407E+00  2.22195E+03  3.34982E+01
  2.90414E-01  6.53226E+00  2.23103E+03  3.35804E+01
  2.90929E-01  6.52105E+00  2.23994E+03  3.36622E+01
  2.91446E-01  6.48907E+00  2.24883E+03  3.37453E+01
  2.91964E-01  6.46488E+00  2.25773E+03  3.38296E+01
  2.92484E-01  6.45748E+00  2.26662E+03  3.39139E+01
  2.93005E-01  6.41590E+00  2.27557E+03  3.39972E+01
  2.93528E-01  6.40644E+00  2.28460E+03  3.40804E+01
  2.94052E-01  6.37030E+00  2.29338E+03  3.41653E+01
  2.94578E-01  6.35846E+00  2.30272E+03  3.42503E+01
  2.95106E-01  6.31808E+00  2.31227E+03  3.43349E+01
  2.95635E-01  6.30383E+00  2.32100E+03  3.44215E+01
  2.96166E-01  6.27244E+00  2.33004E+03  3.45080E+01
  2.96699E-01  6.23324E+00  2.33897E+03  3.45942E+01
  2.97235E-01  6.21170E+00  2.34698E+03  3.46845E+01
  2.97772E-01  6.18496E+00  2.35578E+03  3.47712E+01
  2.98311E-01  6.15698E+00  2.36608E+03  3.48528E+01
  2.98852E-01  6.11046E+00  2.37168E+03  3.49601E+01
  2.99396E-01  6.07773E+00  2.37973E+03  3.50564E+01
  2.99943E-01  6.05459E+00  2.39486E+03  3.50966E+01
  3.00491E-01  6.01773E+00  2.40121E+03  3.52217E+01
  3.01042E-01  5.97223E+00  2.40417E+03  3.53583E+01
  3.01597E-01  5.94503E+00  2.42312E+03  3.53619E+01
  3.02153E-01  5.91703E+00  2.43966E+03  3.54560E+01
  3.02712E-01  5.86363E+00  2.43105E+03  3.56583E+01
  3.03274E-01  5.59924E+00  2.28265E+03  3.49839E+01
  3.03863E-01  3.27600E+00  8.15258E+02  1.97151E+01
  3.04866E-01  1.65285E+00  1.80728E+01  1.71170E+00
  3.06840E-01  1.39577E+00  1.28736E-02  1.15667E-02
  3.09150E-01  1.34721E+00  4.37102E-08  8.43758E-07
  3.11513E-01  1.31101E+00  3.21430E-08  1.85178E-09
  3.13911E-01  1.27539E+00  3.07005E-08  1.81892E-09
  3.16343E-01  1.24026E+00  2.93041E-08  1.78383E-09
  3.18812E-01  1.20562E+00  2.79530E-08  1.74866E-09
  3.21319E-01  1.17148E+00  2.66462E-08  1.71367E-09
  3.23864E-01  1.13783E+00  2.53828E-08  1.67881E-09
  3.26449E-01  1.10467E+00  2.41619E-08  1.64414E-09
  3.29077E-01  1.07200E+00  2.29826E-08  1.60974E-09
  3.31747E-01  1.03981E+00  2.18441E-08  1.57543E-09
  3.34462E-01  1.00811E+00  2.07454E-08  1.54127E-09
  3.37224E-01  9.76892E-01  1.96858E-08  1.50731E-09
  3.40034E-01  9.46152E-01  1.86642E-08  1.47353E-09
  3.42894E-01  9.15892E-01  1.76800E-08  1.43992E-09
  3.45806E-01  8.86108E-01  1.67322E-08  1.40653E-09
  3.48773E-01  8.56801E-01  1.58200E-08  1.37323E-09
  3.51797E-01  8.27967E-01  1.49427E-08  1.34018E-09
  3.54880E-01  7.99606E-01  1.40994E-08  1.30725E-09
  3.58024E-01  7.71717E-01  1.32894E-08  1.27454E-09
  3.61233E-01  7.44296E-01  1.25117E-08  1.24198E-09
  3.64510E-01  7.17345E-01  1.17658E-08  1.20959E-09
  3.67857E-01  6.90860E-01  1.10507E-08  1.17739E-09
  3.71279E-01  6.64841E-01  1.03658E-08  1.14539E-09
  3.74778E-01  6.39286E-01  9.71032E-09  1.11351E-09
  3.78360E-01  6.14195E-01  9.08347E-09  1.08185E-09
  3.82027E-01  5.89566E-01  8.48455E-09  1.05036E-09
  3.85785E-01  5.65399E-01  7.91285E-09  1.01906E-09
  3.89639E-01  5.41692E-01  7.36765E-09  9.87884E-10
  3.93593E-01  5.18445E-01  6.84825E-09  9.56981E-10
  3.97655E-01  4.95658E-01  6.35395E-09  9.26184E-10
  4.01830E-01  4.73328E-01  5.88408E-09  8.95591E-10
  4.06126E-01  4.51457E-01  5.43795E-09  8.65215E-10
  4.10549E-01  4.30044E-01  5.01490E-09  8.34960E-10
  4.15110E-01  4.09088E-01  4.61427E-09  8.04952E-10
  4.19815E-01  3.88590E-01  4.23540E-09  7.75089E-10
  4.24677E-01  3.68550E-01  3.87766E-09  7.45447E-10
  4.29706E-01  3.48968E-01  3.54039E-09  7.15989E-10
  4.34914E-01  3.29845E-01  3.22298E-09  6.86725E-10
  4.40316E-01  3.11181E-01  2.92480E-09  6.57679E-10
  4.45928E-01  2.92977E-01  2.64523E-09  6.28813E-10
  4.51766E-01  2.75235E-01  2.38367E-09  6.00151E-10
  4.57852E-01  2.57955E-01  2.13952E-09  5.71734E-10
  4.64207E-01  2.41141E-01  1.91217E-09  5.43521E-10
  4.70856E-01  2.24794E-01  1.70104E-09  5.15524E-10
  4.77831E-01  2.08916E-01  1.50554E-09  4.87749E-10
  4.85164E-01  1.93511E-01  1.32510E-09  4.60223E-10
  4.92894E-01  1.78581E-01  1.15914E-09  4.32953E-10
  5.01069E-01  1.64132E-01  1.00708E-09  4.05927E-10
  5.09742E-01  1.50167E-01  8.68362E-10  3.79190E-10
  5.18979E-01  1.36693E-01  7.42423E-10  3.52726E-10
  5.28857E-01  1.23715E-01  6.28700E-10  3.26559E-10
  5.39472E-01  1.11240E-01  5.26635E-10  3.00688E-10
  5.50939E-01  9.92771E-02  4.35669E-10  2.75168E-10
  5.63404E-01  8.78358E-02  3.55245E-10  2.49998E-10
  5.77054E-01  7.69275E-02  2.84803E-10  2.25231E-10
  5.92128E-01  6.65656E-02  2.23782E-10  2.00855E-10
  6.08944E-01  5.67661E-02  1.71616E-10  1.76945E-10
  6.27936E-01  4.75482E-02  1.27731E-10  1.53536E-10
  6.49716E-01  3.89352E-02  9.15474E-11  1.30687E-10
  6.75184E-01  3.09564E-02  6.24681E-11  1.08465E-10
  7.05734E-01  2.36488E-02  3.98800E-11  8.69857E-11
  7.43699E-01  1.70612E-02  2.31432E-11  6.64099E-11
  7.93395E-01  1.12613E-02  1.15804E-11  4.74544E-11
  8.64237E-01  6.35029E-03  4.45721E-12  2.90143E-11
  9.84118E-01  2.50120E-03  9.43315E-13  6.15295E-12
  1.39569E+00  1.35808E-04  7.34429E-15  3.10319E-12
