 -1.02634E-10  9.23664E-04  1.08006E-07  2.29536E-05
  2.71144E-02  9.73775E-04  1.08005E-07  6.07823E-05
  4.45745E-02  9.83048E-04  1.08003E-07  9.04672E-05
  6.21266E-02  9.45809E-04  1.08002E-07  1.20702E-04
  8.03161E-02  5.89793E-03  1.08001E-07  1.39023E-04
  8.37626E-02  6.74361E-03  1.08000E-07  1.45273E-04
  8.77316E-02  7.41481E-03  1.07999E-07  1.52412E-04
  9.21922E-02  9.10287E-03  1.07998E-07  1.59841E-04
  9.65050E-02  1.07842E-02  1.07996E-07  1.67058E-04
  1.00721E-01  1.25732E-02  1.07995E-07  1.74115E-04
  1.04830E-01  1.43721E-02  1.07996E-07  1.81020E-04
  1.08854E-01  1.62647E-02  1.07998E-07  1.87792E-04
  1.12787E-01  1.85043E-02  1.08004E-07  1.94368E-04
  1.16574E-01  2.11199E-02  1.08012E-07  2.00661E-04
  1.20186E-01  2.40634E-02  1.08022E-07  2.06634E-04
  1.23616E-01  2.73443E-02  1.08033E-07  2.12274E-04
  1.26870E-01  3.09015E-02  1.08045E-07  2.17619E-04
  1.29961E-01  3.46686E-02  1.08054E-07  2.22718E-04
  1.32909E-01  3.86034E-02  1.08061E-07  2.27592E-04
  1.35733E-01  4.26834E-02  1.08070E-07  2.32290E-04
  1.38450E-01  4.69689E-02  1.08080E-07  2.36844E-04
  1.41068E-01  5.15407E-02  1.08093E-07  2.41254E-04
  1.43592E-01  5.64484E-02  1.08108E-07  2.45491E-04
  1.46025E-01  6.14525E-02  1.08127E-07  2.49549E-04
  1.48380E-01  6.59550E-02  1.08148E-07  2.53478E-04
  1.50686E-01  6.93862E-02  1.08172E-07  2.57332E-04
  1.52985E-01  7.20918E-02  1.08197E-07  2.61168E-04
  1.55300E-01  7.51330E-02  1.08221E-07  2.65036E-04
  1.57619E-01  7.91315E-02  1.08245E-07  2.68882E-04
  1.59911E-01  8.40496E-02  1.08271E-07  2.72664E-04
  1.62156E-01  8.96922E-02  1.08290E-07  2.76387E-04
  1.64340E-01  9.56374E-02  1.08304E-07  2.80049E-04
  1.66467E-01  1.01762E-01  1.08311E-07  2.83653E-04
  1.68538E-01  1.08039E-01  1.08315E-07  2.87200E-04
  1.70559E-01  1.14281E-01  1.08318E-07  2.90692E-04
  1.72536E-01  1.20785E-01  1.08329E-07  2.94099E-04
  1.74470E-01  1.27363E-01  1.08342E-07  2.97433E-04
  1.76365E-01  1.34276E-01  1.08358E-07  3.00689E-04
  1.78220E-01  1.41246E-01  1.08387E-07  3.03835E-04
  1.80040E-01  1.48295E-01  1.08420E-07  3.06847E-04
  1.81826E-01  1.54606E-01  1.08459E-07  3.09757E-04
  1.83590E-01  1.59855E-01  1.08497E-07  3.12610E-04
  1.85346E-01  1.64522E-01  1.08538E-07  3.15456E-04
  1.87101E-01  1.69285E-01  1.08581E-07  3.18309E-04
  1.88852E-01  1.74968E-01  1.08623E-07  3.21204E-04
  1.90592E-01  1.81487E-01  1.08663E-07  3.24119E-04
  1.92312E-01  1.88899E-01  1.08714E-07  3.27043E-04
  1.94006E-01  1.96863E-01  1.08761E-07  3.30002E-04
  1.95671E-01  2.04826E-01  1.08805E-07  3.32951E-04
  1.97311E-01  2.13167E-01  1.08847E-07  3.35868E-04
  1.98924E-01  2.21705E-01  1.08889E-07  3.38781E-04
  2.00511E-01  2.30199E-01  1.08931E-07  3.41649E-04
  2.02075E-01  2.38827E-01  1.08976E-07  3.44428E-04
  2.03616E-01  2.47536E-01  1.09023E-07  3.47091E-04
  2.05135E-01  2.55588E-01  1.09076E-07  3.49599E-04
  2.06639E-01  2.62473E-01  1.09136E-07  3.51979E-04
  2.08134E-01  2.68475E-01  1.09205E-07  3.54299E-04
  2.09627E-01  2.74310E-01  1.09264E-07  3.56633E-04
  2.11117E-01  2.80748E-01  1.09311E-07  3.59021E-04
  2.12602E-01  2.88287E-01  1.09346E-07  3.61510E-04
  2.14076E-01  2.96668E-01  1.09368E-07  3.64075E-04
  2.15535E-01  3.05627E-01  1.09387E-07  3.66648E-04
  2.16979E-01  3.15119E-01  1.09422E-07  3.69208E-04
  2.18404E-01  3.24502E-01  1.09488E-07  3.71748E-04
  2.19814E-01  3.34257E-01  1.09582E-07  3.74245E-04
  2.21206E-01  3.44010E-01  1.09708E-07  3.76696E-04
  2.22583E-01  3.53438E-01  1.09842E-07  3.79092E-04
  2.23947E-01  3.62181E-01  1.09955E-07  3.81421E-04
  2.25300E-01  3.69824E-01  1.10023E-07  3.83680E-04
  2.26647E-01  3.77121E-01  1.10052E-07  3.85896E-04
  2.27990E-01  3.83918E-01  1.10051E-07  3.88041E-04
  2.29331E-01  3.91329E-01  1.10052E-07  3.90228E-04
  2.30667E-01  3.99961E-01  1.10092E-07  3.92442E-04
  2.31994E-01  4.09162E-01  1.10200E-07  3.94792E-04
  2.33311E-01  4.19218E-01  1.10358E-07  3.97213E-04
  2.34616E-01  4.29141E-01  1.10506E-07  3.99597E-04
  2.35910E-01  4.39620E-01  1.10629E-07  4.01887E-04
  2.37191E-01  4.49224E-01  1.10703E-07  4.04079E-04
  2.38464E-01  4.59105E-01  1.10732E-07  4.06174E-04
  2.39726E-01  4.67766E-01  1.10752E-07  4.08232E-04
  2.40982E-01  4.76506E-01  1.10799E-07  4.10326E-04
  2.42233E-01  4.84626E-01  1.10902E-07  4.12510E-04
  2.43479E-01  4.92571E-01  1.11046E-07  4.14738E-04
  2.44721E-01  5.01123E-01  1.11187E-07  4.16954E-04
  2.45959E-01  5.10377E-01  1.11296E-07  4.19115E-04
  2.47189E-01  5.19797E-01  1.11376E-07  4.21215E-04
  2.48413E-01  5.29561E-01  1.11444E-07  4.23299E-04
  2.49629E-01  5.39889E-01  1.11524E-07  4.25373E-04
  2.50837E-01  5.50122E-01  1.11632E-07  4.27434E-04
  2.52037E-01  5.60097E-01  1.11759E-07  4.29520E-04
  2.53229E-01  5.69874E-01  1.11876E-07  4.31628E-04
  2.54415E-01  5.78812E-01  1.11972E-07  4.33720E-04
  2.55597E-01  5.87791E-01  1.12062E-07  4.35789E-04
  2.56774E-01  5.96208E-01  1.12149E-07  4.37823E-04
  2.57948E-01  6.05504E-01  1.12261E-07  4.39866E-04
  2.59116E-01  6.14775E-01  1.12402E-07  4.41916E-04
  2.60280E-01  6.24352E-01  1.12547E-07  4.43942E-04
  2.61439E-01  6.34709E-01  1.12671E-07  4.45932E-04
  2.62591E-01  6.44715E-01  1.12787E-07  4.47884E-04
  2.63737E-01  6.55007E-01  1.12911E-07  4.49861E-04
  2.64877E-01  6.65366E-01  1.13036E-07  4.51866E-04
  2.66011E-01  6.75133E-01  1.13171E-07  4.53880E-04
  2.67140E-01  6.84867E-01  1.13290E-07  4.55880E-04
  2.68264E-01  6.94124E-01  1.13400E-07  4.57856E-04
  2.69384E-01  7.03756E-01  1.13500E-07  4.59820E-04
  2.70500E-01  7.12786E-01  1.13611E-07  4.61786E-04
  2.71613E-01  7.21320E-01  1.13757E-07  4.63750E-04
  2.72723E-01  7.31211E-01  1.13941E-07  4.65689E-04
  2.73828E-01  7.40841E-01  1.14132E-07  4.67603E-04
  2.74929E-01  7.50558E-01  1.14280E-07  4.69485E-04
  2.76026E-01  7.60511E-01  1.14372E-07  4.71424E-04
  2.77119E-01  7.69647E-01  1.14444E-07  4.73465E-04
  2.78208E-01  7.79249E-01  1.14539E-07  4.75526E-04
  2.79294E-01  7.89271E-01  1.14695E-07  4.77552E-04
  2.80375E-01  7.98985E-01  1.14899E-07  4.79442E-04
  2.81452E-01  8.08081E-01  1.15123E-07  4.81173E-04
  2.82526E-01  8.17867E-01  1.15318E-07  4.82857E-04
  2.83596E-01  8.26346E-01  1.15474E-07  4.84578E-04
  2.84664E-01  8.35724E-01  1.15608E-07  4.86449E-04
  2.85729E-01  8.44416E-01  1.15736E-07  4.88493E-04
  2.86792E-01  8.54488E-01  1.15897E-07  4.90633E-04
  2.87850E-01  8.63554E-01  1.16040E-07  4.92670E-04
  2.88905E-01  8.72041E-01  1.16184E-07  4.94560E-04
  2.89959E-01  8.82214E-01  1.16309E-07  4.96374E-04
  2.91008E-01  8.91365E-01  1.16423E-07  4.98135E-04
  2.92055E-01  8.99052E-01  1.16588E-07  4.99968E-04
  2.93100E-01  9.09142E-01  1.16800E-07  5.01889E-04
  2.94141E-01  9.18106E-01  1.17022E-07  5.03828E-04
  2.95180E-01  9.27528E-01  1.17253E-07  5.05733E-04
  2.96216E-01  9.35332E-01  1.17446E-07  5.07564E-04
  2.97251E-01  9.44569E-01  1.17585E-07  5.09346E-04
  2.98282E-01  9.53677E-01  1.17709E-07  5.11140E-04
  2.99311E-01  9.62296E-01  1.17860E-07  5.12939E-04
  3.00338E-01  9.71335E-01  1.18043E-07  5.14780E-04
  3.01362E-01  9.81367E-01  1.18266E-07  5.16735E-04
  3.02382E-01  9.89889E-01  1.18511E-07  5.18709E-04
  3.03400E-01  9.97528E-01  1.18742E-07  5.20590E-04
  3.04417E-01  1.00632E+00  1.18925E-07  5.22407E-04
  3.05432E-01  1.01443E+00  1.19062E-07  5.24171E-04
  3.06445E-01  1.02330E+00  1.19194E-07  5.25910E-04
  3.07456E-01  1.03123E+00  1.19350E-07  5.27717E-04
  3.08465E-01  1.04013E+00  1.19543E-07  5.29586E-04
  3.09471E-01  1.04822E+00  1.19773E-07  5.31488E-04
  3.10476E-01  1.05651E+00  1.20005E-07  5.33393E-04
  3.11479E-01  1.06468E+00  1.20243E-07  5.35314E-04
  3.12480E-01  1.07366E+00  1.20467E-07  5.37209E-04
  3.13478E-01  1.08188E+00  1.20679E-07  5.39040E-04
  3.14475E-01  1.09034E+00  1.20857E-07  5.40780E-04
  3.15469E-01  1.09902E+00  1.21024E-07  5.42492E-04
  3.16461E-01  1.10628E+00  1.21193E-07  5.44241E-04
  3.17452E-01  1.11235E+00  1.21370E-07  5.46018E-04
  3.18443E-01  1.12094E+00  1.21586E-07  5.47885E-04
  3.19432E-01  1.13112E+00  1.21822E-07  5.49813E-04
  3.20417E-01  1.13932E+00  1.22070E-07  5.51741E-04
  3.21400E-01  1.14458E+00  1.22324E-07  5.53618E-04
  3.22383E-01  1.15458E+00  1.22578E-07  5.55452E-04
  3.23363E-01  1.16393E+00  1.22819E-07  5.57276E-04
  3.24340E-01  1.16879E+00  1.23042E-07  5.59087E-04
  3.25318E-01  1.17900E+00  1.23246E-07  5.60879E-04
  3.26292E-01  1.18402E+00  1.23451E-07  5.62658E-04
  3.27267E-01  1.19220E+00  1.23651E-07  5.64472E-04
  3.28239E-01  1.20164E+00  1.23846E-07  5.66327E-04
  3.29209E-01  1.20616E+00  1.24042E-07  5.68202E-04
  3.30179E-01  1.21650E+00  1.24265E-07  5.70035E-04
  3.31146E-01  1.22021E+00  1.24530E-07  5.71810E-04
  3.32113E-01  1.23185E+00  1.24792E-07  5.73607E-04
  3.33076E-01  1.23461E+00  1.25049E-07  5.75416E-04
  3.34041E-01  1.24479E+00  1.25296E-07  5.77235E-04
  3.35003E-01  1.25184E+00  1.25509E-07  5.79054E-04
  3.35963E-01  1.25655E+00  1.25731E-07  5.80906E-04
  3.36923E-01  1.26736E+00  1.25953E-07  5.82771E-04
  3.37879E-01  1.26886E+00  1.26182E-07  5.84607E-04
  3.38838E-01  1.27739E+00  1.26438E-07  5.86429E-04
  3.39794E-01  1.28877E+00  1.26719E-07  5.88247E-04
  3.40746E-01  1.28960E+00  1.26988E-07  5.90068E-04
  3.41700E-01  1.29736E+00  1.27223E-07  5.91894E-04
  3.42653E-01  1.30610E+00  1.27450E-07  5.93735E-04
  3.43603E-01  1.31314E+00  1.27682E-07  5.95578E-04
  3.44551E-01  1.31509E+00  1.27947E-07  5.97414E-04
  3.45501E-01  1.32262E+00  1.28212E-07  5.99246E-04
  3.46449E-01  1.33078E+00  1.28484E-07  6.01077E-04
  3.47395E-01  1.33827E+00  1.28740E-07  6.02917E-04
  3.48339E-01  1.34408E+00  1.28983E-07  6.04760E-04
  3.49282E-01  1.34730E+00  1.29233E-07  6.06596E-04
  3.50226E-01  1.35252E+00  1.29497E-07  6.08412E-04
  3.51169E-01  1.35938E+00  1.29762E-07  6.10223E-04
  3.52111E-01  1.36476E+00  1.30011E-07  6.12082E-04
  3.53052E-01  1.37156E+00  1.30225E-07  6.14004E-04
  3.53991E-01  1.37677E+00  1.30437E-07  6.15937E-04
  3.54930E-01  1.38240E+00  1.30691E-07  6.17796E-04
  3.55868E-01  1.38833E+00  1.31005E-07  6.19547E-04
  3.56804E-01  1.39326E+00  1.31345E-07  6.21271E-04
  3.57740E-01  1.39992E+00  1.31676E-07  6.23037E-04
  3.58674E-01  1.40458E+00  1.31956E-07  6.24915E-04
  3.59608E-01  1.40912E+00  1.32198E-07  6.26874E-04
  3.60541E-01  1.41621E+00  1.32447E-07  6.28797E-04
  3.61473E-01  1.42107E+00  1.32721E-07  6.30679E-04
  3.62403E-01  1.42531E+00  1.33004E-07  6.32536E-04
  3.63334E-01  1.43231E+00  1.33258E-07  6.34357E-04
  3.64262E-01  1.43595E+00  1.33454E-07  6.36171E-04
  3.65190E-01  1.43727E+00  1.33649E-07  6.37994E-04
  3.66120E-01  1.44119E+00  1.33911E-07  6.39817E-04
  3.67049E-01  1.44602E+00  1.34219E-07  6.41654E-04
  3.67978E-01  1.45512E+00  1.34551E-07  6.43564E-04
  3.68903E-01  1.46054E+00  1.34881E-07  6.45541E-04
  3.69826E-01  1.46219E+00  1.35187E-07  6.47506E-04
  3.70751E-01  1.46506E+00  1.35472E-07  6.49426E-04
  3.71676E-01  1.47166E+00  1.35737E-07  6.51236E-04
  3.72598E-01  1.47832E+00  1.35980E-07  6.52999E-04
  3.73519E-01  1.47776E+00  1.36206E-07  6.54817E-04
  3.74442E-01  1.48187E+00  1.36482E-07  6.56684E-04
  3.75364E-01  1.49076E+00  1.36789E-07  6.58577E-04
  3.76282E-01  1.48924E+00  1.37113E-07  6.60489E-04
  3.77204E-01  1.49650E+00  1.37433E-07  6.62404E-04
  3.78122E-01  1.50184E+00  1.37724E-07  6.64320E-04
  3.79039E-01  1.49958E+00  1.37979E-07  6.66233E-04
  3.79959E-01  1.50847E+00  1.38219E-07  6.68139E-04
  3.80875E-01  1.50780E+00  1.38469E-07  6.70061E-04
  3.81793E-01  1.51444E+00  1.38733E-07  6.71981E-04
  3.82709E-01  1.51524E+00  1.39031E-07  6.73858E-04
  3.83625E-01  1.52072E+00  1.39356E-07  6.75704E-04
  3.84540E-01  1.52136E+00  1.39686E-07  6.77562E-04
  3.85456E-01  1.52796E+00  1.40004E-07  6.79444E-04
  3.86369E-01  1.52651E+00  1.40299E-07  6.81379E-04
  3.87284E-01  1.53444E+00  1.40551E-07  6.83402E-04
  3.88196E-01  1.53076E+00  1.40762E-07  6.85388E-04
  3.89112E-01  1.53919E+00  1.41015E-07  6.87343E-04
  3.90023E-01  1.53715E+00  1.41290E-07  6.89232E-04
  3.90937E-01  1.54120E+00  1.41653E-07  6.91043E-04
  3.91850E-01  1.54658E+00  1.41990E-07  6.92860E-04
  3.92760E-01  1.54354E+00  1.42311E-07  6.94774E-04
  3.93674E-01  1.54915E+00  1.42561E-07  6.96782E-04
  3.94585E-01  1.55355E+00  1.42787E-07  6.98853E-04
  3.95494E-01  1.54851E+00  1.43018E-07  7.00924E-04
  3.96408E-01  1.55304E+00  1.43298E-07  7.02894E-04
  3.97320E-01  1.55802E+00  1.43630E-07  7.04781E-04
  3.98229E-01  1.55815E+00  1.43966E-07  7.06623E-04
  3.99140E-01  1.55733E+00  1.44280E-07  7.08531E-04
  4.00051E-01  1.56028E+00  1.44561E-07  7.10542E-04
  4.00962E-01  1.56250E+00  1.44831E-07  7.12567E-04
  4.01872E-01  1.56546E+00  1.45103E-07  7.14529E-04
  4.02781E-01  1.56383E+00  1.45395E-07  7.16457E-04
  4.03692E-01  1.56441E+00  1.45684E-07  7.18397E-04
  4.04602E-01  1.56457E+00  1.45939E-07  7.20396E-04
  4.05514E-01  1.56621E+00  1.46227E-07  7.22413E-04
  4.06425E-01  1.56783E+00  1.46543E-07  7.24435E-04
  4.07335E-01  1.56990E+00  1.46840E-07  7.26448E-04
  4.08245E-01  1.56989E+00  1.47108E-07  7.28432E-04
  4.09155E-01  1.56977E+00  1.47359E-07  7.30410E-04
  4.10066E-01  1.57115E+00  1.47619E-07  7.32417E-04
  4.10976E-01  1.56926E+00  1.47888E-07  7.34470E-04
  4.11888E-01  1.57037E+00  1.48164E-07  7.36533E-04
  4.12799E-01  1.56998E+00  1.48458E-07  7.38592E-04
  4.13711E-01  1.56951E+00  1.48787E-07  7.40602E-04
  4.14623E-01  1.56981E+00  1.49102E-07  7.42582E-04
  4.15535E-01  1.56967E+00  1.49402E-07  7.44560E-04
  4.16447E-01  1.56923E+00  1.49678E-07  7.46570E-04
  4.17360E-01  1.56882E+00  1.49924E-07  7.48616E-04
  4.18273E-01  1.56887E+00  1.50127E-07  7.50712E-04
  4.19186E-01  1.56756E+00  1.50341E-07  7.52862E-04
  4.20100E-01  1.56756E+00  1.50598E-07  7.55015E-04
  4.21014E-01  1.56485E+00  1.50926E-07  7.57113E-04
  4.21929E-01  1.56268E+00  1.51280E-07  7.59122E-04
  4.22846E-01  1.56366E+00  1.51611E-07  7.61098E-04
  4.23762E-01  1.56318E+00  1.51888E-07  7.63138E-04
  4.24677E-01  1.56244E+00  1.52114E-07  7.65232E-04
  4.25594E-01  1.55613E+00  1.52326E-07  7.67340E-04
  4.26513E-01  1.55634E+00  1.52562E-07  7.69483E-04
  4.27432E-01  1.55628E+00  1.52785E-07  7.71634E-04
  4.28351E-01  1.55087E+00  1.53081E-07  7.73779E-04
  4.29273E-01  1.54982E+00  1.53363E-07  7.75928E-04
  4.30195E-01  1.55089E+00  1.53668E-07  7.78092E-04
  4.31116E-01  1.54436E+00  1.53929E-07  7.80239E-04
  4.32041E-01  1.54389E+00  1.54216E-07  7.82370E-04
  4.32965E-01  1.54126E+00  1.54497E-07  7.84493E-04
  4.33890E-01  1.53688E+00  1.54769E-07  7.86612E-04
  4.34818E-01  1.53763E+00  1.55004E-07  7.88767E-04
  4.35744E-01  1.52999E+00  1.55203E-07  7.90981E-04
  4.36675E-01  1.52989E+00  1.55396E-07  7.93232E-04
  4.37604E-01  1.52230E+00  1.55609E-07  7.95459E-04
  4.38538E-01  1.52262E+00  1.55866E-07  7.97663E-04
  4.39471E-01  1.51683E+00  1.56153E-07  7.99809E-04
  4.40407E-01  1.51435E+00  1.56434E-07  8.01961E-04
  4.41343E-01  1.51135E+00  1.56708E-07  8.04159E-04
  4.42280E-01  1.50388E+00  1.56939E-07  8.06429E-04
  4.43222E-01  1.50294E+00  1.57157E-07  8.08747E-04
  4.44163E-01  1.49817E+00  1.57393E-07  8.11047E-04
  4.45106E-01  1.49056E+00  1.57628E-07  8.13353E-04
  4.46052E-01  1.48821E+00  1.57890E-07  8.15640E-04
  4.47000E-01  1.48525E+00  1.58139E-07  8.17886E-04
  4.47948E-01  1.47874E+00  1.58390E-07  8.20141E-04
  4.48899E-01  1.47213E+00  1.58602E-07  8.22441E-04
  4.49854E-01  1.46714E+00  1.58811E-07  8.24793E-04
  4.50810E-01  1.46278E+00  1.59018E-07  8.27178E-04
  4.51768E-01  1.45618E+00  1.59218E-07  8.29536E-04
  4.52730E-01  1.45168E+00  1.59437E-07  8.31876E-04
  4.53693E-01  1.44618E+00  1.59660E-07  8.34209E-04
  4.54658E-01  1.43937E+00  1.59906E-07  8.36550E-04
  4.55627E-01  1.43255E+00  1.60118E-07  8.38929E-04
  4.56599E-01  1.42564E+00  1.60307E-07  8.41326E-04
  4.57574E-01  1.41983E+00  1.60512E-07  8.43737E-04
  4.58552E-01  1.41331E+00  1.60712E-07  8.46165E-04
  4.59533E-01  1.40663E+00  1.60925E-07  8.48635E-04
  4.60517E-01  1.39922E+00  1.61113E-07  8.51125E-04
  4.61505E-01  1.39329E+00  1.61294E-07  8.53618E-04
  4.62495E-01  1.38388E+00  1.61501E-07  8.56110E-04
  4.63491E-01  1.37587E+00  1.61715E-07  8.58585E-04
  4.64490E-01  1.36947E+00  1.61909E-07  8.61073E-04
  4.65493E-01  1.36236E+00  1.62123E-07  8.63623E-04
  4.66499E-01  1.35229E+00  1.62295E-07  8.66222E-04
  4.67511E-01  1.34557E+00  1.62456E-07  8.68779E-04
  4.68526E-01  1.33488E+00  1.62619E-07  8.71359E-04
  4.69547E-01  1.32892E+00  1.62785E-07  8.73932E-04
  4.70571E-01  1.31693E+00  1.62950E-07  8.76523E-04
  4.71603E-01  1.31055E+00  1.63125E-07  8.79184E-04
  4.72637E-01  1.29952E+00  1.63307E-07  8.81871E-04
  4.73679E-01  1.29036E+00  1.63471E-07  8.84576E-04
  4.74725E-01  1.28133E+00  1.63625E-07  8.87285E-04
  4.75777E-01  1.27247E+00  1.63775E-07  8.90030E-04
  4.76834E-01  1.26056E+00  1.63919E-07  8.92783E-04
  4.77899E-01  1.25024E+00  1.64065E-07  8.95550E-04
  4.78970E-01  1.24008E+00  1.64228E-07  8.98332E-04
  4.80048E-01  1.22981E+00  1.64391E-07  9.01162E-04
  4.81133E-01  1.21982E+00  1.64513E-07  9.04023E-04
  4.82224E-01  1.20877E+00  1.64632E-07  9.06898E-04
  4.83323E-01  1.19643E+00  1.64761E-07  9.09786E-04
  4.84431E-01  1.18437E+00  1.64891E-07  9.12667E-04
  4.85547E-01  1.17359E+00  1.65002E-07  9.15613E-04
  4.86672E-01  1.16260E+00  1.65109E-07  9.18625E-04
  4.87804E-01  1.14870E+00  1.65216E-07  9.21674E-04
  4.88947E-01  1.13806E+00  1.65327E-07  9.24758E-04
  4.90099E-01  1.12481E+00  1.65425E-07  9.27841E-04
  4.91261E-01  1.11167E+00  1.65534E-07  9.30973E-04
  4.92434E-01  1.09928E+00  1.65645E-07  9.34178E-04
  4.93618E-01  1.08701E+00  1.65725E-07  9.37386E-04
  4.94812E-01  1.07307E+00  1.65834E-07  9.40595E-04
  4.96019E-01  1.05861E+00  1.65930E-07  9.43843E-04
  4.97240E-01  1.04504E+00  1.66009E-07  9.47137E-04
  4.98473E-01  1.03159E+00  1.66078E-07  9.50499E-04
  4.99720E-01  1.01781E+00  1.66151E-07  9.53917E-04
  5.00980E-01  1.00157E+00  1.66203E-07  9.57423E-04
  5.02258E-01  9.88057E-01  1.66228E-07  9.60993E-04
  5.03550E-01  9.73096E-01  1.66269E-07  9.64579E-04
  5.04858E-01  9.56840E-01  1.66321E-07  9.68184E-04
  5.06186E-01  9.41814E-01  1.66371E-07  9.71856E-04
  5.07532E-01  9.26423E-01  1.66405E-07  9.75612E-04
  5.08896E-01  9.09356E-01  1.66443E-07  9.79438E-04
  5.10283E-01  8.93872E-01  1.66472E-07  9.83304E-04
  5.11691E-01  8.77382E-01  1.66510E-07  9.87226E-04
  5.13122E-01  8.60869E-01  1.66525E-07  9.91263E-04
  5.14577E-01  8.43614E-01  1.66518E-07  9.95400E-04
  5.16058E-01  8.26109E-01  1.66503E-07  9.99627E-04
  5.17567E-01  8.08794E-01  1.66483E-07  1.00394E-03
  5.19105E-01  7.90700E-01  1.66460E-07  1.00838E-03
  5.20675E-01  7.72797E-01  1.66448E-07  1.01291E-03
  5.22277E-01  7.54499E-01  1.66431E-07  1.01750E-03
  5.23916E-01  7.35737E-01  1.66385E-07  1.02225E-03
  5.25593E-01  7.16769E-01  1.66335E-07  1.02707E-03
  5.27310E-01  6.97688E-01  1.66299E-07  1.03199E-03
  5.29072E-01  6.78111E-01  1.66239E-07  1.03713E-03
  5.30881E-01  6.58176E-01  1.66110E-07  1.04257E-03
  5.32743E-01  6.38111E-01  1.66044E-07  1.04808E-03
  5.34659E-01  6.17944E-01  1.66029E-07  1.05350E-03
  5.36636E-01  5.96888E-01  1.65869E-07  1.05938E-03
  5.38681E-01  5.75836E-01  1.65721E-07  1.06590E-03
  5.40798E-01  5.54460E-01  1.65627E-07  1.07169E-03
  5.42995E-01  5.33054E-01  1.65722E-07  1.07808E-03
  5.45280E-01  5.10577E-01  1.65321E-07  1.08575E-03
  5.47665E-01  4.86552E-01  1.64340E-07  1.09301E-03
  5.50168E-01  4.67349E-01  1.66294E-07  1.10027E-03
  5.52776E-01  4.43194E-01  1.65497E-07  1.10047E-03
  5.55529E-01  3.40425E-01  1.15645E-07  9.51867E-04
  5.59115E-01  1.46458E-01  1.30223E-08  2.68743E-04
  5.67384E-01  9.23586E-02  4.45970E-10  2.85277E-05
  5.80204E-01  7.78388E-02  2.90451E-10  1.85116E-05
  5.94950E-01  6.72621E-02  2.27693E-10  1.65373E-05
  6.11445E-01  5.72902E-02  1.74262E-10  1.45548E-05
  6.30122E-01  4.79231E-02  1.29415E-10  1.26120E-05
  6.51595E-01  3.91934E-02  9.25653E-11  1.07188E-05
  6.76763E-01  3.11239E-02  6.30327E-11  8.88560E-06
  7.07024E-01  2.37483E-02  4.01622E-11  7.11644E-06
  7.44710E-01  1.71127E-02  2.32606E-11  5.42718E-06
  7.94143E-01  1.12833E-02  1.16177E-11  3.87339E-06
  8.64741E-01  6.36220E-03  4.46947E-12  2.35950E-06
  9.84311E-01  2.46477E-03  9.29213E-13  5.05668E-07
  1.40024E+00  1.36949E-04  7.68731E-15  2.52295E-07
