 -8.64985E-11  9.79149E-04  4.19320E+03  2.50394E+00
  2.65922E-02  6.65561E-03  4.19321E+03  5.41468E+00
  3.06686E-02  1.03939E-02  4.19325E+03  6.21147E+00
  3.50743E-02  1.68536E-02  4.19332E+03  6.96841E+00
  3.88786E-02  2.46397E-02  4.19342E+03  7.61990E+00
  4.22515E-02  3.38105E-02  4.19353E+03  8.19155E+00
  4.52889E-02  4.47356E-02  4.19365E+03  8.70238E+00
  4.80367E-02  5.74498E-02  4.19383E+03  9.16471E+00
  5.05405E-02  7.11571E-02  4.19405E+03  9.59348E+00
  5.28650E-02  8.61664E-02  4.19440E+03  9.99995E+00
  5.50407E-02  1.02335E-01  4.19492E+03  1.03919E+01
  5.70930E-02  1.19867E-01  4.19559E+03  1.07725E+01
  5.90367E-02  1.38790E-01  4.19642E+03  1.11405E+01
  6.08840E-02  1.58865E-01  4.19742E+03  1.14931E+01
  6.26475E-02  1.79863E-01  4.19859E+03  1.18291E+01
  6.43394E-02  2.01592E-01  4.19981E+03  1.21474E+01
  6.59701E-02  2.24363E-01  4.20101E+03  1.24483E+01
  6.75455E-02  2.48062E-01  4.20211E+03  1.27321E+01
  6.90709E-02  2.73102E-01  4.20310E+03  1.29994E+01
  7.05488E-02  2.99842E-01  4.20404E+03  1.32555E+01
  7.19797E-02  3.28007E-01  4.20496E+03  1.35065E+01
  7.33663E-02  3.56810E-01  4.20612E+03  1.37556E+01
  7.47137E-02  3.86986E-01  4.20761E+03  1.40041E+01
  7.60239E-02  4.18068E-01  4.20953E+03  1.42508E+01
  7.73000E-02  4.49623E-01  4.21185E+03  1.44931E+01
  7.85458E-02  4.82389E-01  4.21453E+03  1.47307E+01
  7.97628E-02  5.15287E-01  4.21739E+03  1.49635E+01
  8.09545E-02  5.50081E-01  4.22019E+03  1.51893E+01
  8.21204E-02  5.84974E-01  4.22294E+03  1.54083E+01
  8.32635E-02  6.22124E-01  4.22551E+03  1.56198E+01
  8.43826E-02  6.59312E-01  4.22796E+03  1.58235E+01
  8.54807E-02  6.98606E-01  4.23045E+03  1.60209E+01
  8.65569E-02  7.37894E-01  4.23299E+03  1.62128E+01
  8.76138E-02  7.78509E-01  4.23568E+03  1.64028E+01
  8.86518E-02  8.19271E-01  4.23876E+03  1.65932E+01
  8.96727E-02  8.61307E-01  4.24234E+03  1.67841E+01
  9.06768E-02  9.04351E-01  4.24635E+03  1.69758E+01
  9.16647E-02  9.47683E-01  4.25071E+03  1.71674E+01
  9.26378E-02  9.92809E-01  4.25525E+03  1.73577E+01
  9.35956E-02  1.03870E+00  4.25984E+03  1.75453E+01
  9.45390E-02  1.08566E+00  4.26427E+03  1.77276E+01
  9.54684E-02  1.13310E+00  4.26889E+03  1.79025E+01
  9.63846E-02  1.18162E+00  4.27365E+03  1.80706E+01
  9.72879E-02  1.23084E+00  4.27877E+03  1.82337E+01
  9.81790E-02  1.28085E+00  4.28406E+03  1.83934E+01
  9.90584E-02  1.33190E+00  4.28940E+03  1.85538E+01
  9.99262E-02  1.38329E+00  4.29443E+03  1.87176E+01
  1.00783E-01  1.43529E+00  4.29942E+03  1.88840E+01
  1.01630E-01  1.48891E+00  4.30443E+03  1.90515E+01
  1.02466E-01  1.54336E+00  4.30974E+03  1.92171E+01
  1.03292E-01  1.59905E+00  4.31583E+03  1.93771E+01
  1.04109E-01  1.65378E+00  4.32254E+03  1.95309E+01
  1.04916E-01  1.71077E+00  4.32974E+03  1.96813E+01
  1.05714E-01  1.76903E+00  4.33702E+03  1.98296E+01
  1.06503E-01  1.82603E+00  4.34466E+03  1.99777E+01
  1.07284E-01  1.88636E+00  4.35235E+03  2.01269E+01
  1.08056E-01  1.94503E+00  4.35969E+03  2.02761E+01
  1.08820E-01  2.00734E+00  4.36718E+03  2.04251E+01
  1.09576E-01  2.06671E+00  4.37471E+03  2.05744E+01
  1.10325E-01  2.13014E+00  4.38245E+03  2.07229E+01
  1.11066E-01  2.19333E+00  4.39059E+03  2.08696E+01
  1.11799E-01  2.25592E+00  4.39908E+03  2.10149E+01
  1.12526E-01  2.32127E+00  4.40796E+03  2.11572E+01
  1.13246E-01  2.38809E+00  4.41722E+03  2.12956E+01
  1.13958E-01  2.45336E+00  4.42682E+03  2.14326E+01
  1.14664E-01  2.51959E+00  4.43628E+03  2.15697E+01
  1.15364E-01  2.58757E+00  4.44596E+03  2.17082E+01
  1.16057E-01  2.65570E+00  4.45595E+03  2.18467E+01
  1.16745E-01  2.72553E+00  4.46657E+03  2.19815E+01
  1.17426E-01  2.79494E+00  4.47783E+03  2.21124E+01
  1.18101E-01  2.86589E+00  4.48930E+03  2.22431E+01
  1.18770E-01  2.93581E+00  4.50014E+03  2.23766E+01
  1.19434E-01  3.00845E+00  4.51033E+03  2.25142E+01
  1.20093E-01  3.08074E+00  4.52069E+03  2.26545E+01
  1.20746E-01  3.15379E+00  4.53190E+03  2.27917E+01
  1.21394E-01  3.22904E+00  4.54434E+03  2.29222E+01
  1.22036E-01  3.30428E+00  4.55752E+03  2.30460E+01
  1.22673E-01  3.37882E+00  4.57090E+03  2.31685E+01
  1.23306E-01  3.45475E+00  4.58338E+03  2.32941E+01
  1.23933E-01  3.53337E+00  4.59544E+03  2.34218E+01
  1.24556E-01  3.60899E+00  4.60770E+03  2.35493E+01
  1.25174E-01  3.68534E+00  4.62001E+03  2.36728E+01
  1.25788E-01  3.76630E+00  4.63371E+03  2.37962E+01
  1.26397E-01  3.84404E+00  4.64826E+03  2.39232E+01
  1.27001E-01  3.92558E+00  4.66385E+03  2.40530E+01
  1.27602E-01  4.00782E+00  4.67992E+03  2.41829E+01
  1.28197E-01  4.08934E+00  4.69541E+03  2.43103E+01
  1.28789E-01  4.17171E+00  4.71001E+03  2.44332E+01
  1.29376E-01  4.25512E+00  4.72446E+03  2.45508E+01
  1.29959E-01  4.33663E+00  4.73898E+03  2.46680E+01
  1.30539E-01  4.42334E+00  4.75444E+03  2.47868E+01
  1.31114E-01  4.50455E+00  4.77120E+03  2.49095E+01
  1.31686E-01  4.59167E+00  4.78890E+03  2.50339E+01
  1.32254E-01  4.68044E+00  4.80664E+03  2.51565E+01
  1.32818E-01  4.76553E+00  4.82382E+03  2.52778E+01
  1.33378E-01  4.85303E+00  4.84068E+03  2.53980E+01
  1.33934E-01  4.94132E+00  4.85755E+03  2.55178E+01
  1.34487E-01  5.03183E+00  4.87511E+03  2.56374E+01
  1.35037E-01  5.12029E+00  4.89364E+03  2.57559E+01
  1.35583E-01  5.20959E+00  4.91338E+03  2.58705E+01
  1.36125E-01  5.30211E+00  4.93388E+03  2.59853E+01
  1.36664E-01  5.39392E+00  4.95402E+03  2.60994E+01
  1.37200E-01  5.48574E+00  4.97381E+03  2.62139E+01
  1.37732E-01  5.57826E+00  4.99300E+03  2.63312E+01
  1.38261E-01  5.67025E+00  5.01228E+03  2.64511E+01
  1.38787E-01  5.76387E+00  5.03218E+03  2.65731E+01
  1.39310E-01  5.86045E+00  5.05314E+03  2.66934E+01
  1.39829E-01  5.95342E+00  5.07467E+03  2.68080E+01
  1.40346E-01  6.05088E+00  5.09656E+03  2.69195E+01
  1.40859E-01  6.14519E+00  5.11828E+03  2.70303E+01
  1.41370E-01  6.24298E+00  5.14030E+03  2.71431E+01
  1.41878E-01  6.34036E+00  5.16296E+03  2.72620E+01
  1.42382E-01  6.43961E+00  5.18602E+03  2.73815E+01
  1.42884E-01  6.53461E+00  5.20951E+03  2.74969E+01
  1.43383E-01  6.63619E+00  5.23339E+03  2.76085E+01
  1.43879E-01  6.73773E+00  5.25793E+03  2.77161E+01
  1.44372E-01  6.83699E+00  5.28263E+03  2.78237E+01
  1.44863E-01  6.93717E+00  5.30793E+03  2.79367E+01
  1.45350E-01  7.03997E+00  5.33253E+03  2.80553E+01
  1.45835E-01  7.14097E+00  5.35659E+03  2.81749E+01
  1.46318E-01  7.24072E+00  5.38126E+03  2.82923E+01
  1.46798E-01  7.34522E+00  5.40572E+03  2.84016E+01
  1.47275E-01  7.44423E+00  5.43225E+03  2.85083E+01
  1.47750E-01  7.55371E+00  5.45988E+03  2.86156E+01
  1.48223E-01  7.65534E+00  5.48902E+03  2.87225E+01
  1.48692E-01  7.76626E+00  5.51871E+03  2.88340E+01
  1.49160E-01  7.86957E+00  5.54709E+03  2.89488E+01
  1.49624E-01  7.97553E+00  5.57311E+03  2.90661E+01
  1.50087E-01  8.07786E+00  5.59940E+03  2.91836E+01
  1.50547E-01  8.18465E+00  5.62601E+03  2.92986E+01
  1.51005E-01  8.29185E+00  5.65469E+03  2.94045E+01
  1.51460E-01  8.39948E+00  5.68646E+03  2.95030E+01
  1.51914E-01  8.51136E+00  5.71933E+03  2.96043E+01
  1.52364E-01  8.62209E+00  5.75179E+03  2.97132E+01
  1.52813E-01  8.73301E+00  5.78244E+03  2.98317E+01
  1.53259E-01  8.84034E+00  5.81112E+03  2.99512E+01
  1.53703E-01  8.94800E+00  5.84108E+03  3.00679E+01
  1.54145E-01  9.05768E+00  5.87249E+03  3.01826E+01
  1.54585E-01  9.16916E+00  5.90479E+03  3.02858E+01
  1.55023E-01  9.28085E+00  5.93890E+03  3.03829E+01
  1.55458E-01  9.39283E+00  5.97279E+03  3.04854E+01
  1.55892E-01  9.50183E+00  6.00482E+03  3.05951E+01
  1.56323E-01  9.61592E+00  6.03680E+03  3.07106E+01
  1.56753E-01  9.72315E+00  6.06905E+03  3.08243E+01
  1.57181E-01  9.83665E+00  6.10456E+03  3.09309E+01
  1.57606E-01  9.95721E+00  6.14246E+03  3.10338E+01
  1.58030E-01  1.00695E+01  6.18009E+03  3.11364E+01
  1.58451E-01  1.01911E+01  6.21499E+03  3.12466E+01
  1.58871E-01  1.02968E+01  6.24910E+03  3.13672E+01
  1.59288E-01  1.04070E+01  6.28359E+03  3.14808E+01
  1.59704E-01  1.05253E+01  6.32045E+03  3.15856E+01
  1.60118E-01  1.06441E+01  6.36143E+03  3.16868E+01
  1.60530E-01  1.07622E+01  6.40162E+03  3.17882E+01
  1.60940E-01  1.08719E+01  6.43642E+03  3.18979E+01
  1.61349E-01  1.09837E+01  6.47073E+03  3.20135E+01
  1.61756E-01  1.11004E+01  6.50979E+03  3.21233E+01
  1.62161E-01  1.12218E+01  6.55206E+03  3.22214E+01
  1.62564E-01  1.13376E+01  6.59460E+03  3.23193E+01
  1.62966E-01  1.14546E+01  6.63426E+03  3.24288E+01
  1.63365E-01  1.15688E+01  6.66972E+03  3.25481E+01
  1.63764E-01  1.16810E+01  6.70705E+03  3.26631E+01
  1.64160E-01  1.17973E+01  6.75081E+03  3.27631E+01
  1.64555E-01  1.19270E+01  6.79844E+03  3.28531E+01
  1.64948E-01  1.20351E+01  6.84211E+03  3.29521E+01
  1.65340E-01  1.21569E+01  6.88029E+03  3.30693E+01
  1.65730E-01  1.22648E+01  6.91647E+03  3.31958E+01
  1.66118E-01  1.23803E+01  6.95669E+03  3.33098E+01
  1.66505E-01  1.24987E+01  7.00403E+03  3.34070E+01
  1.66891E-01  1.26286E+01  7.05494E+03  3.34985E+01
  1.67274E-01  1.27466E+01  7.10435E+03  3.35948E+01
  1.67657E-01  1.28656E+01  7.14870E+03  3.37052E+01
  1.68037E-01  1.29827E+01  7.19020E+03  3.38222E+01
  1.68416E-01  1.30940E+01  7.23185E+03  3.39349E+01
  1.68794E-01  1.32048E+01  7.27473E+03  3.40412E+01
  1.69171E-01  1.33233E+01  7.32112E+03  3.41437E+01
  1.69546E-01  1.34507E+01  7.36819E+03  3.42418E+01
  1.69919E-01  1.35518E+01  7.41828E+03  3.43381E+01
  1.70292E-01  1.36725E+01  7.46902E+03  3.44364E+01
  1.70663E-01  1.38013E+01  7.51876E+03  3.45430E+01
  1.71032E-01  1.39226E+01  7.56460E+03  3.46558E+01
  1.71400E-01  1.40208E+01  7.61037E+03  3.47721E+01
  1.71767E-01  1.41312E+01  7.65580E+03  3.48796E+01
  1.72132E-01  1.42553E+01  7.70586E+03  3.49865E+01
  1.72497E-01  1.43674E+01  7.75492E+03  3.50946E+01
  1.72860E-01  1.45018E+01  7.80874E+03  3.51896E+01
  1.73221E-01  1.46027E+01  7.86303E+03  3.52826E+01
  1.73582E-01  1.47239E+01  7.91638E+03  3.53806E+01
  1.73941E-01  1.48371E+01  7.96781E+03  3.54860E+01
  1.74299E-01  1.49506E+01  8.01799E+03  3.55921E+01
  1.74656E-01  1.50573E+01  8.06753E+03  3.57026E+01
  1.75011E-01  1.51778E+01  8.11798E+03  3.58157E+01
  1.75366E-01  1.52838E+01  8.17000E+03  3.59198E+01
  1.75719E-01  1.53979E+01  8.22419E+03  3.60211E+01
  1.76071E-01  1.55168E+01  8.28054E+03  3.61231E+01
  1.76422E-01  1.56214E+01  8.33480E+03  3.62274E+01
  1.76772E-01  1.57350E+01  8.38868E+03  3.63332E+01
  1.77121E-01  1.58514E+01  8.44289E+03  3.64371E+01
  1.77469E-01  1.59719E+01  8.49788E+03  3.65431E+01
  1.77815E-01  1.60486E+01  8.55304E+03  3.66455E+01
  1.78162E-01  1.61680E+01  8.61091E+03  3.67437E+01
  1.78506E-01  1.62844E+01  8.67047E+03  3.68413E+01
  1.78850E-01  1.64022E+01  8.72948E+03  3.69406E+01
  1.79192E-01  1.65099E+01  8.78659E+03  3.70436E+01
  1.79534E-01  1.66119E+01  8.84267E+03  3.71496E+01
  1.79874E-01  1.66997E+01  8.89896E+03  3.72552E+01
  1.80214E-01  1.68183E+01  8.95780E+03  3.73604E+01
  1.80553E-01  1.69417E+01  9.01623E+03  3.74661E+01
  1.80891E-01  1.70027E+01  9.07357E+03  3.75672E+01
  1.81228E-01  1.71268E+01  9.13300E+03  3.76677E+01
  1.81564E-01  1.72419E+01  9.19298E+03  3.77721E+01
  1.81899E-01  1.73172E+01  9.25181E+03  3.78754E+01
  1.82234E-01  1.74308E+01  9.31288E+03  3.79762E+01
  1.82567E-01  1.75395E+01  9.37529E+03  3.80800E+01
  1.82900E-01  1.76219E+01  9.43756E+03  3.81817E+01
  1.83232E-01  1.77495E+01  9.49930E+03  3.82821E+01
  1.83562E-01  1.78062E+01  9.56046E+03  3.83866E+01
  1.83893E-01  1.79371E+01  9.62246E+03  3.84897E+01
  1.84222E-01  1.79970E+01  9.68674E+03  3.85902E+01
  1.84551E-01  1.81318E+01  9.75033E+03  3.86931E+01
  1.84878E-01  1.81873E+01  9.81268E+03  3.87952E+01
  1.85206E-01  1.82997E+01  9.87746E+03  3.88974E+01
  1.85532E-01  1.83723E+01  9.93909E+03  3.89976E+01
  1.85858E-01  1.84717E+01  1.00051E+04  3.90973E+01
  1.86183E-01  1.85797E+01  1.00712E+04  3.92042E+01
  1.86507E-01  1.86418E+01  1.01358E+04  3.93042E+01
  1.86831E-01  1.87381E+01  1.02031E+04  3.94068E+01
  1.87154E-01  1.88330E+01  1.02662E+04  3.95090E+01
  1.87476E-01  1.88931E+01  1.03333E+04  3.96095E+01
  1.87798E-01  1.89866E+01  1.04007E+04  3.97126E+01
  1.88120E-01  1.90912E+01  1.04662E+04  3.98132E+01
  1.88440E-01  1.91437E+01  1.05348E+04  3.99132E+01
  1.88760E-01  1.92238E+01  1.06035E+04  4.00144E+01
  1.89080E-01  1.93069E+01  1.06696E+04  4.01157E+01
  1.89398E-01  1.93843E+01  1.07373E+04  4.02167E+01
  1.89717E-01  1.94766E+01  1.08050E+04  4.03195E+01
  1.90034E-01  1.95298E+01  1.08744E+04  4.04215E+01
  1.90352E-01  1.95920E+01  1.09422E+04  4.05269E+01
  1.90669E-01  1.96643E+01  1.10108E+04  4.06288E+01
  1.90985E-01  1.97426E+01  1.10823E+04  4.07253E+01
  1.91301E-01  1.98076E+01  1.11506E+04  4.08302E+01
  1.91617E-01  1.98779E+01  1.12200E+04  4.09358E+01
  1.91932E-01  1.99442E+01  1.13010E+04  4.10214E+01
  1.92247E-01  2.00092E+01  1.13666E+04  4.11361E+01
  1.92561E-01  2.00504E+01  1.14220E+04  4.12590E+01
  1.92875E-01  2.01482E+01  1.15274E+04  4.13038E+01
  1.93188E-01  2.02043E+01  1.15996E+04  4.14217E+01
  1.93501E-01  2.02135E+01  1.16245E+04  4.15980E+01
  1.93815E-01  2.03306E+01  1.17483E+04  4.16146E+01
  1.94127E-01  2.04342E+01  1.18660E+04  4.16994E+01
  1.94438E-01  2.03698E+01  1.18337E+04  4.19254E+01
  1.94750E-01  1.94688E+01  1.10148E+04  4.10967E+01
  1.95077E-01  1.12278E+01  3.68122E+03  2.19993E+01
  1.95645E-01  5.82141E+00  6.96818E+01  1.70290E+00
  1.96736E-01  5.03344E+00  3.78315E-02  9.39270E-03
  1.97989E-01  4.92454E+00  3.08664E-07  4.67603E-07
  1.99259E-01  4.85162E+00  2.84590E-07  2.07357E-09
  2.00537E-01  4.77946E+00  2.77570E-07  2.05718E-09
  2.01824E-01  4.70789E+00  2.70677E-07  2.03695E-09
  2.03120E-01  4.63691E+00  2.63910E-07  2.01662E-09
  2.04424E-01  4.56651E+00  2.57266E-07  1.99636E-09
  2.05738E-01  4.49670E+00  2.50745E-07  1.97612E-09
  2.07060E-01  4.42748E+00  2.44345E-07  1.95596E-09
  2.08392E-01  4.35885E+00  2.38064E-07  1.93579E-09
  2.09733E-01  4.29080E+00  2.31902E-07  1.91566E-09
  2.11084E-01  4.22334E+00  2.25857E-07  1.89556E-09
  2.12444E-01  4.15646E+00  2.19928E-07  1.87551E-09
  2.13815E-01  4.09017E+00  2.14113E-07  1.85550E-09
  2.15195E-01  4.02446E+00  2.08411E-07  1.83549E-09
  2.16585E-01  3.95934E+00  2.02821E-07  1.81560E-09
  2.17986E-01  3.89480E+00  1.97341E-07  1.79574E-09
  2.19397E-01  3.83084E+00  1.91969E-07  1.77585E-09
  2.20819E-01  3.76747E+00  1.86706E-07  1.75609E-09
  2.22252E-01  3.70467E+00  1.81548E-07  1.73634E-09
  2.23696E-01  3.64246E+00  1.76495E-07  1.71662E-09
  2.25151E-01  3.58082E+00  1.71545E-07  1.69706E-09
  2.26617E-01  3.51976E+00  1.66698E-07  1.67745E-09
  2.28095E-01  3.45928E+00  1.61951E-07  1.65788E-09
  2.29585E-01  3.39937E+00  1.57304E-07  1.63842E-09
  2.31087E-01  3.34004E+00  1.52755E-07  1.61901E-09
  2.32601E-01  3.28129E+00  1.48302E-07  1.59967E-09
  2.34128E-01  3.22310E+00  1.43945E-07  1.58035E-09
  2.35667E-01  3.16549E+00  1.39682E-07  1.56107E-09
  2.37219E-01  3.10844E+00  1.35512E-07  1.54192E-09
  2.38784E-01  3.05196E+00  1.31434E-07  1.52280E-09
  2.40363E-01  2.99605E+00  1.27445E-07  1.50373E-09
  2.41955E-01  2.94071E+00  1.23546E-07  1.48470E-09
  2.43562E-01  2.88593E+00  1.19734E-07  1.46581E-09
  2.45182E-01  2.83171E+00  1.16009E-07  1.44694E-09
  2.46818E-01  2.77806E+00  1.12368E-07  1.42813E-09
  2.48468E-01  2.72496E+00  1.08812E-07  1.40942E-09
  2.50133E-01  2.67243E+00  1.05338E-07  1.39072E-09
  2.51813E-01  2.62044E+00  1.01945E-07  1.37213E-09
  2.53509E-01  2.56902E+00  9.86325E-08  1.35363E-09
  2.55221E-01  2.51815E+00  9.53987E-08  1.33516E-09
  2.56950E-01  2.46782E+00  9.22426E-08  1.31675E-09
  2.58695E-01  2.41805E+00  8.91629E-08  1.29842E-09
  2.60458E-01  2.36883E+00  8.61584E-08  1.28017E-09
  2.62238E-01  2.32015E+00  8.32279E-08  1.26199E-09
  2.64036E-01  2.27202E+00  8.03702E-08  1.24392E-09
  2.65852E-01  2.22443E+00  7.75841E-08  1.22589E-09
  2.67687E-01  2.17738E+00  7.48685E-08  1.20792E-09
  2.69542E-01  2.13087E+00  7.22222E-08  1.19003E-09
  2.71416E-01  2.08490E+00  6.96441E-08  1.17222E-09
  2.73310E-01  2.03947E+00  6.71329E-08  1.15450E-09
  2.75224E-01  1.99456E+00  6.46876E-08  1.13682E-09
  2.77160E-01  1.95019E+00  6.23071E-08  1.11925E-09
  2.79117E-01  1.90635E+00  5.99902E-08  1.10175E-09
  2.81097E-01  1.86304E+00  5.77358E-08  1.08430E-09
  2.83099E-01  1.82025E+00  5.55428E-08  1.06694E-09
  2.85125E-01  1.77799E+00  5.34102E-08  1.04967E-09
  2.87175E-01  1.73625E+00  5.13368E-08  1.03249E-09
  2.89249E-01  1.69503E+00  4.93216E-08  1.01537E-09
  2.91349E-01  1.65433E+00  4.73636E-08  9.98330E-10
  2.93475E-01  1.61414E+00  4.54616E-08  9.81358E-10
  2.95627E-01  1.57447E+00  4.36147E-08  9.64456E-10
  2.97807E-01  1.53531E+00  4.18218E-08  9.47663E-10
  3.00016E-01  1.49667E+00  4.00820E-08  9.30951E-10
  3.02253E-01  1.45853E+00  3.83941E-08  9.14310E-10
  3.04521E-01  1.42089E+00  3.67573E-08  8.97721E-10
  3.06819E-01  1.38376E+00  3.51705E-08  8.81244E-10
  3.09150E-01  1.34714E+00  3.36327E-08  8.64822E-10
  3.11513E-01  1.31101E+00  3.21430E-08  8.48473E-10
  3.13911E-01  1.27539E+00  3.07005E-08  8.32239E-10
  3.16343E-01  1.24026E+00  2.93041E-08  8.16059E-10
  3.18812E-01  1.20562E+00  2.79530E-08  7.99966E-10
  3.21319E-01  1.17148E+00  2.66462E-08  7.83960E-10
  3.23864E-01  1.13783E+00  2.53828E-08  7.68015E-10
  3.26449E-01  1.10467E+00  2.41619E-08  7.52158E-10
  3.29077E-01  1.07200E+00  2.29826E-08  7.36411E-10
  3.31747E-01  1.03981E+00  2.18441E-08  7.20715E-10
  3.34462E-01  1.00811E+00  2.07454E-08  7.05092E-10
  3.37224E-01  9.76892E-01  1.96858E-08  6.89557E-10
  3.40034E-01  9.46152E-01  1.86642E-08  6.74102E-10
  3.42894E-01  9.15892E-01  1.76800E-08  6.58729E-10
  3.45806E-01  8.86108E-01  1.67322E-08  6.43446E-10
  3.48773E-01  8.56801E-01  1.58200E-08  6.28220E-10
  3.51797E-01  8.27967E-01  1.49427E-08  6.13097E-10
  3.54880E-01  7.99606E-01  1.40994E-08  5.98035E-10
  3.58024E-01  7.71717E-01  1.32894E-08  5.83067E-10
  3.61233E-01  7.44296E-01  1.25117E-08  5.68173E-10
  3.64510E-01  7.17345E-01  1.17658E-08  5.53357E-10
  3.67857E-01  6.90860E-01  1.10507E-08  5.38627E-10
  3.71279E-01  6.64841E-01  1.03658E-08  5.23984E-10
  3.74778E-01  6.39286E-01  9.71032E-09  5.09404E-10
  3.78360E-01  6.14195E-01  9.08347E-09  4.94918E-10
  3.82027E-01  5.89566E-01  8.48455E-09  4.80512E-10
  3.85785E-01  5.65399E-01  7.91285E-09  4.66192E-10
  3.89639E-01  5.41692E-01  7.36765E-09  4.51935E-10
  3.93593E-01  5.18445E-01  6.84825E-09  4.37792E-10
  3.97655E-01  4.95658E-01  6.35395E-09  4.23705E-10
  4.01830E-01  4.73328E-01  5.88408E-09  4.09711E-10
  4.06126E-01  4.51457E-01  5.43795E-09  3.95811E-10
  4.10549E-01  4.30044E-01  5.01490E-09  3.81974E-10
  4.15110E-01  4.09088E-01  4.61427E-09  3.68243E-10
  4.19815E-01  3.88590E-01  4.23540E-09  3.54585E-10
  4.24677E-01  3.68550E-01  3.87766E-09  3.41023E-10
  4.29706E-01  3.48968E-01  3.54039E-09  3.27546E-10
  4.34914E-01  3.29845E-01  3.22298E-09  3.14160E-10
  4.40316E-01  3.11181E-01  2.92480E-09  3.00870E-10
  4.45928E-01  2.92977E-01  2.64523E-09  2.87666E-10
  4.51766E-01  2.75235E-01  2.38367E-09  2.74555E-10
  4.57852E-01  2.57955E-01  2.13952E-09  2.61553E-10
  4.64207E-01  2.41141E-01  1.91217E-09  2.48646E-10
  4.70856E-01  2.24794E-01  1.70104E-09  2.35839E-10
  4.77831E-01  2.08916E-01  1.50554E-09  2.23133E-10
  4.85164E-01  1.93511E-01  1.32510E-09  2.10542E-10
  4.92894E-01  1.78581E-01  1.15914E-09  1.98066E-10
  5.01069E-01  1.64132E-01  1.00708E-09  1.85702E-10
  5.09742E-01  1.50167E-01  8.68362E-10  1.73470E-10
  5.18979E-01  1.36693E-01  7.42423E-10  1.61363E-10
  5.28857E-01  1.23715E-01  6.28700E-10  1.49392E-10
  5.39472E-01  1.11240E-01  5.26635E-10  1.37558E-10
  5.50939E-01  9.92771E-02  4.35669E-10  1.25883E-10
  5.63404E-01  8.78358E-02  3.55245E-10  1.14369E-10
  5.77054E-01  7.69275E-02  2.84803E-10  1.03037E-10
  5.92128E-01  6.65656E-02  2.23782E-10  9.18864E-11
  6.08944E-01  5.67661E-02  1.71616E-10  8.09478E-11
  6.27936E-01  4.75482E-02  1.27731E-10  7.02387E-11
  6.49716E-01  3.89352E-02  9.15474E-11  5.97855E-11
  6.75184E-01  3.09564E-02  6.24681E-11  4.96198E-11
  7.05734E-01  2.36488E-02  3.98800E-11  3.97933E-11
  7.43699E-01  1.70612E-02  2.31432E-11  3.03807E-11
  7.93395E-01  1.12613E-02  1.15804E-11  2.17092E-11
  8.64237E-01  6.35029E-03  4.45721E-12  1.32732E-11
  9.84118E-01  2.50120E-03  9.43315E-13  2.81480E-12
  1.39569E+00  1.35808E-04  7.34429E-15  1.41964E-12
