 -7.73560E-10  1.76511E-06  1.11370E-01  1.52151E+00
  2.18498E-01  1.19979E-05  1.11367E-01  3.29375E+00
  2.51992E-01  1.87360E-05  1.11364E-01  3.78159E+00
  2.88194E-01  3.03781E-05  1.11356E-01  4.25129E+00
  3.19455E-01  4.44096E-05  1.11343E-01  4.66252E+00
  3.47173E-01  6.09329E-05  1.11328E-01  5.03009E+00
  3.72136E-01  8.06104E-05  1.11310E-01  5.36191E+00
  3.94721E-01  1.03512E-04  1.11293E-01  5.66289E+00
  4.15302E-01  1.28191E-04  1.11276E-01  5.93941E+00
  4.34410E-01  1.55211E-04  1.11259E-01  6.19704E+00
  4.52297E-01  1.84307E-04  1.11241E-01  6.43913E+00
  4.69172E-01  2.15828E-04  1.11223E-01  6.66793E+00
  4.85157E-01  2.49858E-04  1.11206E-01  6.88503E+00
  5.00351E-01  2.85929E-04  1.11190E-01  7.09179E+00
  5.14858E-01  3.23641E-04  1.11180E-01  7.28998E+00
  5.28779E-01  3.62688E-04  1.11174E-01  7.48064E+00
  5.42198E-01  4.03576E-04  1.11173E-01  7.66528E+00
  5.55163E-01  4.46134E-04  1.11174E-01  7.84434E+00
  5.67718E-01  4.91116E-04  1.11173E-01  8.01817E+00
  5.79883E-01  5.39096E-04  1.11177E-01  8.18647E+00
  5.91662E-01  5.89677E-04  1.11179E-01  8.34954E+00
  6.03077E-01  6.41417E-04  1.11181E-01  8.50744E+00
  6.14170E-01  6.95407E-04  1.11180E-01  8.66076E+00
  6.24959E-01  7.51074E-04  1.11172E-01  8.80970E+00
  6.35470E-01  8.07485E-04  1.11158E-01  8.95502E+00
  6.45734E-01  8.65843E-04  1.11136E-01  9.09646E+00
  6.55765E-01  9.24418E-04  1.11109E-01  9.23418E+00
  6.65593E-01  9.86147E-04  1.11076E-01  9.36893E+00
  6.75213E-01  1.04828E-03  1.11042E-01  9.50090E+00
  6.84648E-01  1.11414E-03  1.11011E-01  9.62993E+00
  6.93890E-01  1.18019E-03  1.10977E-01  9.75649E+00
  7.02961E-01  1.24978E-03  1.10949E-01  9.88092E+00
  7.11856E-01  1.31951E-03  1.10925E-01  1.00033E+01
  7.20594E-01  1.39144E-03  1.10906E-01  1.01239E+01
  7.29179E-01  1.46365E-03  1.10884E-01  1.02428E+01
  7.37625E-01  1.53756E-03  1.10861E-01  1.03604E+01
  7.45937E-01  1.61329E-03  1.10831E-01  1.04763E+01
  7.54120E-01  1.68927E-03  1.10793E-01  1.05909E+01
  7.62185E-01  1.76791E-03  1.10750E-01  1.07040E+01
  7.70130E-01  1.84817E-03  1.10706E-01  1.08160E+01
  7.77961E-01  1.92991E-03  1.10658E-01  1.09266E+01
  7.85681E-01  2.01251E-03  1.10610E-01  1.10353E+01
  7.93296E-01  2.09657E-03  1.10564E-01  1.11419E+01
  8.00811E-01  2.18245E-03  1.10523E-01  1.12464E+01
  8.08228E-01  2.26826E-03  1.10484E-01  1.13490E+01
  8.15554E-01  2.35687E-03  1.10445E-01  1.14498E+01
  8.22788E-01  2.44513E-03  1.10405E-01  1.15492E+01
  8.29939E-01  2.53536E-03  1.10366E-01  1.16474E+01
  8.37007E-01  2.62740E-03  1.10330E-01  1.17448E+01
  8.43993E-01  2.72118E-03  1.10299E-01  1.18419E+01
  8.50898E-01  2.81628E-03  1.10262E-01  1.19384E+01
  8.57726E-01  2.90887E-03  1.10216E-01  1.20345E+01
  8.64488E-01  3.00563E-03  1.10166E-01  1.21299E+01
  8.71177E-01  3.10365E-03  1.10092E-01  1.22241E+01
  8.77798E-01  3.19860E-03  1.10003E-01  1.23172E+01
  8.84359E-01  3.29896E-03  1.09902E-01  1.24090E+01
  8.90854E-01  3.39642E-03  1.09806E-01  1.24994E+01
  8.97293E-01  3.49988E-03  1.09706E-01  1.25883E+01
  9.03668E-01  3.59836E-03  1.09620E-01  1.26759E+01
  9.09991E-01  3.70191E-03  1.09554E-01  1.27627E+01
  9.16257E-01  3.80744E-03  1.09506E-01  1.28493E+01
  9.22465E-01  3.91115E-03  1.09463E-01  1.29359E+01
  9.28623E-01  4.01857E-03  1.09424E-01  1.30224E+01
  9.34725E-01  4.12726E-03  1.09368E-01  1.31087E+01
  9.40775E-01  4.23358E-03  1.09297E-01  1.31945E+01
  9.46778E-01  4.33962E-03  1.09205E-01  1.32795E+01
  9.52736E-01  4.44764E-03  1.09098E-01  1.33635E+01
  9.58649E-01  4.55669E-03  1.08989E-01  1.34466E+01
  9.64518E-01  4.66786E-03  1.08889E-01  1.35285E+01
  9.70343E-01  4.77613E-03  1.08804E-01  1.36092E+01
  9.76128E-01  4.88786E-03  1.08730E-01  1.36891E+01
  9.81872E-01  4.99862E-03  1.08657E-01  1.37688E+01
  9.87577E-01  5.11233E-03  1.08582E-01  1.38480E+01
  9.93242E-01  5.22600E-03  1.08504E-01  1.39268E+01
  9.98869E-01  5.34023E-03  1.08408E-01  1.40050E+01
  1.00446E+00  5.45468E-03  1.08289E-01  1.40830E+01
  1.01001E+00  5.56674E-03  1.08151E-01  1.41608E+01
  1.01553E+00  5.67950E-03  1.08019E-01  1.42388E+01
  1.02102E+00  5.79242E-03  1.07889E-01  1.43168E+01
  1.02648E+00  5.91122E-03  1.07771E-01  1.43946E+01
  1.03190E+00  6.02546E-03  1.07677E-01  1.44719E+01
  1.03729E+00  6.13926E-03  1.07586E-01  1.45487E+01
  1.04266E+00  6.26147E-03  1.07507E-01  1.46250E+01
  1.04799E+00  6.37457E-03  1.07404E-01  1.46996E+01
  1.05329E+00  6.49229E-03  1.07306E-01  1.47729E+01
  1.05857E+00  6.60984E-03  1.07174E-01  1.48455E+01
  1.06381E+00  6.72524E-03  1.07033E-01  1.49177E+01
  1.06903E+00  6.84533E-03  1.06895E-01  1.49897E+01
  1.07423E+00  6.96205E-03  1.06751E-01  1.50617E+01
  1.07940E+00  7.07584E-03  1.06623E-01  1.51344E+01
  1.08454E+00  7.20065E-03  1.06498E-01  1.52072E+01
  1.08966E+00  7.30945E-03  1.06373E-01  1.52803E+01
  1.09476E+00  7.43263E-03  1.06259E-01  1.53532E+01
  1.09984E+00  7.55224E-03  1.06120E-01  1.54258E+01
  1.10489E+00  7.66460E-03  1.05976E-01  1.54980E+01
  1.10992E+00  7.78670E-03  1.05824E-01  1.55692E+01
  1.11493E+00  7.90419E-03  1.05681E-01  1.56400E+01
  1.11991E+00  8.02185E-03  1.05543E-01  1.57104E+01
  1.12488E+00  8.14069E-03  1.05389E-01  1.57804E+01
  1.12983E+00  8.25301E-03  1.05223E-01  1.58502E+01
  1.13476E+00  8.37237E-03  1.05069E-01  1.59195E+01
  1.13967E+00  8.48685E-03  1.04900E-01  1.59887E+01
  1.14456E+00  8.60457E-03  1.04730E-01  1.60579E+01
  1.14943E+00  8.72104E-03  1.04567E-01  1.61269E+01
  1.15429E+00  8.83718E-03  1.04437E-01  1.61950E+01
  1.15913E+00  8.95596E-03  1.04328E-01  1.62633E+01
  1.16395E+00  9.07426E-03  1.04170E-01  1.63313E+01
  1.16876E+00  9.18855E-03  1.04008E-01  1.63986E+01
  1.17355E+00  9.30411E-03  1.03833E-01  1.64664E+01
  1.17832E+00  9.41545E-03  1.03655E-01  1.65344E+01
  1.18308E+00  9.53024E-03  1.03485E-01  1.66028E+01
  1.18783E+00  9.64294E-03  1.03308E-01  1.66713E+01
  1.19256E+00  9.76017E-03  1.03143E-01  1.67392E+01
  1.19727E+00  9.86592E-03  1.02955E-01  1.68064E+01
  1.20198E+00  9.98384E-03  1.02758E-01  1.68725E+01
  1.20667E+00  1.00913E-02  1.02543E-01  1.69380E+01
  1.21135E+00  1.01962E-02  1.02327E-01  1.70034E+01
  1.21602E+00  1.03136E-02  1.02145E-01  1.70692E+01
  1.22067E+00  1.04178E-02  1.01955E-01  1.71354E+01
  1.22532E+00  1.05278E-02  1.01813E-01  1.72020E+01
  1.22995E+00  1.06403E-02  1.01657E-01  1.72689E+01
  1.23457E+00  1.07561E-02  1.01466E-01  1.73355E+01
  1.23918E+00  1.08510E-02  1.01262E-01  1.74018E+01
  1.24378E+00  1.09673E-02  1.01043E-01  1.74673E+01
  1.24837E+00  1.10625E-02  1.00831E-01  1.75324E+01
  1.25295E+00  1.11701E-02  1.00625E-01  1.75975E+01
  1.25752E+00  1.12805E-02  1.00432E-01  1.76626E+01
  1.26208E+00  1.13707E-02  1.00211E-01  1.77277E+01
  1.26664E+00  1.14783E-02  9.99966E-02  1.77930E+01
  1.27118E+00  1.15803E-02  9.97922E-02  1.78584E+01
  1.27572E+00  1.16878E-02  9.96015E-02  1.79233E+01
  1.28024E+00  1.17807E-02  9.94069E-02  1.79880E+01
  1.28476E+00  1.18829E-02  9.91841E-02  1.80529E+01
  1.28928E+00  1.19793E-02  9.89441E-02  1.81172E+01
  1.29378E+00  1.20764E-02  9.86982E-02  1.81812E+01
  1.29828E+00  1.21700E-02  9.84704E-02  1.82457E+01
  1.30277E+00  1.22682E-02  9.82644E-02  1.83105E+01
  1.30726E+00  1.23619E-02  9.80579E-02  1.83752E+01
  1.31174E+00  1.24565E-02  9.78549E-02  1.84400E+01
  1.31621E+00  1.25454E-02  9.76488E-02  1.85047E+01
  1.32068E+00  1.26431E-02  9.73996E-02  1.85690E+01
  1.32514E+00  1.27221E-02  9.71380E-02  1.86326E+01
  1.32959E+00  1.28119E-02  9.68785E-02  1.86961E+01
  1.33405E+00  1.28930E-02  9.66116E-02  1.87606E+01
  1.33850E+00  1.29841E-02  9.63638E-02  1.88256E+01
  1.34294E+00  1.30662E-02  9.61553E-02  1.88904E+01
  1.34738E+00  1.31609E-02  9.59531E-02  1.89545E+01
  1.35182E+00  1.32485E-02  9.57399E-02  1.90186E+01
  1.35625E+00  1.33248E-02  9.54778E-02  1.90822E+01
  1.36067E+00  1.33976E-02  9.51954E-02  1.91457E+01
  1.36510E+00  1.34824E-02  9.49072E-02  1.92093E+01
  1.36952E+00  1.35546E-02  9.46539E-02  1.92730E+01
  1.37394E+00  1.36328E-02  9.44165E-02  1.93369E+01
  1.37836E+00  1.37057E-02  9.41724E-02  1.94012E+01
  1.38277E+00  1.37855E-02  9.39271E-02  1.94654E+01
  1.38718E+00  1.38574E-02  9.37152E-02  1.95299E+01
  1.39159E+00  1.39341E-02  9.34785E-02  1.95945E+01
  1.39600E+00  1.40010E-02  9.32266E-02  1.96587E+01
  1.40040E+00  1.40714E-02  9.29418E-02  1.97230E+01
  1.40481E+00  1.41436E-02  9.26416E-02  1.97871E+01
  1.40921E+00  1.41985E-02  9.23593E-02  1.98504E+01
  1.41361E+00  1.42641E-02  9.21026E-02  1.99137E+01
  1.41801E+00  1.43318E-02  9.18177E-02  1.99781E+01
  1.42242E+00  1.43834E-02  9.15422E-02  2.00426E+01
  1.42682E+00  1.44513E-02  9.12632E-02  2.01073E+01
  1.43122E+00  1.45003E-02  9.09844E-02  2.01720E+01
  1.43562E+00  1.45695E-02  9.07087E-02  2.02365E+01
  1.44002E+00  1.46181E-02  9.04287E-02  2.03006E+01
  1.44443E+00  1.46878E-02  9.01761E-02  2.03649E+01
  1.44883E+00  1.47291E-02  8.98832E-02  2.04292E+01
  1.45323E+00  1.47859E-02  8.96116E-02  2.04936E+01
  1.45764E+00  1.48343E-02  8.93324E-02  2.05588E+01
  1.46204E+00  1.48886E-02  8.90418E-02  2.06239E+01
  1.46645E+00  1.49284E-02  8.87489E-02  2.06879E+01
  1.47086E+00  1.49762E-02  8.84950E-02  2.07525E+01
  1.47527E+00  1.50371E-02  8.81938E-02  2.08176E+01
  1.47968E+00  1.50567E-02  8.79143E-02  2.08822E+01
  1.48409E+00  1.50994E-02  8.75970E-02  2.09471E+01
  1.48851E+00  1.51419E-02  8.72928E-02  2.10125E+01
  1.49293E+00  1.51963E-02  8.69938E-02  2.10780E+01
  1.49735E+00  1.52146E-02  8.67117E-02  2.11435E+01
  1.50178E+00  1.52528E-02  8.64573E-02  2.12097E+01
  1.50621E+00  1.53000E-02  8.62017E-02  2.12757E+01
  1.51064E+00  1.53289E-02  8.58885E-02  2.13408E+01
  1.51508E+00  1.53742E-02  8.55453E-02  2.14059E+01
  1.51951E+00  1.53711E-02  8.51904E-02  2.14706E+01
  1.52396E+00  1.53981E-02  8.48506E-02  2.15361E+01
  1.52841E+00  1.54378E-02  8.45461E-02  2.16021E+01
  1.53286E+00  1.54525E-02  8.42799E-02  2.16688E+01
  1.53732E+00  1.54819E-02  8.39971E-02  2.17360E+01
  1.54178E+00  1.55155E-02  8.37112E-02  2.18027E+01
  1.54624E+00  1.55331E-02  8.34080E-02  2.18691E+01
  1.55071E+00  1.55461E-02  8.30901E-02  2.19351E+01
  1.55519E+00  1.55597E-02  8.27591E-02  2.20013E+01
  1.55967E+00  1.55745E-02  8.24437E-02  2.20680E+01
  1.56416E+00  1.55921E-02  8.21196E-02  2.21354E+01
  1.56865E+00  1.56084E-02  8.18058E-02  2.22029E+01
  1.57315E+00  1.56213E-02  8.14923E-02  2.22704E+01
  1.57765E+00  1.56215E-02  8.11702E-02  2.23373E+01
  1.58217E+00  1.56217E-02  8.08501E-02  2.24049E+01
  1.58669E+00  1.56313E-02  8.05313E-02  2.24730E+01
  1.59121E+00  1.56452E-02  8.02109E-02  2.25408E+01
  1.59574E+00  1.56434E-02  7.98845E-02  2.26089E+01
  1.60028E+00  1.56555E-02  7.95843E-02  2.26771E+01
  1.60483E+00  1.56279E-02  7.92590E-02  2.27455E+01
  1.60939E+00  1.56438E-02  7.89283E-02  2.28140E+01
  1.61395E+00  1.56556E-02  7.85792E-02  2.28828E+01
  1.61852E+00  1.56102E-02  7.82343E-02  2.29517E+01
  1.62310E+00  1.56259E-02  7.79266E-02  2.30208E+01
  1.62769E+00  1.56360E-02  7.76199E-02  2.30900E+01
  1.63228E+00  1.56008E-02  7.73103E-02  2.31594E+01
  1.63689E+00  1.56037E-02  7.69590E-02  2.32289E+01
  1.64150E+00  1.55957E-02  7.66255E-02  2.32979E+01
  1.64612E+00  1.55657E-02  7.62928E-02  2.33681E+01
  1.65076E+00  1.55734E-02  7.59589E-02  2.34387E+01
  1.65539E+00  1.55309E-02  7.56370E-02  2.35098E+01
  1.66005E+00  1.55356E-02  7.52746E-02  2.35810E+01
  1.66471E+00  1.54859E-02  7.49366E-02  2.36519E+01
  1.66938E+00  1.54891E-02  7.45660E-02  2.37227E+01
  1.67406E+00  1.54361E-02  7.42202E-02  2.37937E+01
  1.67877E+00  1.54310E-02  7.38801E-02  2.38652E+01
  1.68347E+00  1.53894E-02  7.35497E-02  2.39374E+01
  1.68819E+00  1.53780E-02  7.32386E-02  2.40095E+01
  1.69292E+00  1.53597E-02  7.29090E-02  2.40812E+01
  1.69766E+00  1.53055E-02  7.25627E-02  2.41535E+01
  1.70241E+00  1.52904E-02  7.22148E-02  2.42255E+01
  1.70718E+00  1.52617E-02  7.18715E-02  2.42981E+01
  1.71195E+00  1.52057E-02  7.15364E-02  2.43716E+01
  1.71674E+00  1.51747E-02  7.12016E-02  2.44458E+01
  1.72155E+00  1.51699E-02  7.08599E-02  2.45200E+01
  1.72635E+00  1.51004E-02  7.05119E-02  2.45939E+01
  1.73119E+00  1.50616E-02  7.01411E-02  2.46685E+01
  1.73603E+00  1.50078E-02  6.97627E-02  2.47433E+01
  1.74089E+00  1.49730E-02  6.93859E-02  2.48178E+01
  1.74576E+00  1.49519E-02  6.90384E-02  2.48925E+01
  1.75064E+00  1.48739E-02  6.86952E-02  2.49678E+01
  1.75555E+00  1.48196E-02  6.83531E-02  2.50443E+01
  1.76047E+00  1.47950E-02  6.80249E-02  2.51210E+01
  1.76540E+00  1.47380E-02  6.76839E-02  2.51970E+01
  1.77035E+00  1.46906E-02  6.73365E-02  2.52733E+01
  1.77531E+00  1.46397E-02  6.69744E-02  2.53499E+01
  1.78029E+00  1.45733E-02  6.66136E-02  2.54271E+01
  1.78529E+00  1.45337E-02  6.62558E-02  2.55045E+01
  1.79030E+00  1.44665E-02  6.58979E-02  2.55822E+01
  1.79533E+00  1.44137E-02  6.55330E-02  2.56603E+01
  1.80038E+00  1.43505E-02  6.51827E-02  2.57390E+01
  1.80545E+00  1.42852E-02  6.48060E-02  2.58183E+01
  1.81053E+00  1.42305E-02  6.44491E-02  2.58979E+01
  1.81563E+00  1.41752E-02  6.41029E-02  2.59778E+01
  1.82075E+00  1.41071E-02  6.37401E-02  2.60579E+01
  1.82589E+00  1.40216E-02  6.33734E-02  2.61385E+01
  1.83106E+00  1.39634E-02  6.29996E-02  2.62193E+01
  1.83624E+00  1.38943E-02  6.26409E-02  2.63004E+01
  1.84144E+00  1.38546E-02  6.22790E-02  2.63818E+01
  1.84665E+00  1.37600E-02  6.19268E-02  2.64637E+01
  1.85190E+00  1.36747E-02  6.15604E-02  2.65463E+01
  1.85717E+00  1.36146E-02  6.11866E-02  2.66293E+01
  1.86245E+00  1.35589E-02  6.08350E-02  2.67120E+01
  1.86776E+00  1.34514E-02  6.04716E-02  2.67956E+01
  1.87309E+00  1.33885E-02  6.01019E-02  2.68798E+01
  1.87845E+00  1.33293E-02  5.97245E-02  2.69645E+01
  1.88382E+00  1.32349E-02  5.93576E-02  2.70490E+01
  1.88922E+00  1.31510E-02  5.89994E-02  2.71344E+01
  1.89465E+00  1.30734E-02  5.86256E-02  2.72212E+01
  1.90010E+00  1.30027E-02  5.82721E-02  2.73079E+01
  1.90557E+00  1.29093E-02  5.79151E-02  2.73948E+01
  1.91108E+00  1.28404E-02  5.75338E-02  2.74819E+01
  1.91660E+00  1.27388E-02  5.71476E-02  2.75695E+01
  1.92216E+00  1.26725E-02  5.67562E-02  2.76577E+01
  1.92773E+00  1.25552E-02  5.63824E-02  2.77461E+01
  1.93335E+00  1.24937E-02  5.60047E-02  2.78357E+01
  1.93899E+00  1.23880E-02  5.56504E-02  2.79264E+01
  1.94466E+00  1.23032E-02  5.52949E-02  2.80167E+01
  1.95036E+00  1.22295E-02  5.49286E-02  2.81073E+01
  1.95608E+00  1.21295E-02  5.45606E-02  2.81984E+01
  1.96183E+00  1.20275E-02  5.41941E-02  2.82905E+01
  1.96763E+00  1.19508E-02  5.38103E-02  2.83836E+01
  1.97344E+00  1.18597E-02  5.34002E-02  2.84778E+01
  1.97929E+00  1.17504E-02  5.30068E-02  2.85725E+01
  1.98518E+00  1.16497E-02  5.26251E-02  2.86670E+01
  1.99110E+00  1.15429E-02  5.22682E-02  2.87619E+01
  1.99706E+00  1.14745E-02  5.19155E-02  2.88573E+01
  2.00305E+00  1.13660E-02  5.15665E-02  2.89532E+01
  2.00907E+00  1.12776E-02  5.12087E-02  2.90497E+01
  2.01513E+00  1.11803E-02  5.08161E-02  2.91474E+01
  2.02122E+00  1.10655E-02  5.04167E-02  2.92464E+01
  2.02736E+00  1.09684E-02  5.00078E-02  2.93469E+01
  2.03354E+00  1.08641E-02  4.96017E-02  2.94486E+01
  2.03976E+00  1.07539E-02  4.91911E-02  2.95499E+01
  2.04602E+00  1.06691E-02  4.88104E-02  2.96515E+01
  2.05232E+00  1.05460E-02  4.84417E-02  2.97534E+01
  2.05866E+00  1.04391E-02  4.80966E-02  2.98553E+01
  2.06506E+00  1.03498E-02  4.77643E-02  2.99580E+01
  2.07149E+00  1.02679E-02  4.74262E-02  3.00619E+01
  2.07795E+00  1.01403E-02  4.70325E-02  3.01672E+01
  2.08446E+00  1.00264E-02  4.66175E-02  3.02741E+01
  2.09104E+00  9.93278E-03  4.62032E-02  3.03825E+01
  2.09765E+00  9.79792E-03  4.57864E-02  3.04924E+01
  2.10432E+00  9.71105E-03  4.53791E-02  3.06029E+01
  2.11104E+00  9.57501E-03  4.49738E-02  3.07141E+01
  2.11783E+00  9.49130E-03  4.45932E-02  3.08250E+01
  2.12465E+00  9.36399E-03  4.42372E-02  3.09361E+01
  2.13154E+00  9.26990E-03  4.38727E-02  3.10475E+01
  2.13847E+00  9.15508E-03  4.35010E-02  3.11613E+01
  2.14546E+00  9.03573E-03  4.31256E-02  3.12765E+01
  2.15252E+00  8.93266E-03  4.27484E-02  3.13928E+01
  2.15963E+00  8.82332E-03  4.23461E-02  3.15103E+01
  2.16680E+00  8.71798E-03  4.19532E-02  3.16293E+01
  2.17403E+00  8.58967E-03  4.15534E-02  3.17494E+01
  2.18134E+00  8.47368E-03  4.11601E-02  3.18709E+01
  2.18871E+00  8.36237E-03  4.07589E-02  3.19934E+01
  2.19616E+00  8.24957E-03  4.03687E-02  3.21172E+01
  2.20367E+00  8.12889E-03  3.99568E-02  3.22431E+01
  2.21126E+00  8.01265E-03  3.95481E-02  3.23705E+01
  2.21893E+00  7.88214E-03  3.91179E-02  3.24995E+01
  2.22669E+00  7.77850E-03  3.86940E-02  3.26301E+01
  2.23451E+00  7.66511E-03  3.82972E-02  3.27611E+01
  2.24242E+00  7.53378E-03  3.79288E-02  3.28922E+01
  2.25043E+00  7.44317E-03  3.75717E-02  3.30245E+01
  2.25849E+00  7.31624E-03  3.72593E-02  3.31563E+01
  2.26666E+00  7.22876E-03  3.69383E-02  3.32893E+01
  2.27489E+00  7.10465E-03  3.66099E-02  3.34243E+01
  2.28322E+00  6.98834E-03  3.62312E-02  3.35631E+01
  2.29164E+00  6.87801E-03  3.57956E-02  3.37067E+01
  2.30016E+00  6.74258E-03  3.53088E-02  3.38552E+01
  2.30881E+00  6.61230E-03  3.47660E-02  3.40088E+01
  2.31758E+00  6.47213E-03  3.42125E-02  3.41654E+01
  2.32649E+00  6.33645E-03  3.36760E-02  3.43236E+01
  2.33555E+00  6.21051E-03  3.31925E-02  3.44816E+01
  2.34473E+00  6.10307E-03  3.28070E-02  3.46364E+01
  2.35403E+00  5.99741E-03  3.25587E-02  3.47854E+01
  2.36344E+00  5.90999E-03  3.24359E-02  3.49301E+01
  2.37294E+00  5.83017E-03  3.23515E-02  3.50733E+01
  2.38251E+00  5.73431E-03  3.22030E-02  3.52218E+01
  2.39219E+00  5.62276E-03  3.18777E-02  3.53813E+01
  2.40201E+00  5.49588E-03  3.13913E-02  3.55548E+01
  2.41199E+00  5.35867E-03  3.07762E-02  3.57367E+01
  2.42217E+00  5.22238E-03  3.01795E-02  3.59249E+01
  2.43255E+00  5.08235E-03  2.95560E-02  3.61153E+01
  2.44316E+00  4.93718E-03  2.89509E-02  3.63135E+01
  2.45400E+00  4.80252E-03  2.82914E-02  3.65138E+01
  2.46509E+00  4.66311E-03  2.77184E-02  3.67205E+01
  2.47643E+00  4.53780E-03  2.71971E-02  3.69187E+01
  2.48801E+00  4.44052E-03  2.69627E-02  3.71107E+01
  2.49976E+00  4.35798E-03  2.68757E-02  3.72874E+01
  2.51166E+00  4.27924E-03  2.68429E-02  3.74660E+01
  2.52370E+00  4.19140E-03  2.68041E-02  3.76477E+01
  2.53591E+00  4.11145E-03  2.67026E-02  3.78367E+01
  2.54828E+00  4.01680E-03  2.65604E-02  3.80290E+01
  2.56085E+00  3.91632E-03  2.63364E-02  3.82319E+01
  2.57366E+00  3.81280E-03  2.60860E-02  3.84440E+01
  2.58673E+00  3.70522E-03  2.57197E-02  3.86672E+01
  2.60010E+00  3.58368E-03  2.52755E-02  3.89000E+01
  2.61382E+00  3.45969E-03  2.47421E-02  3.91527E+01
  2.62794E+00  3.33190E-03  2.41639E-02  3.94166E+01
  2.64249E+00  3.19448E-03  2.34514E-02  3.96924E+01
  2.65757E+00  3.06018E-03  2.28085E-02  3.99820E+01
  2.67320E+00  2.92723E-03  2.20861E-02  4.02866E+01
  2.68941E+00  2.79120E-03  2.13952E-02  4.06025E+01
  2.70629E+00  2.65402E-03  2.05877E-02  4.09344E+01
  2.72390E+00  2.52606E-03  1.99373E-02  4.12859E+01
  2.74226E+00  2.39427E-03  1.91617E-02  4.16314E+01
  2.76148E+00  2.29765E-03  1.89444E-02  4.19772E+01
  2.78134E+00  2.21772E-03  1.88252E-02  4.22652E+01
  2.80175E+00  2.14384E-03  1.89318E-02  4.25761E+01
  2.82270E+00  2.11838E-03  1.97116E-02  4.28109E+01
  2.84374E+00  2.08882E-03  2.05665E-02  4.29666E+01
  2.86493E+00  2.06342E-03  2.16347E-02  4.32446E+01
  2.88624E+00  1.97546E-03  2.16132E-02  4.35131E+01
  2.90837E+00  1.87016E-03  2.13742E-02  4.38962E+01
  2.93162E+00  1.77102E-03  2.12180E-02  4.42696E+01
  2.95603E+00  1.65554E-03  2.07302E-02  4.47257E+01
  2.98201E+00  1.54800E-03  2.04511E-02  4.51578E+01
  3.00967E+00  1.42956E-03  1.98331E-02  4.56846E+01
  3.03948E+00  1.31450E-03  1.94007E-02  4.62155E+01
  3.07177E+00  1.18799E-03  1.84968E-02  4.68751E+01
  3.10737E+00  1.06351E-03  1.77658E-02  4.75760E+01
  3.14702E+00  9.25694E-04  1.63676E-02  4.84849E+01
  3.19246E+00  7.93179E-04  1.52617E-02  4.94927E+01
  3.24541E+00  6.69362E-04  1.38956E-02  5.06660E+01
  3.30815E+00  5.69133E-04  1.37469E-02  5.18132E+01
  3.38221E+00  4.79416E-04  1.36903E-02  5.31091E+01
  3.47120E+00  3.76378E-04  1.37628E-02  5.45822E+01
  3.58813E+00  2.75974E-04  1.42283E-02  5.69690E+01
  3.76275E+00  1.80978E-04  1.74129E-02  5.95559E+01
  4.26673E+00  7.24674E-05  2.45114E-02  6.25246E+01
