 -2.97353E-11  2.22509E-02  2.17365E-05  6.76426E-05
  9.38833E-03  2.34584E-02  2.17365E-05  1.78259E-04
  1.54339E-02  2.36821E-02  2.17369E-05  2.66078E-04
  2.15111E-02  2.27849E-02  2.17373E-05  3.55515E-04
  2.78092E-02  1.42090E-01  2.17385E-05  4.10184E-04
  2.90025E-02  1.62478E-01  2.17402E-05  4.28939E-04
  3.03766E-02  1.78656E-01  2.17424E-05  4.50531E-04
  3.19208E-02  2.19351E-01  2.17456E-05  4.73128E-04
  3.34137E-02  2.59905E-01  2.17499E-05  4.95181E-04
  3.48730E-02  3.03065E-01  2.17552E-05  5.16747E-04
  3.62951E-02  3.46480E-01  2.17618E-05  5.37733E-04
  3.76876E-02  3.92175E-01  2.17694E-05  5.58141E-04
  3.90482E-02  4.46287E-01  2.17784E-05  5.77789E-04
  4.03585E-02  5.09504E-01  2.17891E-05  5.96490E-04
  4.16074E-02  5.80662E-01  2.18015E-05  6.14148E-04
  4.27937E-02  6.60072E-01  2.18156E-05  6.30878E-04
  4.39185E-02  7.46187E-01  2.18313E-05  6.46817E-04
  4.49868E-02  8.37514E-01  2.18484E-05  6.62102E-04
  4.60053E-02  9.33007E-01  2.18662E-05  6.76883E-04
  4.69806E-02  1.03201E+00  2.18849E-05  6.91239E-04
  4.79184E-02  1.13629E+00  2.19055E-05  7.05121E-04
  4.88219E-02  1.24759E+00  2.19292E-05  7.18473E-04
  4.96926E-02  1.36730E+00  2.19561E-05  7.31265E-04
  5.05314E-02  1.48958E+00  2.19868E-05  7.43572E-04
  5.13426E-02  1.60005E+00  2.20204E-05  7.55525E-04
  5.21367E-02  1.68456E+00  2.20571E-05  7.67343E-04
  5.29279E-02  1.75200E+00  2.20953E-05  7.79301E-04
  5.37238E-02  1.82748E+00  2.21345E-05  7.91450E-04
  5.45203E-02  1.92682E+00  2.21756E-05  8.03702E-04
  5.53073E-02  2.04846E+00  2.22190E-05  8.15818E-04
  5.60772E-02  2.18879E+00  2.22652E-05  8.27574E-04
  5.68259E-02  2.33658E+00  2.23150E-05  8.38919E-04
  5.75539E-02  2.48977E+00  2.23683E-05  8.49890E-04
  5.82623E-02  2.64696E+00  2.24240E-05  8.60548E-04
  5.89526E-02  2.80435E+00  2.24803E-05  8.70985E-04
  5.96271E-02  2.96806E+00  2.25376E-05  8.81315E-04
  6.02862E-02  3.13464E+00  2.25959E-05  8.91537E-04
  6.09312E-02  3.30937E+00  2.26576E-05  9.01514E-04
  6.15620E-02  3.48731E+00  2.27242E-05  9.11206E-04
  6.21796E-02  3.66751E+00  2.27951E-05  9.20683E-04
  6.27852E-02  3.82994E+00  2.28678E-05  9.29966E-04
  6.33827E-02  3.96668E+00  2.29380E-05  9.39194E-04
  6.39766E-02  4.08819E+00  2.30074E-05  9.48550E-04
  6.45693E-02  4.21392E+00  2.30792E-05  9.57967E-04
  6.51602E-02  4.36302E+00  2.31570E-05  9.67231E-04
  6.57462E-02  4.53448E+00  2.32410E-05  9.76219E-04
  6.63249E-02  4.72921E+00  2.33300E-05  9.85162E-04
  6.68939E-02  4.93886E+00  2.34218E-05  9.94304E-04
  6.74525E-02  5.14970E+00  2.35156E-05  1.00356E-03
  6.80014E-02  5.37211E+00  2.36124E-05  1.01295E-03
  6.85404E-02  5.59845E+00  2.37110E-05  1.02221E-03
  6.90699E-02  5.82820E+00  2.38177E-05  1.03115E-03
  6.95905E-02  6.06253E+00  2.39313E-05  1.03987E-03
  7.01025E-02  6.30064E+00  2.40534E-05  1.04852E-03
  7.06063E-02  6.52442E+00  2.41781E-05  1.05727E-03
  7.11037E-02  6.71922E+00  2.43013E-05  1.06621E-03
  7.15972E-02  6.89003E+00  2.44228E-05  1.07532E-03
  7.20888E-02  7.05858E+00  2.45492E-05  1.08444E-03
  7.25787E-02  7.24714E+00  2.46858E-05  1.09333E-03
  7.30655E-02  7.46592E+00  2.48323E-05  1.10186E-03
  7.35476E-02  7.71145E+00  2.49832E-05  1.11015E-03
  7.40235E-02  7.97187E+00  2.51310E-05  1.11850E-03
  7.44927E-02  8.24268E+00  2.52722E-05  1.12706E-03
  7.49553E-02  8.51663E+00  2.54137E-05  1.13576E-03
  7.54114E-02  8.79712E+00  2.55645E-05  1.14431E-03
  7.58611E-02  9.08228E+00  2.57253E-05  1.15232E-03
  7.63048E-02  9.36313E+00  2.58927E-05  1.15992E-03
  7.67429E-02  9.62369E+00  2.60637E-05  1.16755E-03
  7.71767E-02  9.86276E+00  2.62349E-05  1.17547E-03
  7.76075E-02  1.00954E+01  2.64062E-05  1.18375E-03
  7.80355E-02  1.03162E+01  2.65802E-05  1.19204E-03
  7.84615E-02  1.05592E+01  2.67545E-05  1.20021E-03
  7.88847E-02  1.08338E+01  2.69338E-05  1.20831E-03
  7.93038E-02  1.11198E+01  2.71239E-05  1.21642E-03
  7.97188E-02  1.14361E+01  2.73275E-05  1.22464E-03
  8.01288E-02  1.17544E+01  2.75426E-05  1.23285E-03
  8.05339E-02  1.20849E+01  2.77599E-05  1.24091E-03
  8.09341E-02  1.24075E+01  2.79757E-05  1.24885E-03
  8.13298E-02  1.27341E+01  2.81900E-05  1.25695E-03
  8.17213E-02  1.30321E+01  2.84090E-05  1.26514E-03
  8.21096E-02  1.33391E+01  2.86456E-05  1.27343E-03
  8.24945E-02  1.36323E+01  2.88998E-05  1.28175E-03
  8.28767E-02  1.39169E+01  2.91618E-05  1.29019E-03
  8.32564E-02  1.42278E+01  2.94174E-05  1.29870E-03
  8.36331E-02  1.45529E+01  2.96675E-05  1.30716E-03
  8.40066E-02  1.48872E+01  2.99196E-05  1.31557E-03
  8.43767E-02  1.52448E+01  3.01822E-05  1.32373E-03
  8.47431E-02  1.56162E+01  3.04560E-05  1.33191E-03
  8.51056E-02  1.59961E+01  3.07347E-05  1.34008E-03
  8.54642E-02  1.63636E+01  3.10192E-05  1.34818E-03
  8.58195E-02  1.67236E+01  3.13084E-05  1.35615E-03
  8.61716E-02  1.70776E+01  3.16027E-05  1.36383E-03
  8.65209E-02  1.74303E+01  3.18980E-05  1.37142E-03
  8.68675E-02  1.77790E+01  3.21911E-05  1.37904E-03
  8.72116E-02  1.81310E+01  3.24848E-05  1.38676E-03
  8.75533E-02  1.85007E+01  3.27827E-05  1.39454E-03
  8.78922E-02  1.88826E+01  3.30910E-05  1.40238E-03
  8.82283E-02  1.92876E+01  3.34119E-05  1.41026E-03
  8.85614E-02  1.97009E+01  3.37409E-05  1.41811E-03
  8.88914E-02  2.01213E+01  3.40766E-05  1.42592E-03
  8.92183E-02  2.05445E+01  3.44210E-05  1.43372E-03
  8.95422E-02  2.09602E+01  3.47697E-05  1.44156E-03
  8.98633E-02  2.13802E+01  3.51235E-05  1.44934E-03
  9.01818E-02  2.17940E+01  3.54841E-05  1.45710E-03
  9.04978E-02  2.22145E+01  3.58480E-05  1.46490E-03
  9.08112E-02  2.26180E+01  3.62180E-05  1.47262E-03
  9.11225E-02  2.30244E+01  3.65976E-05  1.48037E-03
  9.14317E-02  2.34646E+01  3.69840E-05  1.48815E-03
  9.17384E-02  2.38988E+01  3.73825E-05  1.49593E-03
  9.20427E-02  2.43495E+01  3.77907E-05  1.50382E-03
  9.23446E-02  2.48267E+01  3.82110E-05  1.51174E-03
  9.26438E-02  2.52891E+01  3.86368E-05  1.51972E-03
  9.29407E-02  2.57596E+01  3.90691E-05  1.52772E-03
  9.32351E-02  2.62470E+01  3.95049E-05  1.53576E-03
  9.35270E-02  2.67089E+01  3.99451E-05  1.54386E-03
  9.38168E-02  2.71717E+01  4.03957E-05  1.55200E-03
  9.41045E-02  2.76598E+01  4.08542E-05  1.56016E-03
  9.43900E-02  2.81109E+01  4.13233E-05  1.56826E-03
  9.46736E-02  2.86075E+01  4.17959E-05  1.57620E-03
  9.49551E-02  2.90850E+01  4.22731E-05  1.58398E-03
  9.52346E-02  2.95984E+01  4.27524E-05  1.59167E-03
  9.55119E-02  3.00884E+01  4.32299E-05  1.59926E-03
  9.57873E-02  3.05851E+01  4.37134E-05  1.60682E-03
  9.60607E-02  3.11167E+01  4.42046E-05  1.61440E-03
  9.63320E-02  3.16286E+01  4.47035E-05  1.62194E-03
  9.66014E-02  3.21008E+01  4.52136E-05  1.62945E-03
  9.68692E-02  3.26353E+01  4.57287E-05  1.63684E-03
  9.71350E-02  3.31616E+01  4.62604E-05  1.64404E-03
  9.73990E-02  3.36845E+01  4.67931E-05  1.65112E-03
  9.76611E-02  3.41698E+01  4.73307E-05  1.65819E-03
  9.79218E-02  3.47184E+01  4.78714E-05  1.66534E-03
  9.81807E-02  3.52687E+01  4.84169E-05  1.67260E-03
  9.84377E-02  3.58080E+01  4.89565E-05  1.68018E-03
  9.86929E-02  3.63371E+01  4.94950E-05  1.68807E-03
  9.89467E-02  3.69187E+01  5.00455E-05  1.69594E-03
  9.91985E-02  3.74395E+01  5.06189E-05  1.70343E-03
  9.94488E-02  3.79660E+01  5.12084E-05  1.71061E-03
  9.96978E-02  3.85143E+01  5.18105E-05  1.71762E-03
  9.99452E-02  3.90941E+01  5.24153E-05  1.72457E-03
  1.00191E-01  3.96563E+01  5.30302E-05  1.73152E-03
  1.00435E-01  4.02298E+01  5.36529E-05  1.73847E-03
  1.00678E-01  4.08174E+01  5.42844E-05  1.74550E-03
  1.00919E-01  4.13876E+01  5.49229E-05  1.75270E-03
  1.01158E-01  4.19369E+01  5.55669E-05  1.76009E-03
  1.01396E-01  4.25019E+01  5.61881E-05  1.76781E-03
  1.01633E-01  4.31021E+01  5.68040E-05  1.77570E-03
  1.01868E-01  4.36871E+01  5.74548E-05  1.78312E-03
  1.02102E-01  4.42875E+01  5.81391E-05  1.78987E-03
  1.02335E-01  4.49286E+01  5.88221E-05  1.79675E-03
  1.02566E-01  4.55184E+01  5.95257E-05  1.80348E-03
  1.02795E-01  4.60387E+01  6.02379E-05  1.80982E-03
  1.03024E-01  4.66786E+01  6.09248E-05  1.81739E-03
  1.03251E-01  4.73496E+01  6.16317E-05  1.82399E-03
  1.03476E-01  4.79993E+01  6.24160E-05  1.83010E-03
  1.03700E-01  4.84437E+01  6.29745E-05  1.84114E-03
  1.03923E-01  4.90505E+01  6.35440E-05  1.84850E-03
  1.04146E-01  5.00072E+01  6.48630E-05  1.84975E-03
  1.04365E-01  5.04040E+01  6.53998E-05  1.86066E-03
  1.04584E-01  4.71054E+01  5.76439E-05  1.77987E-03
  1.04820E-01  2.56052E+01  1.60040E-05  7.91570E-04
  1.05257E-01  1.51520E+01  2.04636E-06  9.01713E-05
  1.05993E-01  1.39208E+01  1.64885E-06  3.86086E-05
  1.06792E-01  1.37912E+01  1.62336E-06  3.77667E-05
  1.07595E-01  1.36785E+01  1.60134E-06  3.77125E-05
  1.08401E-01  1.35654E+01  1.57926E-06  3.76476E-05
  1.09209E-01  1.34530E+01  1.55753E-06  3.75312E-05
  1.10021E-01  1.33399E+01  1.53577E-06  3.74231E-05
  1.10836E-01  1.32271E+01  1.51419E-06  3.73114E-05
  1.11654E-01  1.31147E+01  1.49277E-06  3.72133E-05
  1.12475E-01  1.30023E+01  1.47157E-06  3.70933E-05
  1.13299E-01  1.28908E+01  1.45048E-06  3.69702E-05
  1.14127E-01  1.27782E+01  1.42952E-06  3.68498E-05
  1.14958E-01  1.26672E+01  1.40893E-06  3.67335E-05
  1.15792E-01  1.25556E+01  1.38824E-06  3.66014E-05
  1.16629E-01  1.24450E+01  1.36793E-06  3.64759E-05
  1.17470E-01  1.23339E+01  1.34768E-06  3.63490E-05
  1.18314E-01  1.22232E+01  1.32759E-06  3.62020E-05
  1.19162E-01  1.21136E+01  1.30770E-06  3.60704E-05
  1.20012E-01  1.20031E+01  1.28795E-06  3.59438E-05
  1.20867E-01  1.18937E+01  1.26839E-06  3.58126E-05
  1.21725E-01  1.17842E+01  1.24903E-06  3.56639E-05
  1.22586E-01  1.16749E+01  1.22982E-06  3.55025E-05
  1.23451E-01  1.15669E+01  1.21084E-06  3.53665E-05
  1.24320E-01  1.14578E+01  1.19189E-06  3.52402E-05
  1.25192E-01  1.13500E+01  1.17316E-06  3.50777E-05
  1.26068E-01  1.12427E+01  1.15480E-06  3.49169E-05
  1.26948E-01  1.11340E+01  1.13638E-06  3.47606E-05
  1.27832E-01  1.10279E+01  1.11830E-06  3.46075E-05
  1.28719E-01  1.09205E+01  1.10023E-06  3.44540E-05
  1.29610E-01  1.08145E+01  1.08247E-06  3.42608E-05
  1.30505E-01  1.07083E+01  1.06484E-06  3.41282E-05
  1.31404E-01  1.06032E+01  1.04745E-06  3.39589E-05
  1.32307E-01  1.04983E+01  1.03015E-06  3.37914E-05
  1.33214E-01  1.03924E+01  1.01308E-06  3.36275E-05
  1.34125E-01  1.02895E+01  9.96264E-07  3.34484E-05
  1.35040E-01  1.01837E+01  9.79322E-07  3.32951E-05
  1.35959E-01  1.00817E+01  9.62964E-07  3.31056E-05
  1.36883E-01  9.97710E+00  9.46440E-07  3.29427E-05
  1.37810E-01  9.87542E+00  9.30371E-07  3.27395E-05
  1.38742E-01  9.77203E+00  9.14202E-07  3.25855E-05
  1.39679E-01  9.67076E+00  8.98490E-07  3.23982E-05
  1.40619E-01  9.56891E+00  8.82779E-07  3.22153E-05
  1.41564E-01  9.46854E+00  8.67332E-07  3.20474E-05
  1.42513E-01  9.36711E+00  8.52008E-07  3.18453E-05
  1.43467E-01  9.26757E+00  8.36915E-07  3.16599E-05
  1.44426E-01  9.16763E+00  8.21946E-07  3.14913E-05
  1.45389E-01  9.06878E+00  8.07211E-07  3.12903E-05
  1.46356E-01  8.96964E+00  7.92558E-07  3.11075E-05
  1.47329E-01  8.87157E+00  7.78154E-07  3.09152E-05
  1.48306E-01  8.77342E+00  7.63897E-07  3.07178E-05
  1.49288E-01  8.67669E+00  7.49879E-07  3.05149E-05
  1.50274E-01  8.57961E+00  7.35975E-07  3.03531E-05
  1.51266E-01  8.48348E+00  7.22209E-07  3.01375E-05
  1.52262E-01  8.38718E+00  7.08663E-07  2.99540E-05
  1.53264E-01  8.29216E+00  6.95335E-07  2.97505E-05
  1.54270E-01  8.19749E+00  6.82115E-07  2.95508E-05
  1.55282E-01  8.10268E+00  6.69063E-07  2.93558E-05
  1.56299E-01  8.00925E+00  6.56241E-07  2.91632E-05
  1.57321E-01  7.91578E+00  6.43528E-07  2.89516E-05
  1.58349E-01  7.82318E+00  6.31016E-07  2.87604E-05
  1.59381E-01  7.73099E+00  6.18669E-07  2.85630E-05
  1.60419E-01  7.63898E+00  6.06445E-07  2.83599E-05
  1.61463E-01  7.54741E+00  5.94429E-07  2.81462E-05
  1.62512E-01  7.45774E+00  5.82631E-07  2.79449E-05
  1.63567E-01  7.36671E+00  5.70883E-07  2.77514E-05
  1.64628E-01  7.27720E+00  5.59338E-07  2.75420E-05
  1.65694E-01  7.18852E+00  5.48015E-07  2.73359E-05
  1.66766E-01  7.09976E+00  5.36808E-07  2.71320E-05
  1.67844E-01  7.01181E+00  5.25780E-07  2.69407E-05
  1.68928E-01  6.92428E+00  5.14894E-07  2.67129E-05
  1.70017E-01  6.83766E+00  5.04157E-07  2.65073E-05
  1.71113E-01  6.75131E+00  4.93608E-07  2.63092E-05
  1.72215E-01  6.66531E+00  4.83185E-07  2.61004E-05
  1.73324E-01  6.58027E+00  4.72942E-07  2.58892E-05
  1.74438E-01  6.49541E+00  4.62823E-07  2.56851E-05
  1.75559E-01  6.41159E+00  4.52917E-07  2.54784E-05
  1.76687E-01  6.32775E+00  4.43094E-07  2.52671E-05
  1.77821E-01  6.24512E+00  4.33474E-07  2.50539E-05
  1.78962E-01  6.16236E+00  4.23962E-07  2.48531E-05
  1.80109E-01  6.08084E+00  4.14642E-07  2.46375E-05
  1.81263E-01  5.99944E+00  4.05438E-07  2.44299E-05
  1.82424E-01  5.91848E+00  3.96359E-07  2.42274E-05
  1.83592E-01  5.83863E+00  3.87495E-07  2.40133E-05
  1.84768E-01  5.75905E+00  3.78729E-07  2.38085E-05
  1.85950E-01  5.67982E+00  3.70089E-07  2.35908E-05
  1.87140E-01  5.60176E+00  3.61640E-07  2.33750E-05
  1.88337E-01  5.52391E+00  3.53300E-07  2.31762E-05
  1.89541E-01  5.44653E+00  3.45091E-07  2.29674E-05
  1.90753E-01  5.36987E+00  3.37041E-07  2.27559E-05
  1.91973E-01  5.29390E+00  3.29126E-07  2.25438E-05
  1.93200E-01  5.21813E+00  3.21315E-07  2.23317E-05
  1.94435E-01  5.14330E+00  3.13675E-07  2.21322E-05
  1.95679E-01  5.06884E+00  3.06150E-07  2.19260E-05
  1.96930E-01  4.99516E+00  2.98764E-07  2.17009E-05
  1.98190E-01  4.92209E+00  2.91509E-07  2.14959E-05
  1.99458E-01  4.84942E+00  2.84369E-07  2.13024E-05
  2.00734E-01  4.77722E+00  2.77362E-07  2.10903E-05
  2.02019E-01  4.70599E+00  2.70492E-07  2.08737E-05
  2.03313E-01  4.63493E+00  2.63723E-07  2.06682E-05
  2.04616E-01  4.56460E+00  2.57094E-07  2.04555E-05
  2.05927E-01  4.49539E+00  2.50607E-07  2.02571E-05
  2.07248E-01  4.42592E+00  2.44200E-07  2.00472E-05
  2.08578E-01  4.35741E+00  2.37932E-07  1.98393E-05
  2.09917E-01  4.28936E+00  2.31774E-07  1.96389E-05
  2.11266E-01  4.22219E+00  2.25750E-07  1.94304E-05
  2.12624E-01  4.15521E+00  2.19818E-07  1.92230E-05
  2.13993E-01  4.08915E+00  2.14021E-07  1.90238E-05
  2.15371E-01  4.02340E+00  2.08325E-07  1.88145E-05
  2.16760E-01  3.95834E+00  2.02733E-07  1.86064E-05
  2.18159E-01  3.89388E+00  1.97265E-07  1.84085E-05
  2.19568E-01  3.83012E+00  1.91906E-07  1.82009E-05
  2.20988E-01  3.76667E+00  1.86637E-07  1.80062E-05
  2.22419E-01  3.70402E+00  1.81496E-07  1.77989E-05
  2.23861E-01  3.64188E+00  1.76445E-07  1.75945E-05
  2.25314E-01  3.58016E+00  1.71495E-07  1.73983E-05
  2.26778E-01  3.51927E+00  1.66659E-07  1.71880E-05
  2.28254E-01  3.45889E+00  1.61914E-07  1.69960E-05
  2.29742E-01  3.39886E+00  1.57268E-07  1.67953E-05
  2.31242E-01  3.33980E+00  1.52734E-07  1.65995E-05
  2.32754E-01  3.28082E+00  1.48272E-07  1.63966E-05
  2.34279E-01  3.22294E+00  1.43928E-07  1.61952E-05
  2.35817E-01  3.16523E+00  1.39660E-07  1.60043E-05
  2.37367E-01  3.10833E+00  1.35501E-07  1.58086E-05
  2.38930E-01  3.05173E+00  1.31421E-07  1.56120E-05
  2.40507E-01  2.99597E+00  1.27435E-07  1.54107E-05
  2.42098E-01  2.94065E+00  1.23543E-07  1.52246E-05
  2.43703E-01  2.88587E+00  1.19729E-07  1.50104E-05
  2.45321E-01  2.83184E+00  1.16015E-07  1.48281E-05
  2.46955E-01  2.77815E+00  1.12373E-07  1.46377E-05
  2.48603E-01  2.72498E+00  1.08797E-07  1.44479E-05
  2.50266E-01  2.67255E+00  1.05345E-07  1.42642E-05
  2.51944E-01  2.62070E+00  1.01962E-07  1.40671E-05
  2.53639E-01  2.56901E+00  9.86321E-08  1.38912E-05
  2.55349E-01  2.51825E+00  9.54071E-08  1.36834E-05
  2.57076E-01  2.46789E+00  9.22457E-08  1.35019E-05
  2.58820E-01  2.41826E+00  8.91727E-08  1.33110E-05
  2.60581E-01  2.36893E+00  8.61642E-08  1.31228E-05
  2.62359E-01  2.32027E+00  8.32353E-08  1.29418E-05
  2.64155E-01  2.27212E+00  8.03772E-08  1.27497E-05
  2.65970E-01  2.22463E+00  7.75928E-08  1.25663E-05
  2.67803E-01  2.17754E+00  7.48777E-08  1.23858E-05
  2.69656E-01  2.13098E+00  7.22296E-08  1.21992E-05
  2.71528E-01  2.08499E+00  6.96500E-08  1.20182E-05
  2.73420E-01  2.03969E+00  6.71447E-08  1.18350E-05
  2.75333E-01  1.99481E+00  6.46988E-08  1.16540E-05
  2.77267E-01  1.95033E+00  6.23147E-08  1.14755E-05
  2.79223E-01  1.90650E+00  5.99991E-08  1.12959E-05
  2.81201E-01  1.86320E+00  5.77447E-08  1.11151E-05
  2.83202E-01  1.82052E+00  5.55539E-08  1.09378E-05
  2.85226E-01  1.77812E+00  5.34176E-08  1.07627E-05
  2.87274E-01  1.73641E+00  5.13456E-08  1.05808E-05
  2.89346E-01  1.69525E+00  4.93312E-08  1.04095E-05
  2.91445E-01  1.65454E+00  4.73730E-08  1.02358E-05
  2.93569E-01  1.61442E+00  4.54726E-08  1.00601E-05
  2.95719E-01  1.57462E+00  4.36223E-08  9.88980E-06
  2.97898E-01  1.53549E+00  4.18299E-08  9.71452E-06
  3.00105E-01  1.49684E+00  4.00898E-08  9.54264E-06
  3.02341E-01  1.45875E+00  3.84033E-08  9.37255E-06
  3.04606E-01  1.42112E+00  3.67662E-08  9.20224E-06
  3.06903E-01  1.38392E+00  3.51771E-08  9.03469E-06
  3.09232E-01  1.34730E+00  3.36395E-08  8.86874E-06
  3.11594E-01  1.31119E+00  3.21501E-08  8.69670E-06
  3.13990E-01  1.27561E+00  3.07083E-08  8.53131E-06
  3.16421E-01  1.24043E+00  2.93104E-08  8.36656E-06
  3.18889E-01  1.20577E+00  2.79588E-08  8.19942E-06
  3.21394E-01  1.17164E+00  2.66521E-08  8.03695E-06
  3.23937E-01  1.13805E+00  2.53896E-08  7.87514E-06
  3.26521E-01  1.10484E+00  2.41676E-08  7.71177E-06
  3.29147E-01  1.07212E+00  2.29875E-08  7.54674E-06
  3.31816E-01  1.03994E+00  2.18488E-08  7.38910E-06
  3.34529E-01  1.00824E+00  2.07500E-08  7.22901E-06
  3.37290E-01  9.77029E-01  1.96903E-08  7.06732E-06
  3.40098E-01  9.46329E-01  1.86692E-08  6.91096E-06
  3.42957E-01  9.15992E-01  1.76836E-08  6.75340E-06
  3.45868E-01  8.86213E-01  1.67358E-08  6.59476E-06
  3.48833E-01  8.56930E-01  1.58238E-08  6.44008E-06
  3.51855E-01  8.28089E-01  1.49462E-08  6.28566E-06
  3.54937E-01  7.99739E-01  1.41030E-08  6.13046E-06
  3.58080E-01  7.71821E-01  1.32924E-08  5.97555E-06
  3.61287E-01  7.44394E-01  1.25146E-08  5.82470E-06
  3.64563E-01  7.17443E-01  1.17684E-08  5.67326E-06
  3.67909E-01  6.90964E-01  1.10533E-08  5.52090E-06
  3.71329E-01  6.64944E-01  1.03684E-08  5.37224E-06
  3.74827E-01  6.39370E-01  9.71237E-09  5.22165E-06
  3.78407E-01  6.14275E-01  9.08541E-09  5.07287E-06
  3.82073E-01  5.89634E-01  8.48620E-09  4.92596E-06
  3.85829E-01  5.65479E-01  7.91464E-09  4.77941E-06
  3.89681E-01  5.41766E-01  7.36915E-09  4.63301E-06
  3.93635E-01  5.18518E-01  6.84982E-09  4.48706E-06
  3.97695E-01  4.95705E-01  6.35503E-09  4.34328E-06
  4.01869E-01  4.73381E-01  5.88519E-09  4.19958E-06
  4.06163E-01  4.51503E-01  5.43895E-09  4.05747E-06
  4.10586E-01  4.30097E-01  5.01589E-09  3.91545E-06
  4.15144E-01  4.09145E-01  4.61525E-09  3.77470E-06
  4.19849E-01  3.88644E-01  4.23628E-09  3.63464E-06
  4.24709E-01  3.68585E-01  3.87830E-09  3.49551E-06
  4.29736E-01  3.49001E-01  3.54096E-09  3.35794E-06
  4.34944E-01  3.29875E-01  3.22347E-09  3.22010E-06
  4.40345E-01  3.11220E-01  2.92536E-09  3.08358E-06
  4.45955E-01  2.93014E-01  2.64575E-09  2.94914E-06
  4.51792E-01  2.75262E-01  2.38405E-09  2.81449E-06
  4.57876E-01  2.57970E-01  2.13978E-09  2.68067E-06
  4.64230E-01  2.41159E-01  1.91243E-09  2.54859E-06
  4.70878E-01  2.24813E-01  1.70128E-09  2.41757E-06
  4.77852E-01  2.08935E-01  1.50574E-09  2.28752E-06
  4.85183E-01  1.93531E-01  1.32528E-09  2.15652E-06
  4.92912E-01  1.78629E-01  1.15950E-09  2.02973E-06
  5.01084E-01  1.64139E-01  1.00715E-09  1.90543E-06
  5.09757E-01  1.50177E-01  8.68449E-10  1.77769E-06
  5.18993E-01  1.36703E-01  7.42503E-10  1.65394E-06
  5.28869E-01  1.23724E-01  6.28771E-10  1.53126E-06
  5.39482E-01  1.11250E-01  5.26692E-10  1.41004E-06
  5.50948E-01  9.92866E-02  4.35714E-10  1.29030E-06
  5.63412E-01  8.78446E-02  3.55283E-10  1.17220E-06
  5.77060E-01  7.69359E-02  2.84845E-10  1.05609E-06
  5.92132E-01  6.65736E-02  2.23807E-10  9.41899E-07
  6.08946E-01  5.67720E-02  1.71632E-10  8.29650E-07
  6.27936E-01  4.75482E-02  1.27733E-10  7.19862E-07
  6.49716E-01  3.89352E-02  9.15500E-11  6.12753E-07
  6.75184E-01  3.09564E-02  6.24685E-11  5.08579E-07
  7.05734E-01  2.36488E-02  3.98808E-11  4.07841E-07
  7.43699E-01  1.70612E-02  2.31433E-11  3.11380E-07
  7.93395E-01  1.12613E-02  1.15803E-11  2.22503E-07
  8.64237E-01  6.35029E-03  4.45718E-12  1.36023E-07
  9.84118E-01  2.49908E-03  9.42501E-13  2.88643E-08
  1.39595E+00  1.35876E-04  7.36406E-15  1.45552E-08
