 -2.03516E-09  1.64885E-07  2.13380E-03  1.53341E+00
  4.81553E-01  1.12080E-06  2.13384E-03  3.31767E+00
  5.55370E-01  1.75035E-06  2.13406E-03  3.80808E+00
  6.35150E-01  2.83825E-06  2.13427E-03  4.28193E+00
  7.04037E-01  4.14985E-06  2.13458E-03  4.69628E+00
  7.65109E-01  5.69489E-06  2.13491E-03  5.06677E+00
  8.20104E-01  7.53551E-06  2.13528E-03  5.40103E+00
  8.69851E-01  9.67805E-06  2.13560E-03  5.70426E+00
  9.15179E-01  1.19880E-05  2.13597E-03  5.98349E+00
  9.57258E-01  1.45168E-05  2.13617E-03  6.24335E+00
  9.96646E-01  1.72405E-05  2.13633E-03  6.48850E+00
  1.03380E+00  2.01909E-05  2.13631E-03  6.71936E+00
  1.06899E+00  2.33761E-05  2.13612E-03  6.93918E+00
  1.10244E+00  2.67497E-05  2.13585E-03  7.14813E+00
  1.13439E+00  3.02765E-05  2.13539E-03  7.34842E+00
  1.16504E+00  3.39235E-05  2.13474E-03  7.54081E+00
  1.19460E+00  3.77418E-05  2.13403E-03  7.72665E+00
  1.22316E+00  4.17120E-05  2.13328E-03  7.90610E+00
  1.25082E+00  4.59102E-05  2.13258E-03  8.07975E+00
  1.27763E+00  5.03821E-05  2.13196E-03  8.24786E+00
  1.30359E+00  5.51039E-05  2.13144E-03  8.41063E+00
  1.32875E+00  5.99304E-05  2.13107E-03  8.56849E+00
  1.35321E+00  6.49718E-05  2.13081E-03  8.72183E+00
  1.37700E+00  7.01725E-05  2.13076E-03  8.87167E+00
  1.40017E+00  7.54561E-05  2.13101E-03  9.01759E+00
  1.42280E+00  8.09186E-05  2.13113E-03  9.16046E+00
  1.44490E+00  8.64161E-05  2.13129E-03  9.30034E+00
  1.46656E+00  9.21984E-05  2.13130E-03  9.43756E+00
  1.48775E+00  9.80193E-05  2.13111E-03  9.57223E+00
  1.50854E+00  1.04186E-04  2.13073E-03  9.70415E+00
  1.52889E+00  1.10364E-04  2.13018E-03  9.83332E+00
  1.54887E+00  1.16870E-04  2.12939E-03  9.96013E+00
  1.56847E+00  1.23362E-04  2.12836E-03  1.00847E+01
  1.58772E+00  1.30058E-04  2.12721E-03  1.02070E+01
  1.60664E+00  1.36767E-04  2.12569E-03  1.03272E+01
  1.62526E+00  1.43646E-04  2.12441E-03  1.04455E+01
  1.64358E+00  1.50691E-04  2.12334E-03  1.05619E+01
  1.66163E+00  1.57784E-04  2.12230E-03  1.06763E+01
  1.67941E+00  1.65110E-04  2.12132E-03  1.07888E+01
  1.69694E+00  1.72604E-04  2.12056E-03  1.08998E+01
  1.71420E+00  1.80279E-04  2.11998E-03  1.10091E+01
  1.73123E+00  1.87989E-04  2.11921E-03  1.11167E+01
  1.74802E+00  1.95857E-04  2.11848E-03  1.12229E+01
  1.76458E+00  2.03867E-04  2.11781E-03  1.13276E+01
  1.78094E+00  2.11909E-04  2.11713E-03  1.14310E+01
  1.79709E+00  2.20159E-04  2.11624E-03  1.15331E+01
  1.81304E+00  2.28410E-04  2.11523E-03  1.16344E+01
  1.82880E+00  2.36795E-04  2.11397E-03  1.17346E+01
  1.84439E+00  2.45342E-04  2.11264E-03  1.18337E+01
  1.85980E+00  2.54043E-04  2.11118E-03  1.19318E+01
  1.87503E+00  2.62853E-04  2.10983E-03  1.20288E+01
  1.89009E+00  2.71471E-04  2.10840E-03  1.21250E+01
  1.90501E+00  2.80470E-04  2.10692E-03  1.22204E+01
  1.91978E+00  2.89579E-04  2.10535E-03  1.23150E+01
  1.93439E+00  2.98486E-04  2.10391E-03  1.24085E+01
  1.94887E+00  3.07898E-04  2.10263E-03  1.25011E+01
  1.96320E+00  3.17017E-04  2.10134E-03  1.25926E+01
  1.97740E+00  3.26725E-04  2.09983E-03  1.26830E+01
  1.99146E+00  3.35922E-04  2.09807E-03  1.27725E+01
  2.00541E+00  3.45550E-04  2.09630E-03  1.28611E+01
  2.01923E+00  3.55252E-04  2.09424E-03  1.29489E+01
  2.03293E+00  3.64825E-04  2.09217E-03  1.30360E+01
  2.04652E+00  3.74692E-04  2.08996E-03  1.31223E+01
  2.06000E+00  3.84669E-04  2.08779E-03  1.32079E+01
  2.07336E+00  3.94522E-04  2.08583E-03  1.32930E+01
  2.08662E+00  4.04366E-04  2.08384E-03  1.33775E+01
  2.09979E+00  4.14521E-04  2.08246E-03  1.34613E+01
  2.11285E+00  4.24805E-04  2.08125E-03  1.35445E+01
  2.12581E+00  4.35310E-04  2.08011E-03  1.36271E+01
  2.13867E+00  4.45327E-04  2.07854E-03  1.37093E+01
  2.15144E+00  4.55734E-04  2.07655E-03  1.37907E+01
  2.16412E+00  4.65998E-04  2.07446E-03  1.38720E+01
  2.17672E+00  4.76291E-04  2.07186E-03  1.39527E+01
  2.18924E+00  4.86762E-04  2.06874E-03  1.40325E+01
  2.20167E+00  4.97200E-04  2.06565E-03  1.41117E+01
  2.21403E+00  5.07818E-04  2.06282E-03  1.41904E+01
  2.22630E+00  5.18095E-04  2.05967E-03  1.42686E+01
  2.23851E+00  5.28693E-04  2.05738E-03  1.43466E+01
  2.25065E+00  5.39119E-04  2.05475E-03  1.44240E+01
  2.26271E+00  5.50211E-04  2.05259E-03  1.45007E+01
  2.27470E+00  5.60800E-04  2.05066E-03  1.45773E+01
  2.28663E+00  5.71246E-04  2.04812E-03  1.46537E+01
  2.29849E+00  5.82493E-04  2.04557E-03  1.47296E+01
  2.31028E+00  5.92910E-04  2.04298E-03  1.48050E+01
  2.32201E+00  6.03768E-04  2.04058E-03  1.48803E+01
  2.33368E+00  6.14631E-04  2.03818E-03  1.49550E+01
  2.34529E+00  6.25305E-04  2.03487E-03  1.50293E+01
  2.35685E+00  6.36260E-04  2.03137E-03  1.51031E+01
  2.36834E+00  6.47109E-04  2.02794E-03  1.51767E+01
  2.37978E+00  6.57556E-04  2.02484E-03  1.52500E+01
  2.39118E+00  6.68914E-04  2.02166E-03  1.53226E+01
  2.40251E+00  6.78956E-04  2.01936E-03  1.53954E+01
  2.41381E+00  6.90266E-04  2.01632E-03  1.54677E+01
  2.42504E+00  7.01447E-04  2.01381E-03  1.55398E+01
  2.43623E+00  7.11817E-04  2.01075E-03  1.56115E+01
  2.44737E+00  7.22787E-04  2.00651E-03  1.56828E+01
  2.45847E+00  7.33445E-04  2.00258E-03  1.57535E+01
  2.46952E+00  7.44096E-04  1.99847E-03  1.58238E+01
  2.48053E+00  7.54839E-04  1.99455E-03  1.58942E+01
  2.49150E+00  7.65354E-04  1.99150E-03  1.59641E+01
  2.50244E+00  7.76209E-04  1.98829E-03  1.60344E+01
  2.51332E+00  7.86845E-04  1.98469E-03  1.61044E+01
  2.52418E+00  7.97706E-04  1.98169E-03  1.61742E+01
  2.53499E+00  8.08557E-04  1.97842E-03  1.62440E+01
  2.54576E+00  8.18985E-04  1.97483E-03  1.63128E+01
  2.55649E+00  8.29699E-04  1.97122E-03  1.63818E+01
  2.56719E+00  8.40183E-04  1.96692E-03  1.64501E+01
  2.57786E+00  8.50585E-04  1.96263E-03  1.65186E+01
  2.58849E+00  8.60872E-04  1.95816E-03  1.65869E+01
  2.59910E+00  8.71219E-04  1.95442E-03  1.66548E+01
  2.60967E+00  8.81515E-04  1.95021E-03  1.67229E+01
  2.62021E+00  8.91586E-04  1.94588E-03  1.67907E+01
  2.63073E+00  9.01926E-04  1.94116E-03  1.68579E+01
  2.64122E+00  9.11503E-04  1.93649E-03  1.69249E+01
  2.65168E+00  9.22091E-04  1.93208E-03  1.69923E+01
  2.66212E+00  9.32317E-04  1.92869E-03  1.70594E+01
  2.67252E+00  9.41965E-04  1.92485E-03  1.71264E+01
  2.68291E+00  9.52861E-04  1.92165E-03  1.71932E+01
  2.69326E+00  9.62536E-04  1.91753E-03  1.72601E+01
  2.70358E+00  9.71624E-04  1.91265E-03  1.73267E+01
  2.71390E+00  9.81668E-04  1.90755E-03  1.73930E+01
  2.72418E+00  9.91906E-04  1.90286E-03  1.74588E+01
  2.73444E+00  1.00031E-03  1.89754E-03  1.75240E+01
  2.74469E+00  1.01071E-03  1.89262E-03  1.75895E+01
  2.75491E+00  1.01910E-03  1.88783E-03  1.76553E+01
  2.76513E+00  1.02893E-03  1.88338E-03  1.77212E+01
  2.77532E+00  1.03882E-03  1.87905E-03  1.77870E+01
  2.78548E+00  1.04694E-03  1.87439E-03  1.78528E+01
  2.79564E+00  1.05673E-03  1.86957E-03  1.79183E+01
  2.80577E+00  1.06567E-03  1.86495E-03  1.79838E+01
  2.81589E+00  1.07498E-03  1.85973E-03  1.80493E+01
  2.82599E+00  1.08321E-03  1.85544E-03  1.81144E+01
  2.83608E+00  1.09238E-03  1.85052E-03  1.81792E+01
  2.84615E+00  1.10104E-03  1.84475E-03  1.82439E+01
  2.85621E+00  1.10928E-03  1.83904E-03  1.83087E+01
  2.86626E+00  1.11752E-03  1.83372E-03  1.83736E+01
  2.87629E+00  1.12571E-03  1.82810E-03  1.84386E+01
  2.88632E+00  1.13405E-03  1.82305E-03  1.85035E+01
  2.89634E+00  1.14264E-03  1.81794E-03  1.85680E+01
  2.90634E+00  1.14970E-03  1.81259E-03  1.86325E+01
  2.91633E+00  1.15846E-03  1.80717E-03  1.86970E+01
  2.92632E+00  1.16584E-03  1.80169E-03  1.87613E+01
  2.93629E+00  1.17341E-03  1.79628E-03  1.88259E+01
  2.94626E+00  1.18109E-03  1.79141E-03  1.88906E+01
  2.95622E+00  1.18947E-03  1.78675E-03  1.89551E+01
  2.96617E+00  1.19608E-03  1.78100E-03  1.90195E+01
  2.97611E+00  1.20354E-03  1.77468E-03  1.90834E+01
  2.98605E+00  1.21061E-03  1.76824E-03  1.91472E+01
  2.99598E+00  1.21691E-03  1.76181E-03  1.92110E+01
  3.00591E+00  1.22347E-03  1.75641E-03  1.92753E+01
  3.01584E+00  1.23160E-03  1.75080E-03  1.93401E+01
  3.02576E+00  1.23732E-03  1.74520E-03  1.94049E+01
  3.03568E+00  1.24385E-03  1.73954E-03  1.94690E+01
  3.04559E+00  1.25044E-03  1.73429E-03  1.95332E+01
  3.05551E+00  1.25689E-03  1.72830E-03  1.95976E+01
  3.06541E+00  1.26256E-03  1.72199E-03  1.96615E+01
  3.07532E+00  1.26860E-03  1.71535E-03  1.97256E+01
  3.08523E+00  1.27367E-03  1.70979E-03  1.97898E+01
  3.09515E+00  1.28014E-03  1.70344E-03  1.98543E+01
  3.10506E+00  1.28617E-03  1.69717E-03  1.99187E+01
  3.11496E+00  1.29153E-03  1.69205E-03  1.99831E+01
  3.12487E+00  1.29651E-03  1.68597E-03  2.00473E+01
  3.13478E+00  1.30214E-03  1.67949E-03  2.01119E+01
  3.14469E+00  1.30598E-03  1.67284E-03  2.01760E+01
  3.15461E+00  1.31134E-03  1.66606E-03  2.02401E+01
  3.16453E+00  1.31497E-03  1.65940E-03  2.03046E+01
  3.17447E+00  1.32130E-03  1.65402E-03  2.03695E+01
  3.18439E+00  1.32513E-03  1.64843E-03  2.04341E+01
  3.19432E+00  1.33103E-03  1.64246E-03  2.04990E+01
  3.20425E+00  1.33383E-03  1.63566E-03  2.05635E+01
  3.21420E+00  1.33850E-03  1.62851E-03  2.06278E+01
  3.22414E+00  1.34136E-03  1.62135E-03  2.06926E+01
  3.23410E+00  1.34538E-03  1.61467E-03  2.07575E+01
  3.24406E+00  1.34936E-03  1.60877E-03  2.08229E+01
  3.25403E+00  1.35211E-03  1.60257E-03  2.08880E+01
  3.26401E+00  1.35743E-03  1.59614E-03  2.09529E+01
  3.27399E+00  1.35833E-03  1.58967E-03  2.10181E+01
  3.28399E+00  1.36171E-03  1.58242E-03  2.10831E+01
  3.29399E+00  1.36461E-03  1.57575E-03  2.11479E+01
  3.30401E+00  1.36899E-03  1.56853E-03  2.12132E+01
  3.31403E+00  1.36971E-03  1.56189E-03  2.12786E+01
  3.32407E+00  1.37195E-03  1.55530E-03  2.13445E+01
  3.33412E+00  1.37529E-03  1.54870E-03  2.14106E+01
  3.34417E+00  1.37710E-03  1.54205E-03  2.14765E+01
  3.35424E+00  1.38133E-03  1.53614E-03  2.15425E+01
  3.36431E+00  1.38119E-03  1.52950E-03  2.16082E+01
  3.37441E+00  1.38288E-03  1.52241E-03  2.16737E+01
  3.38452E+00  1.38546E-03  1.51508E-03  2.17396E+01
  3.39463E+00  1.38522E-03  1.50820E-03  2.18058E+01
  3.40477E+00  1.38693E-03  1.50104E-03  2.18723E+01
  3.41493E+00  1.38928E-03  1.49424E-03  2.19388E+01
  3.42509E+00  1.38968E-03  1.48709E-03  2.20057E+01
  3.43527E+00  1.39009E-03  1.47997E-03  2.20724E+01
  3.44546E+00  1.39061E-03  1.47256E-03  2.21395E+01
  3.45568E+00  1.39104E-03  1.46564E-03  2.22066E+01
  3.46592E+00  1.39129E-03  1.45841E-03  2.22739E+01
  3.47617E+00  1.39220E-03  1.45093E-03  2.23412E+01
  3.48644E+00  1.39343E-03  1.44438E-03  2.24085E+01
  3.49672E+00  1.39178E-03  1.43747E-03  2.24759E+01
  3.50703E+00  1.39231E-03  1.43082E-03  2.25434E+01
  3.51735E+00  1.39092E-03  1.42386E-03  2.26115E+01
  3.52770E+00  1.39195E-03  1.41681E-03  2.26794E+01
  3.53806E+00  1.39075E-03  1.40934E-03  2.27469E+01
  3.54845E+00  1.39012E-03  1.40197E-03  2.28154E+01
  3.55886E+00  1.38781E-03  1.39479E-03  2.28842E+01
  3.56930E+00  1.38819E-03  1.38841E-03  2.29530E+01
  3.57975E+00  1.38930E-03  1.38204E-03  2.30223E+01
  3.59020E+00  1.38415E-03  1.37466E-03  2.30919E+01
  3.60071E+00  1.38448E-03  1.36676E-03  2.31609E+01
  3.61124E+00  1.38364E-03  1.35842E-03  2.32296E+01
  3.62177E+00  1.37858E-03  1.35042E-03  2.32993E+01
  3.63236E+00  1.37791E-03  1.34304E-03  2.33689E+01
  3.64297E+00  1.37705E-03  1.33628E-03  2.34390E+01
  3.65359E+00  1.37375E-03  1.32937E-03  2.35100E+01
  3.66425E+00  1.37385E-03  1.32304E-03  2.35803E+01
  3.67492E+00  1.36891E-03  1.31530E-03  2.36503E+01
  3.68564E+00  1.36846E-03  1.30741E-03  2.37213E+01
  3.69636E+00  1.36327E-03  1.30062E-03  2.37925E+01
  3.70714E+00  1.36311E-03  1.29289E-03  2.38634E+01
  3.71792E+00  1.35767E-03  1.28646E-03  2.39346E+01
  3.72876E+00  1.35617E-03  1.27875E-03  2.40067E+01
  3.73961E+00  1.35121E-03  1.27140E-03  2.40788E+01
  3.75050E+00  1.34933E-03  1.26417E-03  2.41508E+01
  3.76142E+00  1.34658E-03  1.25636E-03  2.42231E+01
  3.77236E+00  1.34097E-03  1.24892E-03  2.42956E+01
  3.78336E+00  1.33881E-03  1.24179E-03  2.43687E+01
  3.79437E+00  1.33522E-03  1.23485E-03  2.44421E+01
  3.80541E+00  1.32886E-03  1.22685E-03  2.45156E+01
  3.81651E+00  1.32575E-03  1.21940E-03  2.45890E+01
  3.82764E+00  1.32346E-03  1.21153E-03  2.46630E+01
  3.83878E+00  1.31649E-03  1.20421E-03  2.47374E+01
  3.84999E+00  1.31231E-03  1.19697E-03  2.48120E+01
  3.86123E+00  1.30775E-03  1.18986E-03  2.48869E+01
  3.87250E+00  1.30362E-03  1.18180E-03  2.49617E+01
  3.88382E+00  1.30034E-03  1.17420E-03  2.50367E+01
  3.89515E+00  1.29274E-03  1.16742E-03  2.51123E+01
  3.90655E+00  1.28669E-03  1.16007E-03  2.51886E+01
  3.91800E+00  1.28388E-03  1.15252E-03  2.52653E+01
  3.92947E+00  1.27829E-03  1.14565E-03  2.53416E+01
  3.94098E+00  1.27285E-03  1.13796E-03  2.54180E+01
  3.95254E+00  1.26727E-03  1.13023E-03  2.54955E+01
  3.96414E+00  1.26062E-03  1.12220E-03  2.55728E+01
  3.97579E+00  1.25603E-03  1.11518E-03  2.56507E+01
  3.98748E+00  1.24916E-03  1.10773E-03  2.57291E+01
  3.99923E+00  1.24422E-03  1.10079E-03  2.58076E+01
  4.01101E+00  1.23765E-03  1.09294E-03  2.58863E+01
  4.02284E+00  1.23072E-03  1.08527E-03  2.59656E+01
  4.03473E+00  1.22521E-03  1.07769E-03  2.60453E+01
  4.04666E+00  1.21938E-03  1.07026E-03  2.61249E+01
  4.05864E+00  1.21252E-03  1.06300E-03  2.62055E+01
  4.07067E+00  1.20486E-03  1.05597E-03  2.62865E+01
  4.08276E+00  1.19855E-03  1.04837E-03  2.63678E+01
  4.09490E+00  1.19180E-03  1.04065E-03  2.64492E+01
  4.10710E+00  1.18727E-03  1.03289E-03  2.65303E+01
  4.11933E+00  1.17817E-03  1.02570E-03  2.66122E+01
  4.13163E+00  1.17015E-03  1.01853E-03  2.66952E+01
  4.14400E+00  1.16424E-03  1.01148E-03  2.67786E+01
  4.15641E+00  1.15840E-03  1.00427E-03  2.68620E+01
  4.16887E+00  1.14854E-03  9.96842E-04  2.69457E+01
  4.18142E+00  1.14140E-03  9.88695E-04  2.70307E+01
  4.19402E+00  1.13538E-03  9.80986E-04  2.71159E+01
  4.20667E+00  1.12613E-03  9.73156E-04  2.72012E+01
  4.21940E+00  1.11820E-03  9.65962E-04  2.72865E+01
  4.23219E+00  1.11065E-03  9.58824E-04  2.73729E+01
  4.24505E+00  1.10384E-03  9.51712E-04  2.74592E+01
  4.25797E+00  1.09501E-03  9.44815E-04  2.75456E+01
  4.27096E+00  1.08827E-03  9.37620E-04  2.76337E+01
  4.28401E+00  1.07920E-03  9.30050E-04  2.77220E+01
  4.29713E+00  1.07245E-03  9.22485E-04  2.78112E+01
  4.31032E+00  1.06131E-03  9.14526E-04  2.79007E+01
  4.32361E+00  1.05473E-03  9.06838E-04  2.79908E+01
  4.33695E+00  1.04466E-03  8.98651E-04  2.80820E+01
  4.35039E+00  1.03624E-03  8.91301E-04  2.81726E+01
  4.36391E+00  1.02924E-03  8.84355E-04  2.82643E+01
  4.37748E+00  1.01993E-03  8.77522E-04  2.83555E+01
  4.39115E+00  1.01132E-03  8.71183E-04  2.84479E+01
  4.40490E+00  1.00435E-03  8.63747E-04  2.85404E+01
  4.41870E+00  9.95808E-04  8.56643E-04  2.86338E+01
  4.43259E+00  9.86416E-04  8.49989E-04  2.87282E+01
  4.44657E+00  9.77207E-04  8.42113E-04  2.88235E+01
  4.46064E+00  9.66133E-04  8.33946E-04  2.89199E+01
  4.47484E+00  9.59075E-04  8.26156E-04  2.90172E+01
  4.48910E+00  9.49121E-04  8.18876E-04  2.91146E+01
  4.50346E+00  9.40259E-04  8.11268E-04  2.92125E+01
  4.51792E+00  9.30882E-04  8.03461E-04  2.93110E+01
  4.53247E+00  9.20495E-04  7.96313E-04  2.94096E+01
  4.54715E+00  9.12325E-04  7.89115E-04  2.95090E+01
  4.56190E+00  9.03495E-04  7.82727E-04  2.96092E+01
  4.57676E+00  8.94146E-04  7.76229E-04  2.97103E+01
  4.59172E+00  8.86161E-04  7.68702E-04  2.98124E+01
  4.60676E+00  8.75180E-04  7.61402E-04  2.99152E+01
  4.62194E+00  8.64719E-04  7.54254E-04  3.00193E+01
  4.63725E+00  8.55842E-04  7.46946E-04  3.01238E+01
  4.65266E+00  8.48125E-04  7.39867E-04  3.02292E+01
  4.66816E+00  8.36453E-04  7.32049E-04  3.03356E+01
  4.68382E+00  8.26415E-04  7.25181E-04  3.04428E+01
  4.69960E+00  8.17861E-04  7.17143E-04  3.05513E+01
  4.71549E+00  8.06541E-04  7.10351E-04  3.06604E+01
  4.73155E+00  7.98527E-04  7.02919E-04  3.07703E+01
  4.74769E+00  7.86658E-04  6.95288E-04  3.08815E+01
  4.76402E+00  7.78045E-04  6.87216E-04  3.09941E+01
  4.78046E+00  7.66771E-04  6.80238E-04  3.11074E+01
  4.79707E+00  7.58017E-04  6.73104E-04  3.12219E+01
  4.81381E+00  7.47567E-04  6.65832E-04  3.13365E+01
  4.83071E+00  7.37216E-04  6.59223E-04  3.14520E+01
  4.84777E+00  7.28633E-04  6.53267E-04  3.15682E+01
  4.86495E+00  7.19930E-04  6.47427E-04  3.16851E+01
  4.88227E+00  7.11366E-04  6.41491E-04  3.18026E+01
  4.89971E+00  7.00822E-04  6.35120E-04  3.19225E+01
  4.91734E+00  6.90493E-04  6.28063E-04  3.20438E+01
  4.93515E+00  6.80699E-04  6.20512E-04  3.21672E+01
  4.95313E+00  6.69492E-04  6.11712E-04  3.22930E+01
  4.97132E+00  6.57455E-04  6.02265E-04  3.24220E+01
  4.98976E+00  6.46293E-04  5.92961E-04  3.25530E+01
  5.00842E+00  6.34664E-04  5.84616E-04  3.26838E+01
  5.02733E+00  6.24483E-04  5.75771E-04  3.28170E+01
  5.04645E+00  6.13882E-04  5.67321E-04  3.29504E+01
  5.06580E+00  6.02950E-04  5.61414E-04  3.30829E+01
  5.08540E+00  5.96600E-04  5.57467E-04  3.32148E+01
  5.10510E+00  5.87745E-04  5.54789E-04  3.33456E+01
  5.12500E+00  5.82351E-04  5.52968E-04  3.34755E+01
  5.14497E+00  5.73737E-04  5.50415E-04  3.36082E+01
  5.16512E+00  5.64629E-04  5.44917E-04  3.37459E+01
  5.18550E+00  5.54491E-04  5.36892E-04  3.38892E+01
  5.20613E+00  5.42315E-04  5.27089E-04  3.40364E+01
  5.22710E+00  5.30639E-04  5.16863E-04  3.41884E+01
  5.24842E+00  5.18182E-04  5.06543E-04  3.43408E+01
  5.27012E+00  5.06165E-04  4.96918E-04  3.44968E+01
  5.29221E+00  4.94657E-04  4.87552E-04  3.46548E+01
  5.31467E+00  4.83680E-04  4.77619E-04  3.48166E+01
  5.33750E+00  4.71701E-04  4.67901E-04  3.49808E+01
  5.36077E+00  4.60379E-04  4.58974E-04  3.51473E+01
  5.38445E+00  4.50949E-04  4.52050E-04  3.53123E+01
  5.40848E+00  4.42367E-04  4.48451E-04  3.54745E+01
  5.43281E+00  4.36054E-04  4.47782E-04  3.56335E+01
  5.45734E+00  4.29840E-04  4.47068E-04  3.57933E+01
  5.48206E+00  4.23695E-04  4.46194E-04  3.59553E+01
  5.50697E+00  4.16213E-04  4.43836E-04  3.61217E+01
  5.53217E+00  4.08572E-04  4.40808E-04  3.62922E+01
  5.55766E+00  3.99798E-04  4.36612E-04  3.64639E+01
  5.58355E+00  3.91931E-04  4.32549E-04  3.66410E+01
  5.60978E+00  3.81819E-04  4.26175E-04  3.68234E+01
  5.63652E+00  3.72501E-04  4.20049E-04  3.70116E+01
  5.66374E+00  3.62111E-04  4.11412E-04  3.72049E+01
  5.69155E+00  3.51500E-04  4.03347E-04  3.74057E+01
  5.72001E+00  3.40289E-04  3.92988E-04  3.76110E+01
  5.74919E+00  3.28810E-04  3.84174E-04  3.78249E+01
  5.77917E+00  3.17952E-04  3.72923E-04  3.80437E+01
  5.80994E+00  3.06941E-04  3.64505E-04  3.82710E+01
  5.84158E+00  2.95114E-04  3.52057E-04  3.85004E+01
  5.87424E+00  2.84601E-04  3.44680E-04  3.87469E+01
  5.90783E+00  2.72241E-04  3.29179E-04  3.89902E+01
  5.94267E+00  2.61515E-04  3.22190E-04  3.92608E+01
  5.97864E+00  2.50446E-04  3.08268E-04  3.95107E+01
  6.01588E+00  2.41616E-04  3.05343E-04  3.97922E+01
  6.05416E+00  2.35027E-04  3.00096E-04  4.00351E+01
  6.09317E+00  2.27455E-04  2.99811E-04  4.03115E+01
  6.13313E+00  2.26623E-04  3.08425E-04  4.05422E+01
  6.17291E+00  2.23523E-04  3.15848E-04  4.07581E+01
  6.21291E+00  2.25769E-04  3.38580E-04  4.10105E+01
  6.25220E+00  2.21116E-04  3.39339E-04  4.12067E+01
  6.29203E+00  2.13994E-04  3.43892E-04  4.14863E+01
  6.33289E+00  2.08463E-04  3.43486E-04  4.17327E+01
  6.37454E+00  1.98040E-04  3.35974E-04  4.20702E+01
  6.41808E+00  1.89595E-04  3.30441E-04  4.23388E+01
  6.46324E+00  1.80099E-04  3.22479E-04  4.26911E+01
  6.51045E+00  1.71459E-04  3.19205E-04  4.29877E+01
  6.55969E+00  1.62045E-04  3.08120E-04  4.33922E+01
  6.61143E+00  1.52225E-04  3.03063E-04  4.37290E+01
  6.66613E+00  1.42429E-04  2.88428E-04  4.41719E+01
  6.72419E+00  1.32147E-04  2.82324E-04  4.45684E+01
  6.78632E+00  1.21909E-04  2.63422E-04  4.50967E+01
  6.85320E+00  1.10511E-04  2.54218E-04  4.55831E+01
  6.92643E+00  9.99091E-05  2.29763E-04  4.62070E+01
  7.00683E+00  8.91595E-05  2.23762E-04  4.68134E+01
  7.09622E+00  8.14170E-05  2.06564E-04  4.75007E+01
  7.19336E+00  7.23151E-05  2.05099E-04  4.82201E+01
  7.30192E+00  6.66963E-05  1.99682E-04  4.89889E+01
  7.41889E+00  5.86399E-05  1.99327E-04  4.98215E+01
  7.55135E+00  5.29681E-05  2.00992E-04  5.07427E+01
  7.69779E+00  4.57072E-05  2.03964E-04  5.17699E+01
  7.86814E+00  3.94602E-05  2.13524E-04  5.29166E+01
  8.06809E+00  3.38082E-05  2.41830E-04  5.41568E+01
  8.30994E+00  3.27141E-05  4.17555E-04  5.47298E+01
  8.58871E+00  2.97911E-05  7.78811E-04  5.50110E+01
  9.21221E+00  1.06158E-05  1.03878E-03  5.57795E+01
