 -7.96176E-11  1.07029E-03  4.86389E+03  2.54199E+00
  2.58149E-02  7.27527E-03  4.86405E+03  5.45634E+00
  2.97721E-02  1.13620E-02  4.86438E+03  6.27000E+00
  3.40488E-02  1.84244E-02  4.86491E+03  7.05929E+00
  3.77415E-02  2.69379E-02  4.86555E+03  7.75667E+00
  4.10154E-02  3.69668E-02  4.86626E+03  8.38898E+00
  4.39635E-02  4.89154E-02  4.86701E+03  8.97010E+00
  4.66303E-02  6.28214E-02  4.86773E+03  9.50511E+00
  4.90603E-02  7.78144E-02  4.86838E+03  1.00010E+01
  5.13161E-02  9.42297E-02  4.86893E+03  1.04640E+01
  5.34276E-02  1.11909E-01  4.86945E+03  1.08964E+01
  5.54193E-02  1.31078E-01  4.86992E+03  1.12985E+01
  5.73058E-02  1.51761E-01  4.87045E+03  1.16711E+01
  5.90988E-02  1.73700E-01  4.87104E+03  1.20165E+01
  6.08106E-02  1.96647E-01  4.87184E+03  1.23376E+01
  6.24530E-02  2.20391E-01  4.87288E+03  1.26394E+01
  6.40361E-02  2.45286E-01  4.87408E+03  1.29283E+01
  6.55654E-02  2.71191E-01  4.87547E+03  1.32109E+01
  6.70463E-02  2.98580E-01  4.87688E+03  1.34936E+01
  6.84809E-02  3.27828E-01  4.87837E+03  1.37773E+01
  6.98700E-02  3.58647E-01  4.87999E+03  1.40599E+01
  7.12158E-02  3.90169E-01  4.88197E+03  1.43401E+01
  7.25236E-02  4.23205E-01  4.88434E+03  1.46133E+01
  7.37951E-02  4.57221E-01  4.88710E+03  1.48750E+01
  7.50334E-02  4.91760E-01  4.89027E+03  1.51251E+01
  7.62424E-02  5.27610E-01  4.89345E+03  1.53658E+01
  7.74233E-02  5.63573E-01  4.89664E+03  1.55976E+01
  7.85798E-02  6.01616E-01  4.89964E+03  1.58237E+01
  7.97112E-02  6.39737E-01  4.90238E+03  1.60471E+01
  8.08206E-02  6.80350E-01  4.90521E+03  1.62664E+01
  8.19067E-02  7.21023E-01  4.90816E+03  1.64809E+01
  8.29724E-02  7.64066E-01  4.91153E+03  1.66928E+01
  8.40168E-02  8.07066E-01  4.91503E+03  1.68978E+01
  8.50425E-02  8.51565E-01  4.91892E+03  1.70985E+01
  8.60497E-02  8.96254E-01  4.92334E+03  1.72971E+01
  8.70402E-02  9.42286E-01  4.92794E+03  1.74952E+01
  8.80144E-02  9.89346E-01  4.93239E+03  1.76920E+01
  8.89729E-02  1.03674E+00  4.93722E+03  1.78884E+01
  8.99170E-02  1.08608E+00  4.94218E+03  1.80805E+01
  9.08464E-02  1.13623E+00  4.94744E+03  1.82663E+01
  9.17618E-02  1.18772E+00  4.95309E+03  1.84501E+01
  9.26635E-02  1.23966E+00  4.95898E+03  1.86318E+01
  9.35524E-02  1.29281E+00  4.96489E+03  1.88118E+01
  9.44288E-02  1.34669E+00  4.97101E+03  1.89904E+01
  9.52933E-02  1.40141E+00  4.97738E+03  1.91675E+01
  9.61464E-02  1.45733E+00  4.98396E+03  1.93424E+01
  9.69883E-02  1.51376E+00  4.99073E+03  1.95136E+01
  9.78197E-02  1.57096E+00  4.99787E+03  1.96821E+01
  9.86409E-02  1.62994E+00  5.00529E+03  1.98512E+01
  9.94518E-02  1.68985E+00  5.01294E+03  2.00185E+01
  1.00253E-01  1.75097E+00  5.02100E+03  2.01836E+01
  1.01044E-01  1.81092E+00  5.02878E+03  2.03465E+01
  1.01827E-01  1.87323E+00  5.03663E+03  2.05085E+01
  1.02600E-01  1.93702E+00  5.04492E+03  2.06694E+01
  1.03365E-01  1.99934E+00  5.05385E+03  2.08291E+01
  1.04122E-01  2.06558E+00  5.06322E+03  2.09857E+01
  1.04871E-01  2.13020E+00  5.07334E+03  2.11390E+01
  1.05612E-01  2.19883E+00  5.08371E+03  2.12894E+01
  1.06344E-01  2.26430E+00  5.09398E+03  2.14381E+01
  1.07070E-01  2.33409E+00  5.10400E+03  2.15916E+01
  1.07788E-01  2.40336E+00  5.11357E+03  2.17486E+01
  1.08499E-01  2.47182E+00  5.12327E+03  2.19049E+01
  1.09203E-01  2.54353E+00  5.13379E+03  2.20587E+01
  1.09901E-01  2.61696E+00  5.14524E+03  2.22081E+01
  1.10591E-01  2.68879E+00  5.15752E+03  2.23523E+01
  1.11275E-01  2.76183E+00  5.16977E+03  2.24918E+01
  1.11953E-01  2.83673E+00  5.18233E+03  2.26290E+01
  1.12625E-01  2.91161E+00  5.19450E+03  2.27656E+01
  1.13290E-01  2.98804E+00  5.20660E+03  2.29033E+01
  1.13950E-01  3.06386E+00  5.21895E+03  2.30424E+01
  1.14604E-01  3.14153E+00  5.23187E+03  2.31837E+01
  1.15252E-01  3.21837E+00  5.24517E+03  2.33261E+01
  1.15896E-01  3.29882E+00  5.25935E+03  2.34730E+01
  1.16533E-01  3.37947E+00  5.27472E+03  2.36228E+01
  1.17166E-01  3.46064E+00  5.29062E+03  2.37658E+01
  1.17793E-01  3.54353E+00  5.30582E+03  2.38989E+01
  1.18414E-01  3.62568E+00  5.32050E+03  2.40258E+01
  1.19031E-01  3.70697E+00  5.33473E+03  2.41534E+01
  1.19643E-01  3.79048E+00  5.34950E+03  2.42849E+01
  1.20251E-01  3.87755E+00  5.36576E+03  2.44209E+01
  1.20853E-01  3.96206E+00  5.38362E+03  2.45562E+01
  1.21452E-01  4.04817E+00  5.40267E+03  2.46876E+01
  1.22045E-01  4.13810E+00  5.42096E+03  2.48170E+01
  1.22634E-01  4.22342E+00  5.43821E+03  2.49481E+01
  1.23219E-01  4.31216E+00  5.45424E+03  2.50835E+01
  1.23799E-01  4.40119E+00  5.47056E+03  2.52196E+01
  1.24375E-01  4.49074E+00  5.48865E+03  2.53519E+01
  1.24948E-01  4.58276E+00  5.50877E+03  2.54785E+01
  1.25516E-01  4.67640E+00  5.52976E+03  2.56029E+01
  1.26080E-01  4.76783E+00  5.55019E+03  2.57293E+01
  1.26640E-01  4.86405E+00  5.57004E+03  2.58574E+01
  1.27196E-01  4.95322E+00  5.58967E+03  2.59864E+01
  1.27748E-01  5.04866E+00  5.60952E+03  2.61135E+01
  1.28297E-01  5.14644E+00  5.63058E+03  2.62412E+01
  1.28842E-01  5.24102E+00  5.65268E+03  2.63689E+01
  1.29383E-01  5.33895E+00  5.67567E+03  2.64947E+01
  1.29921E-01  5.43767E+00  5.69787E+03  2.66182E+01
  1.30455E-01  5.53819E+00  5.72014E+03  2.67407E+01
  1.30985E-01  5.63604E+00  5.74262E+03  2.68640E+01
  1.31512E-01  5.73451E+00  5.76592E+03  2.69884E+01
  1.32036E-01  5.83610E+00  5.79004E+03  2.71162E+01
  1.32557E-01  5.93801E+00  5.81486E+03  2.72436E+01
  1.33074E-01  6.04029E+00  5.84008E+03  2.73671E+01
  1.33588E-01  6.14355E+00  5.86481E+03  2.74873E+01
  1.34098E-01  6.24679E+00  5.89014E+03  2.76068E+01
  1.34606E-01  6.35157E+00  5.91610E+03  2.77276E+01
  1.35110E-01  6.45859E+00  5.94228E+03  2.78517E+01
  1.35611E-01  6.56227E+00  5.96897E+03  2.79788E+01
  1.36110E-01  6.67050E+00  5.99582E+03  2.81039E+01
  1.36605E-01  6.77489E+00  6.02232E+03  2.82231E+01
  1.37097E-01  6.88407E+00  6.04998E+03  2.83376E+01
  1.37587E-01  6.99237E+00  6.07861E+03  2.84521E+01
  1.38073E-01  7.10457E+00  6.10885E+03  2.85694E+01
  1.38557E-01  7.21176E+00  6.14014E+03  2.86899E+01
  1.39038E-01  7.32586E+00  6.17072E+03  2.88130E+01
  1.39516E-01  7.43786E+00  6.20032E+03  2.89374E+01
  1.39991E-01  7.54765E+00  6.22941E+03  2.90605E+01
  1.40463E-01  7.65749E+00  6.25835E+03  2.91794E+01
  1.40933E-01  7.77197E+00  6.28845E+03  2.92957E+01
  1.41401E-01  7.88617E+00  6.32053E+03  2.94113E+01
  1.41865E-01  7.99875E+00  6.35341E+03  2.95272E+01
  1.42328E-01  8.11815E+00  6.38656E+03  2.96460E+01
  1.42787E-01  8.22950E+00  6.42102E+03  2.97686E+01
  1.43244E-01  8.35210E+00  6.45514E+03  2.98917E+01
  1.43699E-01  8.46370E+00  6.48880E+03  3.00137E+01
  1.44151E-01  8.58536E+00  6.52293E+03  3.01309E+01
  1.44600E-01  8.70133E+00  6.55882E+03  3.02424E+01
  1.45048E-01  8.82306E+00  6.59477E+03  3.03525E+01
  1.45493E-01  8.93956E+00  6.63033E+03  3.04633E+01
  1.45935E-01  9.06097E+00  6.66567E+03  3.05784E+01
  1.46375E-01  9.18041E+00  6.70072E+03  3.06992E+01
  1.46813E-01  9.29876E+00  6.73687E+03  3.08214E+01
  1.47249E-01  9.42092E+00  6.77409E+03  3.09419E+01
  1.47682E-01  9.54295E+00  6.81191E+03  3.10604E+01
  1.48114E-01  9.66850E+00  6.85203E+03  3.11747E+01
  1.48543E-01  9.79407E+00  6.89324E+03  3.12873E+01
  1.48969E-01  9.91850E+00  6.93510E+03  3.13980E+01
  1.49394E-01  1.00437E+01  6.97667E+03  3.15101E+01
  1.49816E-01  1.01688E+01  7.01673E+03  3.16273E+01
  1.50236E-01  1.02913E+01  7.05529E+03  3.17491E+01
  1.50655E-01  1.04143E+01  7.09394E+03  3.18733E+01
  1.51071E-01  1.05358E+01  7.13317E+03  3.19922E+01
  1.51486E-01  1.06665E+01  7.17713E+03  3.21028E+01
  1.51898E-01  1.07942E+01  7.22337E+03  3.22072E+01
  1.52308E-01  1.09242E+01  7.27026E+03  3.23113E+01
  1.52716E-01  1.10571E+01  7.31524E+03  3.24236E+01
  1.53123E-01  1.11809E+01  7.35818E+03  3.25423E+01
  1.53527E-01  1.13148E+01  7.39988E+03  3.26660E+01
  1.53929E-01  1.14346E+01  7.44154E+03  3.27867E+01
  1.54330E-01  1.15604E+01  7.48689E+03  3.29010E+01
  1.54729E-01  1.16949E+01  7.53497E+03  3.30099E+01
  1.55126E-01  1.18295E+01  7.58541E+03  3.31160E+01
  1.55521E-01  1.19616E+01  7.63446E+03  3.32259E+01
  1.55914E-01  1.20885E+01  7.68111E+03  3.33402E+01
  1.56306E-01  1.22157E+01  7.72659E+03  3.34607E+01
  1.56695E-01  1.23490E+01  7.77446E+03  3.35824E+01
  1.57083E-01  1.24830E+01  7.82517E+03  3.36966E+01
  1.57470E-01  1.26153E+01  7.87991E+03  3.38018E+01
  1.57854E-01  1.27522E+01  7.93393E+03  3.39061E+01
  1.58237E-01  1.28873E+01  7.98387E+03  3.40186E+01
  1.58618E-01  1.30113E+01  8.03051E+03  3.41426E+01
  1.58997E-01  1.31383E+01  8.07582E+03  3.42621E+01
  1.59376E-01  1.32750E+01  8.12821E+03  3.43685E+01
  1.59752E-01  1.34022E+01  8.18572E+03  3.44667E+01
  1.60127E-01  1.35489E+01  8.24310E+03  3.45692E+01
  1.60500E-01  1.36786E+01  8.29648E+03  3.46890E+01
  1.60871E-01  1.38073E+01  8.34487E+03  3.48165E+01
  1.61242E-01  1.39378E+01  8.39873E+03  3.49363E+01
  1.61610E-01  1.40809E+01  8.45878E+03  3.50367E+01
  1.61977E-01  1.42141E+01  8.52098E+03  3.51329E+01
  1.62343E-01  1.43531E+01  8.57714E+03  3.52435E+01
  1.62706E-01  1.44818E+01  8.62785E+03  3.53677E+01
  1.63069E-01  1.46085E+01  8.67839E+03  3.54940E+01
  1.63430E-01  1.47370E+01  8.73683E+03  3.56025E+01
  1.63790E-01  1.48808E+01  8.80288E+03  3.56948E+01
  1.64148E-01  1.50329E+01  8.86940E+03  3.57907E+01
  1.64505E-01  1.51455E+01  8.92770E+03  3.59076E+01
  1.64860E-01  1.52681E+01  8.97806E+03  3.60369E+01
  1.65215E-01  1.54037E+01  9.03060E+03  3.61616E+01
  1.65568E-01  1.55474E+01  9.09183E+03  3.62725E+01
  1.65919E-01  1.56702E+01  9.16094E+03  3.63713E+01
  1.66270E-01  1.58078E+01  9.22962E+03  3.64683E+01
  1.66619E-01  1.59501E+01  9.29567E+03  3.65720E+01
  1.66966E-01  1.60818E+01  9.35701E+03  3.66852E+01
  1.67313E-01  1.62286E+01  9.41757E+03  3.68003E+01
  1.67657E-01  1.63317E+01  9.47633E+03  3.69168E+01
  1.68001E-01  1.64626E+01  9.53661E+03  3.70345E+01
  1.68344E-01  1.65956E+01  9.60167E+03  3.71462E+01
  1.68686E-01  1.67291E+01  9.67064E+03  3.72486E+01
  1.69026E-01  1.68599E+01  9.74125E+03  3.73485E+01
  1.69366E-01  1.70012E+01  9.81013E+03  3.74524E+01
  1.69703E-01  1.71294E+01  9.87889E+03  3.75606E+01
  1.70040E-01  1.72566E+01  9.94558E+03  3.76730E+01
  1.70376E-01  1.73863E+01  1.00095E+04  3.77874E+01
  1.70710E-01  1.74998E+01  1.00712E+04  3.79027E+01
  1.71044E-01  1.76261E+01  1.01374E+04  3.80162E+01
  1.71377E-01  1.77645E+01  1.02079E+04  3.81252E+01
  1.71708E-01  1.79030E+01  1.02798E+04  3.82301E+01
  1.72038E-01  1.79991E+01  1.03548E+04  3.83315E+01
  1.72368E-01  1.81366E+01  1.04301E+04  3.84326E+01
  1.72696E-01  1.82722E+01  1.05048E+04  3.85366E+01
  1.73024E-01  1.84028E+01  1.05761E+04  3.86460E+01
  1.73350E-01  1.85232E+01  1.06442E+04  3.87585E+01
  1.73675E-01  1.86385E+01  1.07147E+04  3.88759E+01
  1.73999E-01  1.87399E+01  1.07839E+04  3.89886E+01
  1.74323E-01  1.88766E+01  1.08593E+04  3.90930E+01
  1.74646E-01  1.90198E+01  1.09346E+04  3.91979E+01
  1.74967E-01  1.90941E+01  1.10087E+04  3.93051E+01
  1.75288E-01  1.92357E+01  1.10831E+04  3.94129E+01
  1.75608E-01  1.93675E+01  1.11597E+04  3.95219E+01
  1.75927E-01  1.94572E+01  1.12355E+04  3.96326E+01
  1.76245E-01  1.95856E+01  1.13116E+04  3.97425E+01
  1.76562E-01  1.97092E+01  1.13884E+04  3.98488E+01
  1.76879E-01  1.98100E+01  1.14679E+04  3.99507E+01
  1.77194E-01  1.99542E+01  1.15494E+04  4.00521E+01
  1.77509E-01  2.00259E+01  1.16300E+04  4.01549E+01
  1.77823E-01  2.01780E+01  1.17087E+04  4.02622E+01
  1.78136E-01  2.02450E+01  1.17846E+04  4.03702E+01
  1.78449E-01  2.03948E+01  1.18635E+04  4.04785E+01
  1.78760E-01  2.04626E+01  1.19431E+04  4.05867E+01
  1.79072E-01  2.05899E+01  1.20237E+04  4.06952E+01
  1.79382E-01  2.06790E+01  1.21046E+04  4.08038E+01
  1.79692E-01  2.07899E+01  1.21848E+04  4.09115E+01
  1.80001E-01  2.09121E+01  1.22671E+04  4.10176E+01
  1.80309E-01  2.09849E+01  1.23484E+04  4.11240E+01
  1.80617E-01  2.10964E+01  1.24317E+04  4.12311E+01
  1.80924E-01  2.12114E+01  1.25158E+04  4.13380E+01
  1.81230E-01  2.12810E+01  1.26002E+04  4.14435E+01
  1.81536E-01  2.13872E+01  1.26861E+04  4.15478E+01
  1.81841E-01  2.15130E+01  1.27701E+04  4.16564E+01
  1.82145E-01  2.15653E+01  1.28503E+04  4.17634E+01
  1.82449E-01  2.16610E+01  1.29403E+04  4.18629E+01
  1.82753E-01  2.17614E+01  1.30255E+04  4.19705E+01
  1.83056E-01  2.18466E+01  1.31048E+04  4.20874E+01
  1.83358E-01  2.19657E+01  1.32021E+04  4.21779E+01
  1.83660E-01  2.20276E+01  1.32923E+04  4.22764E+01
  1.83961E-01  2.20740E+01  1.33504E+04  4.24241E+01
  1.84262E-01  2.21850E+01  1.34622E+04  4.25011E+01
  1.84563E-01  2.23091E+01  1.35867E+04  4.25637E+01
  1.84862E-01  2.23209E+01  1.36061E+04  4.27654E+01
  1.85162E-01  2.24155E+01  1.37097E+04  4.28813E+01
  1.85461E-01  2.25856E+01  1.39021E+04  4.28329E+01
  1.85759E-01  2.26137E+01  1.39375E+04  4.29842E+01
  1.86057E-01  2.06155E+01  1.19517E+04  4.10412E+01
  1.86384E-01  1.04840E+01  2.63285E+03  1.66324E+01
  1.87027E-01  6.12971E+00  2.68963E+01  8.24739E-01
  1.88123E-01  5.54298E+00  3.51819E-03  1.63343E-03
  1.89326E-01  5.45003E+00  3.45600E-07  1.95182E-08
  1.90540E-01  5.37317E+00  3.37385E-07  2.02859E-09
  1.91762E-01  5.29691E+00  3.29442E-07  2.01338E-09
  1.92991E-01  5.22122E+00  3.21634E-07  1.99457E-09
  1.94228E-01  5.14613E+00  3.13961E-07  1.97584E-09
  1.95474E-01  5.07162E+00  3.06422E-07  1.95722E-09
  1.96727E-01  4.99770E+00  2.99014E-07  1.93861E-09
  1.97989E-01  4.92437E+00  2.91737E-07  1.91987E-09
  1.99259E-01  4.85162E+00  2.84590E-07  1.90122E-09
  2.00537E-01  4.77946E+00  2.77570E-07  1.88261E-09
  2.01824E-01  4.70789E+00  2.70677E-07  1.86403E-09
  2.03120E-01  4.63691E+00  2.63910E-07  1.84543E-09
  2.04424E-01  4.56651E+00  2.57266E-07  1.82689E-09
  2.05738E-01  4.49670E+00  2.50745E-07  1.80836E-09
  2.07060E-01  4.42748E+00  2.44345E-07  1.78991E-09
  2.08392E-01  4.35885E+00  2.38064E-07  1.77146E-09
  2.09733E-01  4.29080E+00  2.31902E-07  1.75303E-09
  2.11084E-01  4.22334E+00  2.25857E-07  1.73464E-09
  2.12444E-01  4.15646E+00  2.19928E-07  1.71629E-09
  2.13815E-01  4.09017E+00  2.14113E-07  1.69798E-09
  2.15195E-01  4.02446E+00  2.08411E-07  1.67967E-09
  2.16585E-01  3.95934E+00  2.02821E-07  1.66147E-09
  2.17986E-01  3.89480E+00  1.97341E-07  1.64330E-09
  2.19397E-01  3.83084E+00  1.91969E-07  1.62510E-09
  2.20819E-01  3.76747E+00  1.86706E-07  1.60701E-09
  2.22252E-01  3.70467E+00  1.81548E-07  1.58894E-09
  2.23696E-01  3.64246E+00  1.76495E-07  1.57090E-09
  2.25151E-01  3.58082E+00  1.71545E-07  1.55299E-09
  2.26617E-01  3.51976E+00  1.66698E-07  1.53504E-09
  2.28095E-01  3.45928E+00  1.61951E-07  1.51714E-09
  2.29585E-01  3.39937E+00  1.57304E-07  1.49933E-09
  2.31087E-01  3.34004E+00  1.52755E-07  1.48157E-09
  2.32601E-01  3.28129E+00  1.48302E-07  1.46387E-09
  2.34128E-01  3.22310E+00  1.43945E-07  1.44619E-09
  2.35667E-01  3.16549E+00  1.39682E-07  1.42855E-09
  2.37219E-01  3.10844E+00  1.35512E-07  1.41103E-09
  2.38784E-01  3.05196E+00  1.31434E-07  1.39352E-09
  2.40363E-01  2.99605E+00  1.27445E-07  1.37608E-09
  2.41955E-01  2.94071E+00  1.23546E-07  1.35866E-09
  2.43562E-01  2.88593E+00  1.19734E-07  1.34137E-09
  2.45182E-01  2.83171E+00  1.16009E-07  1.32411E-09
  2.46818E-01  2.77806E+00  1.12368E-07  1.30689E-09
  2.48468E-01  2.72496E+00  1.08812E-07  1.28977E-09
  2.50133E-01  2.67243E+00  1.05338E-07  1.27266E-09
  2.51813E-01  2.62044E+00  1.01945E-07  1.25564E-09
  2.53509E-01  2.56902E+00  9.86325E-08  1.23872E-09
  2.55221E-01  2.51815E+00  9.53987E-08  1.22182E-09
  2.56950E-01  2.46782E+00  9.22426E-08  1.20497E-09
  2.58695E-01  2.41805E+00  8.91629E-08  1.18820E-09
  2.60458E-01  2.36883E+00  8.61584E-08  1.17150E-09
  2.62238E-01  2.32015E+00  8.32279E-08  1.15486E-09
  2.64036E-01  2.27202E+00  8.03702E-08  1.13832E-09
  2.65852E-01  2.22443E+00  7.75841E-08  1.12182E-09
  2.67687E-01  2.17738E+00  7.48685E-08  1.10538E-09
  2.69542E-01  2.13087E+00  7.22222E-08  1.08900E-09
  2.71416E-01  2.08490E+00  6.96441E-08  1.07271E-09
  2.73310E-01  2.03947E+00  6.71329E-08  1.05649E-09
  2.75224E-01  1.99456E+00  6.46876E-08  1.04031E-09
  2.77160E-01  1.95019E+00  6.23071E-08  1.02424E-09
  2.79117E-01  1.90635E+00  5.99902E-08  1.00822E-09
  2.81097E-01  1.86304E+00  5.77358E-08  9.92254E-10
  2.83099E-01  1.82025E+00  5.55428E-08  9.76366E-10
  2.85125E-01  1.77799E+00  5.34102E-08  9.60563E-10
  2.87175E-01  1.73625E+00  5.13368E-08  9.44843E-10
  2.89249E-01  1.69503E+00  4.93216E-08  9.29172E-10
  2.91349E-01  1.65433E+00  4.73636E-08  9.13580E-10
  2.93475E-01  1.61414E+00  4.54616E-08  8.98048E-10
  2.95627E-01  1.57447E+00  4.36147E-08  8.82582E-10
  2.97807E-01  1.53531E+00  4.18218E-08  8.67214E-10
  3.00016E-01  1.49667E+00  4.00820E-08  8.51919E-10
  3.02253E-01  1.45853E+00  3.83941E-08  8.36692E-10
  3.04521E-01  1.42089E+00  3.67573E-08  8.21510E-10
  3.06819E-01  1.38376E+00  3.51705E-08  8.06432E-10
  3.09150E-01  1.34714E+00  3.36327E-08  7.91405E-10
  3.11513E-01  1.31101E+00  3.21430E-08  7.76445E-10
  3.13911E-01  1.27539E+00  3.07005E-08  7.61589E-10
  3.16343E-01  1.24026E+00  2.93041E-08  7.46782E-10
  3.18812E-01  1.20562E+00  2.79530E-08  7.32055E-10
  3.21319E-01  1.17148E+00  2.66462E-08  7.17407E-10
  3.23864E-01  1.13783E+00  2.53828E-08  7.02817E-10
  3.26449E-01  1.10467E+00  2.41619E-08  6.88306E-10
  3.29077E-01  1.07200E+00  2.29826E-08  6.73895E-10
  3.31747E-01  1.03981E+00  2.18441E-08  6.59531E-10
  3.34462E-01  1.00811E+00  2.07454E-08  6.45236E-10
  3.37224E-01  9.76892E-01  1.96858E-08  6.31019E-10
  3.40034E-01  9.46152E-01  1.86642E-08  6.16876E-10
  3.42894E-01  9.15892E-01  1.76800E-08  6.02808E-10
  3.45806E-01  8.86108E-01  1.67322E-08  5.88823E-10
  3.48773E-01  8.56801E-01  1.58200E-08  5.74889E-10
  3.51797E-01  8.27967E-01  1.49427E-08  5.61050E-10
  3.54880E-01  7.99606E-01  1.40994E-08  5.47267E-10
  3.58024E-01  7.71717E-01  1.32894E-08  5.33569E-10
  3.61233E-01  7.44296E-01  1.25117E-08  5.19940E-10
  3.64510E-01  7.17345E-01  1.17658E-08  5.06381E-10
  3.67857E-01  6.90860E-01  1.10507E-08  4.92902E-10
  3.71279E-01  6.64841E-01  1.03658E-08  4.79502E-10
  3.74778E-01  6.39286E-01  9.71032E-09  4.66159E-10
  3.78360E-01  6.14195E-01  9.08347E-09  4.52904E-10
  3.82027E-01  5.89566E-01  8.48455E-09  4.39720E-10
  3.85785E-01  5.65399E-01  7.91285E-09  4.26616E-10
  3.89639E-01  5.41692E-01  7.36765E-09  4.13569E-10
  3.93593E-01  5.18445E-01  6.84825E-09  4.00627E-10
  3.97655E-01  4.95658E-01  6.35395E-09  3.87736E-10
  4.01830E-01  4.73328E-01  5.88408E-09  3.74930E-10
  4.06126E-01  4.51457E-01  5.43795E-09  3.62209E-10
  4.10549E-01  4.30044E-01  5.01490E-09  3.49548E-10
  4.15110E-01  4.09088E-01  4.61427E-09  3.36982E-10
  4.19815E-01  3.88590E-01  4.23540E-09  3.24484E-10
  4.24677E-01  3.68550E-01  3.87766E-09  3.12073E-10
  4.29706E-01  3.48968E-01  3.54039E-09  2.99740E-10
  4.34914E-01  3.29845E-01  3.22298E-09  2.87490E-10
  4.40316E-01  3.11181E-01  2.92480E-09  2.75328E-10
  4.45928E-01  2.92977E-01  2.64523E-09  2.63245E-10
  4.51766E-01  2.75235E-01  2.38367E-09  2.51247E-10
  4.57852E-01  2.57955E-01  2.13952E-09  2.39350E-10
  4.64207E-01  2.41141E-01  1.91217E-09  2.27538E-10
  4.70856E-01  2.24794E-01  1.70104E-09  2.15818E-10
  4.77831E-01  2.08916E-01  1.50554E-09  2.04191E-10
  4.85164E-01  1.93511E-01  1.32510E-09  1.92669E-10
  4.92894E-01  1.78581E-01  1.15914E-09  1.81252E-10
  5.01069E-01  1.64132E-01  1.00708E-09  1.69938E-10
  5.09742E-01  1.50167E-01  8.68362E-10  1.58744E-10
  5.18979E-01  1.36693E-01  7.42423E-10  1.47664E-10
  5.28857E-01  1.23715E-01  6.28700E-10  1.36709E-10
  5.39472E-01  1.11240E-01  5.26635E-10  1.25880E-10
  5.50939E-01  9.92771E-02  4.35669E-10  1.15196E-10
  5.63404E-01  8.78358E-02  3.55245E-10  1.04660E-10
  5.77054E-01  7.69275E-02  2.84803E-10  9.42897E-11
  5.92128E-01  6.65656E-02  2.23782E-10  8.40861E-11
  6.08944E-01  5.67661E-02  1.71616E-10  7.40760E-11
  6.27936E-01  4.75482E-02  1.27731E-10  6.42760E-11
  6.49716E-01  3.89352E-02  9.15474E-11  5.47102E-11
  6.75184E-01  3.09564E-02  6.24681E-11  4.54075E-11
  7.05734E-01  2.36488E-02  3.98800E-11  3.64151E-11
  7.43699E-01  1.70612E-02  2.31432E-11  2.78016E-11
  7.93395E-01  1.12613E-02  1.15804E-11  1.98663E-11
  8.64237E-01  6.35029E-03  4.45721E-12  1.21464E-11
  9.84118E-01  2.50120E-03  9.43315E-13  2.57584E-12
  1.39569E+00  1.35808E-04  7.34429E-15  1.29912E-12
