 -7.11404E-09  4.77151E-09  1.00000E-15  2.23846E-05
  1.56850E+00  5.03040E-09  1.00000E-15  5.91859E-05
  2.57853E+00  5.07976E-09  1.00000E-15  8.80789E-05
  3.59366E+00  4.88494E-09  1.00000E-15  1.17556E-04
  4.64613E+00  3.04809E-08  1.00000E-15  1.35470E-04
  4.84542E+00  3.48451E-08  1.00000E-15  1.41569E-04
  5.07497E+00  3.83003E-08  1.00000E-15  1.48533E-04
  5.33304E+00  4.70187E-08  1.00000E-15  1.55779E-04
  5.58256E+00  5.57052E-08  1.00000E-15  1.62822E-04
  5.82647E+00  6.49396E-08  1.00000E-15  1.69699E-04
  6.06422E+00  7.42323E-08  1.00000E-15  1.76419E-04
  6.29703E+00  8.40047E-08  1.00000E-15  1.82992E-04
  6.52456E+00  9.55842E-08  1.00000E-15  1.89372E-04
  6.74367E+00  1.09086E-07  1.00000E-15  1.95481E-04
  6.95259E+00  1.24301E-07  1.00000E-15  2.01298E-04
  7.15106E+00  1.41238E-07  1.00000E-15  2.06815E-04
  7.33929E+00  1.59561E-07  1.00000E-15  2.12056E-04
  7.51818E+00  1.78984E-07  1.00000E-15  2.17044E-04
  7.68881E+00  1.99306E-07  1.00000E-15  2.21812E-04
  7.85225E+00  2.20264E-07  1.00000E-15  2.26387E-04
  8.00953E+00  2.42372E-07  1.00000E-15  2.30795E-04
  8.16113E+00  2.65852E-07  1.00000E-15  2.35041E-04
  8.30735E+00  2.91059E-07  1.00000E-15  2.39141E-04
  8.44833E+00  3.16819E-07  1.00000E-15  2.43098E-04
  8.58477E+00  3.39842E-07  1.00000E-15  2.46950E-04
  8.71848E+00  3.57378E-07  1.00000E-15  2.50763E-04
  8.85183E+00  3.71255E-07  1.00000E-15  2.54583E-04
  8.98610E+00  3.86906E-07  1.00000E-15  2.58419E-04
  9.12055E+00  4.07451E-07  1.00000E-15  2.62234E-04
  9.25351E+00  4.32589E-07  1.00000E-15  2.65991E-04
  9.38374E+00  4.61435E-07  1.00000E-15  2.69660E-04
  9.51055E+00  4.91962E-07  1.00000E-15  2.73234E-04
  9.63396E+00  5.23575E-07  1.00000E-15  2.76711E-04
  9.75417E+00  5.55711E-07  1.00000E-15  2.80099E-04
  9.87147E+00  5.87665E-07  1.00000E-15  2.83414E-04
  9.98624E+00  6.20777E-07  1.00000E-15  2.86653E-04
  1.00986E+01  6.54329E-07  1.00000E-15  2.89829E-04
  1.02087E+01  6.89676E-07  1.00000E-15  2.92938E-04
  1.03165E+01  7.25004E-07  1.00000E-15  2.95988E-04
  1.04222E+01  7.60657E-07  1.00000E-15  2.98978E-04
  1.05261E+01  7.92624E-07  1.00000E-15  3.01928E-04
  1.06288E+01  8.19216E-07  1.00000E-15  3.04853E-04
  1.07311E+01  8.42804E-07  1.00000E-15  3.07768E-04
  1.08332E+01  8.66713E-07  1.00000E-15  3.10681E-04
  1.09353E+01  8.95203E-07  1.00000E-15  3.13582E-04
  1.10366E+01  9.28087E-07  1.00000E-15  3.16460E-04
  1.11369E+01  9.64546E-07  1.00000E-15  3.19304E-04
  1.12359E+01  1.00486E-06  1.00000E-15  3.22111E-04
  1.13331E+01  1.04529E-06  1.00000E-15  3.24863E-04
  1.14289E+01  1.08675E-06  1.00000E-15  3.27579E-04
  1.15232E+01  1.12938E-06  1.00000E-15  3.30251E-04
  1.16160E+01  1.17200E-06  1.00000E-15  3.32888E-04
  1.17075E+01  1.21632E-06  1.00000E-15  3.35477E-04
  1.17977E+01  1.25818E-06  1.00000E-15  3.38032E-04
  1.18867E+01  1.29809E-06  1.00000E-15  3.40562E-04
  1.19749E+01  1.33297E-06  1.00000E-15  3.43074E-04
  1.20626E+01  1.36119E-06  1.00000E-15  3.45574E-04
  1.21502E+01  1.38977E-06  1.00000E-15  3.48078E-04
  1.22377E+01  1.42262E-06  1.00000E-15  3.50569E-04
  1.23249E+01  1.45840E-06  1.00000E-15  3.53054E-04
  1.24116E+01  1.50110E-06  1.00000E-15  3.55514E-04
  1.24974E+01  1.54416E-06  1.00000E-15  3.57951E-04
  1.25824E+01  1.59268E-06  1.00000E-15  3.60364E-04
  1.26663E+01  1.63786E-06  1.00000E-15  3.62743E-04
  1.27493E+01  1.68435E-06  1.00000E-15  3.65096E-04
  1.28314E+01  1.73032E-06  1.00000E-15  3.67432E-04
  1.29128E+01  1.77573E-06  1.00000E-15  3.69741E-04
  1.29934E+01  1.81413E-06  1.00000E-15  3.72040E-04
  1.30736E+01  1.85378E-06  1.00000E-15  3.74327E-04
  1.31535E+01  1.88768E-06  1.00000E-15  3.76604E-04
  1.32331E+01  1.92129E-06  1.00000E-15  3.78878E-04
  1.33126E+01  1.95501E-06  1.00000E-15  3.81146E-04
  1.33920E+01  1.99857E-06  1.00000E-15  3.83410E-04
  1.34708E+01  2.04001E-06  1.00000E-15  3.85648E-04
  1.35491E+01  2.08881E-06  1.00000E-15  3.87884E-04
  1.36268E+01  2.13528E-06  1.00000E-15  3.90084E-04
  1.37038E+01  2.18214E-06  1.00000E-15  3.92275E-04
  1.37803E+01  2.22965E-06  1.00000E-15  3.94448E-04
  1.38562E+01  2.27179E-06  1.00000E-15  3.96609E-04
  1.39318E+01  2.31157E-06  1.00000E-15  3.98767E-04
  1.40071E+01  2.35353E-06  1.00000E-15  4.00918E-04
  1.40820E+01  2.39274E-06  1.00000E-15  4.03052E-04
  1.41566E+01  2.42738E-06  1.00000E-15  4.05184E-04
  1.42312E+01  2.46525E-06  1.00000E-15  4.07308E-04
  1.43056E+01  2.50889E-06  1.00000E-15  4.09428E-04
  1.43796E+01  2.55222E-06  1.00000E-15  4.11530E-04
  1.44532E+01  2.59466E-06  1.00000E-15  4.13624E-04
  1.45265E+01  2.63477E-06  1.00000E-15  4.15714E-04
  1.45996E+01  2.68428E-06  1.00000E-15  4.17806E-04
  1.46721E+01  2.72991E-06  1.00000E-15  4.19865E-04
  1.47443E+01  2.77030E-06  1.00000E-15  4.21927E-04
  1.48163E+01  2.81052E-06  1.00000E-15  4.23978E-04
  1.48880E+01  2.84838E-06  1.00000E-15  4.26028E-04
  1.49596E+01  2.88623E-06  1.00000E-15  4.28072E-04
  1.50310E+01  2.92346E-06  1.00000E-15  4.30109E-04
  1.51023E+01  2.96751E-06  1.00000E-15  4.32143E-04
  1.51733E+01  3.00431E-06  1.00000E-15  4.34162E-04
  1.52441E+01  3.04979E-06  1.00000E-15  4.36187E-04
  1.53146E+01  3.09608E-06  1.00000E-15  4.38190E-04
  1.53847E+01  3.13207E-06  1.00000E-15  4.40189E-04
  1.54548E+01  3.17349E-06  1.00000E-15  4.42196E-04
  1.55246E+01  3.22068E-06  1.00000E-15  4.44183E-04
  1.55941E+01  3.25819E-06  1.00000E-15  4.46160E-04
  1.56634E+01  3.29645E-06  1.00000E-15  4.48147E-04
  1.57326E+01  3.34248E-06  1.00000E-15  4.50113E-04
  1.58015E+01  3.36774E-06  1.00000E-15  4.52080E-04
  1.58704E+01  3.40898E-06  1.00000E-15  4.54058E-04
  1.59392E+01  3.45017E-06  1.00000E-15  4.56008E-04
  1.60078E+01  3.47041E-06  1.00000E-15  4.57973E-04
  1.60766E+01  3.51624E-06  1.00000E-15  4.59939E-04
  1.61450E+01  3.56034E-06  1.00000E-15  4.61885E-04
  1.62132E+01  3.58704E-06  1.00000E-15  4.63836E-04
  1.62815E+01  3.62831E-06  1.00000E-15  4.65795E-04
  1.63495E+01  3.67057E-06  1.00000E-15  4.67729E-04
  1.64173E+01  3.70337E-06  1.00000E-15  4.69677E-04
  1.64851E+01  3.74159E-06  1.00000E-15  4.71602E-04
  1.65527E+01  3.76807E-06  1.00000E-15  4.73539E-04
  1.66203E+01  3.80875E-06  1.00000E-15  4.75469E-04
  1.66878E+01  3.84170E-06  1.00000E-15  4.77387E-04
  1.67552E+01  3.86516E-06  1.00000E-15  4.79313E-04
  1.68227E+01  3.90119E-06  1.00000E-15  4.81242E-04
  1.68900E+01  3.93349E-06  1.00000E-15  4.83164E-04
  1.69573E+01  3.96414E-06  1.00000E-15  4.85091E-04
  1.70245E+01  4.00093E-06  1.00000E-15  4.87009E-04
  1.70916E+01  4.03063E-06  1.00000E-15  4.88933E-04
  1.71587E+01  4.06832E-06  1.00000E-15  4.90846E-04
  1.72256E+01  4.09571E-06  1.00000E-15  4.92753E-04
  1.72925E+01  4.11774E-06  1.00000E-15  4.94666E-04
  1.73595E+01  4.13434E-06  1.00000E-15  4.96587E-04
  1.74267E+01  4.16989E-06  1.00000E-15  4.98512E-04
  1.74937E+01  4.20051E-06  1.00000E-15  5.00432E-04
  1.75606E+01  4.22502E-06  1.00000E-15  5.02349E-04
  1.76276E+01  4.27170E-06  1.00000E-15  5.04262E-04
  1.76943E+01  4.30011E-06  1.00000E-15  5.06159E-04
  1.77609E+01  4.32177E-06  1.00000E-15  5.08054E-04
  1.78276E+01  4.34145E-06  1.00000E-15  5.09960E-04
  1.78943E+01  4.34573E-06  1.00000E-15  5.11879E-04
  1.79614E+01  4.39586E-06  1.00000E-15  5.13797E-04
  1.80281E+01  4.42393E-06  1.00000E-15  5.15698E-04
  1.80948E+01  4.43079E-06  1.00000E-15  5.17602E-04
  1.81617E+01  4.44499E-06  1.00000E-15  5.19530E-04
  1.82288E+01  4.48199E-06  1.00000E-15  5.21444E-04
  1.82956E+01  4.50494E-06  1.00000E-15  5.23363E-04
  1.83625E+01  4.53255E-06  1.00000E-15  5.25265E-04
  1.84293E+01  4.53624E-06  1.00000E-15  5.27176E-04
  1.84964E+01  4.55820E-06  1.00000E-15  5.29104E-04
  1.85635E+01  4.59337E-06  1.00000E-15  5.31023E-04
  1.86304E+01  4.62118E-06  1.00000E-15  5.32934E-04
  1.86972E+01  4.62761E-06  1.00000E-15  5.34840E-04
  1.87642E+01  4.63899E-06  1.00000E-15  5.36767E-04
  1.88314E+01  4.65779E-06  1.00000E-15  5.38693E-04
  1.88986E+01  4.67306E-06  1.00000E-15  5.40617E-04
  1.89659E+01  4.70171E-06  1.00000E-15  5.42537E-04
  1.90331E+01  4.73121E-06  1.00000E-15  5.44456E-04
  1.91002E+01  4.70565E-06  1.00000E-15  5.46386E-04
  1.91679E+01  4.75138E-06  1.00000E-15  5.48331E-04
  1.92352E+01  4.78245E-06  1.00000E-15  5.50242E-04
  1.93024E+01  4.78008E-06  1.00000E-15  5.52169E-04
  1.93699E+01  4.77917E-06  1.00000E-15  5.54101E-04
  1.94376E+01  4.79970E-06  1.00000E-15  5.56059E-04
  1.95053E+01  4.83178E-06  1.00000E-15  5.57975E-04
  1.95728E+01  4.83346E-06  1.00000E-15  5.59916E-04
  1.96406E+01  4.84012E-06  1.00000E-15  5.61859E-04
  1.97085E+01  4.88066E-06  1.00000E-15  5.63799E-04
  1.97761E+01  4.85352E-06  1.00000E-15  5.65741E-04
  1.98443E+01  4.87566E-06  1.00000E-15  5.67695E-04
  1.99124E+01  4.89754E-06  1.00000E-15  5.69645E-04
  1.99804E+01  4.90392E-06  1.00000E-15  5.71588E-04
  2.00486E+01  4.91736E-06  1.00000E-15  5.73539E-04
  2.01167E+01  4.88392E-06  1.00000E-15  5.75499E-04
  2.01856E+01  4.92441E-06  1.00000E-15  5.77495E-04
  2.02541E+01  4.96153E-06  1.00000E-15  5.79433E-04
  2.03223E+01  4.92554E-06  1.00000E-15  5.81391E-04
  2.03912E+01  4.97633E-06  1.00000E-15  5.83368E-04
  2.04596E+01  4.93867E-06  1.00000E-15  5.85323E-04
  2.05287E+01  4.94714E-06  1.00000E-15  5.87323E-04
  2.05979E+01  4.98959E-06  1.00000E-15  5.89272E-04
  2.06667E+01  4.95820E-06  1.00000E-15  5.91256E-04
  2.07360E+01  4.95990E-06  1.00000E-15  5.93256E-04
  2.08056E+01  4.95175E-06  1.00000E-15  5.95257E-04
  2.08754E+01  4.97959E-06  1.00000E-15  5.97260E-04
  2.09449E+01  5.01935E-06  1.00000E-15  5.99239E-04
  2.10141E+01  4.99011E-06  1.00000E-15  6.01211E-04
  2.10839E+01  4.94230E-06  1.00000E-15  6.03236E-04
  2.11544E+01  4.97714E-06  1.00000E-15  6.05263E-04
  2.12247E+01  4.97509E-06  1.00000E-15  6.07268E-04
  2.12951E+01  4.99202E-06  1.00000E-15  6.09291E-04
  2.13654E+01  4.98714E-06  1.00000E-15  6.11299E-04
  2.14359E+01  4.98462E-06  1.00000E-15  6.13332E-04
  2.15065E+01  4.96594E-06  1.00000E-15  6.15345E-04
  2.15776E+01  4.97486E-06  1.00000E-15  6.17408E-04
  2.16486E+01  5.01142E-06  1.00000E-15  6.19423E-04
  2.17192E+01  4.96493E-06  1.00000E-15  6.21449E-04
  2.17907E+01  4.94418E-06  1.00000E-15  6.23512E-04
  2.18625E+01  4.96790E-06  1.00000E-15  6.25588E-04
  2.19341E+01  4.98139E-06  1.00000E-15  6.27622E-04
  2.20056E+01  4.94994E-06  1.00000E-15  6.29676E-04
  2.20776E+01  4.94942E-06  1.00000E-15  6.31746E-04
  2.21497E+01  4.95571E-06  1.00000E-15  6.33826E-04
  2.22219E+01  4.95190E-06  1.00000E-15  6.35884E-04
  2.22941E+01  4.91608E-06  1.00000E-15  6.37970E-04
  2.23670E+01  4.93811E-06  1.00000E-15  6.40067E-04
  2.24396E+01  4.90799E-06  1.00000E-15  6.42140E-04
  2.25128E+01  4.92012E-06  1.00000E-15  6.44258E-04
  2.25858E+01  4.93112E-06  1.00000E-15  6.46322E-04
  2.26587E+01  4.87506E-06  1.00000E-15  6.48444E-04
  2.27326E+01  4.89856E-06  1.00000E-15  6.50560E-04
  2.28061E+01  4.88482E-06  1.00000E-15  6.52661E-04
  2.28799E+01  4.88041E-06  1.00000E-15  6.54787E-04
  2.29538E+01  4.86045E-06  1.00000E-15  6.56911E-04
  2.30280E+01  4.86340E-06  1.00000E-15  6.59038E-04
  2.31022E+01  4.83407E-06  1.00000E-15  6.61171E-04
  2.31769E+01  4.81035E-06  1.00000E-15  6.63346E-04
  2.32521E+01  4.82806E-06  1.00000E-15  6.65485E-04
  2.33269E+01  4.82533E-06  1.00000E-15  6.67645E-04
  2.34018E+01  4.80872E-06  1.00000E-15  6.69776E-04
  2.34770E+01  4.77325E-06  1.00000E-15  6.71951E-04
  2.35528E+01  4.76427E-06  1.00000E-15  6.74132E-04
  2.36287E+01  4.77714E-06  1.00000E-15  6.76307E-04
  2.37044E+01  4.71251E-06  1.00000E-15  6.78486E-04
  2.37812E+01  4.73581E-06  1.00000E-15  6.80718E-04
  2.38576E+01  4.75132E-06  1.00000E-15  6.82871E-04
  2.39337E+01  4.67370E-06  1.00000E-15  6.85079E-04
  2.40111E+01  4.67171E-06  1.00000E-15  6.87315E-04
  2.40884E+01  4.66971E-06  1.00000E-15  6.89537E-04
  2.41658E+01  4.65327E-06  1.00000E-15  6.91767E-04
  2.42435E+01  4.63464E-06  1.00000E-15  6.93994E-04
  2.43214E+01  4.63023E-06  1.00000E-15  6.96250E-04
  2.43993E+01  4.62149E-06  1.00000E-15  6.98463E-04
  2.44774E+01  4.60064E-06  1.00000E-15  7.00709E-04
  2.45558E+01  4.52979E-06  1.00000E-15  7.02975E-04
  2.46353E+01  4.53586E-06  1.00000E-15  7.05284E-04
  2.47147E+01  4.55741E-06  1.00000E-15  7.07549E-04
  2.47937E+01  4.51755E-06  1.00000E-15  7.09832E-04
  2.48733E+01  4.48083E-06  1.00000E-15  7.12108E-04
  2.49535E+01  4.47600E-06  1.00000E-15  7.14448E-04
  2.50337E+01  4.49626E-06  1.00000E-15  7.16717E-04
  2.51134E+01  4.40330E-06  1.00000E-15  7.19027E-04
  2.51948E+01  4.38563E-06  1.00000E-15  7.21393E-04
  2.52764E+01  4.43259E-06  1.00000E-15  7.23722E-04
  2.53571E+01  4.40268E-06  1.00000E-15  7.26022E-04
  2.54382E+01  4.33368E-06  1.00000E-15  7.28381E-04
  2.55205E+01  4.32041E-06  1.00000E-15  7.30752E-04
  2.56029E+01  4.30197E-06  1.00000E-15  7.33128E-04
  2.56856E+01  4.28970E-06  1.00000E-15  7.35506E-04
  2.57684E+01  4.25800E-06  1.00000E-15  7.37895E-04
  2.58518E+01  4.25396E-06  1.00000E-15  7.40300E-04
  2.59350E+01  4.21672E-06  1.00000E-15  7.42695E-04
  2.60189E+01  4.20942E-06  1.00000E-15  7.45117E-04
  2.61028E+01  4.17744E-06  1.00000E-15  7.47519E-04
  2.61872E+01  4.14488E-06  1.00000E-15  7.49972E-04
  2.62721E+01  4.14054E-06  1.00000E-15  7.52403E-04
  2.63570E+01  4.11096E-06  1.00000E-15  7.54838E-04
  2.64423E+01  4.09623E-06  1.00000E-15  7.57295E-04
  2.65278E+01  4.04940E-06  1.00000E-15  7.59766E-04
  2.66141E+01  3.99418E-06  1.00000E-15  7.62278E-04
  2.67014E+01  4.00862E-06  1.00000E-15  7.64792E-04
  2.67882E+01  3.98675E-06  1.00000E-15  7.67278E-04
  2.68753E+01  3.94138E-06  1.00000E-15  7.69804E-04
  2.69633E+01  3.90859E-06  1.00000E-15  7.72348E-04
  2.70517E+01  3.94159E-06  1.00000E-15  7.74897E-04
  2.71393E+01  3.87437E-06  1.00000E-15  7.77391E-04
  2.72282E+01  3.81700E-06  1.00000E-15  7.80003E-04
  2.73182E+01  3.85329E-06  1.00000E-15  7.82553E-04
  2.74071E+01  3.78066E-06  1.00000E-15  7.85124E-04
  2.74975E+01  3.77757E-06  1.00000E-15  7.87763E-04
  2.75878E+01  3.74681E-06  1.00000E-15  7.90334E-04
  2.76786E+01  3.72470E-06  1.00000E-15  7.92971E-04
  2.77697E+01  3.68061E-06  1.00000E-15  7.95583E-04
  2.78617E+01  3.63148E-06  1.00000E-15  7.98278E-04
  2.79546E+01  3.63850E-06  1.00000E-15  8.00930E-04
  2.80471E+01  3.58183E-06  1.00000E-15  8.03624E-04
  2.81408E+01  3.58185E-06  1.00000E-15  8.06319E-04
  2.82343E+01  3.53839E-06  1.00000E-15  8.09021E-04
  2.83286E+01  3.50887E-06  1.00000E-15  8.11746E-04
  2.84234E+01  3.47266E-06  1.00000E-15  8.14473E-04
  2.85189E+01  3.46619E-06  1.00000E-15  8.17239E-04
  2.86143E+01  3.42612E-06  1.00000E-15  8.19976E-04
  2.87106E+01  3.40835E-06  1.00000E-15  8.22775E-04
  2.88070E+01  3.36174E-06  1.00000E-15  8.25541E-04
  2.89045E+01  3.30956E-06  1.00000E-15  8.28383E-04
  2.90031E+01  3.31247E-06  1.00000E-15  8.31229E-04
  2.91014E+01  3.27621E-06  1.00000E-15  8.34054E-04
  2.92004E+01  3.25524E-06  1.00000E-15  8.36930E-04
  2.92997E+01  3.22431E-06  1.00000E-15  8.39764E-04
  2.93996E+01  3.15684E-06  1.00000E-15  8.42690E-04
  2.95012E+01  3.14287E-06  1.00000E-15  8.45633E-04
  2.96030E+01  3.10612E-06  1.00000E-15  8.48574E-04
  2.97056E+01  3.08559E-06  1.00000E-15  8.51544E-04
  2.98085E+01  3.06499E-06  1.00000E-15  8.54501E-04
  2.99117E+01  3.01074E-06  1.00000E-15  8.57489E-04
  3.00163E+01  2.95414E-06  1.00000E-15  8.60546E-04
  3.01225E+01  2.96618E-06  1.00000E-15  8.63626E-04
  3.02279E+01  2.92737E-06  1.00000E-15  8.66623E-04
  3.03343E+01  2.86533E-06  1.00000E-15  8.69759E-04
  3.04425E+01  2.88299E-06  1.00000E-15  8.72845E-04
  3.05496E+01  2.83698E-06  1.00000E-15  8.75934E-04
  3.06580E+01  2.80954E-06  1.00000E-15  8.79072E-04
  3.07670E+01  2.77481E-06  1.00000E-15  8.82204E-04
  3.08769E+01  2.72536E-06  1.00000E-15  8.85412E-04
  3.09883E+01  2.68914E-06  1.00000E-15  8.88642E-04
  3.11007E+01  2.65606E-06  1.00000E-15  8.91910E-04
  3.12140E+01  2.63940E-06  1.00000E-15  8.95196E-04
  3.13275E+01  2.58916E-06  1.00000E-15  8.98472E-04
  3.14426E+01  2.52532E-06  1.00000E-15  9.01866E-04
  3.15602E+01  2.52958E-06  1.00000E-15  9.05260E-04
  3.16769E+01  2.47258E-06  1.00000E-15  9.08619E-04
  3.17958E+01  2.41831E-06  1.00000E-15  9.12149E-04
  3.19168E+01  2.41868E-06  1.00000E-15  9.15601E-04
  3.20371E+01  2.39206E-06  1.00000E-15  9.19082E-04
  3.21582E+01  2.37144E-06  1.00000E-15  9.22547E-04
  3.22798E+01  2.33325E-06  1.00000E-15  9.26059E-04
  3.24027E+01  2.32505E-06  1.00000E-15  9.29584E-04
  3.25254E+01  2.29635E-06  1.00000E-15  9.33110E-04
  3.26490E+01  2.23875E-06  1.00000E-15  9.36703E-04
  3.27751E+01  2.19795E-06  1.00000E-15  9.40408E-04
  3.29029E+01  2.17029E-06  1.00000E-15  9.44101E-04
  3.30317E+01  2.11481E-06  1.00000E-15  9.47878E-04
  3.31631E+01  2.07792E-06  1.00000E-15  9.51724E-04
  3.32961E+01  2.05123E-06  1.00000E-15  9.55592E-04
  3.34301E+01  1.99166E-06  1.00000E-15  9.59494E-04
  3.35673E+01  1.95810E-06  1.00000E-15  9.63538E-04
  3.37060E+01  1.91649E-06  1.00000E-15  9.67550E-04
  3.38469E+01  1.88283E-06  1.00000E-15  9.71705E-04
  3.39895E+01  1.83865E-06  1.00000E-15  9.75822E-04
  3.41346E+01  1.81103E-06  1.00000E-15  9.80098E-04
  3.42810E+01  1.80987E-06  1.00000E-15  9.84213E-04
  3.44266E+01  1.76762E-06  1.00000E-15  9.88483E-04
  3.45748E+01  1.77272E-06  1.00000E-15  9.92676E-04
  3.47217E+01  1.71287E-06  1.00000E-15  9.96956E-04
  3.48727E+01  1.71461E-06  1.00000E-15  1.00128E-03
  3.50227E+01  1.68184E-06  1.00000E-15  1.00560E-03
  3.51746E+01  1.64371E-06  1.00000E-15  1.01002E-03
  3.53291E+01  1.61800E-06  1.00000E-15  1.01450E-03
  3.54850E+01  1.59161E-06  1.00000E-15  1.01899E-03
  3.56425E+01  1.52934E-06  1.00000E-15  1.02362E-03
  3.58054E+01  1.51242E-06  1.00000E-15  1.02839E-03
  3.59690E+01  1.45388E-06  1.00000E-15  1.03314E-03
  3.61380E+01  1.42575E-06  1.00000E-15  1.03816E-03
  3.63092E+01  1.39496E-06  1.00000E-15  1.04309E-03
  3.64830E+01  1.34164E-06  1.00000E-15  1.04828E-03
  3.66624E+01  1.30856E-06  1.00000E-15  1.05347E-03
  3.68451E+01  1.26617E-06  1.00000E-15  1.05890E-03
  3.70325E+01  1.21896E-06  1.00000E-15  1.06438E-03
  3.72257E+01  1.18552E-06  1.00000E-15  1.07015E-03
  3.74228E+01  1.15106E-06  1.00000E-15  1.07583E-03
  3.76243E+01  1.09743E-06  1.00000E-15  1.08190E-03
  3.78340E+01  1.05781E-06  1.00000E-15  1.08803E-03
  3.80497E+01  1.02758E-06  1.00000E-15  1.09450E-03
  3.82700E+01  9.93604E-07  1.00000E-15  1.10079E-03
  3.84959E+01  9.58605E-07  1.00000E-15  1.10762E-03
  3.87281E+01  9.43446E-07  1.00000E-15  1.11415E-03
  3.89620E+01  9.05502E-07  1.00000E-15  1.12116E-03
  3.92036E+01  9.75101E-07  1.00000E-15  1.12769E-03
  3.94262E+01  9.22777E-07  1.00000E-15  1.13381E-03
  3.96596E+01  9.64425E-07  1.00000E-15  1.14058E-03
  3.98814E+01  9.35715E-07  1.00000E-15  1.14640E-03
  4.01083E+01  8.95331E-07  1.00000E-15  1.15347E-03
  4.03439E+01  8.80631E-07  1.00000E-15  1.15970E-03
  4.05817E+01  8.17161E-07  1.00000E-15  1.16742E-03
  4.08362E+01  7.98856E-07  1.00000E-15  1.17424E-03
  4.10946E+01  7.74745E-07  1.00000E-15  1.18243E-03
  4.13592E+01  7.34428E-07  1.00000E-15  1.18943E-03
  4.16363E+01  6.94539E-07  1.00000E-15  1.19855E-03
  4.19273E+01  6.63273E-07  1.00000E-15  1.20626E-03
  4.22297E+01  6.26725E-07  1.00000E-15  1.21618E-03
  4.25474E+01  5.92939E-07  1.00000E-15  1.22467E-03
  4.28807E+01  5.47216E-07  1.00000E-15  1.23572E-03
  4.32391E+01  5.14542E-07  1.00000E-15  1.24551E-03
  4.36173E+01  4.66023E-07  1.00000E-15  1.25801E-03
  4.40314E+01  4.32907E-07  1.00000E-15  1.26972E-03
  4.44734E+01  3.95003E-07  1.00000E-15  1.28390E-03
  4.49535E+01  3.60824E-07  1.00000E-15  1.29795E-03
  4.54744E+01  3.38634E-07  1.00000E-15  1.31388E-03
  4.60244E+01  3.06045E-07  1.00000E-15  1.33031E-03
  4.66278E+01  2.90244E-07  1.00000E-15  1.34824E-03
  4.72590E+01  2.60362E-07  1.00000E-15  1.36728E-03
  4.79578E+01  2.46538E-07  1.00000E-15  1.38788E-03
  4.86919E+01  2.19234E-07  1.00000E-15  1.40989E-03
  4.95152E+01  1.67341E-07  1.00000E-15  1.43774E-03
  5.05907E+01  4.25866E-07  1.00000E-15  1.45221E-03
  5.10198E+01  1.95306E-06  1.05394E-15  1.44816E-03
  5.11182E+01  1.06396E-06  1.00000E-15  1.44334E-03
  5.13146E+01  5.84548E-07  1.00000E-15  1.44320E-03
  5.17342E+01  5.25703E-07  1.00000E-15  1.44828E-03
  5.27600E+01  1.76365E-07  1.00000E-15  1.44858E-03
