 -5.30946E-11  2.90797E-03  2.57434E+04  4.69602E+00
  1.85001E-02  1.97665E-02  2.57436E+04  1.01331E+01
  2.13360E-02  3.08690E-02  2.57441E+04  1.16386E+01
  2.44010E-02  5.00549E-02  2.57450E+04  1.30872E+01
  2.70476E-02  7.31797E-02  2.57462E+04  1.43563E+01
  2.93940E-02  1.00419E-01  2.57479E+04  1.54916E+01
  3.15071E-02  1.32872E-01  2.57504E+04  1.65157E+01
  3.34186E-02  1.70645E-01  2.57537E+04  1.74411E+01
  3.51603E-02  2.11378E-01  2.57584E+04  1.82884E+01
  3.67771E-02  2.55991E-01  2.57646E+04  1.90729E+01
  3.82903E-02  3.04054E-01  2.57730E+04  1.98053E+01
  3.97176E-02  3.56204E-01  2.57833E+04  2.04926E+01
  4.10692E-02  4.12507E-01  2.57957E+04  2.11403E+01
  4.23535E-02  4.72256E-01  2.58102E+04  2.17546E+01
  4.35794E-02  5.34789E-01  2.58269E+04  2.23432E+01
  4.47554E-02  5.99574E-01  2.58457E+04  2.29131E+01
  4.58885E-02  6.67523E-01  2.58666E+04  2.34675E+01
  4.69829E-02  7.38248E-01  2.58887E+04  2.40084E+01
  4.80423E-02  8.13109E-01  2.59118E+04  2.45362E+01
  4.90684E-02  8.93077E-01  2.59349E+04  2.50526E+01
  5.00616E-02  9.77352E-01  2.59579E+04  2.55599E+01
  5.10236E-02  1.06354E+00  2.59807E+04  2.60591E+01
  5.19583E-02  1.15398E+00  2.60043E+04  2.65483E+01
  5.28668E-02  1.24698E+00  2.60307E+04  2.70246E+01
  5.37516E-02  1.34163E+00  2.60618E+04  2.74857E+01
  5.46151E-02  1.44006E+00  2.60985E+04  2.79303E+01
  5.54583E-02  1.53916E+00  2.61410E+04  2.83583E+01
  5.62837E-02  1.64423E+00  2.61892E+04  2.87710E+01
  5.70906E-02  1.74988E+00  2.62410E+04  2.91744E+01
  5.78813E-02  1.86271E+00  2.62942E+04  2.95776E+01
  5.86549E-02  1.97568E+00  2.63449E+04  2.99844E+01
  5.94133E-02  2.09493E+00  2.63918E+04  3.03939E+01
  6.01563E-02  2.21390E+00  2.64377E+04  3.08015E+01
  6.08857E-02  2.33764E+00  2.64849E+04  3.11937E+01
  6.16015E-02  2.46192E+00  2.65379E+04  3.15598E+01
  6.23052E-02  2.59049E+00  2.65980E+04  3.19029E+01
  6.29968E-02  2.72220E+00  2.66635E+04  3.22325E+01
  6.36769E-02  2.85546E+00  2.67316E+04  3.25690E+01
  6.43462E-02  2.99426E+00  2.68026E+04  3.29252E+01
  6.50045E-02  3.13596E+00  2.68787E+04  3.33056E+01
  6.56524E-02  3.28144E+00  2.69586E+04  3.36935E+01
  6.62900E-02  3.42906E+00  2.70431E+04  3.40601E+01
  6.69180E-02  3.58032E+00  2.71290E+04  3.43898E+01
  6.75366E-02  3.73384E+00  2.72134E+04  3.46917E+01
  6.81462E-02  3.88982E+00  2.72988E+04  3.49958E+01
  6.87473E-02  4.04968E+00  2.73874E+04  3.53246E+01
  6.93400E-02  4.21116E+00  2.74808E+04  3.56735E+01
  6.99247E-02  4.37666E+00  2.75798E+04  3.60196E+01
  7.05017E-02  4.54689E+00  2.76830E+04  3.63465E+01
  7.10708E-02  4.72121E+00  2.77914E+04  3.66538E+01
  7.16323E-02  4.89858E+00  2.79048E+04  3.69564E+01
  7.21864E-02  5.07443E+00  2.80211E+04  3.72690E+01
  7.27337E-02  5.25656E+00  2.81376E+04  3.75894E+01
  7.32743E-02  5.44509E+00  2.82567E+04  3.79068E+01
  7.38078E-02  5.62890E+00  2.83821E+04  3.82130E+01
  7.43354E-02  5.82481E+00  2.85130E+04  3.85128E+01
  7.48562E-02  6.01629E+00  2.86464E+04  3.88165E+01
  7.53712E-02  6.22056E+00  2.87808E+04  3.91219E+01
  7.58797E-02  6.41618E+00  2.89186E+04  3.94220E+01
  7.63829E-02  6.62635E+00  2.90648E+04  3.97126E+01
  7.68799E-02  6.83697E+00  2.92204E+04  3.99971E+01
  7.73712E-02  7.04610E+00  2.93785E+04  4.02897E+01
  7.78572E-02  7.26442E+00  2.95314E+04  4.05968E+01
  7.83376E-02  7.48743E+00  2.96826E+04  4.09034E+01
  7.88126E-02  7.70669E+00  2.98443E+04  4.11936E+01
  7.92826E-02  7.93316E+00  3.00221E+04  4.14679E+01
  7.97476E-02  8.16681E+00  3.02093E+04  4.17425E+01
  8.02075E-02  8.40217E+00  3.03975E+04  4.20314E+01
  8.06624E-02  8.64097E+00  3.05830E+04  4.23321E+01
  8.11125E-02  8.88048E+00  3.07657E+04  4.26338E+01
  8.15580E-02  9.12436E+00  3.09501E+04  4.29238E+01
  8.19989E-02  9.36980E+00  3.11425E+04  4.32010E+01
  8.24355E-02  9.62529E+00  3.13505E+04  4.34744E+01
  8.28676E-02  9.88320E+00  3.15693E+04  4.37487E+01
  8.32952E-02  1.01475E+01  3.17958E+04  4.40245E+01
  8.37184E-02  1.04155E+01  3.20196E+04  4.43032E+01
  8.41373E-02  1.06843E+01  3.22414E+04  4.45870E+01
  8.45520E-02  1.09504E+01  3.24628E+04  4.48711E+01
  8.49629E-02  1.12264E+01  3.26906E+04  4.51506E+01
  8.53698E-02  1.15114E+01  3.29266E+04  4.54287E+01
  8.57726E-02  1.17932E+01  3.31701E+04  4.57069E+01
  8.61716E-02  1.20770E+01  3.34202E+04  4.59839E+01
  8.65670E-02  1.23771E+01  3.36795E+04  4.62578E+01
  8.69584E-02  1.26687E+01  3.39519E+04  4.65326E+01
  8.73462E-02  1.29750E+01  3.42237E+04  4.68029E+01
  8.77302E-02  1.32846E+01  3.45021E+04  4.70725E+01
  8.81106E-02  1.35945E+01  3.47854E+04  4.73443E+01
  8.84874E-02  1.39072E+01  3.50685E+04  4.76132E+01
  8.88607E-02  1.42311E+01  3.53534E+04  4.78862E+01
  8.92305E-02  1.45472E+01  3.56486E+04  4.81579E+01
  8.95971E-02  1.48863E+01  3.59541E+04  4.84267E+01
  8.99601E-02  1.52056E+01  3.62653E+04  4.86986E+01
  9.03201E-02  1.55462E+01  3.65789E+04  4.89694E+01
  9.06767E-02  1.58941E+01  3.68963E+04  4.92347E+01
  9.10300E-02  1.62351E+01  3.72249E+04  4.95029E+01
  9.13802E-02  1.65844E+01  3.75588E+04  4.97742E+01
  9.17273E-02  1.69436E+01  3.78964E+04  5.00400E+01
  9.20713E-02  1.73090E+01  3.82440E+04  5.03065E+01
  9.24121E-02  1.76723E+01  3.85950E+04  5.05743E+01
  9.27499E-02  1.80387E+01  3.89592E+04  5.08400E+01
  9.30849E-02  1.84153E+01  3.93253E+04  5.11059E+01
  9.34169E-02  1.87931E+01  3.96959E+04  5.13702E+01
  9.37460E-02  1.91774E+01  4.00721E+04  5.16328E+01
  9.40723E-02  1.95622E+01  4.04559E+04  5.18943E+01
  9.43958E-02  1.99627E+01  4.08478E+04  5.21566E+01
  9.47164E-02  2.03582E+01  4.12494E+04  5.24182E+01
  9.50344E-02  2.07663E+01  4.16562E+04  5.26809E+01
  9.53495E-02  2.11728E+01  4.20698E+04  5.29451E+01
  9.56621E-02  2.15891E+01  4.24921E+04  5.32076E+01
  9.59719E-02  2.20040E+01  4.29173E+04  5.34679E+01
  9.62792E-02  2.24291E+01  4.33510E+04  5.37249E+01
  9.65839E-02  2.28605E+01  4.37916E+04  5.39818E+01
  9.68861E-02  2.32929E+01  4.42372E+04  5.42395E+01
  9.71857E-02  2.37223E+01  4.46883E+04  5.44970E+01
  9.74830E-02  2.41682E+01  4.51514E+04  5.47551E+01
  9.77778E-02  2.46227E+01  4.56233E+04  5.50108E+01
  9.80702E-02  2.50747E+01  4.61013E+04  5.52642E+01
  9.83601E-02  2.55267E+01  4.65826E+04  5.55190E+01
  9.86478E-02  2.59940E+01  4.70716E+04  5.57748E+01
  9.89331E-02  2.64630E+01  4.75693E+04  5.60266E+01
  9.92161E-02  2.69320E+01  4.80781E+04  5.62768E+01
  9.94969E-02  2.74172E+01  4.85949E+04  5.65285E+01
  9.97754E-02  2.78919E+01  4.91232E+04  5.67771E+01
  1.00052E-01  2.83951E+01  4.96582E+04  5.70263E+01
  1.00326E-01  2.88729E+01  5.01947E+04  5.72768E+01
  1.00598E-01  2.93828E+01  5.07301E+04  5.75296E+01
  1.00868E-01  2.98749E+01  5.12741E+04  5.77841E+01
  1.01136E-01  3.03827E+01  5.18294E+04  5.80350E+01
  1.01401E-01  3.08945E+01  5.23899E+04  5.82827E+01
  1.01665E-01  3.14034E+01  5.29580E+04  5.85299E+01
  1.01927E-01  3.19317E+01  5.35388E+04  5.87752E+01
  1.02187E-01  3.24516E+01  5.41280E+04  5.90174E+01
  1.02445E-01  3.29868E+01  5.47296E+04  5.92569E+01
  1.02700E-01  3.35274E+01  5.53401E+04  5.94986E+01
  1.02954E-01  3.40715E+01  5.59524E+04  5.97408E+01
  1.03206E-01  3.46182E+01  5.65807E+04  5.99809E+01
  1.03457E-01  3.51651E+01  5.72108E+04  6.02221E+01
  1.03705E-01  3.57240E+01  5.78450E+04  6.04648E+01
  1.03952E-01  3.62713E+01  5.84760E+04  6.07088E+01
  1.04196E-01  3.68339E+01  5.91203E+04  6.09517E+01
  1.04439E-01  3.73952E+01  5.97721E+04  6.11917E+01
  1.04681E-01  3.79610E+01  6.04334E+04  6.14279E+01
  1.04921E-01  3.85321E+01  6.11060E+04  6.16619E+01
  1.05159E-01  3.91210E+01  6.17968E+04  6.18939E+01
  1.05395E-01  3.97060E+01  6.25018E+04  6.21239E+01
  1.05630E-01  4.03049E+01  6.32114E+04  6.23553E+01
  1.05863E-01  4.08897E+01  6.39212E+04  6.25883E+01
  1.06094E-01  4.15012E+01  6.46280E+04  6.28259E+01
  1.06324E-01  4.20843E+01  6.53349E+04  6.30674E+01
  1.06552E-01  4.26824E+01  6.60554E+04  6.33033E+01
  1.06779E-01  4.32934E+01  6.67970E+04  6.35311E+01
  1.07004E-01  4.39093E+01  6.75468E+04  6.37559E+01
  1.07228E-01  4.45283E+01  6.83130E+04  6.39762E+01
  1.07450E-01  4.51366E+01  6.90929E+04  6.41948E+01
  1.07671E-01  4.57581E+01  6.98416E+04  6.44262E+01
  1.07890E-01  4.63784E+01  7.05845E+04  6.46611E+01
  1.08109E-01  4.70181E+01  7.14007E+04  6.48737E+01
  1.08325E-01  4.76170E+01  7.21649E+04  6.51053E+01
  1.08540E-01  4.82278E+01  7.28937E+04  6.53612E+01
  1.08755E-01  4.89423E+01  7.38487E+04  6.55241E+01
  1.08967E-01  4.95716E+01  7.46962E+04  6.57206E+01
  1.09178E-01  5.01058E+01  7.52443E+04  6.60790E+01
  1.09389E-01  5.08755E+01  7.63275E+04  6.61944E+01
  1.09597E-01  5.16427E+01  7.75655E+04  6.63116E+01
  1.09804E-01  5.20732E+01  7.77907E+04  6.68499E+01
  1.10011E-01  5.03815E+01  7.29088E+04  6.56368E+01
  1.10225E-01  2.92750E+01  2.45304E+04  3.51711E+01
  1.10597E-01  1.52150E+01  4.42070E+02  2.62395E+00
  1.11312E-01  1.32679E+01  2.14134E-01  1.33983E-02
  1.12128E-01  1.30655E+01  1.55759E-06  5.57715E-07
  1.12954E-01  1.29515E+01  1.46198E-06  1.10230E-09
  1.13782E-01  1.28380E+01  1.44069E-06  1.10146E-09
  1.14614E-01  1.27249E+01  1.41959E-06  1.09776E-09
  1.15449E-01  1.26120E+01  1.39866E-06  1.09391E-09
  1.16288E-01  1.24993E+01  1.37791E-06  1.09000E-09
  1.17130E-01  1.23870E+01  1.35733E-06  1.08603E-09
  1.17975E-01  1.22750E+01  1.33694E-06  1.08198E-09
  1.18824E-01  1.21633E+01  1.31672E-06  1.07782E-09
  1.19676E-01  1.20519E+01  1.29668E-06  1.07366E-09
  1.20532E-01  1.19408E+01  1.27682E-06  1.06937E-09
  1.21391E-01  1.18301E+01  1.25715E-06  1.06506E-09
  1.22254E-01  1.17197E+01  1.23766E-06  1.06067E-09
  1.23121E-01  1.16096E+01  1.21835E-06  1.05618E-09
  1.23991E-01  1.14999E+01  1.19922E-06  1.05169E-09
  1.24864E-01  1.13906E+01  1.18027E-06  1.04710E-09
  1.25742E-01  1.12816E+01  1.16151E-06  1.04243E-09
  1.26623E-01  1.11730E+01  1.14294E-06  1.03774E-09
  1.27508E-01  1.10647E+01  1.12454E-06  1.03297E-09
  1.28397E-01  1.09569E+01  1.10633E-06  1.02813E-09
  1.29290E-01  1.08494E+01  1.08831E-06  1.02327E-09
  1.30186E-01  1.07424E+01  1.07047E-06  1.01836E-09
  1.31087E-01  1.06357E+01  1.05282E-06  1.01338E-09
  1.31991E-01  1.05295E+01  1.03535E-06  1.00830E-09
  1.32900E-01  1.04237E+01  1.01806E-06  1.00324E-09
  1.33812E-01  1.03183E+01  1.00096E-06  9.98115E-10
  1.34729E-01  1.02133E+01  9.84050E-07  9.92901E-10
  1.35650E-01  1.01087E+01  9.67320E-07  9.87665E-10
  1.36575E-01  1.00046E+01  9.50774E-07  9.82399E-10
  1.37504E-01  9.90099E+00  9.34413E-07  9.77061E-10
  1.38438E-01  9.79778E+00  9.18236E-07  9.71716E-10
  1.39376E-01  9.69503E+00  9.02243E-07  9.66319E-10
  1.40318E-01  9.59274E+00  8.86433E-07  9.60858E-10
  1.41264E-01  9.49092E+00  8.70806E-07  9.55358E-10
  1.42216E-01  9.38956E+00  8.55362E-07  9.49823E-10
  1.43171E-01  9.28868E+00  8.40100E-07  9.44268E-10
  1.44131E-01  9.18827E+00  8.25020E-07  9.38680E-10
  1.45096E-01  9.08836E+00  8.10121E-07  9.33035E-10
  1.46065E-01  8.98892E+00  7.95403E-07  9.27359E-10
  1.47040E-01  8.88999E+00  7.80866E-07  9.21652E-10
  1.48018E-01  8.79154E+00  7.66508E-07  9.15890E-10
  1.49002E-01  8.69360E+00  7.52329E-07  9.10143E-10
  1.49991E-01  8.59617E+00  7.38328E-07  9.04344E-10
  1.50984E-01  8.49924E+00  7.24505E-07  8.98520E-10
  1.51982E-01  8.40282E+00  7.10859E-07  8.92650E-10
  1.52986E-01  8.30692E+00  6.97389E-07  8.86779E-10
  1.53994E-01  8.21154E+00  6.84094E-07  8.80882E-10
  1.55008E-01  8.11668E+00  6.70974E-07  8.74946E-10
  1.56026E-01  8.02235E+00  6.58028E-07  8.68994E-10
  1.57050E-01  7.92855E+00  6.45255E-07  8.63001E-10
  1.58080E-01  7.83529E+00  6.32653E-07  8.56993E-10
  1.59114E-01  7.74255E+00  6.20224E-07  8.50973E-10
  1.60154E-01  7.65036E+00  6.07964E-07  8.44941E-10
  1.61200E-01  7.55871E+00  5.95873E-07  8.38888E-10
  1.62251E-01  7.46760E+00  5.83951E-07  8.32786E-10
  1.63308E-01  7.37704E+00  5.72196E-07  8.26682E-10
  1.64370E-01  7.28703E+00  5.60608E-07  8.20607E-10
  1.65438E-01  7.19757E+00  5.49184E-07  8.14477E-10
  1.66512E-01  7.10867E+00  5.37925E-07  8.08340E-10
  1.67592E-01  7.02033E+00  5.26829E-07  8.02156E-10
  1.68678E-01  6.93254E+00  5.15896E-07  7.96019E-10
  1.69769E-01  6.84532E+00  5.05123E-07  7.89822E-10
  1.70867E-01  6.75865E+00  4.94510E-07  7.83643E-10
  1.71971E-01  6.67256E+00  4.84056E-07  7.77437E-10
  1.73082E-01  6.58703E+00  4.73759E-07  7.71247E-10
  1.74198E-01  6.50207E+00  4.63618E-07  7.65016E-10
  1.75321E-01  6.41768E+00  4.53633E-07  7.58801E-10
  1.76451E-01  6.33386E+00  4.43802E-07  7.52569E-10
  1.77587E-01  6.25062E+00  4.34123E-07  7.46325E-10
  1.78729E-01  6.16795E+00  4.24597E-07  7.40093E-10
  1.79879E-01  6.08586E+00  4.15220E-07  7.33854E-10
  1.81035E-01  6.00435E+00  4.05992E-07  7.27608E-10
  1.82198E-01  5.92342E+00  3.96912E-07  7.21334E-10
  1.83368E-01  5.84306E+00  3.87979E-07  7.15096E-10
  1.84545E-01  5.76329E+00  3.79192E-07  7.08860E-10
  1.85729E-01  5.68410E+00  3.70548E-07  7.02586E-10
  1.86921E-01  5.60549E+00  3.62046E-07  6.96330E-10
  1.88120E-01  5.52747E+00  3.53686E-07  6.90075E-10
  1.89326E-01  5.45003E+00  3.45466E-07  6.83832E-10
  1.90540E-01  5.37317E+00  3.37385E-07  6.77592E-10
  1.91762E-01  5.29691E+00  3.29442E-07  6.71352E-10
  1.92991E-01  5.22122E+00  3.21634E-07  6.65091E-10
  1.94228E-01  5.14613E+00  3.13961E-07  6.58840E-10
  1.95474E-01  5.07162E+00  3.06422E-07  6.52631E-10
  1.96727E-01  4.99770E+00  2.99014E-07  6.46422E-10
  1.97989E-01  4.92437E+00  2.91737E-07  6.40178E-10
  1.99259E-01  4.85162E+00  2.84590E-07  6.33962E-10
  2.00537E-01  4.77946E+00  2.77570E-07  6.27752E-10
  2.01824E-01  4.70789E+00  2.70677E-07  6.21556E-10
  2.03120E-01  4.63691E+00  2.63910E-07  6.15360E-10
  2.04424E-01  4.56651E+00  2.57266E-07  6.09175E-10
  2.05738E-01  4.49670E+00  2.50745E-07  6.02998E-10
  2.07060E-01  4.42748E+00  2.44345E-07  5.96844E-10
  2.08392E-01  4.35885E+00  2.38064E-07  5.90690E-10
  2.09733E-01  4.29080E+00  2.31902E-07  5.84546E-10
  2.11084E-01  4.22334E+00  2.25857E-07  5.78414E-10
  2.12444E-01  4.15646E+00  2.19928E-07  5.72296E-10
  2.13815E-01  4.09017E+00  2.14113E-07  5.66190E-10
  2.15195E-01  4.02446E+00  2.08411E-07  5.60089E-10
  2.16585E-01  3.95934E+00  2.02821E-07  5.54014E-10
  2.17986E-01  3.89480E+00  1.97341E-07  5.47952E-10
  2.19397E-01  3.83084E+00  1.91969E-07  5.41890E-10
  2.20819E-01  3.76747E+00  1.86706E-07  5.35856E-10
  2.22252E-01  3.70467E+00  1.81548E-07  5.29831E-10
  2.23696E-01  3.64246E+00  1.76495E-07  5.23816E-10
  2.25151E-01  3.58082E+00  1.71545E-07  5.17839E-10
  2.26617E-01  3.51976E+00  1.66698E-07  5.11859E-10
  2.28095E-01  3.45928E+00  1.61951E-07  5.05891E-10
  2.29585E-01  3.39937E+00  1.57304E-07  4.99951E-10
  2.31087E-01  3.34004E+00  1.52755E-07  4.94027E-10
  2.32601E-01  3.28129E+00  1.48302E-07  4.88123E-10
  2.34128E-01  3.22310E+00  1.43945E-07  4.82230E-10
  2.35667E-01  3.16549E+00  1.39682E-07  4.76351E-10
  2.37219E-01  3.10844E+00  1.35512E-07  4.70504E-10
  2.38784E-01  3.05196E+00  1.31434E-07  4.64668E-10
  2.40363E-01  2.99605E+00  1.27445E-07  4.58852E-10
  2.41955E-01  2.94071E+00  1.23546E-07  4.53048E-10
  2.43562E-01  2.88593E+00  1.19734E-07  4.47279E-10
  2.45182E-01  2.83171E+00  1.16009E-07  4.41520E-10
  2.46818E-01  2.77806E+00  1.12368E-07  4.35781E-10
  2.48468E-01  2.72496E+00  1.08812E-07  4.30070E-10
  2.50133E-01  2.67243E+00  1.05338E-07  4.24367E-10
  2.51813E-01  2.62044E+00  1.01945E-07  4.18693E-10
  2.53509E-01  2.56902E+00  9.86325E-08  4.13047E-10
  2.55221E-01  2.51815E+00  9.53987E-08  4.07411E-10
  2.56950E-01  2.46782E+00  9.22426E-08  4.01793E-10
  2.58695E-01  2.41805E+00  8.91629E-08  3.96204E-10
  2.60458E-01  2.36883E+00  8.61584E-08  3.90635E-10
  2.62238E-01  2.32015E+00  8.32279E-08  3.85085E-10
  2.64036E-01  2.27202E+00  8.03702E-08  3.79569E-10
  2.65852E-01  2.22443E+00  7.75841E-08  3.74067E-10
  2.67687E-01  2.17738E+00  7.48685E-08  3.68586E-10
  2.69542E-01  2.13087E+00  7.22222E-08  3.63127E-10
  2.71416E-01  2.08490E+00  6.96441E-08  3.57692E-10
  2.73310E-01  2.03947E+00  6.71329E-08  3.52283E-10
  2.75224E-01  1.99456E+00  6.46876E-08  3.46892E-10
  2.77160E-01  1.95019E+00  6.23071E-08  3.41530E-10
  2.79117E-01  1.90635E+00  5.99902E-08  3.36187E-10
  2.81097E-01  1.86304E+00  5.77358E-08  3.30866E-10
  2.83099E-01  1.82025E+00  5.55428E-08  3.25571E-10
  2.85125E-01  1.77799E+00  5.34102E-08  3.20300E-10
  2.87175E-01  1.73625E+00  5.13368E-08  3.15055E-10
  2.89249E-01  1.69503E+00  4.93216E-08  3.09831E-10
  2.91349E-01  1.65433E+00  4.73636E-08  3.04632E-10
  2.93475E-01  1.61414E+00  4.54616E-08  2.99454E-10
  2.95627E-01  1.57447E+00  4.36147E-08  2.94297E-10
  2.97807E-01  1.53531E+00  4.18218E-08  2.89172E-10
  3.00016E-01  1.49667E+00  4.00820E-08  2.84070E-10
  3.02253E-01  1.45853E+00  3.83941E-08  2.78992E-10
  3.04521E-01  1.42089E+00  3.67573E-08  2.73932E-10
  3.06819E-01  1.38376E+00  3.51705E-08  2.68902E-10
  3.09150E-01  1.34714E+00  3.36327E-08  2.63893E-10
  3.11513E-01  1.31101E+00  3.21430E-08  2.58906E-10
  3.13911E-01  1.27539E+00  3.07005E-08  2.53951E-10
  3.16343E-01  1.24026E+00  2.93041E-08  2.49014E-10
  3.18812E-01  1.20562E+00  2.79530E-08  2.44103E-10
  3.21319E-01  1.17148E+00  2.66462E-08  2.39218E-10
  3.23864E-01  1.13783E+00  2.53828E-08  2.34355E-10
  3.26449E-01  1.10467E+00  2.41619E-08  2.29517E-10
  3.29077E-01  1.07200E+00  2.29826E-08  2.24708E-10
  3.31747E-01  1.03981E+00  2.18441E-08  2.19919E-10
  3.34462E-01  1.00811E+00  2.07454E-08  2.15153E-10
  3.37224E-01  9.76892E-01  1.96858E-08  2.10413E-10
  3.40034E-01  9.46152E-01  1.86642E-08  2.05697E-10
  3.42894E-01  9.15892E-01  1.76800E-08  2.01005E-10
  3.45806E-01  8.86108E-01  1.67322E-08  1.96341E-10
  3.48773E-01  8.56801E-01  1.58200E-08  1.91696E-10
  3.51797E-01  8.27967E-01  1.49427E-08  1.87080E-10
  3.54880E-01  7.99606E-01  1.40994E-08  1.82486E-10
  3.58024E-01  7.71717E-01  1.32894E-08  1.77917E-10
  3.61233E-01  7.44296E-01  1.25117E-08  1.73372E-10
  3.64510E-01  7.17345E-01  1.17658E-08  1.68852E-10
  3.67857E-01  6.90860E-01  1.10507E-08  1.64358E-10
  3.71279E-01  6.64841E-01  1.03658E-08  1.59888E-10
  3.74778E-01  6.39286E-01  9.71032E-09  1.55440E-10
  3.78360E-01  6.14195E-01  9.08347E-09  1.51020E-10
  3.82027E-01  5.89566E-01  8.48455E-09  1.46624E-10
  3.85785E-01  5.65399E-01  7.91285E-09  1.42254E-10
  3.89639E-01  5.41692E-01  7.36765E-09  1.37905E-10
  3.93593E-01  5.18445E-01  6.84825E-09  1.33587E-10
  3.97655E-01  4.95658E-01  6.35395E-09  1.29290E-10
  4.01830E-01  4.73328E-01  5.88408E-09  1.25020E-10
  4.06126E-01  4.51457E-01  5.43795E-09  1.20777E-10
  4.10549E-01  4.30044E-01  5.01490E-09  1.16556E-10
  4.15110E-01  4.09088E-01  4.61427E-09  1.12366E-10
  4.19815E-01  3.88590E-01  4.23540E-09  1.08199E-10
  4.24677E-01  3.68550E-01  3.87766E-09  1.04060E-10
  4.29706E-01  3.48968E-01  3.54039E-09  9.99480E-11
  4.34914E-01  3.29845E-01  3.22298E-09  9.58632E-11
  4.40316E-01  3.11181E-01  2.92480E-09  9.18076E-11
  4.45928E-01  2.92977E-01  2.64523E-09  8.77787E-11
  4.51766E-01  2.75235E-01  2.38367E-09  8.37786E-11
  4.57852E-01  2.57955E-01  2.13952E-09  7.98104E-11
  4.64207E-01  2.41141E-01  1.91217E-09  7.58718E-11
  4.70856E-01  2.24794E-01  1.70104E-09  7.19639E-11
  4.77831E-01  2.08916E-01  1.50554E-09  6.80876E-11
  4.85164E-01  1.93511E-01  1.32510E-09  6.42453E-11
  4.92894E-01  1.78581E-01  1.15914E-09  6.04383E-11
  5.01069E-01  1.64132E-01  1.00708E-09  5.66661E-11
  5.09742E-01  1.50167E-01  8.68362E-10  5.29329E-11
  5.18979E-01  1.36693E-01  7.42423E-10  4.92385E-11
  5.28857E-01  1.23715E-01  6.28700E-10  4.55854E-11
  5.39472E-01  1.11240E-01  5.26635E-10  4.19750E-11
  5.50939E-01  9.92771E-02  4.35669E-10  3.84123E-11
  5.63404E-01  8.78358E-02  3.55245E-10  3.48990E-11
  5.77054E-01  7.69275E-02  2.84803E-10  3.14405E-11
  5.92128E-01  6.65656E-02  2.23782E-10  2.80386E-11
  6.08944E-01  5.67661E-02  1.71616E-10  2.47006E-11
  6.27936E-01  4.75482E-02  1.27731E-10  2.14327E-11
  6.49716E-01  3.89352E-02  9.15474E-11  1.82429E-11
  6.75184E-01  3.09564E-02  6.24681E-11  1.51410E-11
  7.05734E-01  2.36488E-02  3.98800E-11  1.21424E-11
  7.43699E-01  1.70612E-02  2.31432E-11  9.27032E-12
  7.93395E-01  1.12613E-02  1.15804E-11  6.62439E-12
  8.64237E-01  6.35029E-03  4.45721E-12  4.05020E-12
  9.84118E-01  2.50120E-03  9.43315E-13  8.58912E-13
  1.39569E+00  1.35808E-04  7.34429E-15  4.33194E-13
