 -2.77930E-11  2.93880E-02  3.45651E-05  8.59611E-05
  8.55685E-03  3.09832E-02  3.45661E-05  2.27260E-04
  1.40669E-02  3.12794E-02  3.45679E-05  3.36812E-04
  1.96058E-02  3.00948E-02  3.45693E-05  4.47920E-04
  2.53459E-02  1.87676E-01  3.45716E-05  5.15459E-04
  2.64335E-02  2.14604E-01  3.45739E-05  5.38273E-04
  2.76859E-02  2.35973E-01  3.45774E-05  5.64214E-04
  2.90933E-02  2.89722E-01  3.45826E-05  5.91205E-04
  3.04540E-02  3.43295E-01  3.45904E-05  6.17532E-04
  3.17840E-02  4.00322E-01  3.46018E-05  6.43569E-04
  3.30801E-02  4.57701E-01  3.46163E-05  6.69330E-04
  3.43490E-02  5.18111E-01  3.46332E-05  6.94729E-04
  3.55889E-02  5.89649E-01  3.46527E-05  7.19456E-04
  3.67827E-02  6.73228E-01  3.46747E-05  7.43189E-04
  3.79207E-02  7.67346E-01  3.47012E-05  7.66004E-04
  3.90014E-02  8.72420E-01  3.47322E-05  7.87899E-04
  4.00259E-02  9.86433E-01  3.47690E-05  8.08815E-04
  4.09989E-02  1.10742E+00  3.48102E-05  8.28789E-04
  4.19263E-02  1.23405E+00  3.48551E-05  8.47803E-04
  4.28141E-02  1.36545E+00  3.49035E-05  8.65927E-04
  4.36676E-02  1.50393E+00  3.49565E-05  8.83455E-04
  4.44897E-02  1.65182E+00  3.50155E-05  9.00581E-04
  4.52816E-02  1.81110E+00  3.50825E-05  9.17270E-04
  4.60443E-02  1.97391E+00  3.51568E-05  9.33486E-04
  4.67816E-02  2.12115E+00  3.52350E-05  9.49122E-04
  4.75032E-02  2.23402E+00  3.53154E-05  9.64250E-04
  4.82218E-02  2.32438E+00  3.54000E-05  9.79314E-04
  4.89446E-02  2.42567E+00  3.54910E-05  9.94558E-04
  4.96677E-02  2.55897E+00  3.55903E-05  1.00994E-03
  5.03817E-02  2.72216E+00  3.56949E-05  1.02514E-03
  5.10800E-02  2.91012E+00  3.58006E-05  1.03969E-03
  5.17587E-02  3.10791E+00  3.59057E-05  1.05350E-03
  5.24184E-02  3.31294E+00  3.60136E-05  1.06682E-03
  5.30603E-02  3.52361E+00  3.61288E-05  1.08001E-03
  5.36856E-02  3.73499E+00  3.62512E-05  1.09316E-03
  5.42963E-02  3.95536E+00  3.63797E-05  1.10608E-03
  5.48928E-02  4.18009E+00  3.65118E-05  1.11856E-03
  5.54762E-02  4.41562E+00  3.66479E-05  1.13058E-03
  5.60466E-02  4.65592E+00  3.67913E-05  1.14230E-03
  5.66048E-02  4.89929E+00  3.69432E-05  1.15399E-03
  5.71518E-02  5.11978E+00  3.71031E-05  1.16581E-03
  5.76913E-02  5.30697E+00  3.72674E-05  1.17766E-03
  5.82271E-02  5.47397E+00  3.74320E-05  1.18940E-03
  5.87616E-02  5.64698E+00  3.76005E-05  1.20117E-03
  5.92940E-02  5.85174E+00  3.77807E-05  1.21330E-03
  5.98217E-02  6.08760E+00  3.79782E-05  1.22592E-03
  6.03424E-02  6.35541E+00  3.81886E-05  1.23870E-03
  6.08540E-02  6.64384E+00  3.84037E-05  1.25103E-03
  6.13558E-02  6.93447E+00  3.86185E-05  1.26257E-03
  6.18486E-02  7.24016E+00  3.88387E-05  1.27376E-03
  6.23320E-02  7.55406E+00  3.90726E-05  1.28545E-03
  6.28066E-02  7.87293E+00  3.93265E-05  1.29786E-03
  6.32727E-02  8.20066E+00  3.95992E-05  1.31059E-03
  6.37307E-02  8.53169E+00  3.98763E-05  1.32293E-03
  6.41809E-02  8.84501E+00  4.01539E-05  1.33455E-03
  6.46250E-02  9.11811E+00  4.04310E-05  1.34558E-03
  6.50653E-02  9.36158E+00  4.07183E-05  1.35655E-03
  6.55035E-02  9.60382E+00  4.10193E-05  1.36785E-03
  6.59396E-02  9.87264E+00  4.13345E-05  1.37942E-03
  6.63726E-02  1.01814E+01  4.16546E-05  1.39107E-03
  6.68010E-02  1.05262E+01  4.19727E-05  1.40244E-03
  6.72237E-02  1.08934E+01  4.22978E-05  1.41346E-03
  6.76402E-02  1.12790E+01  4.26295E-05  1.42411E-03
  6.80502E-02  1.16696E+01  4.29685E-05  1.43433E-03
  6.84541E-02  1.20684E+01  4.33150E-05  1.44439E-03
  6.88521E-02  1.24752E+01  4.36663E-05  1.45476E-03
  6.92442E-02  1.28730E+01  4.40266E-05  1.46535E-03
  6.96312E-02  1.32471E+01  4.44071E-05  1.47607E-03
  7.00141E-02  1.35960E+01  4.48093E-05  1.48678E-03
  7.03938E-02  1.39417E+01  4.52293E-05  1.49732E-03
  7.07707E-02  1.42697E+01  4.56527E-05  1.50793E-03
  7.11452E-02  1.46285E+01  4.60734E-05  1.51877E-03
  7.15167E-02  1.50321E+01  4.65007E-05  1.52979E-03
  7.18843E-02  1.54510E+01  4.69436E-05  1.54072E-03
  7.22479E-02  1.59135E+01  4.74068E-05  1.55137E-03
  7.26066E-02  1.63779E+01  4.78831E-05  1.56182E-03
  7.29608E-02  1.68612E+01  4.83757E-05  1.57235E-03
  7.33103E-02  1.73406E+01  4.88793E-05  1.58314E-03
  7.36555E-02  1.78256E+01  4.93984E-05  1.59432E-03
  7.39966E-02  1.82782E+01  4.99313E-05  1.60573E-03
  7.43343E-02  1.87359E+01  5.04800E-05  1.61712E-03
  7.46687E-02  1.91759E+01  5.10462E-05  1.62830E-03
  7.50004E-02  1.96041E+01  5.16369E-05  1.63926E-03
  7.53296E-02  2.00801E+01  5.22498E-05  1.65024E-03
  7.56557E-02  2.05801E+01  5.28703E-05  1.66137E-03
  7.59785E-02  2.10925E+01  5.34902E-05  1.67284E-03
  7.62979E-02  2.16341E+01  5.41035E-05  1.68442E-03
  7.66137E-02  2.21933E+01  5.47204E-05  1.69548E-03
  7.69259E-02  2.27668E+01  5.53635E-05  1.70576E-03
  7.72344E-02  2.33273E+01  5.60273E-05  1.71557E-03
  7.75396E-02  2.38793E+01  5.67052E-05  1.72556E-03
  7.78417E-02  2.44246E+01  5.73833E-05  1.73594E-03
  7.81411E-02  2.49630E+01  5.80604E-05  1.74655E-03
  7.84378E-02  2.54989E+01  5.87380E-05  1.75720E-03
  7.87322E-02  2.60471E+01  5.94297E-05  1.76752E-03
  7.90240E-02  2.66255E+01  6.01494E-05  1.77742E-03
  7.93132E-02  2.72200E+01  6.08917E-05  1.78712E-03
  7.95996E-02  2.78517E+01  6.16540E-05  1.79689E-03
  7.98830E-02  2.84908E+01  6.24255E-05  1.80699E-03
  8.01635E-02  2.91494E+01  6.32119E-05  1.81746E-03
  8.04410E-02  2.98032E+01  6.40101E-05  1.82787E-03
  8.07158E-02  3.04525E+01  6.48192E-05  1.83804E-03
  8.09879E-02  3.11080E+01  6.56333E-05  1.84811E-03
  8.12574E-02  3.17498E+01  6.64516E-05  1.85819E-03
  8.15246E-02  3.24054E+01  6.72861E-05  1.86838E-03
  8.17895E-02  3.30475E+01  6.81555E-05  1.87844E-03
  8.20522E-02  3.36969E+01  6.90604E-05  1.88832E-03
  8.23128E-02  3.44024E+01  7.00035E-05  1.89825E-03
  8.25709E-02  3.50976E+01  7.09491E-05  1.90841E-03
  8.28268E-02  3.58057E+01  7.18794E-05  1.91884E-03
  8.30804E-02  3.65466E+01  7.28139E-05  1.92922E-03
  8.33315E-02  3.72686E+01  7.37657E-05  1.93909E-03
  8.35805E-02  3.80183E+01  7.47577E-05  1.94851E-03
  8.38273E-02  3.87844E+01  7.57697E-05  1.95799E-03
  8.40717E-02  3.95294E+01  7.67906E-05  1.96784E-03
  8.43141E-02  4.02634E+01  7.78288E-05  1.97808E-03
  8.45545E-02  4.10475E+01  7.88883E-05  1.98844E-03
  8.47928E-02  4.17600E+01  7.99686E-05  1.99870E-03
  8.50295E-02  4.25670E+01  8.10806E-05  2.00879E-03
  8.52640E-02  4.33380E+01  8.21960E-05  2.01874E-03
  8.54967E-02  4.41660E+01  8.33161E-05  2.02879E-03
  8.57274E-02  4.49491E+01  8.44379E-05  2.03876E-03
  8.59562E-02  4.57731E+01  8.56044E-05  2.04849E-03
  8.61832E-02  4.66370E+01  8.68043E-05  2.05817E-03
  8.64081E-02  4.74850E+01  8.80240E-05  2.06789E-03
  8.66311E-02  4.82675E+01  8.92609E-05  2.07758E-03
  8.68527E-02  4.91477E+01  9.05019E-05  2.08742E-03
  8.70723E-02  4.99953E+01  9.17404E-05  2.09725E-03
  8.72902E-02  5.08646E+01  9.29971E-05  2.10653E-03
  8.75064E-02  5.16378E+01  9.42535E-05  2.11591E-03
  8.77213E-02  5.25171E+01  9.54457E-05  2.12567E-03
  8.79346E-02  5.34217E+01  9.67603E-05  2.13428E-03
  8.81462E-02  5.43431E+01  9.81502E-05  2.14279E-03
  8.83560E-02  5.51475E+01  9.92339E-05  2.15335E-03
  8.85646E-02  5.61412E+01  1.00685E-04  2.16271E-03
  8.87713E-02  5.71196E+01  1.02368E-04  2.16852E-03
  8.89763E-02  5.77950E+01  1.03195E-04  2.18033E-03
  8.91806E-02  5.88315E+01  1.04972E-04  2.19818E-03
  8.93831E-02  5.96500E+01  1.06038E-04  2.17576E-03
  8.95845E-02  4.61215E+01  6.70715E-05  1.73769E-03
  8.98469E-02  2.16310E+01  7.49275E-06  3.66015E-04
  9.04086E-02  1.65423E+01  2.20965E-06  3.77044E-05
  9.11417E-02  1.61390E+01  2.10963E-06  2.77057E-05
  9.18904E-02  1.60230E+01  2.08441E-06  2.76775E-05
  9.26416E-02  1.59069E+01  2.05935E-06  2.76700E-05
  9.33953E-02  1.57914E+01  2.03442E-06  2.76444E-05
  9.41515E-02  1.56755E+01  2.00962E-06  2.76219E-05
  9.49102E-02  1.55596E+01  1.98486E-06  2.75742E-05
  9.56715E-02  1.54431E+01  1.96024E-06  2.75434E-05
  9.64355E-02  1.53283E+01  1.93595E-06  2.75229E-05
  9.72020E-02  1.52119E+01  1.91150E-06  2.74733E-05
  9.79713E-02  1.50962E+01  1.88740E-06  2.74303E-05
  9.87432E-02  1.49805E+01  1.86334E-06  2.73802E-05
  9.95178E-02  1.48653E+01  1.83944E-06  2.73422E-05
  1.00295E-01  1.47496E+01  1.81573E-06  2.72900E-05
  1.01075E-01  1.46341E+01  1.79207E-06  2.72324E-05
  1.01858E-01  1.45188E+01  1.76858E-06  2.71769E-05
  1.02644E-01  1.44043E+01  1.74534E-06  2.71326E-05
  1.03432E-01  1.42882E+01  1.72203E-06  2.70702E-05
  1.04224E-01  1.41741E+01  1.69911E-06  2.69966E-05
  1.05018E-01  1.40584E+01  1.67617E-06  2.69501E-05
  1.05815E-01  1.39444E+01  1.65347E-06  2.68590E-05
  1.06615E-01  1.38305E+01  1.63100E-06  2.68142E-05
  1.07418E-01  1.37152E+01  1.60851E-06  2.67391E-05
  1.08225E-01  1.36012E+01  1.58623E-06  2.66577E-05
  1.09034E-01  1.34876E+01  1.56422E-06  2.65913E-05
  1.09846E-01  1.33734E+01  1.54223E-06  2.65144E-05
  1.10662E-01  1.32600E+01  1.52047E-06  2.64391E-05
  1.11480E-01  1.31472E+01  1.49894E-06  2.63397E-05
  1.12302E-01  1.30336E+01  1.47749E-06  2.62686E-05
  1.13127E-01  1.29213E+01  1.45622E-06  2.61907E-05
  1.13955E-01  1.28084E+01  1.43514E-06  2.61070E-05
  1.14786E-01  1.26956E+01  1.41420E-06  2.60131E-05
  1.15621E-01  1.25840E+01  1.39348E-06  2.59307E-05
  1.16459E-01  1.24723E+01  1.37292E-06  2.58335E-05
  1.17300E-01  1.23599E+01  1.35241E-06  2.57238E-05
  1.18145E-01  1.22496E+01  1.33233E-06  2.56471E-05
  1.18993E-01  1.21385E+01  1.31220E-06  2.55386E-05
  1.19844E-01  1.20277E+01  1.29237E-06  2.54429E-05
  1.20699E-01  1.19174E+01  1.27261E-06  2.53429E-05
  1.21558E-01  1.18074E+01  1.25310E-06  2.52501E-05
  1.22420E-01  1.16974E+01  1.23376E-06  2.51513E-05
  1.23286E-01  1.15879E+01  1.21455E-06  2.50436E-05
  1.24155E-01  1.14790E+01  1.19559E-06  2.49273E-05
  1.25028E-01  1.13713E+01  1.17679E-06  2.48215E-05
  1.25905E-01  1.12617E+01  1.15809E-06  2.47211E-05
  1.26785E-01  1.11536E+01  1.13966E-06  2.46138E-05
  1.27670E-01  1.10454E+01  1.12131E-06  2.44858E-05
  1.28558E-01  1.09395E+01  1.10335E-06  2.43760E-05
  1.29450E-01  1.08320E+01  1.08541E-06  2.42755E-05
  1.30346E-01  1.07255E+01  1.06771E-06  2.41505E-05
  1.31245E-01  1.06191E+01  1.05007E-06  2.40396E-05
  1.32149E-01  1.05148E+01  1.03285E-06  2.39125E-05
  1.33057E-01  1.04075E+01  1.01552E-06  2.38024E-05
  1.33969E-01  1.03037E+01  9.98597E-07  2.36633E-05
  1.34884E-01  1.01990E+01  9.81729E-07  2.35535E-05
  1.35805E-01  1.00950E+01  9.65118E-07  2.34137E-05
  1.36729E-01  9.99112E+00  9.48622E-07  2.33051E-05
  1.37657E-01  9.88780E+00  9.32341E-07  2.31785E-05
  1.38590E-01  9.78515E+00  9.16247E-07  2.30503E-05
  1.39527E-01  9.68322E+00  9.00402E-07  2.29271E-05
  1.40468E-01  9.58058E+00  8.84591E-07  2.27942E-05
  1.41414E-01  9.48002E+00  8.69087E-07  2.26680E-05
  1.42364E-01  9.37811E+00  8.53654E-07  2.25366E-05
  1.43319E-01  9.27841E+00  8.38554E-07  2.24072E-05
  1.44278E-01  9.17745E+00  8.23430E-07  2.22651E-05
  1.45242E-01  9.07885E+00  8.08688E-07  2.21355E-05
  1.46211E-01  8.97914E+00  7.93967E-07  2.20011E-05
  1.47184E-01  8.88105E+00  7.79536E-07  2.18605E-05
  1.48162E-01  8.78235E+00  7.65187E-07  2.17368E-05
  1.49145E-01  8.68521E+00  7.51114E-07  2.16017E-05
  1.50132E-01  8.58775E+00  7.37132E-07  2.14507E-05
  1.51125E-01  8.49148E+00  7.23360E-07  2.13072E-05
  1.52122E-01  8.39506E+00  7.09788E-07  2.11942E-05
  1.53125E-01  8.29929E+00  6.96317E-07  2.10442E-05
  1.54132E-01  8.20462E+00  6.83104E-07  2.09071E-05
  1.55145E-01  8.10983E+00  6.70044E-07  2.07616E-05
  1.56163E-01  8.01582E+00  6.57133E-07  2.06201E-05
  1.57186E-01  7.92222E+00  6.44402E-07  2.04783E-05
  1.58214E-01  7.82918E+00  6.31830E-07  2.03454E-05
  1.59248E-01  7.73667E+00  6.19429E-07  2.01842E-05
  1.60287E-01  7.64490E+00  6.07228E-07  2.00527E-05
  1.61331E-01  7.55301E+00  5.95147E-07  1.99145E-05
  1.62382E-01  7.46230E+00  5.83250E-07  1.97614E-05
  1.63437E-01  7.37203E+00  5.71559E-07  1.96170E-05
  1.64499E-01  7.28254E+00  5.60008E-07  1.94691E-05
  1.65566E-01  7.19287E+00  5.48583E-07  1.93434E-05
  1.66639E-01  7.10433E+00  5.37384E-07  1.91900E-05
  1.67718E-01  7.01590E+00  5.26286E-07  1.90426E-05
  1.68802E-01  6.92832E+00  5.15382E-07  1.88859E-05
  1.69893E-01  6.84154E+00  5.04649E-07  1.87502E-05
  1.70990E-01  6.75503E+00  4.94063E-07  1.85989E-05
  1.72093E-01  6.66888E+00  4.83611E-07  1.84505E-05
  1.73202E-01  6.58370E+00  4.73357E-07  1.83053E-05
  1.74318E-01  6.49897E+00  4.63241E-07  1.81634E-05
  1.75440E-01  6.41440E+00  4.53256E-07  1.80153E-05
  1.76568E-01  6.33076E+00  4.43439E-07  1.78585E-05
  1.77704E-01  6.24792E+00  4.33807E-07  1.77197E-05
  1.78845E-01  6.16520E+00  4.24284E-07  1.75662E-05
  1.79994E-01  6.08316E+00  4.14910E-07  1.74251E-05
  1.81149E-01  6.00196E+00  4.05721E-07  1.72658E-05
  1.82311E-01  5.92134E+00  3.96669E-07  1.71256E-05
  1.83480E-01  5.84063E+00  3.87722E-07  1.69857E-05
  1.84656E-01  5.76102E+00  3.78946E-07  1.68223E-05
  1.85839E-01  5.68211E+00  3.70327E-07  1.66816E-05
  1.87030E-01  5.60346E+00  3.61832E-07  1.65331E-05
  1.88228E-01  5.52572E+00  3.53497E-07  1.63767E-05
  1.89433E-01  5.44838E+00  3.45287E-07  1.62339E-05
  1.90646E-01  5.37150E+00  3.37208E-07  1.60904E-05
  1.91867E-01  5.29531E+00  3.29274E-07  1.59339E-05
  1.93095E-01  5.21984E+00  3.21489E-07  1.57890E-05
  1.94332E-01  5.14474E+00  3.13825E-07  1.56428E-05
  1.95576E-01  5.07019E+00  3.06279E-07  1.54964E-05
  1.96828E-01  4.99632E+00  2.98879E-07  1.53491E-05
  1.98089E-01  4.92330E+00  2.91632E-07  1.51983E-05
  1.99358E-01  4.85056E+00  2.84485E-07  1.50511E-05
  2.00635E-01  4.77829E+00  2.77460E-07  1.49072E-05
  2.01921E-01  4.70689E+00  2.70578E-07  1.47554E-05
  2.03216E-01  4.63597E+00  2.63819E-07  1.46092E-05
  2.04520E-01  4.56563E+00  2.57188E-07  1.44645E-05
  2.05832E-01  4.49590E+00  2.50666E-07  1.43180E-05
  2.07154E-01  4.42673E+00  2.44271E-07  1.41693E-05
  2.08485E-01  4.35816E+00  2.38002E-07  1.40251E-05
  2.09825E-01  4.29020E+00  2.31845E-07  1.38787E-05
  2.11175E-01  4.22265E+00  2.25796E-07  1.37346E-05
  2.12534E-01  4.15590E+00  2.19878E-07  1.35901E-05
  2.13904E-01  4.08965E+00  2.14066E-07  1.34470E-05
  2.15283E-01  4.02387E+00  2.08363E-07  1.32960E-05
  2.16672E-01  3.95892E+00  2.02782E-07  1.31512E-05
  2.18072E-01  3.89427E+00  1.97299E-07  1.30153E-05
  2.19482E-01  3.83050E+00  1.91938E-07  1.28625E-05
  2.20903E-01  3.76717E+00  1.86676E-07  1.27265E-05
  2.22335E-01  3.70422E+00  1.81514E-07  1.25836E-05
  2.23778E-01  3.64215E+00  1.76469E-07  1.24344E-05
  2.25232E-01  3.58055E+00  1.71523E-07  1.22973E-05
  2.26698E-01  3.51945E+00  1.66675E-07  1.21497E-05
  2.28175E-01  3.45914E+00  1.61935E-07  1.20115E-05
  2.29664E-01  3.39918E+00  1.57289E-07  1.18744E-05
  2.31164E-01  3.33983E+00  1.52740E-07  1.17305E-05
  2.32678E-01  3.28104E+00  1.48286E-07  1.15880E-05
  2.34203E-01  3.22305E+00  1.43938E-07  1.14490E-05
  2.35742E-01  3.16547E+00  1.39675E-07  1.13115E-05
  2.37293E-01  3.10833E+00  1.35504E-07  1.11751E-05
  2.38857E-01  3.05185E+00  1.31427E-07  1.10324E-05
  2.40435E-01  2.99604E+00  1.27442E-07  1.08945E-05
  2.42027E-01  2.94065E+00  1.23543E-07  1.07605E-05
  2.43632E-01  2.88585E+00  1.19728E-07  1.06108E-05
  2.45252E-01  2.83191E+00  1.16019E-07  1.04851E-05
  2.46886E-01  2.77813E+00  1.12372E-07  1.03289E-05
  2.48535E-01  2.72529E+00  1.08813E-07  1.02106E-05
  2.50199E-01  2.67245E+00  1.05340E-07  1.00999E-05
  2.51878E-01  2.62054E+00  1.01954E-07  9.93818E-06
  2.53574E-01  2.56902E+00  9.86321E-08  9.81599E-06
  2.55285E-01  2.51820E+00  9.54030E-08  9.67155E-06
  2.57013E-01  2.46791E+00  9.22465E-08  9.54019E-06
  2.58757E-01  2.41811E+00  8.91655E-08  9.41007E-06
  2.60519E-01  2.36901E+00  8.61659E-08  9.27677E-06
  2.62298E-01  2.32025E+00  8.32332E-08  9.14597E-06
  2.64095E-01  2.27202E+00  8.03717E-08  9.00935E-06
  2.65911E-01  2.22449E+00  7.75870E-08  8.88246E-06
  2.67745E-01  2.17747E+00  7.48734E-08  8.75513E-06
  2.69598E-01  2.13093E+00  7.22259E-08  8.62055E-06
  2.71471E-01  2.08502E+00  6.96496E-08  8.49526E-06
  2.73364E-01  2.03956E+00  6.71382E-08  8.36628E-06
  2.75278E-01  1.99477E+00  6.46957E-08  8.23551E-06
  2.77213E-01  1.95022E+00  6.23095E-08  8.11103E-06
  2.79170E-01  1.90639E+00  5.99934E-08  7.98320E-06
  2.81148E-01  1.86309E+00  5.77392E-08  7.85619E-06
  2.83150E-01  1.82037E+00  5.55475E-08  7.73075E-06
  2.85175E-01  1.77810E+00  5.34149E-08  7.60662E-06
  2.87224E-01  1.73635E+00  5.13419E-08  7.47975E-06
  2.89297E-01  1.69522E+00  4.93286E-08  7.35664E-06
  2.91396E-01  1.65443E+00  4.73682E-08  7.23458E-06
  2.93521E-01  1.61425E+00  4.54659E-08  7.11074E-06
  2.95673E-01  1.57453E+00  4.36179E-08  6.98933E-06
  2.97852E-01  1.53540E+00  4.18255E-08  6.86612E-06
  3.00060E-01  1.49676E+00  4.00861E-08  6.74464E-06
  3.02296E-01  1.45863E+00  3.83986E-08  6.62481E-06
  3.04563E-01  1.42102E+00  3.67620E-08  6.50382E-06
  3.06861E-01  1.38391E+00  3.51755E-08  6.38540E-06
  3.09191E-01  1.34725E+00  3.36369E-08  6.26867E-06
  3.11553E-01  1.31106E+00  3.21453E-08  6.14676E-06
  3.13950E-01  1.27546E+00  3.07035E-08  6.02978E-06
  3.16382E-01  1.24035E+00  2.93072E-08  5.91320E-06
  3.18850E-01  1.20571E+00  2.79562E-08  5.79556E-06
  3.21356E-01  1.17159E+00  2.66496E-08  5.68098E-06
  3.23900E-01  1.13795E+00  2.53863E-08  5.56559E-06
  3.26485E-01  1.10475E+00  2.41645E-08  5.45024E-06
  3.29111E-01  1.07211E+00  2.29861E-08  5.33449E-06
  3.31781E-01  1.03986E+00  2.18462E-08  5.22253E-06
  3.34495E-01  1.00814E+00  2.07469E-08  5.10929E-06
  3.37256E-01  9.76951E-01  1.96878E-08  4.99524E-06
  3.40066E-01  9.46232E-01  1.86665E-08  4.88471E-06
  3.42925E-01  9.15942E-01  1.76818E-08  4.77319E-06
  3.45837E-01  8.86173E-01  1.67342E-08  4.66150E-06
  3.48803E-01  8.56892E-01  1.58223E-08  4.55191E-06
  3.51826E-01  8.28052E-01  1.49449E-08  4.44255E-06
  3.54908E-01  7.99663E-01  1.41010E-08  4.33310E-06
  3.58051E-01  7.71755E-01  1.32907E-08  4.22366E-06
  3.61260E-01  7.44349E-01  1.25133E-08  4.11694E-06
  3.64536E-01  7.17385E-01  1.17669E-08  4.00990E-06
  3.67883E-01  6.90917E-01  1.10521E-08  3.90226E-06
  3.71303E-01  6.64886E-01  1.03670E-08  3.79689E-06
  3.74802E-01  6.39330E-01  9.71136E-09  3.69083E-06
  3.78383E-01  6.14257E-01  9.08474E-09  3.58579E-06
  3.82049E-01  5.89623E-01  8.48570E-09  3.48170E-06
  3.85806E-01  5.65444E-01  7.91381E-09  3.37822E-06
  3.89659E-01  5.41711E-01  7.36809E-09  3.27453E-06
  3.93614E-01  5.18462E-01  6.84880E-09  3.17145E-06
  3.97675E-01  4.95681E-01  6.35448E-09  3.07001E-06
  4.01849E-01  4.73358E-01  5.88466E-09  2.96840E-06
  4.06144E-01  4.51481E-01  5.43849E-09  2.86789E-06
  4.10567E-01  4.30074E-01  5.01543E-09  2.76759E-06
  4.15126E-01  4.09120E-01  4.61481E-09  2.66806E-06
  4.19831E-01  3.88622E-01  4.23589E-09  2.56910E-06
  4.24692E-01  3.68586E-01  3.87817E-09  2.47076E-06
  4.29720E-01  3.48984E-01  3.54066E-09  2.37341E-06
  4.34928E-01  3.29853E-01  3.22314E-09  2.27608E-06
  4.40330E-01  3.11195E-01  2.92504E-09  2.17963E-06
  4.45941E-01  2.92990E-01  2.64545E-09  2.08447E-06
  4.51779E-01  2.75245E-01  2.38382E-09  1.98934E-06
  4.57864E-01  2.57966E-01  2.13968E-09  1.89484E-06
  4.64218E-01  2.41155E-01  1.91235E-09  1.80146E-06
  4.70867E-01  2.24807E-01  1.70119E-09  1.70883E-06
  4.77840E-01  2.08930E-01  1.50566E-09  1.61693E-06
  4.85172E-01  1.93524E-01  1.32521E-09  1.52433E-06
  4.92902E-01  1.78627E-01  1.15946E-09  1.43470E-06
  5.01075E-01  1.64146E-01  1.00718E-09  1.34686E-06
  5.09747E-01  1.50182E-01  8.68465E-10  1.25661E-06
  5.18983E-01  1.36708E-01  7.42516E-10  1.16911E-06
  5.28860E-01  1.23728E-01  6.28782E-10  1.08238E-06
  5.39473E-01  1.11252E-01  5.26693E-10  9.96682E-07
  5.50939E-01  9.92771E-02  4.35666E-10  9.12023E-07
  5.63404E-01  8.78358E-02  3.55244E-10  8.28561E-07
  5.77054E-01  7.69275E-02  2.84809E-10  7.46486E-07
  5.92128E-01  6.65656E-02  2.23778E-10  6.65755E-07
  6.08944E-01  5.67661E-02  1.71613E-10  5.86444E-07
  6.27936E-01  4.75482E-02  1.27732E-10  5.08856E-07
  6.49716E-01  3.89352E-02  9.15489E-11  4.33136E-07
  6.75184E-01  3.09564E-02  6.24682E-11  3.59498E-07
  7.05734E-01  2.36488E-02  3.98804E-11  2.88292E-07
  7.43699E-01  1.70612E-02  2.31431E-11  2.20104E-07
  7.93395E-01  1.12613E-02  1.15803E-11  1.57281E-07
  8.64237E-01  6.35029E-03  4.45719E-12  9.61547E-08
  9.84118E-01  2.49970E-03  9.42749E-13  2.04004E-08
  1.39587E+00  1.35856E-04  7.35824E-15  1.02877E-08
