 -1.29543E-10  6.18088E-04  5.52794E-08  2.25853E-05
  3.09994E-02  6.51643E-04  5.52823E-08  5.93150E-05
  5.09610E-02  6.57897E-04  5.52884E-08  8.83044E-05
  7.10265E-02  6.33019E-04  5.52940E-08  1.17494E-04
  9.18201E-02  3.94780E-03  5.53029E-08  1.35453E-04
  9.57598E-02  4.51443E-03  5.53136E-08  1.41506E-04
  1.00296E-01  4.96450E-03  5.53267E-08  1.48429E-04
  1.05394E-01  6.09565E-03  5.53408E-08  1.55651E-04
  1.10322E-01  7.22269E-03  5.53543E-08  1.62684E-04
  1.15139E-01  8.42192E-03  5.53648E-08  1.69628E-04
  1.19834E-01  9.62751E-03  5.53712E-08  1.76488E-04
  1.24431E-01  1.08953E-02  5.53733E-08  1.83264E-04
  1.28924E-01  1.23951E-02  5.53710E-08  1.89834E-04
  1.33251E-01  1.41451E-02  5.53633E-08  1.96131E-04
  1.37378E-01  1.61141E-02  5.53544E-08  2.02104E-04
  1.41299E-01  1.83079E-02  5.53447E-08  2.07748E-04
  1.45019E-01  2.06864E-02  5.53363E-08  2.13039E-04
  1.48553E-01  2.32061E-02  5.53303E-08  2.17985E-04
  1.51924E-01  2.58377E-02  5.53283E-08  2.22619E-04
  1.55153E-01  2.85680E-02  5.53298E-08  2.27002E-04
  1.58259E-01  3.14359E-02  5.53347E-08  2.31129E-04
  1.61253E-01  3.44967E-02  5.53443E-08  2.35140E-04
  1.64139E-01  3.77832E-02  5.53538E-08  2.39074E-04
  1.66921E-01  4.11323E-02  5.53654E-08  2.42950E-04
  1.69613E-01  4.41458E-02  5.53758E-08  2.46826E-04
  1.72250E-01  4.64417E-02  5.53854E-08  2.50733E-04
  1.74879E-01  4.82499E-02  5.53934E-08  2.54723E-04
  1.77526E-01  5.02833E-02  5.54014E-08  2.58780E-04
  1.80177E-01  5.29558E-02  5.54101E-08  2.62825E-04
  1.82799E-01  5.62466E-02  5.54200E-08  2.66746E-04
  1.85365E-01  6.00237E-02  5.54317E-08  2.70489E-04
  1.87863E-01  6.40057E-02  5.54453E-08  2.74049E-04
  1.90295E-01  6.81146E-02  5.54585E-08  2.77439E-04
  1.92663E-01  7.23216E-02  5.54714E-08  2.80699E-04
  1.94973E-01  7.65075E-02  5.54799E-08  2.83892E-04
  1.97233E-01  8.08574E-02  5.54852E-08  2.87061E-04
  1.99444E-01  8.52631E-02  5.54891E-08  2.90209E-04
  2.01610E-01  8.98845E-02  5.54901E-08  2.93339E-04
  2.03731E-01  9.45344E-02  5.54918E-08  2.96429E-04
  2.05811E-01  9.92421E-02  5.54977E-08  2.99465E-04
  2.07854E-01  1.03454E-01  5.55097E-08  3.02447E-04
  2.09871E-01  1.06960E-01  5.55237E-08  3.05369E-04
  2.11880E-01  1.10085E-01  5.55432E-08  3.08263E-04
  2.13886E-01  1.13267E-01  5.55627E-08  3.11131E-04
  2.15889E-01  1.17062E-01  5.55801E-08  3.13982E-04
  2.17879E-01  1.21417E-01  5.55933E-08  3.16839E-04
  2.19846E-01  1.26353E-01  5.56055E-08  3.19685E-04
  2.21784E-01  1.31670E-01  5.56185E-08  3.22518E-04
  2.23689E-01  1.36983E-01  5.56328E-08  3.25306E-04
  2.25565E-01  1.42557E-01  5.56510E-08  3.28027E-04
  2.27411E-01  1.48260E-01  5.56727E-08  3.30695E-04
  2.29227E-01  1.53943E-01  5.56938E-08  3.33321E-04
  2.31016E-01  1.59711E-01  5.57139E-08  3.35922E-04
  2.32779E-01  1.65517E-01  5.57303E-08  3.38507E-04
  2.34518E-01  1.70879E-01  5.57444E-08  3.41062E-04
  2.36239E-01  1.75451E-01  5.57593E-08  3.43579E-04
  2.37950E-01  1.79432E-01  5.57763E-08  3.46064E-04
  2.39659E-01  1.83316E-01  5.57979E-08  3.48528E-04
  2.41365E-01  1.87614E-01  5.58227E-08  3.50961E-04
  2.43065E-01  1.92675E-01  5.58514E-08  3.53390E-04
  2.44752E-01  1.98312E-01  5.58799E-08  3.55825E-04
  2.46423E-01  2.04349E-01  5.59093E-08  3.58244E-04
  2.48074E-01  2.10715E-01  5.59368E-08  3.60637E-04
  2.49705E-01  2.16973E-01  5.59617E-08  3.63010E-04
  2.51317E-01  2.23429E-01  5.59855E-08  3.65367E-04
  2.52911E-01  2.29846E-01  5.60079E-08  3.67726E-04
  2.54488E-01  2.36041E-01  5.60326E-08  3.70072E-04
  2.56049E-01  2.41790E-01  5.60579E-08  3.72390E-04
  2.57600E-01  2.46879E-01  5.60821E-08  3.74706E-04
  2.59144E-01  2.51762E-01  5.61117E-08  3.76985E-04
  2.60683E-01  2.56411E-01  5.61439E-08  3.79223E-04
  2.62218E-01  2.61468E-01  5.61832E-08  3.81415E-04
  2.63747E-01  2.67284E-01  5.62221E-08  3.83567E-04
  2.65267E-01  2.73355E-01  5.62564E-08  3.85738E-04
  2.66775E-01  2.79956E-01  5.62826E-08  3.87964E-04
  2.68269E-01  2.86356E-01  5.62918E-08  3.90248E-04
  2.69752E-01  2.93160E-01  5.63027E-08  3.92548E-04
  2.71222E-01  2.99525E-01  5.63174E-08  3.94813E-04
  2.72681E-01  3.06163E-01  5.63501E-08  3.96949E-04
  2.74129E-01  3.12084E-01  5.64053E-08  3.98948E-04
  2.75569E-01  3.18064E-01  5.64722E-08  4.00893E-04
  2.77001E-01  3.23499E-01  5.65344E-08  4.02826E-04
  2.78429E-01  3.28735E-01  5.65815E-08  4.04791E-04
  2.79853E-01  3.34315E-01  5.66161E-08  4.06855E-04
  2.81271E-01  3.40340E-01  5.66348E-08  4.09038E-04
  2.82682E-01  3.46561E-01  5.66516E-08  4.11272E-04
  2.84085E-01  3.53010E-01  5.66746E-08  4.13502E-04
  2.85480E-01  3.59832E-01  5.67073E-08  4.15678E-04
  2.86866E-01  3.66631E-01  5.67523E-08  4.17799E-04
  2.88242E-01  3.73307E-01  5.68084E-08  4.19891E-04
  2.89610E-01  3.79697E-01  5.68618E-08  4.21943E-04
  2.90971E-01  3.85761E-01  5.69176E-08  4.23953E-04
  2.92327E-01  3.91714E-01  5.69652E-08  4.25943E-04
  2.93677E-01  3.97315E-01  5.70066E-08  4.27882E-04
  2.95023E-01  4.03475E-01  5.70494E-08  4.29795E-04
  2.96364E-01  4.09485E-01  5.70885E-08  4.31709E-04
  2.97700E-01  4.15690E-01  5.71247E-08  4.33629E-04
  2.99030E-01  4.22449E-01  5.71567E-08  4.35581E-04
  3.00353E-01  4.29038E-01  5.71923E-08  4.37535E-04
  3.01669E-01  4.35826E-01  5.72374E-08  4.39498E-04
  3.02979E-01  4.42628E-01  5.72971E-08  4.41481E-04
  3.04281E-01  4.49206E-01  5.73708E-08  4.43501E-04
  3.05578E-01  4.55754E-01  5.74496E-08  4.45546E-04
  3.06869E-01  4.62025E-01  5.75223E-08  4.47568E-04
  3.08156E-01  4.68388E-01  5.75764E-08  4.49500E-04
  3.09437E-01  4.74352E-01  5.76110E-08  4.51362E-04
  3.10715E-01  4.79668E-01  5.76215E-08  4.53163E-04
  3.11990E-01  4.85918E-01  5.76468E-08  4.54957E-04
  3.13261E-01  4.92064E-01  5.76874E-08  4.56845E-04
  3.14528E-01  4.98471E-01  5.77606E-08  4.58850E-04
  3.15790E-01  5.05280E-01  5.78480E-08  4.60903E-04
  3.17046E-01  5.11570E-01  5.79262E-08  4.62876E-04
  3.18298E-01  5.18066E-01  5.79884E-08  4.64763E-04
  3.19545E-01  5.24510E-01  5.80250E-08  4.66591E-04
  3.20788E-01  5.30530E-01  5.80578E-08  4.68357E-04
  3.22027E-01  5.36338E-01  5.81163E-08  4.70169E-04
  3.23263E-01  5.42590E-01  5.81790E-08  4.72061E-04
  3.24495E-01  5.48231E-01  5.82565E-08  4.73989E-04
  3.25725E-01  5.54405E-01  5.83297E-08  4.75935E-04
  3.26951E-01  5.60171E-01  5.83796E-08  4.77814E-04
  3.28174E-01  5.66648E-01  5.84278E-08  4.79632E-04
  3.29393E-01  5.72559E-01  5.84863E-08  4.81478E-04
  3.30609E-01  5.78164E-01  5.85534E-08  4.83344E-04
  3.31822E-01  5.84927E-01  5.86240E-08  4.85187E-04
  3.33031E-01  5.91107E-01  5.86956E-08  4.87021E-04
  3.34235E-01  5.96122E-01  5.87624E-08  4.88834E-04
  3.35439E-01  6.02502E-01  5.88236E-08  4.90656E-04
  3.36639E-01  6.08107E-01  5.88810E-08  4.92521E-04
  3.37836E-01  6.14026E-01  5.89465E-08  4.94413E-04
  3.39031E-01  6.19040E-01  5.90106E-08  4.96308E-04
  3.40224E-01  6.24999E-01  5.90746E-08  4.98177E-04
  3.41414E-01  6.31132E-01  5.91351E-08  5.00007E-04
  3.42601E-01  6.36783E-01  5.92062E-08  5.01802E-04
  3.43785E-01  6.42688E-01  5.92895E-08  5.03616E-04
  3.44966E-01  6.49063E-01  5.93739E-08  5.05407E-04
  3.46143E-01  6.54421E-01  5.94467E-08  5.07211E-04
  3.47319E-01  6.59162E-01  5.95067E-08  5.09042E-04
  3.48493E-01  6.64725E-01  5.95633E-08  5.10871E-04
  3.49665E-01  6.70042E-01  5.96227E-08  5.12726E-04
  3.50835E-01  6.75887E-01  5.97014E-08  5.14573E-04
  3.52003E-01  6.81252E-01  5.97868E-08  5.16426E-04
  3.53168E-01  6.86954E-01  5.98653E-08  5.18241E-04
  3.54330E-01  6.92043E-01  5.99348E-08  5.20012E-04
  3.55491E-01  6.97187E-01  6.00040E-08  5.21789E-04
  3.56651E-01  7.02275E-01  6.00866E-08  5.23616E-04
  3.57808E-01  7.07899E-01  6.01650E-08  5.25477E-04
  3.58963E-01  7.13408E-01  6.02461E-08  5.27344E-04
  3.60115E-01  7.18561E-01  6.03176E-08  5.29177E-04
  3.61266E-01  7.24378E-01  6.04001E-08  5.30947E-04
  3.62414E-01  7.29086E-01  6.04651E-08  5.32687E-04
  3.63560E-01  7.32831E-01  6.05330E-08  5.34456E-04
  3.64707E-01  7.38452E-01  6.06147E-08  5.36316E-04
  3.65851E-01  7.44827E-01  6.07125E-08  5.38204E-04
  3.66991E-01  7.50056E-01  6.08009E-08  5.40051E-04
  3.68130E-01  7.53144E-01  6.08745E-08  5.41872E-04
  3.69269E-01  7.59119E-01  6.09303E-08  5.43653E-04
  3.70405E-01  7.64909E-01  6.09785E-08  5.45456E-04
  3.71538E-01  7.67581E-01  6.10442E-08  5.47306E-04
  3.72672E-01  7.74287E-01  6.11371E-08  5.49146E-04
  3.73803E-01  7.77752E-01  6.12554E-08  5.50961E-04
  3.74933E-01  7.83207E-01  6.13749E-08  5.52723E-04
  3.76061E-01  7.89553E-01  6.14875E-08  5.54450E-04
  3.77185E-01  7.92411E-01  6.15640E-08  5.56182E-04
  3.78310E-01  7.98601E-01  6.16065E-08  5.57962E-04
  3.79431E-01  8.00393E-01  6.16547E-08  5.59806E-04
  3.80555E-01  8.07677E-01  6.17353E-08  5.61716E-04
  3.81674E-01  8.09255E-01  6.18419E-08  5.63628E-04
  3.82795E-01  8.15917E-01  6.19542E-08  5.65490E-04
  3.83912E-01  8.20537E-01  6.20441E-08  5.67334E-04
  3.85027E-01  8.23034E-01  6.21059E-08  5.69131E-04
  3.86143E-01  8.29890E-01  6.21680E-08  5.70895E-04
  3.87254E-01  8.30403E-01  6.22413E-08  5.72632E-04
  3.88370E-01  8.35778E-01  6.23225E-08  5.74387E-04
  3.89482E-01  8.42819E-01  6.24197E-08  5.76224E-04
  3.90589E-01  8.43155E-01  6.25186E-08  5.78114E-04
  3.91701E-01  8.47985E-01  6.26183E-08  5.80017E-04
  3.92810E-01  8.53589E-01  6.27180E-08  5.81891E-04
  3.93915E-01  8.58104E-01  6.28167E-08  5.83721E-04
  3.95019E-01  8.59102E-01  6.29049E-08  5.85523E-04
  3.96126E-01  8.63457E-01  6.29692E-08  5.87273E-04
  3.97231E-01  8.68195E-01  6.30410E-08  5.89012E-04
  3.98334E-01  8.72738E-01  6.31157E-08  5.90779E-04
  3.99434E-01  8.76195E-01  6.32018E-08  5.92593E-04
  4.00535E-01  8.78071E-01  6.32997E-08  5.94469E-04
  4.01636E-01  8.81443E-01  6.34011E-08  5.96401E-04
  4.02737E-01  8.85315E-01  6.34906E-08  5.98326E-04
  4.03836E-01  8.88712E-01  6.35848E-08  6.00228E-04
  4.04934E-01  8.92968E-01  6.36762E-08  6.02120E-04
  4.06031E-01  8.96336E-01  6.37690E-08  6.03954E-04
  4.07127E-01  8.99739E-01  6.38661E-08  6.05724E-04
  4.08222E-01  9.03096E-01  6.39683E-08  6.07476E-04
  4.09316E-01  9.05765E-01  6.40576E-08  6.09267E-04
  4.10410E-01  9.09437E-01  6.41388E-08  6.11113E-04
  4.11502E-01  9.11814E-01  6.42028E-08  6.13035E-04
  4.12595E-01  9.14229E-01  6.42660E-08  6.14961E-04
  4.13688E-01  9.18585E-01  6.43504E-08  6.16866E-04
  4.14779E-01  9.21391E-01  6.44525E-08  6.18717E-04
  4.15869E-01  9.24050E-01  6.45688E-08  6.20506E-04
  4.16958E-01  9.28281E-01  6.46777E-08  6.22274E-04
  4.18046E-01  9.30997E-01  6.47815E-08  6.24095E-04
  4.19133E-01  9.31540E-01  6.48500E-08  6.26016E-04
  4.20221E-01  9.33331E-01  6.49038E-08  6.27993E-04
  4.21311E-01  9.35841E-01  6.49714E-08  6.29970E-04
  4.22400E-01  9.41036E-01  6.50645E-08  6.31884E-04
  4.23485E-01  9.44262E-01  6.51683E-08  6.33723E-04
  4.24569E-01  9.44890E-01  6.52801E-08  6.35517E-04
  4.25655E-01  9.46409E-01  6.53899E-08  6.37331E-04
  4.26741E-01  9.50451E-01  6.54824E-08  6.39219E-04
  4.27825E-01  9.54386E-01  6.55523E-08  6.41164E-04
  4.28906E-01  9.53739E-01  6.56301E-08  6.43095E-04
  4.29990E-01  9.55932E-01  6.57205E-08  6.44999E-04
  4.31074E-01  9.61513E-01  6.58236E-08  6.46890E-04
  4.32154E-01  9.59867E-01  6.59261E-08  6.48772E-04
  4.33237E-01  9.63902E-01  6.60050E-08  6.50674E-04
  4.34318E-01  9.66840E-01  6.60875E-08  6.52607E-04
  4.35398E-01  9.65059E-01  6.61628E-08  6.54550E-04
  4.36481E-01  9.70506E-01  6.62523E-08  6.56471E-04
  4.37560E-01  9.69602E-01  6.63384E-08  6.58371E-04
  4.38642E-01  9.73731E-01  6.64184E-08  6.60285E-04
  4.39720E-01  9.73429E-01  6.64893E-08  6.62234E-04
  4.40801E-01  9.76470E-01  6.65707E-08  6.64198E-04
  4.41880E-01  9.76194E-01  6.66616E-08  6.66125E-04
  4.42961E-01  9.80069E-01  6.67700E-08  6.68032E-04
  4.44039E-01  9.78724E-01  6.68743E-08  6.69922E-04
  4.45120E-01  9.83605E-01  6.69650E-08  6.71836E-04
  4.46196E-01  9.81361E-01  6.70567E-08  6.73819E-04
  4.47277E-01  9.86170E-01  6.71390E-08  6.75852E-04
  4.48354E-01  9.84453E-01  6.72080E-08  6.77913E-04
  4.49434E-01  9.85940E-01  6.72711E-08  6.79933E-04
  4.50513E-01  9.88704E-01  6.73360E-08  6.81873E-04
  4.51591E-01  9.85908E-01  6.74072E-08  6.83747E-04
  4.52672E-01  9.89271E-01  6.74908E-08  6.85580E-04
  4.53751E-01  9.92052E-01  6.75837E-08  6.87438E-04
  4.54828E-01  9.88566E-01  6.76758E-08  6.89393E-04
  4.55910E-01  9.91020E-01  6.77676E-08  6.91481E-04
  4.56990E-01  9.93745E-01  6.78557E-08  6.93628E-04
  4.58068E-01  9.93156E-01  6.79373E-08  6.95732E-04
  4.59147E-01  9.91996E-01  6.80143E-08  6.97768E-04
  4.60229E-01  9.93264E-01  6.80817E-08  6.99737E-04
  4.61310E-01  9.94108E-01  6.81401E-08  7.01659E-04
  4.62390E-01  9.95390E-01  6.82043E-08  7.03608E-04
  4.63470E-01  9.93853E-01  6.82850E-08  7.05604E-04
  4.64552E-01  9.93707E-01  6.83752E-08  7.07631E-04
  4.65635E-01  9.93880E-01  6.84652E-08  7.09675E-04
  4.66718E-01  9.94237E-01  6.85476E-08  7.11730E-04
  4.67801E-01  9.94627E-01  6.86162E-08  7.13828E-04
  4.68885E-01  9.95250E-01  6.86708E-08  7.15941E-04
  4.69968E-01  9.94507E-01  6.87242E-08  7.18021E-04
  4.71052E-01  9.93952E-01  6.87855E-08  7.20077E-04
  4.72137E-01  9.94510E-01  6.88598E-08  7.22098E-04
  4.73221E-01  9.92971E-01  6.89486E-08  7.24115E-04
  4.74308E-01  9.93153E-01  6.90307E-08  7.26138E-04
  4.75394E-01  9.92507E-01  6.91056E-08  7.28214E-04
  4.76481E-01  9.91407E-01  6.91668E-08  7.30354E-04
  4.77570E-01  9.90869E-01  6.92270E-08  7.32512E-04
  4.78659E-01  9.90003E-01  6.92782E-08  7.34655E-04
  4.79749E-01  9.89116E-01  6.93431E-08  7.36738E-04
  4.80841E-01  9.88642E-01  6.94155E-08  7.38807E-04
  4.81932E-01  9.88322E-01  6.94881E-08  7.40895E-04
  4.83024E-01  9.87095E-01  6.95464E-08  7.42998E-04
  4.84117E-01  9.86820E-01  6.95963E-08  7.45138E-04
  4.85210E-01  9.84069E-01  6.96406E-08  7.47316E-04
  4.86305E-01  9.81725E-01  6.96938E-08  7.49518E-04
  4.87404E-01  9.81407E-01  6.97543E-08  7.51698E-04
  4.88502E-01  9.80821E-01  6.98177E-08  7.53839E-04
  4.89600E-01  9.80127E-01  6.98870E-08  7.55985E-04
  4.90699E-01  9.75684E-01  6.99475E-08  7.58143E-04
  4.91802E-01  9.75336E-01  7.00014E-08  7.60319E-04
  4.92905E-01  9.74896E-01  7.00471E-08  7.62515E-04
  4.94008E-01  9.70924E-01  7.01064E-08  7.64741E-04
  4.95115E-01  9.69536E-01  7.01507E-08  7.66991E-04
  4.96223E-01  9.69382E-01  7.02003E-08  7.69218E-04
  4.97330E-01  9.64691E-01  7.02373E-08  7.71424E-04
  4.98442E-01  9.63461E-01  7.02710E-08  7.73645E-04
  4.99555E-01  9.61288E-01  7.03163E-08  7.75873E-04
  5.00669E-01  9.58006E-01  7.03707E-08  7.78138E-04
  5.01787E-01  9.58033E-01  7.04297E-08  7.80417E-04
  5.02903E-01  9.52752E-01  7.04665E-08  7.82700E-04
  5.04024E-01  9.52455E-01  7.05101E-08  7.84979E-04
  5.05145E-01  9.47058E-01  7.05276E-08  7.87259E-04
  5.06272E-01  9.46590E-01  7.05606E-08  7.89554E-04
  5.07397E-01  9.42299E-01  7.06096E-08  7.91841E-04
  5.08527E-01  9.40133E-01  7.06465E-08  7.94161E-04
  5.09658E-01  9.37497E-01  7.06827E-08  7.96513E-04
  5.10791E-01  9.32420E-01  7.07167E-08  7.98910E-04
  5.11930E-01  9.31164E-01  7.07487E-08  8.01296E-04
  5.13068E-01  9.27721E-01  7.07832E-08  8.03675E-04
  5.14209E-01  9.22415E-01  7.08022E-08  8.06058E-04
  5.15355E-01  9.19948E-01  7.08125E-08  8.08417E-04
  5.16503E-01  9.17479E-01  7.08291E-08  8.10772E-04
  5.17653E-01  9.12844E-01  7.08601E-08  8.13162E-04
  5.18807E-01  9.08101E-01  7.08959E-08  8.15606E-04
  5.19965E-01  9.04776E-01  7.09184E-08  8.18076E-04
  5.21126E-01  9.01412E-01  7.09406E-08  8.20573E-04
  5.22289E-01  8.96803E-01  7.09626E-08  8.23065E-04
  5.23457E-01  8.93503E-01  7.09782E-08  8.25539E-04
  5.24627E-01  8.89412E-01  7.09907E-08  8.28019E-04
  5.25801E-01  8.84439E-01  7.09908E-08  8.30504E-04
  5.26980E-01  8.79509E-01  7.09864E-08  8.33015E-04
  5.28163E-01  8.74594E-01  7.09835E-08  8.35564E-04
  5.29351E-01  8.70517E-01  7.09862E-08  8.38134E-04
  5.30543E-01  8.65792E-01  7.10013E-08  8.40744E-04
  5.31739E-01  8.61378E-01  7.10201E-08  8.43357E-04
  5.32939E-01  8.56026E-01  7.10264E-08  8.45970E-04
  5.34144E-01  8.52066E-01  7.10393E-08  8.48614E-04
  5.35353E-01  8.45710E-01  7.10477E-08  8.51255E-04
  5.36569E-01  8.40059E-01  7.10478E-08  8.53879E-04
  5.37790E-01  8.35588E-01  7.10313E-08  8.56557E-04
  5.39016E-01  8.30350E-01  7.10179E-08  8.59225E-04
  5.40247E-01  8.23630E-01  7.09992E-08  8.61960E-04
  5.41485E-01  8.18890E-01  7.09738E-08  8.64733E-04
  5.42728E-01  8.11570E-01  7.09532E-08  8.67465E-04
  5.43980E-01  8.07554E-01  7.09351E-08  8.70235E-04
  5.45236E-01  7.99691E-01  7.09229E-08  8.73070E-04
  5.46501E-01  7.95058E-01  7.08886E-08  8.75940E-04
  5.47770E-01  7.87692E-01  7.08876E-08  8.78774E-04
  5.49049E-01  7.81570E-01  7.08743E-08  8.81613E-04
  5.50335E-01  7.75705E-01  7.08499E-08  8.84483E-04
  5.51628E-01  7.69801E-01  7.08341E-08  8.87417E-04
  5.52927E-01  7.61974E-01  7.08126E-08  8.90427E-04
  5.54237E-01  7.54996E-01  7.07618E-08  8.93446E-04
  5.55556E-01  7.48343E-01  7.07274E-08  8.96435E-04
  5.56884E-01  7.41164E-01  7.06888E-08  8.99486E-04
  5.58221E-01  7.34740E-01  7.06466E-08  9.02593E-04
  5.59567E-01  7.27530E-01  7.05970E-08  9.05718E-04
  5.60923E-01  7.19247E-01  7.05465E-08  9.08845E-04
  5.62290E-01  7.11609E-01  7.05067E-08  9.11968E-04
  5.63670E-01  7.04500E-01  7.04609E-08  9.15147E-04
  5.65059E-01  6.97231E-01  7.03995E-08  9.18386E-04
  5.66459E-01  6.88312E-01  7.03449E-08  9.21655E-04
  5.67874E-01  6.81398E-01  7.02921E-08  9.24966E-04
  5.69300E-01  6.72807E-01  7.02268E-08  9.28328E-04
  5.70739E-01  6.64436E-01  7.01562E-08  9.31746E-04
  5.72194E-01  6.56205E-01  7.01009E-08  9.35170E-04
  5.73662E-01  6.48485E-01  7.00260E-08  9.38661E-04
  5.75144E-01  6.39466E-01  6.99532E-08  9.42234E-04
  5.76643E-01  6.30179E-01  6.98783E-08  9.45808E-04
  5.78160E-01  6.21611E-01  6.98057E-08  9.49418E-04
  5.79693E-01  6.13019E-01  6.97365E-08  9.53102E-04
  5.81244E-01  6.04116E-01  6.96471E-08  9.56842E-04
  5.82813E-01  5.94105E-01  6.95571E-08  9.60664E-04
  5.84404E-01  5.85403E-01  6.94566E-08  9.64549E-04
  5.86015E-01  5.75968E-01  6.93495E-08  9.68488E-04
  5.87647E-01  5.65846E-01  6.92576E-08  9.72498E-04
  5.89304E-01  5.56187E-01  6.91534E-08  9.76494E-04
  5.90984E-01  5.46669E-01  6.90487E-08  9.80605E-04
  5.92690E-01  5.36061E-01  6.89548E-08  9.84827E-04
  5.94424E-01  5.26468E-01  6.88578E-08  9.89101E-04
  5.96185E-01  5.16082E-01  6.87373E-08  9.93510E-04
  5.97976E-01  5.05756E-01  6.85997E-08  9.98005E-04
  5.99799E-01  4.95165E-01  6.84767E-08  1.00257E-03
  6.01656E-01  4.84342E-01  6.83588E-08  1.00726E-03
  6.03550E-01  4.73588E-01  6.82129E-08  1.01209E-03
  6.05481E-01  4.62392E-01  6.80559E-08  1.01702E-03
  6.07453E-01  4.51401E-01  6.79124E-08  1.02197E-03
  6.09469E-01  4.40302E-01  6.77848E-08  1.02704E-03
  6.11530E-01  4.28759E-01  6.76283E-08  1.03231E-03
  6.13641E-01  4.17107E-01  6.74605E-08  1.03777E-03
  6.15806E-01  4.05587E-01  6.72971E-08  1.04335E-03
  6.18028E-01  3.93728E-01  6.71417E-08  1.04908E-03
  6.20311E-01  3.81696E-01  6.69683E-08  1.05510E-03
  6.22661E-01  3.69435E-01  6.67532E-08  1.06139E-03
  6.25084E-01  3.57153E-01  6.65663E-08  1.06776E-03
  6.27586E-01  3.44720E-01  6.64024E-08  1.07416E-03
  6.30173E-01  3.32168E-01  6.62135E-08  1.08099E-03
  6.32854E-01  3.19195E-01  6.59579E-08  1.08834E-03
  6.35640E-01  3.06107E-01  6.57258E-08  1.09577E-03
  6.38543E-01  2.93288E-01  6.55913E-08  1.10332E-03
  6.41569E-01  2.79749E-01  6.53130E-08  1.11133E-03
  6.44740E-01  2.66079E-01  6.50130E-08  1.12086E-03
  6.48074E-01  2.52281E-01  6.47101E-08  1.12964E-03
  6.51591E-01  2.38621E-01  6.45606E-08  1.13874E-03
  6.55313E-01  2.24514E-01  6.43326E-08  1.14950E-03
  6.59274E-01  2.09634E-01  6.37536E-08  1.16038E-03
  6.63525E-01  1.95370E-01  6.36492E-08  1.17387E-03
  6.68101E-01  1.80606E-01  6.33282E-08  1.18313E-03
  6.73072E-01  1.65621E-01  6.31193E-08  1.19860E-03
  6.78523E-01  1.51114E-01  6.33374E-08  1.21155E-03
  6.84545E-01  1.19450E-01  5.11180E-08  1.15184E-03
  6.92233E-01  5.10609E-02  9.26004E-09  4.37114E-04
  7.10194E-01  2.53399E-02  1.18657E-10  2.90830E-05
  7.45329E-01  1.71488E-02  2.33461E-11  6.87524E-06
  7.94590E-01  1.12957E-02  1.16388E-11  4.88422E-06
  8.65047E-01  6.36912E-03  4.47670E-12  2.98284E-06
  9.84432E-01  2.45551E-03  9.25679E-13  6.40930E-07
  1.40145E+00  1.37245E-04  7.77780E-15  3.18720E-07
