 -3.54189E-08  5.15330E-11  3.03089E-09  1.53261E+00
  7.09593E+00  3.50304E-10  3.03074E-09  3.31965E+00
  8.18364E+00  5.46947E-10  3.03093E-09  3.81078E+00
  9.35944E+00  8.86828E-10  3.03061E-09  4.28693E+00
  1.03748E+01  1.29642E-09  3.03047E-09  4.70278E+00
  1.12750E+01  1.77885E-09  3.02988E-09  5.07451E+00
  1.20857E+01  2.35334E-09  3.02967E-09  5.40982E+00
  1.28192E+01  3.02190E-09  3.02926E-09  5.71434E+00
  1.34876E+01  3.74255E-09  3.02877E-09  5.99420E+00
  1.41081E+01  4.53159E-09  3.02870E-09  6.25512E+00
  1.46890E+01  5.37992E-09  3.02848E-09  6.50029E+00
  1.52371E+01  6.30071E-09  3.02692E-09  6.73232E+00
  1.57562E+01  7.29424E-09  3.02691E-09  6.95223E+00
  1.62497E+01  8.34625E-09  3.02653E-09  7.16181E+00
  1.67209E+01  9.44610E-09  3.02555E-09  7.36240E+00
  1.71731E+01  1.05823E-08  3.02488E-09  7.55540E+00
  1.76091E+01  1.17786E-08  3.02486E-09  7.74171E+00
  1.80303E+01  1.30187E-08  3.02463E-09  7.92178E+00
  1.84382E+01  1.43312E-08  3.02350E-09  8.09632E+00
  1.88334E+01  1.57361E-08  3.02396E-09  8.26528E+00
  1.92160E+01  1.72083E-08  3.02394E-09  8.42895E+00
  1.95868E+01  1.87131E-08  3.02395E-09  8.58787E+00
  1.99472E+01  2.02909E-08  3.02350E-09  8.74239E+00
  2.02978E+01  2.19225E-08  3.02376E-09  8.89266E+00
  2.06392E+01  2.35562E-08  3.02336E-09  9.03927E+00
  2.09727E+01  2.52658E-08  3.02052E-09  9.18270E+00
  2.12986E+01  2.69755E-08  3.02227E-09  9.32261E+00
  2.16178E+01  2.87628E-08  3.02217E-09  9.45986E+00
  2.19305E+01  3.05904E-08  3.02212E-09  9.59443E+00
  2.22370E+01  3.25278E-08  3.02144E-09  9.72588E+00
  2.25371E+01  3.43989E-08  3.01975E-09  9.85525E+00
  2.28321E+01  3.64807E-08  3.01222E-09  9.98214E+00
  2.31210E+01  3.84799E-08  3.01642E-09  1.01064E+01
  2.34050E+01  4.05807E-08  3.01216E-09  1.02287E+01
  2.36840E+01  4.26386E-08  3.01602E-09  1.03490E+01
  2.39588E+01  4.48848E-08  3.01385E-09  1.04674E+01
  2.42287E+01  4.70678E-08  3.02014E-09  1.05836E+01
  2.44946E+01  4.92247E-08  3.00944E-09  1.06988E+01
  2.47569E+01  5.16115E-08  3.00770E-09  1.08117E+01
  2.50149E+01  5.38814E-08  3.01050E-09  1.09229E+01
  2.52694E+01  5.62525E-08  3.00893E-09  1.10330E+01
  2.55205E+01  5.87136E-08  3.00574E-09  1.11411E+01
  2.57679E+01  6.11416E-08  3.00051E-09  1.12476E+01
  2.60121E+01  6.36055E-08  3.00609E-09  1.13533E+01
  2.62533E+01  6.61414E-08  3.00316E-09  1.14575E+01
  2.64914E+01  6.86723E-08  3.00281E-09  1.15602E+01
  2.67267E+01  7.12976E-08  3.00337E-09  1.16616E+01
  2.69591E+01  7.37776E-08  2.99939E-09  1.17622E+01
  2.71893E+01  7.65167E-08  2.99594E-09  1.18619E+01
  2.74166E+01  7.92961E-08  2.99345E-09  1.19598E+01
  2.76412E+01  8.19511E-08  3.00197E-09  1.20568E+01
  2.78636E+01  8.47527E-08  2.99597E-09  1.21530E+01
  2.80835E+01  8.74348E-08  2.99472E-09  1.22481E+01
  2.83014E+01  9.04117E-08  2.98310E-09  1.23428E+01
  2.85167E+01  9.33368E-08  2.97801E-09  1.24352E+01
  2.87298E+01  9.58287E-08  2.98441E-09  1.25275E+01
  2.89416E+01  9.87453E-08  2.97881E-09  1.26194E+01
  2.91515E+01  1.01845E-07  2.97234E-09  1.27102E+01
  2.93590E+01  1.04813E-07  2.95714E-09  1.28000E+01
  2.95647E+01  1.07669E-07  2.95393E-09  1.28886E+01
  2.97688E+01  1.10731E-07  2.95797E-09  1.29769E+01
  2.99710E+01  1.13701E-07  2.94593E-09  1.30644E+01
  3.01716E+01  1.16904E-07  2.94744E-09  1.31512E+01
  3.03704E+01  1.19956E-07  2.95058E-09  1.32371E+01
  3.05675E+01  1.22996E-07  2.95216E-09  1.33225E+01
  3.07632E+01  1.25974E-07  2.94932E-09  1.34078E+01
  3.09576E+01  1.29501E-07  2.93639E-09  1.34916E+01
  3.11500E+01  1.32553E-07  2.92940E-09  1.35747E+01
  3.13411E+01  1.35686E-07  2.94343E-09  1.36572E+01
  3.15308E+01  1.38539E-07  2.95317E-09  1.37395E+01
  3.17197E+01  1.41872E-07  2.94195E-09  1.38216E+01
  3.19071E+01  1.44644E-07  2.90967E-09  1.39033E+01
  3.20938E+01  1.48668E-07  2.89459E-09  1.39837E+01
  3.22783E+01  1.51842E-07  2.91315E-09  1.40630E+01
  3.24616E+01  1.55263E-07  2.92272E-09  1.41427E+01
  3.26437E+01  1.58620E-07  2.92862E-09  1.42211E+01
  3.28245E+01  1.61181E-07  2.92672E-09  1.42997E+01
  3.30050E+01  1.64127E-07  2.91176E-09  1.43785E+01
  3.31848E+01  1.68173E-07  2.90227E-09  1.44568E+01
  3.33627E+01  1.71990E-07  2.87631E-09  1.45326E+01
  3.35392E+01  1.73769E-07  2.86451E-09  1.46094E+01
  3.37162E+01  1.78018E-07  2.88929E-09  1.46863E+01
  3.38913E+01  1.81551E-07  2.90321E-09  1.47619E+01
  3.40652E+01  1.84440E-07  2.87531E-09  1.48380E+01
  3.42387E+01  1.88206E-07  2.86031E-09  1.49124E+01
  3.44109E+01  1.90639E-07  2.84492E-09  1.49871E+01
  3.45831E+01  1.95104E-07  2.87484E-09  1.50618E+01
  3.47534E+01  1.98921E-07  2.88455E-09  1.51351E+01
  3.49225E+01  2.00096E-07  2.87919E-09  1.52090E+01
  3.50927E+01  2.04410E-07  2.85081E-09  1.52832E+01
  3.52612E+01  2.07599E-07  2.85305E-09  1.53560E+01
  3.54291E+01  2.11125E-07  2.86392E-09  1.54293E+01
  3.55962E+01  2.15462E-07  2.84933E-09  1.55010E+01
  3.57617E+01  2.17391E-07  2.83614E-09  1.55735E+01
  3.59277E+01  2.21538E-07  2.79221E-09  1.56450E+01
  3.60923E+01  2.25231E-07  2.82501E-09  1.57162E+01
  3.62560E+01  2.29002E-07  2.82222E-09  1.57868E+01
  3.64188E+01  2.30408E-07  2.83487E-09  1.58579E+01
  3.65823E+01  2.35984E-07  2.79184E-09  1.59284E+01
  3.67436E+01  2.37898E-07  2.83748E-09  1.59978E+01
  3.69053E+01  2.39558E-07  2.81951E-09  1.60693E+01
  3.70676E+01  2.46887E-07  2.82037E-09  1.61392E+01
  3.72266E+01  2.44700E-07  2.81033E-09  1.62078E+01
  3.73886E+01  2.49033E-07  2.86009E-09  1.62800E+01
  3.75493E+01  2.55249E-07  2.79906E-09  1.63491E+01
  3.77077E+01  2.58200E-07  2.76838E-09  1.64177E+01
  3.78657E+01  2.62621E-07  2.79708E-09  1.64852E+01
  3.80226E+01  2.63368E-07  2.75949E-09  1.65534E+01
  3.81804E+01  2.65610E-07  2.72895E-09  1.66233E+01
  3.83384E+01  2.72753E-07  2.71632E-09  1.66905E+01
  3.84936E+01  2.73861E-07  2.70507E-09  1.67574E+01
  3.86496E+01  2.77137E-07  2.78817E-09  1.68251E+01
  3.88051E+01  2.79122E-07  2.72296E-09  1.68933E+01
  3.89608E+01  2.84018E-07  2.72450E-09  1.69607E+01
  3.91152E+01  2.85171E-07  2.72106E-09  1.70276E+01
  3.92702E+01  2.88071E-07  2.70770E-09  1.70957E+01
  3.94250E+01  2.93841E-07  2.72905E-09  1.71612E+01
  3.95779E+01  2.92076E-07  2.79585E-09  1.72286E+01
  3.97331E+01  3.00736E-07  2.69213E-09  1.72958E+01
  3.98850E+01  3.00978E-07  2.74635E-09  1.73612E+01
  4.00379E+01  3.00279E-07  2.72775E-09  1.74289E+01
  4.01924E+01  3.07906E-07  2.68741E-09  1.74972E+01
  4.03442E+01  3.09062E-07  2.67549E-09  1.75615E+01
  4.04966E+01  3.13947E-07  2.67307E-09  1.76281E+01
  4.06478E+01  3.17941E-07  2.67150E-09  1.76926E+01
  4.07982E+01  3.16895E-07  2.63693E-09  1.77589E+01
  4.09501E+01  3.21881E-07  2.51142E-09  1.78243E+01
  4.11008E+01  3.21542E-07  2.64288E-09  1.78900E+01
  4.12527E+01  3.26826E-07  2.67967E-09  1.79568E+01
  4.14032E+01  3.33360E-07  2.59081E-09  1.80210E+01
  4.15517E+01  3.32794E-07  2.70828E-09  1.80850E+01
  4.17015E+01  3.34560E-07  2.67501E-09  1.81504E+01
  4.18516E+01  3.36894E-07  2.65940E-09  1.82164E+01
  4.20015E+01  3.39865E-07  2.59642E-09  1.82814E+01
  4.21511E+01  3.43621E-07  2.56219E-09  1.83460E+01
  4.23001E+01  3.44500E-07  2.63884E-09  1.84105E+01
  4.24496E+01  3.43784E-07  2.63685E-09  1.84761E+01
  4.26003E+01  3.47782E-07  2.51539E-09  1.85431E+01
  4.27502E+01  3.57794E-07  2.49317E-09  1.86068E+01
  4.28968E+01  3.51713E-07  2.44007E-09  1.86702E+01
  4.30468E+01  3.59922E-07  2.49702E-09  1.87352E+01
  4.31943E+01  3.56862E-07  2.50483E-09  1.87997E+01
  4.33439E+01  3.67470E-07  2.41481E-09  1.88645E+01
  4.34900E+01  3.64151E-07  2.53377E-09  1.89275E+01
  4.36382E+01  3.64983E-07  2.47644E-09  1.89926E+01
  4.37870E+01  3.68058E-07  2.48233E-09  1.90570E+01
  4.39353E+01  3.72478E-07  2.53487E-09  1.91211E+01
  4.40826E+01  3.75364E-07  2.40941E-09  1.91848E+01
  4.42296E+01  3.68781E-07  2.48345E-09  1.92494E+01
  4.43799E+01  3.78045E-07  2.43816E-09  1.93160E+01
  4.45274E+01  3.89729E-07  2.28357E-09  1.93767E+01
  4.46711E+01  3.68685E-07  2.44530E-09  1.94414E+01
  4.48238E+01  3.80824E-07  2.36698E-09  1.95086E+01
  4.49724E+01  3.84116E-07  2.43042E-09  1.95735E+01
  4.51203E+01  3.96681E-07  2.34044E-09  1.96357E+01
  4.52643E+01  3.85401E-07  2.52873E-09  1.96990E+01
  4.54132E+01  3.90631E-07  2.33256E-09  1.97636E+01
  4.55607E+01  3.86474E-07  2.33133E-09  1.98283E+01
  4.57106E+01  3.94545E-07  2.34791E-09  1.98940E+01
  4.58580E+01  3.96529E-07  2.33551E-09  1.99573E+01
  4.60053E+01  3.97568E-07  2.43061E-09  2.00209E+01
  4.61528E+01  3.96315E-07  2.43101E-09  2.00846E+01
  4.63014E+01  3.93582E-07  2.41825E-09  2.01508E+01
  4.64517E+01  4.05119E-07  2.35726E-09  2.02165E+01
  4.65983E+01  3.98972E-07  2.32149E-09  2.02799E+01
  4.67477E+01  4.04695E-07  2.27246E-09  2.03446E+01
  4.68956E+01  4.04513E-07  2.35785E-09  2.04084E+01
  4.70442E+01  4.11318E-07  2.23852E-09  2.04743E+01
  4.71908E+01  4.05613E-07  2.11669E-09  2.05374E+01
  4.73401E+01  4.06079E-07  1.95389E-09  2.06018E+01
  4.74897E+01  4.08968E-07  2.16748E-09  2.06664E+01
  4.76388E+01  4.04814E-07  2.21959E-09  2.07322E+01
  4.77899E+01  4.05856E-07  2.09319E-09  2.07998E+01
  4.79411E+01  4.18156E-07  2.24595E-09  2.08647E+01
  4.80884E+01  4.21204E-07  2.18520E-09  2.09272E+01
  4.82351E+01  4.17236E-07  2.26224E-09  2.09906E+01
  4.83837E+01  4.14507E-07  2.19684E-09  2.10556E+01
  4.85338E+01  4.13491E-07  2.10733E-09  2.11209E+01
  4.86847E+01  4.12611E-07  2.08606E-09  2.11873E+01
  4.88363E+01  4.18164E-07  2.10563E-09  2.12528E+01
  4.89864E+01  4.09949E-07  2.01839E-09  2.13194E+01
  4.91399E+01  4.25883E-07  2.01019E-09  2.13865E+01
  4.92881E+01  4.22951E-07  2.10391E-09  2.14485E+01
  4.94377E+01  4.11332E-07  2.15072E-09  2.15149E+01
  4.95920E+01  4.23678E-07  2.16787E-09  2.15825E+01
  4.97421E+01  4.22465E-07  2.15736E-09  2.16474E+01
  4.98931E+01  4.18330E-07  2.06816E-09  2.17141E+01
  5.00459E+01  4.21697E-07  2.03762E-09  2.17795E+01
  5.01979E+01  4.17849E-07  1.96802E-09  2.18471E+01
  5.03517E+01  4.28000E-07  1.96793E-09  2.19125E+01
  5.05021E+01  4.17636E-07  1.91179E-09  2.19783E+01
  5.06566E+01  4.27240E-07  1.88186E-09  2.20454E+01
  5.08080E+01  4.24017E-07  1.89355E-09  2.21109E+01
  5.09608E+01  4.17324E-07  1.83819E-09  2.21781E+01
  5.11165E+01  4.17425E-07  1.85137E-09  2.22465E+01
  5.12723E+01  4.21479E-07  1.85649E-09  2.23150E+01
  5.14270E+01  4.28361E-07  1.84323E-09  2.23799E+01
  5.15795E+01  4.19720E-07  1.99818E-09  2.24468E+01
  5.17353E+01  4.14138E-07  1.96739E-09  2.25162E+01
  5.18936E+01  4.27652E-07  1.94894E-09  2.25856E+01
  5.20471E+01  4.21572E-07  1.96411E-09  2.26506E+01
  5.22031E+01  4.26116E-07  1.61250E-09  2.27187E+01
  5.23576E+01  4.19676E-07  1.87843E-09  2.27854E+01
  5.25148E+01  4.12723E-07  1.84731E-09  2.28562E+01
  5.26748E+01  4.22930E-07  1.88439E-09  2.29255E+01
  5.28312E+01  4.22237E-07  1.87271E-09  2.29911E+01
  5.29880E+01  4.13701E-07  1.97794E-09  2.30617E+01
  5.31483E+01  4.22382E-07  1.89914E-09  2.31300E+01
  5.33054E+01  4.05730E-07  1.78299E-09  2.32010E+01
  5.34692E+01  4.27082E-07  1.76387E-09  2.32704E+01
  5.36250E+01  4.10324E-07  1.88666E-09  2.33386E+01
  5.37872E+01  4.09696E-07  1.68373E-09  2.34114E+01
  5.39499E+01  4.20859E-07  1.63542E-09  2.34804E+01
  5.41084E+01  4.14182E-07  1.69374E-09  2.35483E+01
  5.42696E+01  4.12684E-07  1.86393E-09  2.36192E+01
  5.44315E+01  4.07885E-07  1.92524E-09  2.36907E+01
  5.45954E+01  4.10245E-07  1.79449E-09  2.37634E+01
  5.47584E+01  4.15663E-07  1.75899E-09  2.38321E+01
  5.49195E+01  4.08321E-07  1.75284E-09  2.39024E+01
  5.50835E+01  4.04886E-07  1.72162E-09  2.39745E+01
  5.52490E+01  4.08226E-07  1.56972E-09  2.40473E+01
  5.54132E+01  4.09989E-07  1.67659E-09  2.41176E+01
  5.55767E+01  3.96031E-07  1.62757E-09  2.41895E+01
  5.57461E+01  3.96445E-07  1.60507E-09  2.42655E+01
  5.59153E+01  4.08204E-07  1.62777E-09  2.43370E+01
  5.60796E+01  3.95757E-07  1.69086E-09  2.44105E+01
  5.62492E+01  4.12104E-07  1.56786E-09  2.44815E+01
  5.64120E+01  3.91961E-07  1.51515E-09  2.45532E+01
  5.65832E+01  3.89346E-07  1.54465E-09  2.46294E+01
  5.67556E+01  3.95090E-07  1.37452E-09  2.47049E+01
  5.69254E+01  4.02596E-07  1.56445E-09  2.47769E+01
  5.70920E+01  3.87426E-07  1.54491E-09  2.48501E+01
  5.72651E+01  3.92462E-07  1.41329E-09  2.49256E+01
  5.74359E+01  3.73620E-07  1.45945E-09  2.49997E+01
  5.76153E+01  3.84068E-07  1.50808E-09  2.50829E+01
  5.77896E+01  4.04077E-07  1.38934E-09  2.51530E+01
  5.79553E+01  3.71569E-07  1.32293E-09  2.52302E+01
  5.81354E+01  4.03522E-07  1.20682E-09  2.53022E+01
  5.83012E+01  3.55417E-07  1.57635E-09  2.53793E+01
  5.84892E+01  3.82718E-07  1.21468E-09  2.54611E+01
  5.86637E+01  3.75597E-07  1.45953E-09  2.55361E+01
  5.88414E+01  3.84683E-07  1.62789E-09  2.56126E+01
  5.90147E+01  3.62910E-07  1.39547E-09  2.56911E+01
  5.91983E+01  3.78940E-07  1.34146E-09  2.57695E+01
  5.93740E+01  3.63249E-07  1.44850E-09  2.58457E+01
  5.95570E+01  3.64172E-07  1.42995E-09  2.59268E+01
  5.97394E+01  3.62546E-07  1.39407E-09  2.60063E+01
  5.99224E+01  3.66731E-07  1.34301E-09  2.60854E+01
  6.01031E+01  3.54227E-07  1.23956E-09  2.61648E+01
  6.02900E+01  3.53724E-07  1.38174E-09  2.62477E+01
  6.04768E+01  3.59422E-07  1.36012E-09  2.63278E+01
  6.06605E+01  3.53688E-07  1.23048E-09  2.64082E+01
  6.08469E+01  3.51434E-07  1.34419E-09  2.64900E+01
  6.10342E+01  3.52350E-07  1.36203E-09  2.65705E+01
  6.12207E+01  3.45494E-07  1.37770E-09  2.66527E+01
  6.14106E+01  3.43543E-07  1.38390E-09  2.67363E+01
  6.16013E+01  3.43033E-07  1.40278E-09  2.68191E+01
  6.17920E+01  3.36526E-07  1.29402E-09  2.69040E+01
  6.19860E+01  3.36356E-07  1.30020E-09  2.69883E+01
  6.21797E+01  3.38182E-07  1.27286E-09  2.70718E+01
  6.23721E+01  3.35250E-07  1.25500E-09  2.71549E+01
  6.25657E+01  3.26512E-07  1.33522E-09  2.72407E+01
  6.27642E+01  3.22867E-07  1.00502E-09  2.73287E+01
  6.29644E+01  3.32745E-07  9.13913E-10  2.74145E+01
  6.31584E+01  3.26286E-07  1.14179E-09  2.74956E+01
  6.33557E+01  3.05399E-07  1.31723E-09  2.75886E+01
  6.35660E+01  3.29962E-07  1.01368E-09  2.76770E+01
  6.37603E+01  3.16650E-07  9.66339E-10  2.77610E+01
  6.39622E+01  3.06587E-07  1.09780E-09  2.78499E+01
  6.41703E+01  3.06094E-07  1.15831E-09  2.79435E+01
  6.43782E+01  3.09671E-07  1.11515E-09  2.80327E+01
  6.45832E+01  2.96806E-07  1.06278E-09  2.81260E+01
  6.47965E+01  3.19206E-07  9.93623E-10  2.82130E+01
  6.49943E+01  2.93688E-07  1.15320E-09  2.83005E+01
  6.52087E+01  2.93156E-07  1.02585E-09  2.83975E+01
  6.54230E+01  2.97037E-07  1.05152E-09  2.84889E+01
  6.56338E+01  2.82769E-07  1.09306E-09  2.85828E+01
  6.58546E+01  2.91808E-07  9.67708E-10  2.86796E+01
  6.60679E+01  2.85643E-07  1.17972E-09  2.87724E+01
  6.62852E+01  2.89406E-07  1.08339E-09  2.88657E+01
  6.64991E+01  2.78917E-07  1.11789E-09  2.89598E+01
  6.67203E+01  2.76139E-07  1.15732E-09  2.90568E+01
  6.69430E+01  2.71585E-07  1.04983E-09  2.91545E+01
  6.71687E+01  2.70558E-07  1.12843E-09  2.92541E+01
  6.73945E+01  2.74573E-07  9.66412E-10  2.93501E+01
  6.76163E+01  2.57630E-07  1.09023E-09  2.94505E+01
  6.78518E+01  2.66531E-07  1.12790E-09  2.95524E+01
  6.80786E+01  2.57918E-07  1.02848E-09  2.96530E+01
  6.83122E+01  2.62472E-07  9.55861E-10  2.97525E+01
  6.85410E+01  2.46361E-07  9.42299E-10  2.98557E+01
  6.87838E+01  2.56919E-07  9.25185E-10  2.99608E+01
  6.90157E+01  2.46700E-07  1.01888E-09  3.00620E+01
  6.92563E+01  2.44170E-07  7.65018E-10  3.01686E+01
  6.94985E+01  2.43177E-07  6.82747E-10  3.02743E+01
  6.97407E+01  2.42526E-07  8.04275E-10  3.03772E+01
  6.99826E+01  2.35603E-07  9.73050E-10  3.04851E+01
  7.02306E+01  2.32365E-07  8.32035E-10  3.05967E+01
  7.04810E+01  2.33062E-07  6.78057E-10  3.07036E+01
  7.07296E+01  2.32158E-07  7.74616E-10  3.08088E+01
  7.09781E+01  2.15486E-07  7.67212E-10  3.09236E+01
  7.12447E+01  2.31404E-07  6.59110E-10  3.10370E+01
  7.14919E+01  2.12594E-07  7.69892E-10  3.11471E+01
  7.17597E+01  2.17375E-07  7.20870E-10  3.12699E+01
  7.20205E+01  2.21660E-07  6.85473E-10  3.13747E+01
  7.22751E+01  2.03987E-07  9.08878E-10  3.14911E+01
  7.25504E+01  2.01787E-07  8.58021E-10  3.16142E+01
  7.28274E+01  2.08446E-07  7.03982E-10  3.17312E+01
  7.30942E+01  1.92376E-07  9.31507E-10  3.18524E+01
  7.33819E+01  2.02869E-07  7.42927E-10  3.19754E+01
  7.36534E+01  1.93389E-07  8.97067E-10  3.20942E+01
  7.39367E+01  1.89494E-07  9.48397E-10  3.22187E+01
  7.42244E+01  1.88289E-07  8.81071E-10  3.23467E+01
  7.45125E+01  2.05407E-07  9.69531E-10  3.24637E+01
  7.47752E+01  1.75976E-07  9.59506E-10  3.25848E+01
  7.50803E+01  1.77333E-07  8.22592E-10  3.27210E+01
  7.53814E+01  1.69352E-07  9.57842E-10  3.28588E+01
  7.56949E+01  1.82834E-07  6.62119E-10  3.29922E+01
  7.59837E+01  1.82360E-07  7.49447E-10  3.31098E+01
  7.62717E+01  1.67462E-07  1.03574E-09  3.32414E+01
  7.65837E+01  1.61073E-07  8.71693E-10  3.33825E+01
  7.69061E+01  1.57586E-07  7.24577E-10  3.35306E+01
  7.72337E+01  1.68590E-07  3.84157E-10  3.36610E+01
  7.75381E+01  1.43654E-07  6.07910E-10  3.38077E+01
  7.78932E+01  1.55031E-07  5.99280E-10  3.39586E+01
  7.82202E+01  1.52258E-07  4.77047E-10  3.40994E+01
  7.85511E+01  1.38844E-07  4.51965E-10  3.42498E+01
  7.89116E+01  1.52940E-07  3.79613E-10  3.44013E+01
  7.92369E+01  1.36833E-07  6.79266E-10  3.45484E+01
  7.95982E+01  1.39070E-07  5.54559E-10  3.47051E+01
  7.99513E+01  1.36674E-07  5.95059E-10  3.48603E+01
  8.03082E+01  1.34520E-07  7.66310E-10  3.50163E+01
  8.06686E+01  1.37266E-07  4.74757E-10  3.51703E+01
  8.10194E+01  1.34052E-07  7.20006E-10  3.53234E+01
  8.13764E+01  1.27704E-07  5.87179E-10  3.54803E+01
  8.17488E+01  1.22291E-07  5.92150E-10  3.56485E+01
  8.21349E+01  1.17516E-07  5.78591E-10  3.58225E+01
  8.25339E+01  1.29672E-07  5.22360E-10  3.59872E+01
  8.28931E+01  1.11988E-07  6.51622E-10  3.61531E+01
  8.33063E+01  1.16647E-07  6.45510E-10  3.63324E+01
  8.37001E+01  1.06269E-07  6.83209E-10  3.65093E+01
  8.41292E+01  1.07641E-07  5.91291E-10  3.67006E+01
  8.45497E+01  1.02486E-07  5.08762E-10  3.68817E+01
  8.49881E+01  9.53268E-08  5.89586E-10  3.70927E+01
  8.54557E+01  1.05974E-07  1.85419E-10  3.72738E+01
  8.58732E+01  8.99893E-08  3.44197E-10  3.74777E+01
  8.63611E+01  9.03419E-08  3.49222E-10  3.76866E+01
  8.68430E+01  8.51767E-08  5.02548E-10  3.79074E+01
  8.73499E+01  8.84354E-08  8.99611E-11  3.81172E+01
  8.78341E+01  7.64154E-08  3.51357E-10  3.83534E+01
  8.83897E+01  8.21328E-08  2.47307E-10  3.85795E+01
  8.89021E+01  7.31061E-08  4.72976E-10  3.88218E+01
  8.94727E+01  7.87548E-08  2.49954E-10  3.90548E+01
  8.99978E+01  7.32315E-08  4.41010E-10  3.92896E+01
  9.05577E+01  7.62545E-08  4.43701E-10  3.95294E+01
  9.10911E+01  7.67143E-08  4.65105E-10  3.97524E+01
  9.16172E+01  7.36083E-08  5.69075E-10  3.99871E+01
  9.21614E+01  7.15656E-08  5.53283E-10  4.02211E+01
  9.27169E+01  7.17006E-08  4.58048E-10  4.04729E+01
  9.32672E+01  6.74406E-08  3.40277E-10  4.07045E+01
  9.38481E+01  6.20370E-08  5.14956E-10  4.09851E+01
  9.44746E+01  6.39968E-08  3.25505E-10  4.12371E+01
  9.50773E+01  5.85688E-08  4.09906E-10  4.15276E+01
  9.57309E+01  5.76348E-08  3.68191E-10  4.17979E+01
  9.63900E+01  5.43647E-08  4.88875E-10  4.21112E+01
  9.70834E+01  5.08036E-08  5.14734E-10  4.24027E+01
  9.78195E+01  4.78567E-08  3.71933E-10  4.27595E+01
  9.85947E+01  4.55704E-08  2.65160E-10  4.30782E+01
  9.94020E+01  4.26251E-08  3.64229E-10  4.34729E+01
  1.00258E+02  3.84963E-08  3.72807E-10  4.38327E+01
  1.01198E+02  3.68333E-08  2.48793E-10  4.42879E+01
  1.02171E+02  3.21072E-08  2.99176E-10  4.47077E+01
  1.03277E+02  3.19716E-08  2.18556E-10  4.52241E+01
  1.04377E+02  2.65703E-08  3.52454E-10  4.57224E+01
  1.05688E+02  2.79797E-08  1.61667E-10  4.63023E+01
  1.06921E+02  2.24547E-08  2.63141E-10  4.68888E+01
  1.08443E+02  2.32061E-08  2.96497E-10  4.75511E+01
  1.09902E+02  1.92158E-08  3.08066E-10  4.82365E+01
  1.11651E+02  2.02339E-08  1.54784E-10  4.89944E+01
  1.13302E+02  1.34221E-08  3.68103E-10  4.98154E+01
  1.15774E+02  2.94400E-08  3.06667E-10  5.06638E+01
  1.16905E+02  8.20293E-08  4.42589E-09  5.04767E+01
  1.17325E+02  9.57903E-08  1.03601E-08  5.05649E+01
  1.17703E+02  9.83120E-08  1.34891E-08  5.06951E+01
  1.18105E+02  8.49250E-08  2.46039E-08  5.06639E+01
  1.18652E+02  8.89942E-08  3.52558E-08  5.07021E+01
  1.19815E+02  2.59023E-08  5.08223E-08  5.07990E+01
