 -2.15756E-08  2.05416E-10  3.04408E-08  1.53249E+00
  4.47534E+00  1.39633E-09  3.04393E-08  3.31936E+00
  5.16136E+00  2.18023E-09  3.04409E-08  3.81046E+00
  5.90292E+00  3.53503E-09  3.04381E-08  4.28644E+00
  6.54326E+00  5.16777E-09  3.04366E-08  4.70230E+00
  7.11101E+00  7.09106E-09  3.04328E-08  5.07401E+00
  7.62230E+00  9.38090E-09  3.04291E-08  5.40930E+00
  8.08489E+00  1.20462E-08  3.04244E-08  5.71391E+00
  8.50643E+00  1.49187E-08  3.04202E-08  5.99388E+00
  8.89779E+00  1.80628E-08  3.04143E-08  6.25494E+00
  9.26417E+00  2.14485E-08  3.04101E-08  6.50016E+00
  9.60980E+00  2.51183E-08  3.04076E-08  6.73204E+00
  9.93719E+00  2.90798E-08  3.04030E-08  6.95197E+00
  1.02484E+01  3.32746E-08  3.03992E-08  7.16152E+00
  1.05455E+01  3.76640E-08  3.03973E-08  7.36221E+00
  1.08307E+01  4.22038E-08  3.03888E-08  7.55528E+00
  1.11055E+01  4.69618E-08  3.03879E-08  7.74167E+00
  1.13711E+01  5.19110E-08  3.03897E-08  7.92175E+00
  1.16283E+01  5.71438E-08  3.03893E-08  8.09632E+00
  1.18775E+01  6.27338E-08  3.03902E-08  8.26528E+00
  1.21188E+01  6.86139E-08  3.03869E-08  8.42894E+00
  1.23526E+01  7.46258E-08  3.03907E-08  8.58782E+00
  1.25799E+01  8.09050E-08  3.03746E-08  8.74233E+00
  1.28009E+01  8.73715E-08  3.03708E-08  8.89264E+00
  1.30163E+01  9.39589E-08  3.03650E-08  9.03912E+00
  1.32265E+01  1.00701E-07  3.03654E-08  9.18235E+00
  1.34321E+01  1.07516E-07  3.03482E-08  9.32250E+00
  1.36335E+01  1.14681E-07  3.03385E-08  9.45968E+00
  1.38307E+01  1.21898E-07  3.03180E-08  9.59426E+00
  1.40240E+01  1.29569E-07  3.02952E-08  9.72582E+00
  1.42134E+01  1.37204E-07  3.02917E-08  9.85505E+00
  1.43994E+01  1.45349E-07  3.02808E-08  9.98191E+00
  1.45817E+01  1.53435E-07  3.02831E-08  1.01062E+01
  1.47608E+01  1.61723E-07  3.02642E-08  1.02287E+01
  1.49368E+01  1.70091E-07  3.02544E-08  1.03490E+01
  1.51100E+01  1.78827E-07  3.02515E-08  1.04674E+01
  1.52803E+01  1.87748E-07  3.02571E-08  1.05836E+01
  1.54479E+01  1.96409E-07  3.02568E-08  1.06983E+01
  1.56132E+01  2.05599E-07  3.02179E-08  1.08114E+01
  1.57760E+01  2.14825E-07  3.02146E-08  1.09229E+01
  1.59365E+01  2.24430E-07  3.02118E-08  1.10327E+01
  1.60947E+01  2.33844E-07  3.01690E-08  1.11409E+01
  1.62509E+01  2.43700E-07  3.01613E-08  1.12478E+01
  1.64050E+01  2.53743E-07  3.01459E-08  1.13531E+01
  1.65570E+01  2.63569E-07  3.01108E-08  1.14571E+01
  1.67072E+01  2.73650E-07  3.01059E-08  1.15601E+01
  1.68557E+01  2.84120E-07  3.00858E-08  1.16616E+01
  1.70023E+01  2.94366E-07  3.00837E-08  1.17622E+01
  1.71474E+01  3.05139E-07  3.00766E-08  1.18615E+01
  1.72907E+01  3.15792E-07  3.00489E-08  1.19598E+01
  1.74325E+01  3.26955E-07  3.00400E-08  1.20570E+01
  1.75726E+01  3.37890E-07  3.00497E-08  1.21529E+01
  1.77113E+01  3.49029E-07  3.00444E-08  1.22479E+01
  1.78485E+01  3.60276E-07  2.99754E-08  1.23422E+01
  1.79844E+01  3.71447E-07  2.99374E-08  1.24350E+01
  1.81190E+01  3.82705E-07  2.99650E-08  1.25274E+01
  1.82524E+01  3.93889E-07  2.98610E-08  1.26191E+01
  1.83846E+01  4.06143E-07  2.98315E-08  1.27098E+01
  1.85155E+01  4.17409E-07  2.97800E-08  1.27994E+01
  1.86453E+01  4.28862E-07  2.97639E-08  1.28886E+01
  1.87741E+01  4.41721E-07  2.97869E-08  1.29769E+01
  1.89016E+01  4.53221E-07  2.97671E-08  1.30644E+01
  1.90282E+01  4.66027E-07  2.97359E-08  1.31512E+01
  1.91535E+01  4.78060E-07  2.97329E-08  1.32371E+01
  1.92779E+01  4.91053E-07  2.97142E-08  1.33225E+01
  1.94011E+01  5.02679E-07  2.96788E-08  1.34070E+01
  1.95236E+01  5.15656E-07  2.96294E-08  1.34913E+01
  1.96451E+01  5.28380E-07  2.96483E-08  1.35744E+01
  1.97656E+01  5.40341E-07  2.95224E-08  1.36571E+01
  1.98854E+01  5.52962E-07  2.95173E-08  1.37397E+01
  2.00044E+01  5.66157E-07  2.95075E-08  1.38212E+01
  2.01225E+01  5.77721E-07  2.94961E-08  1.39024E+01
  2.02400E+01  5.91680E-07  2.94143E-08  1.39834E+01
  2.03565E+01  6.05225E-07  2.93735E-08  1.40631E+01
  2.04722E+01  6.18349E-07  2.92493E-08  1.41425E+01
  2.05871E+01  6.31290E-07  2.92321E-08  1.42211E+01
  2.07013E+01  6.43303E-07  2.92452E-08  1.42996E+01
  2.08150E+01  6.56309E-07  2.92389E-08  1.43777E+01
  2.09281E+01  6.69970E-07  2.91558E-08  1.44557E+01
  2.10404E+01  6.82785E-07  2.91196E-08  1.45325E+01
  2.11521E+01  6.95246E-07  2.91383E-08  1.46094E+01
  2.12633E+01  7.09698E-07  2.90979E-08  1.46863E+01
  2.13738E+01  7.24370E-07  2.90178E-08  1.47617E+01
  2.14834E+01  7.34794E-07  2.89085E-08  1.48371E+01
  2.15929E+01  7.48773E-07  2.88490E-08  1.49124E+01
  2.17017E+01  7.61778E-07  2.89239E-08  1.49874E+01
  2.18100E+01  7.77046E-07  2.88712E-08  1.50620E+01
  2.19176E+01  7.91176E-07  2.88409E-08  1.51351E+01
  2.20245E+01  8.00961E-07  2.88188E-08  1.52088E+01
  2.21313E+01  8.15578E-07  2.87847E-08  1.52829E+01
  2.22376E+01  8.29026E-07  2.87238E-08  1.53557E+01
  2.23433E+01  8.40969E-07  2.85387E-08  1.54292E+01
  2.24487E+01  8.56524E-07  2.84436E-08  1.55007E+01
  2.25534E+01  8.68925E-07  2.84267E-08  1.55727E+01
  2.26578E+01  8.82428E-07  2.84017E-08  1.56448E+01
  2.27617E+01  8.97158E-07  2.83647E-08  1.57161E+01
  2.28651E+01  9.11320E-07  2.82655E-08  1.57867E+01
  2.29679E+01  9.20467E-07  2.82309E-08  1.58579E+01
  2.30708E+01  9.37101E-07  2.81929E-08  1.59284E+01
  2.31730E+01  9.49198E-07  2.81658E-08  1.59985E+01
  2.32749E+01  9.61855E-07  2.82185E-08  1.60691E+01
  2.33765E+01  9.77179E-07  2.81511E-08  1.61381E+01
  2.34775E+01  9.81341E-07  2.82710E-08  1.62079E+01
  2.35790E+01  9.99672E-07  2.79856E-08  1.62798E+01
  2.36797E+01  1.01547E-06  2.78596E-08  1.63479E+01
  2.37798E+01  1.02512E-06  2.74779E-08  1.64169E+01
  2.38799E+01  1.04149E-06  2.72069E-08  1.64853E+01
  2.39793E+01  1.05328E-06  2.75792E-08  1.65533E+01
  2.40786E+01  1.06524E-06  2.77298E-08  1.66221E+01
  2.41776E+01  1.07924E-06  2.74684E-08  1.66899E+01
  2.42763E+01  1.09121E-06  2.75399E-08  1.67578E+01
  2.43747E+01  1.10639E-06  2.73490E-08  1.68261E+01
  2.44726E+01  1.11624E-06  2.72293E-08  1.68929E+01
  2.45705E+01  1.12917E-06  2.72116E-08  1.69601E+01
  2.46682E+01  1.14096E-06  2.71242E-08  1.70272E+01
  2.47656E+01  1.14840E-06  2.70208E-08  1.70950E+01
  2.48632E+01  1.16026E-06  2.68986E-08  1.71622E+01
  2.49606E+01  1.17695E-06  2.70100E-08  1.72289E+01
  2.50574E+01  1.19139E-06  2.70869E-08  1.72954E+01
  2.51538E+01  1.20092E-06  2.71204E-08  1.73618E+01
  2.52502E+01  1.21213E-06  2.72257E-08  1.74286E+01
  2.53464E+01  1.22505E-06  2.68928E-08  1.74953E+01
  2.54424E+01  1.22839E-06  2.66161E-08  1.75614E+01
  2.55388E+01  1.25076E-06  2.65791E-08  1.76280E+01
  2.56342E+01  1.26209E-06  2.65247E-08  1.76923E+01
  2.57294E+01  1.26830E-06  2.66294E-08  1.77585E+01
  2.58249E+01  1.28243E-06  2.66129E-08  1.78240E+01
  2.59200E+01  1.28903E-06  2.63696E-08  1.78901E+01
  2.60152E+01  1.30519E-06  2.62488E-08  1.79557E+01
  2.61100E+01  1.31680E-06  2.60402E-08  1.80205E+01
  2.62045E+01  1.32616E-06  2.60229E-08  1.80855E+01
  2.62991E+01  1.33438E-06  2.60892E-08  1.81507E+01
  2.63936E+01  1.34946E-06  2.63703E-08  1.82156E+01
  2.64878E+01  1.35562E-06  2.60495E-08  1.82811E+01
  2.65821E+01  1.37016E-06  2.59387E-08  1.83463E+01
  2.66760E+01  1.36951E-06  2.57870E-08  1.84110E+01
  2.67706E+01  1.38100E-06  2.57644E-08  1.84758E+01
  2.68649E+01  1.39154E-06  2.57064E-08  1.85413E+01
  2.69591E+01  1.41797E-06  2.53724E-08  1.86057E+01
  2.70521E+01  1.40269E-06  2.51989E-08  1.86700E+01
  2.71467E+01  1.43080E-06  2.53108E-08  1.87360E+01
  2.72400E+01  1.44255E-06  2.54307E-08  1.87986E+01
  2.73330E+01  1.44072E-06  2.49587E-08  1.88639E+01
  2.74267E+01  1.46383E-06  2.49124E-08  1.89278E+01
  2.75195E+01  1.45263E-06  2.46775E-08  1.89918E+01
  2.76135E+01  1.46588E-06  2.46640E-08  1.90575E+01
  2.77071E+01  1.49016E-06  2.46935E-08  1.91207E+01
  2.77997E+01  1.48242E-06  2.46709E-08  1.91843E+01
  2.78933E+01  1.48527E-06  2.47484E-08  1.92498E+01
  2.79871E+01  1.50932E-06  2.48114E-08  1.93144E+01
  2.80800E+01  1.51976E-06  2.46429E-08  1.93773E+01
  2.81727E+01  1.50383E-06  2.49506E-08  1.94424E+01
  2.82668E+01  1.52486E-06  2.44619E-08  1.95077E+01
  2.83601E+01  1.53290E-06  2.42946E-08  1.95725E+01
  2.84533E+01  1.55886E-06  2.39607E-08  1.96356E+01
  2.85455E+01  1.54849E-06  2.40533E-08  1.96992E+01
  2.86386E+01  1.54960E-06  2.39918E-08  1.97633E+01
  2.87322E+01  1.55786E-06  2.42306E-08  1.98282E+01
  2.88256E+01  1.57240E-06  2.36411E-08  1.98931E+01
  2.89186E+01  1.57377E-06  2.37577E-08  1.99567E+01
  2.90120E+01  1.57595E-06  2.37585E-08  2.00210E+01
  2.91056E+01  1.58643E-06  2.38197E-08  2.00854E+01
  2.91989E+01  1.58518E-06  2.40106E-08  2.01508E+01
  2.92927E+01  1.61279E-06  2.33787E-08  2.02152E+01
  2.93853E+01  1.58965E-06  2.31889E-08  2.02787E+01
  2.94797E+01  1.60560E-06  2.31439E-08  2.03454E+01
  2.95734E+01  1.62969E-06  2.33419E-08  2.04083E+01
  2.96661E+01  1.62581E-06  2.25256E-08  2.04720E+01
  2.97594E+01  1.61518E-06  2.29861E-08  2.05365E+01
  2.98536E+01  1.62172E-06  2.29968E-08  2.06019E+01
  2.99478E+01  1.63247E-06  2.29333E-08  2.06675E+01
  3.00418E+01  1.63255E-06  2.29012E-08  2.07320E+01
  3.01360E+01  1.63168E-06  2.26733E-08  2.07987E+01
  3.02306E+01  1.65613E-06  2.16316E-08  2.08636E+01
  3.03241E+01  1.65746E-06  2.11600E-08  2.09268E+01
  3.04179E+01  1.66408E-06  2.14138E-08  2.09909E+01
  3.05116E+01  1.65281E-06  2.14536E-08  2.10557E+01
  3.06062E+01  1.65397E-06  2.16370E-08  2.11209E+01
  3.07011E+01  1.64998E-06  2.16855E-08  2.11873E+01
  3.07964E+01  1.66845E-06  2.16736E-08  2.12527E+01
  3.08910E+01  1.65822E-06  2.17264E-08  2.13184E+01
  3.09864E+01  1.68428E-06  2.13996E-08  2.13855E+01
  3.10807E+01  1.67183E-06  2.14455E-08  2.14488E+01
  3.11759E+01  1.65635E-06  2.12133E-08  2.15155E+01
  3.12722E+01  1.68914E-06  2.09631E-08  2.15826E+01
  3.13669E+01  1.69288E-06  2.09750E-08  2.16463E+01
  3.14617E+01  1.65853E-06  2.08362E-08  2.17126E+01
  3.15586E+01  1.68478E-06  2.07033E-08  2.17794E+01
  3.16543E+01  1.68248E-06  2.06408E-08  2.18460E+01
  3.17503E+01  1.68481E-06  1.98981E-08  2.19123E+01
  3.18464E+01  1.67325E-06  2.02211E-08  2.19790E+01
  3.19434E+01  1.70431E-06  2.01978E-08  2.20447E+01
  3.20388E+01  1.68374E-06  1.99197E-08  2.21098E+01
  3.21356E+01  1.67160E-06  1.96911E-08  2.21780E+01
  3.22333E+01  1.68297E-06  1.97737E-08  2.22464E+01
  3.23306E+01  1.67812E-06  1.96655E-08  2.23142E+01
  3.24283E+01  1.68136E-06  1.89680E-08  2.23805E+01
  3.25259E+01  1.68695E-06  1.94429E-08  2.24476E+01
  3.26235E+01  1.67637E-06  1.96450E-08  2.25153E+01
  3.27218E+01  1.69372E-06  1.88834E-08  2.25843E+01
  3.28193E+01  1.67952E-06  1.87593E-08  2.26501E+01
  3.29177E+01  1.67581E-06  1.88883E-08  2.27194E+01
  3.30166E+01  1.69425E-06  1.89927E-08  2.27866E+01
  3.31145E+01  1.66550E-06  1.92126E-08  2.28550E+01
  3.32142E+01  1.67448E-06  1.85668E-08  2.29245E+01
  3.33135E+01  1.66854E-06  1.83311E-08  2.29922E+01
  3.34134E+01  1.67008E-06  1.85519E-08  2.30618E+01
  3.35132E+01  1.66843E-06  1.87372E-08  2.31295E+01
  3.36133E+01  1.65214E-06  1.91929E-08  2.32006E+01
  3.37144E+01  1.67498E-06  1.86745E-08  2.32702E+01
  3.38143E+01  1.65388E-06  1.85402E-08  2.33393E+01
  3.39156E+01  1.64777E-06  1.82370E-08  2.34095E+01
  3.40173E+01  1.65613E-06  1.76220E-08  2.34803E+01
  3.41186E+01  1.65242E-06  1.78515E-08  2.35491E+01
  3.42202E+01  1.65517E-06  1.78139E-08  2.36197E+01
  3.43217E+01  1.64081E-06  1.72921E-08  2.36903E+01
  3.44242E+01  1.63622E-06  1.76099E-08  2.37617E+01
  3.45270E+01  1.64126E-06  1.72300E-08  2.38315E+01
  3.46296E+01  1.62633E-06  1.72057E-08  2.39032E+01
  3.47332E+01  1.63372E-06  1.73503E-08  2.39743E+01
  3.48363E+01  1.62414E-06  1.70172E-08  2.40466E+01
  3.49401E+01  1.62818E-06  1.69602E-08  2.41173E+01
  3.50437E+01  1.59202E-06  1.70370E-08  2.41890E+01
  3.51497E+01  1.59458E-06  1.69671E-08  2.42652E+01
  3.52555E+01  1.62282E-06  1.67723E-08  2.43367E+01
  3.53595E+01  1.58769E-06  1.62801E-08  2.44090E+01
  3.54658E+01  1.61137E-06  1.56049E-08  2.44812E+01
  3.55705E+01  1.57824E-06  1.62795E-08  2.45536E+01
  3.56775E+01  1.57528E-06  1.55759E-08  2.46286E+01
  3.57846E+01  1.56728E-06  1.55605E-08  2.47045E+01
  3.58923E+01  1.59153E-06  1.52509E-08  2.47771E+01
  3.59983E+01  1.55193E-06  1.59134E-08  2.48492E+01
  3.61070E+01  1.55347E-06  1.54235E-08  2.49256E+01
  3.62156E+01  1.52429E-06  1.58780E-08  2.50008E+01
  3.63261E+01  1.54299E-06  1.55705E-08  2.50826E+01
  3.64353E+01  1.58530E-06  1.52557E-08  2.51512E+01
  3.65416E+01  1.49298E-06  1.47621E-08  2.52279E+01
  3.66543E+01  1.54449E-06  1.46115E-08  2.53048E+01
  3.67632E+01  1.50087E-06  1.53897E-08  2.53799E+01
  3.68753E+01  1.50239E-06  1.48246E-08  2.54593E+01
  3.69871E+01  1.50215E-06  1.49445E-08  2.55376E+01
  3.70988E+01  1.52760E-06  1.42653E-08  2.56119E+01
  3.72086E+01  1.46298E-06  1.45548E-08  2.56888E+01
  3.73232E+01  1.48441E-06  1.39828E-08  2.57701E+01
  3.74360E+01  1.46979E-06  1.40544E-08  2.58461E+01
  3.75498E+01  1.45331E-06  1.41629E-08  2.59257E+01
  3.76648E+01  1.44942E-06  1.40365E-08  2.60061E+01
  3.77799E+01  1.45961E-06  1.38383E-08  2.60851E+01
  3.78942E+01  1.42092E-06  1.38472E-08  2.61651E+01
  3.80113E+01  1.42024E-06  1.38117E-08  2.62479E+01
  3.81284E+01  1.42988E-06  1.34691E-08  2.63275E+01
  3.82446E+01  1.41349E-06  1.35448E-08  2.64083E+01
  3.83619E+01  1.40237E-06  1.34668E-08  2.64901E+01
  3.84800E+01  1.40444E-06  1.33438E-08  2.65704E+01
  3.85977E+01  1.38407E-06  1.33192E-08  2.66526E+01
  3.87170E+01  1.37478E-06  1.32858E-08  2.67358E+01
  3.88369E+01  1.37204E-06  1.27847E-08  2.68185E+01
  3.89568E+01  1.35078E-06  1.31362E-08  2.69022E+01
  3.90784E+01  1.34063E-06  1.26011E-08  2.69871E+01
  3.92007E+01  1.34795E-06  1.26699E-08  2.70714E+01
  3.93221E+01  1.33052E-06  1.21001E-08  2.71550E+01
  3.94449E+01  1.31352E-06  1.20791E-08  2.72410E+01
  3.95690E+01  1.29624E-06  1.25531E-08  2.73271E+01
  3.96945E+01  1.31366E-06  1.21071E-08  2.74143E+01
  3.98181E+01  1.29645E-06  1.18958E-08  2.74981E+01
  3.99430E+01  1.26385E-06  1.27280E-08  2.75874E+01
  4.00709E+01  1.28364E-06  1.15693E-08  2.76749E+01
  4.01966E+01  1.25756E-06  1.14877E-08  2.77617E+01
  4.03245E+01  1.23566E-06  1.19413E-08  2.78515E+01
  4.04544E+01  1.23552E-06  1.22919E-08  2.79434E+01
  4.05840E+01  1.23487E-06  1.18080E-08  2.80311E+01
  4.07134E+01  1.19704E-06  1.15193E-08  2.81241E+01
  4.08464E+01  1.22655E-06  1.04807E-08  2.82137E+01
  4.09760E+01  1.19882E-06  1.14878E-08  2.83025E+01
  4.11082E+01  1.17923E-06  1.16839E-08  2.83959E+01
  4.12422E+01  1.17631E-06  1.12241E-08  2.84889E+01
  4.13761E+01  1.15343E-06  1.14751E-08  2.85820E+01
  4.15124E+01  1.15353E-06  1.06782E-08  2.86788E+01
  4.16482E+01  1.15121E-06  1.04694E-08  2.87717E+01
  4.17839E+01  1.13791E-06  9.79283E-09  2.88649E+01
  4.19207E+01  1.12065E-06  9.91789E-09  2.89597E+01
  4.20593E+01  1.09714E-06  9.99995E-09  2.90570E+01
  4.22003E+01  1.09411E-06  9.99463E-09  2.91555E+01
  4.23413E+01  1.08604E-06  9.96508E-09  2.92537E+01
  4.24829E+01  1.07948E-06  9.77313E-09  2.93504E+01
  4.26248E+01  1.05605E-06  1.00122E-08  2.94506E+01
  4.27694E+01  1.05543E-06  1.01352E-08  2.95515E+01
  4.29136E+01  1.03685E-06  9.74576E-09  2.96522E+01
  4.30598E+01  1.03319E-06  9.60629E-09  2.97526E+01
  4.32061E+01  1.01056E-06  1.00332E-08  2.98549E+01
  4.33550E+01  1.00882E-06  9.33861E-09  2.99600E+01
  4.35037E+01  9.94007E-07  9.20152E-09  3.00617E+01
  4.36540E+01  9.75384E-07  8.69178E-09  3.01670E+01
  4.38066E+01  9.69164E-07  8.81381E-09  3.02746E+01
  4.39595E+01  9.63242E-07  8.72076E-09  3.03793E+01
  4.41128E+01  9.51578E-07  8.67323E-09  3.04850E+01
  4.42674E+01  9.33920E-07  8.64529E-09  3.05923E+01
  4.44242E+01  9.12989E-07  8.65586E-09  3.07039E+01
  4.45839E+01  9.32624E-07  8.76611E-09  3.08117E+01
  4.47397E+01  8.79633E-07  9.23442E-09  3.09227E+01
  4.49040E+01  9.03153E-07  8.58098E-09  3.10370E+01
  4.50634E+01  8.73424E-07  8.70723E-09  3.11474E+01
  4.52275E+01  8.69317E-07  8.13570E-09  3.12654E+01
  4.53917E+01  8.54644E-07  7.45935E-09  3.13758E+01
  4.55579E+01  8.36362E-07  7.69116E-09  3.14928E+01
  4.57269E+01  8.16572E-07  7.67530E-09  3.16120E+01
  4.58992E+01  8.13590E-07  7.38243E-09  3.17316E+01
  4.60713E+01  7.96677E-07  7.60176E-09  3.18519E+01
  4.62462E+01  7.92009E-07  6.88045E-09  3.19736E+01
  4.64213E+01  7.68493E-07  6.84814E-09  3.20959E+01
  4.66008E+01  7.68203E-07  7.81456E-09  3.22192E+01
  4.67794E+01  7.51982E-07  7.98614E-09  3.23461E+01
  4.69610E+01  7.94908E-07  7.69808E-09  3.24653E+01
  4.71319E+01  7.22489E-07  8.52546E-09  3.25849E+01
  4.73190E+01  7.10414E-07  7.86265E-09  3.27203E+01
  4.75082E+01  7.06720E-07  7.82177E-09  3.28575E+01
  4.76974E+01  7.07714E-07  6.73849E-09  3.29882E+01
  4.78852E+01  7.06037E-07  5.83193E-09  3.31139E+01
  4.80725E+01  6.82040E-07  6.35527E-09  3.32431E+01
  4.82654E+01  6.54155E-07  6.38823E-09  3.33808E+01
  4.84653E+01  6.45175E-07  6.09052E-09  3.35233E+01
  4.86668E+01  6.33028E-07  5.17736E-09  3.36615E+01
  4.88709E+01  6.01839E-07  5.82835E-09  3.38100E+01
  4.90843E+01  6.17612E-07  5.83032E-09  3.39573E+01
  4.92910E+01  6.01266E-07  5.84727E-09  3.40995E+01
  4.95020E+01  5.76156E-07  5.81407E-09  3.42471E+01
  4.97208E+01  5.66176E-07  5.06830E-09  3.44029E+01
  4.99421E+01  5.76824E-07  6.26676E-09  3.45517E+01
  5.01578E+01  5.52085E-07  5.79582E-09  3.47024E+01
  5.03818E+01  5.42042E-07  5.73449E-09  3.48617E+01
  5.06085E+01  5.54113E-07  5.79456E-09  3.50150E+01
  5.08288E+01  5.32657E-07  4.87662E-09  3.51684E+01
  5.10565E+01  5.34367E-07  5.15320E-09  3.53258E+01
  5.12820E+01  5.11772E-07  5.93485E-09  3.54812E+01
  5.15160E+01  4.93992E-07  5.60807E-09  3.56486E+01
  5.17567E+01  4.79763E-07  5.77840E-09  3.58194E+01
  5.20029E+01  4.92777E-07  4.75212E-09  3.59888E+01
  5.22409E+01  4.64346E-07  6.14065E-09  3.61554E+01
  5.24918E+01  4.63952E-07  5.55021E-09  3.63310E+01
  5.27412E+01  4.27220E-07  5.42369E-09  3.65098E+01
  5.30100E+01  4.35288E-07  5.41984E-09  3.66996E+01
  5.32720E+01  4.10889E-07  5.35011E-09  3.68796E+01
  5.35474E+01  3.94962E-07  4.74096E-09  3.70881E+01
  5.38318E+01  4.00516E-07  3.65053E-09  3.72721E+01
  5.41101E+01  3.68617E-07  4.13974E-09  3.74786E+01
  5.44101E+01  3.58309E-07  3.96566E-09  3.76874E+01
  5.47162E+01  3.52840E-07  3.47442E-09  3.79064E+01
  5.50245E+01  3.37359E-07  3.98088E-09  3.81173E+01
  5.53443E+01  3.17486E-07  3.91432E-09  3.83548E+01
  5.56812E+01  3.21332E-07  3.83098E-09  3.85796E+01
  5.60111E+01  3.00244E-07  3.92165E-09  3.88218E+01
  5.63612E+01  3.06086E-07  3.84849E-09  3.90539E+01
  5.67016E+01  2.93511E-07  4.00090E-09  3.92926E+01
  5.70536E+01  3.04335E-07  4.63140E-09  3.95304E+01
  5.73903E+01  3.03776E-07  4.57345E-09  3.97528E+01
  5.77250E+01  2.92463E-07  4.60544E-09  3.99885E+01
  5.80700E+01  2.90453E-07  5.14108E-09  4.02208E+01
  5.84148E+01  2.84873E-07  4.41637E-09  4.04698E+01
  5.87637E+01  2.67127E-07  4.27168E-09  4.07053E+01
  5.91331E+01  2.54269E-07  4.46957E-09  4.09852E+01
  5.95182E+01  2.52775E-07  4.33016E-09  4.12358E+01
  5.99026E+01  2.35272E-07  4.24095E-09  4.15279E+01
  6.03125E+01  2.30803E-07  4.24492E-09  4.17982E+01
  6.07272E+01  2.18049E-07  4.21441E-09  4.21119E+01
  6.11627E+01  2.03968E-07  3.95055E-09  4.24026E+01
  6.16247E+01  1.94098E-07  4.08320E-09  4.27547E+01
  6.21063E+01  1.80438E-07  3.37734E-09  4.30773E+01
  6.26201E+01  1.72301E-07  3.51949E-09  4.34732E+01
  6.31538E+01  1.54837E-07  3.30767E-09  4.38312E+01
  6.37425E+01  1.47236E-07  2.94760E-09  4.42880E+01
  6.43562E+01  1.30264E-07  3.04776E-09  4.47074E+01
  6.50433E+01  1.26565E-07  2.52862E-09  4.52240E+01
  6.57439E+01  1.08922E-07  2.67695E-09  4.57213E+01
  6.65501E+01  1.09356E-07  1.95786E-09  4.63017E+01
  6.73455E+01  9.09070E-08  2.80385E-09  4.68904E+01
  6.82933E+01  9.27185E-08  2.38436E-09  4.75513E+01
  6.92144E+01  7.82780E-08  2.63093E-09  4.82345E+01
  7.02970E+01  7.73502E-08  2.14022E-09  4.89950E+01
  7.13859E+01  6.17003E-08  2.87714E-09  4.98100E+01
  7.27440E+01  6.93053E-08  2.67340E-09  5.07251E+01
  7.39534E+01  1.94527E-07  1.95508E-08  5.07614E+01
  7.43941E+01  3.79332E-07  8.55102E-08  5.06543E+01
  7.46319E+01  3.20056E-07  9.23600E-08  5.07875E+01
  7.49383E+01  2.19132E-07  1.13881E-07  5.09638E+01
  7.54637E+01  2.26219E-07  1.76807E-07  5.09651E+01
  7.65895E+01  7.28081E-08  2.79791E-07  5.11019E+01
