 -1.26751E-10  5.80534E-04  1.75421E+03  2.02426E+00
  3.16539E-02  3.94606E-03  1.75420E+03  4.37890E+00
  3.65063E-02  6.16236E-03  1.75419E+03  5.02663E+00
  4.17507E-02  9.99203E-03  1.75418E+03  5.64668E+00
  4.62793E-02  1.46080E-02  1.75414E+03  6.18777E+00
  5.02944E-02  2.00445E-02  1.75411E+03  6.67059E+00
  5.39102E-02  2.65207E-02  1.75410E+03  7.10653E+00
  5.71813E-02  3.40578E-02  1.75411E+03  7.50262E+00
  6.01620E-02  4.21829E-02  1.75418E+03  7.86711E+00
  6.29291E-02  5.10806E-02  1.75433E+03  8.20990E+00
  6.55193E-02  6.06665E-02  1.75457E+03  8.53439E+00
  6.79623E-02  7.10607E-02  1.75488E+03  8.84288E+00
  7.02762E-02  8.22784E-02  1.75525E+03  9.13711E+00
  7.24752E-02  9.41769E-02  1.75561E+03  9.41747E+00
  7.45746E-02  1.06620E-01  1.75591E+03  9.68380E+00
  7.65888E-02  1.19488E-01  1.75611E+03  9.93619E+00
  7.85303E-02  1.32966E-01  1.75623E+03  1.01765E+01
  8.04062E-02  1.46995E-01  1.75628E+03  1.04068E+01
  8.22229E-02  1.61808E-01  1.75631E+03  1.06298E+01
  8.39830E-02  1.77631E-01  1.75645E+03  1.08493E+01
  8.56875E-02  1.94316E-01  1.75678E+03  1.10657E+01
  8.73390E-02  2.11397E-01  1.75738E+03  1.12792E+01
  8.89439E-02  2.29276E-01  1.75821E+03  1.14876E+01
  9.05042E-02  2.47717E-01  1.75919E+03  1.16873E+01
  9.20238E-02  2.66414E-01  1.76016E+03  1.18780E+01
  9.35074E-02  2.85807E-01  1.76111E+03  1.20602E+01
  9.49567E-02  3.05255E-01  1.76189E+03  1.22372E+01
  9.63761E-02  3.25809E-01  1.76250E+03  1.24121E+01
  9.77649E-02  3.46396E-01  1.76303E+03  1.25855E+01
  9.91269E-02  3.68331E-01  1.76352E+03  1.27606E+01
  1.00461E-01  3.90267E-01  1.76399E+03  1.29365E+01
  1.01769E-01  4.13452E-01  1.76455E+03  1.31099E+01
  1.03052E-01  4.36662E-01  1.76522E+03  1.32787E+01
  1.04312E-01  4.60654E-01  1.76605E+03  1.34402E+01
  1.05550E-01  4.84697E-01  1.76693E+03  1.35952E+01
  1.06767E-01  5.09487E-01  1.76794E+03  1.37465E+01
  1.07964E-01  5.34861E-01  1.76908E+03  1.38954E+01
  1.09143E-01  5.60342E-01  1.77027E+03  1.40437E+01
  1.10304E-01  5.86910E-01  1.77151E+03  1.41935E+01
  1.11446E-01  6.13907E-01  1.77277E+03  1.43436E+01
  1.12572E-01  6.41564E-01  1.77412E+03  1.44936E+01
  1.13681E-01  6.69439E-01  1.77550E+03  1.46392E+01
  1.14775E-01  6.98055E-01  1.77708E+03  1.47812E+01
  1.15853E-01  7.26976E-01  1.77859E+03  1.49178E+01
  1.16917E-01  7.56359E-01  1.78026E+03  1.50485E+01
  1.17967E-01  7.86277E-01  1.78173E+03  1.51767E+01
  1.19004E-01  8.16456E-01  1.78307E+03  1.53057E+01
  1.20027E-01  8.46903E-01  1.78426E+03  1.54380E+01
  1.21039E-01  8.78251E-01  1.78544E+03  1.55726E+01
  1.22039E-01  9.10127E-01  1.78685E+03  1.57094E+01
  1.23026E-01  9.42743E-01  1.78861E+03  1.58450E+01
  1.24002E-01  9.74819E-01  1.79086E+03  1.59767E+01
  1.24968E-01  1.00821E+00  1.79331E+03  1.60997E+01
  1.25922E-01  1.04244E+00  1.79575E+03  1.62188E+01
  1.26866E-01  1.07556E+00  1.79798E+03  1.63360E+01
  1.27800E-01  1.11080E+00  1.80009E+03  1.64497E+01
  1.28724E-01  1.14486E+00  1.80193E+03  1.65680E+01
  1.29639E-01  1.18103E+00  1.80364E+03  1.66927E+01
  1.30544E-01  1.21535E+00  1.80535E+03  1.68195E+01
  1.31441E-01  1.25202E+00  1.80734E+03  1.69445E+01
  1.32329E-01  1.28909E+00  1.80977E+03  1.70628E+01
  1.33208E-01  1.32522E+00  1.81238E+03  1.71720E+01
  1.34080E-01  1.36352E+00  1.81547E+03  1.72790E+01
  1.34943E-01  1.40206E+00  1.81851E+03  1.73849E+01
  1.35797E-01  1.44045E+00  1.82157E+03  1.74929E+01
  1.36644E-01  1.47847E+00  1.82400E+03  1.76065E+01
  1.37484E-01  1.51748E+00  1.82634E+03  1.77254E+01
  1.38316E-01  1.55625E+00  1.82852E+03  1.78453E+01
  1.39142E-01  1.59644E+00  1.83104E+03  1.79596E+01
  1.39960E-01  1.63613E+00  1.83391E+03  1.80674E+01
  1.40772E-01  1.67688E+00  1.83729E+03  1.81695E+01
  1.41577E-01  1.71751E+00  1.84073E+03  1.82683E+01
  1.42376E-01  1.75941E+00  1.84422E+03  1.83714E+01
  1.43168E-01  1.80077E+00  1.84739E+03  1.84798E+01
  1.43954E-01  1.84301E+00  1.85055E+03  1.85885E+01
  1.44734E-01  1.88593E+00  1.85366E+03  1.86955E+01
  1.45508E-01  1.92826E+00  1.85700E+03  1.87989E+01
  1.46276E-01  1.97043E+00  1.86067E+03  1.88995E+01
  1.47039E-01  2.01434E+00  1.86449E+03  1.89993E+01
  1.47796E-01  2.05932E+00  1.86830E+03  1.91012E+01
  1.48546E-01  2.10247E+00  1.87189E+03  1.92057E+01
  1.49292E-01  2.14554E+00  1.87534E+03  1.93100E+01
  1.50034E-01  2.19207E+00  1.87901E+03  1.94113E+01
  1.50769E-01  2.23554E+00  1.88298E+03  1.95085E+01
  1.51500E-01  2.28150E+00  1.88730E+03  1.96044E+01
  1.52226E-01  2.32766E+00  1.89178E+03  1.97025E+01
  1.52946E-01  2.37359E+00  1.89606E+03  1.98032E+01
  1.53662E-01  2.42033E+00  1.90013E+03  1.99038E+01
  1.54373E-01  2.46685E+00  1.90424E+03  2.00007E+01
  1.55080E-01  2.51323E+00  1.90850E+03  2.00949E+01
  1.55782E-01  2.56194E+00  1.91299E+03  2.01893E+01
  1.56479E-01  2.60718E+00  1.91763E+03  2.02865E+01
  1.57173E-01  2.65577E+00  1.92240E+03  2.03873E+01
  1.57862E-01  2.70569E+00  1.92732E+03  2.04864E+01
  1.58546E-01  2.75236E+00  1.93219E+03  2.05808E+01
  1.59227E-01  2.80213E+00  1.93702E+03  2.06734E+01
  1.59904E-01  2.85027E+00  1.94149E+03  2.07665E+01
  1.60576E-01  2.90016E+00  1.94592E+03  2.08626E+01
  1.61244E-01  2.94913E+00  1.95071E+03  2.09584E+01
  1.61909E-01  2.99895E+00  1.95634E+03  2.10478E+01
  1.62570E-01  3.04976E+00  1.96267E+03  2.11332E+01
  1.63227E-01  3.10159E+00  1.96909E+03  2.12220E+01
  1.63880E-01  3.15154E+00  1.97468E+03  2.13182E+01
  1.64529E-01  3.20226E+00  1.97937E+03  2.14213E+01
  1.65175E-01  3.25212E+00  1.98382E+03  2.15224E+01
  1.65817E-01  3.30326E+00  1.98907E+03  2.16124E+01
  1.66456E-01  3.35571E+00  1.99533E+03  2.16925E+01
  1.67092E-01  3.40824E+00  2.00226E+03  2.17698E+01
  1.67724E-01  3.46155E+00  2.00881E+03  2.18547E+01
  1.68352E-01  3.51325E+00  2.01478E+03  2.19509E+01
  1.68977E-01  3.56451E+00  2.02004E+03  2.20525E+01
  1.69599E-01  3.61733E+00  2.02557E+03  2.21532E+01
  1.70218E-01  3.67058E+00  2.03173E+03  2.22477E+01
  1.70834E-01  3.72174E+00  2.03848E+03  2.23337E+01
  1.71447E-01  3.77816E+00  2.04579E+03  2.24146E+01
  1.72056E-01  3.83328E+00  2.05316E+03  2.24942E+01
  1.72662E-01  3.88651E+00  2.06028E+03  2.25761E+01
  1.73266E-01  3.94024E+00  2.06706E+03  2.26634E+01
  1.73866E-01  3.99437E+00  2.07330E+03  2.27563E+01
  1.74463E-01  4.04752E+00  2.07937E+03  2.28514E+01
  1.75058E-01  4.10084E+00  2.08564E+03  2.29451E+01
  1.75650E-01  4.15729E+00  2.09248E+03  2.30345E+01
  1.76239E-01  4.20855E+00  2.10010E+03  2.31196E+01
  1.76826E-01  4.26909E+00  2.10792E+03  2.32039E+01
  1.77409E-01  4.32059E+00  2.11549E+03  2.32897E+01
  1.77990E-01  4.37843E+00  2.12292E+03  2.33769E+01
  1.78568E-01  4.43312E+00  2.13052E+03  2.34636E+01
  1.79144E-01  4.48876E+00  2.13848E+03  2.35492E+01
  1.79717E-01  4.54569E+00  2.14678E+03  2.36318E+01
  1.80287E-01  4.60229E+00  2.15505E+03  2.37136E+01
  1.80855E-01  4.66043E+00  2.16348E+03  2.37983E+01
  1.81420E-01  4.71429E+00  2.17146E+03  2.38850E+01
  1.81983E-01  4.77223E+00  2.17929E+03  2.39738E+01
  1.82543E-01  4.82738E+00  2.18707E+03  2.40635E+01
  1.83101E-01  4.88368E+00  2.19509E+03  2.41513E+01
  1.83657E-01  4.94175E+00  2.20336E+03  2.42370E+01
  1.84210E-01  4.99822E+00  2.21207E+03  2.43219E+01
  1.84761E-01  5.05477E+00  2.22110E+03  2.44056E+01
  1.85309E-01  5.11262E+00  2.23002E+03  2.44889E+01
  1.85856E-01  5.16927E+00  2.23890E+03  2.45733E+01
  1.86400E-01  5.22695E+00  2.24781E+03  2.46594E+01
  1.86941E-01  5.28237E+00  2.25678E+03  2.47449E+01
  1.87481E-01  5.34281E+00  2.26602E+03  2.48294E+01
  1.88019E-01  5.39813E+00  2.27547E+03  2.49153E+01
  1.88554E-01  5.45526E+00  2.28492E+03  2.50008E+01
  1.89087E-01  5.51603E+00  2.29443E+03  2.50842E+01
  1.89618E-01  5.57105E+00  2.30401E+03  2.51661E+01
  1.90147E-01  5.63286E+00  2.31337E+03  2.52468E+01
  1.90674E-01  5.68850E+00  2.32289E+03  2.53277E+01
  1.91199E-01  5.74263E+00  2.33246E+03  2.54108E+01
  1.91722E-01  5.80240E+00  2.34230E+03  2.54953E+01
  1.92243E-01  5.86143E+00  2.35256E+03  2.55810E+01
  1.92762E-01  5.91942E+00  2.36319E+03  2.56652E+01
  1.93279E-01  5.97762E+00  2.37380E+03  2.57486E+01
  1.93794E-01  6.03482E+00  2.38441E+03  2.58327E+01
  1.94308E-01  6.09288E+00  2.39483E+03  2.59163E+01
  1.94819E-01  6.15072E+00  2.40503E+03  2.59984E+01
  1.95329E-01  6.20706E+00  2.41537E+03  2.60802E+01
  1.95836E-01  6.26366E+00  2.42579E+03  2.61628E+01
  1.96343E-01  6.32451E+00  2.43646E+03  2.62467E+01
  1.96847E-01  6.37925E+00  2.44725E+03  2.63318E+01
  1.97349E-01  6.43701E+00  2.45845E+03  2.64167E+01
  1.97850E-01  6.49733E+00  2.46990E+03  2.64994E+01
  1.98349E-01  6.55156E+00  2.48159E+03  2.65792E+01
  1.98847E-01  6.61160E+00  2.49319E+03  2.66585E+01
  1.99342E-01  6.66907E+00  2.50490E+03  2.67381E+01
  1.99836E-01  6.72737E+00  2.51684E+03  2.68183E+01
  2.00328E-01  6.78396E+00  2.52883E+03  2.69000E+01
  2.00819E-01  6.84323E+00  2.54069E+03  2.69825E+01
  2.01308E-01  6.89899E+00  2.55241E+03  2.70667E+01
  2.01795E-01  6.95432E+00  2.56375E+03  2.71518E+01
  2.02281E-01  7.01286E+00  2.57545E+03  2.72360E+01
  2.02765E-01  7.06761E+00  2.58726E+03  2.73190E+01
  2.03248E-01  7.12360E+00  2.59983E+03  2.74009E+01
  2.03729E-01  7.17944E+00  2.61231E+03  2.74827E+01
  2.04209E-01  7.24321E+00  2.62496E+03  2.75651E+01
  2.04687E-01  7.28746E+00  2.63708E+03  2.76480E+01
  2.05165E-01  7.34300E+00  2.64953E+03  2.77294E+01
  2.05640E-01  7.40378E+00  2.66244E+03  2.78079E+01
  2.06114E-01  7.46538E+00  2.67648E+03  2.78846E+01
  2.06587E-01  7.51492E+00  2.69078E+03  2.79624E+01
  2.07058E-01  7.56884E+00  2.70446E+03  2.80427E+01
  2.07528E-01  7.62791E+00  2.71686E+03  2.81260E+01
  2.07996E-01  7.67940E+00  2.72923E+03  2.82146E+01
  2.08463E-01  7.74051E+00  2.74092E+03  2.83016E+01
  2.08929E-01  7.78210E+00  2.75404E+03  2.83874E+01
  2.09394E-01  7.83813E+00  2.76751E+03  2.84712E+01
  2.09857E-01  7.89307E+00  2.78250E+03  2.85467E+01
  2.10320E-01  7.95093E+00  2.79788E+03  2.86196E+01
  2.10780E-01  8.00467E+00  2.81340E+03  2.86931E+01
  2.11240E-01  8.06213E+00  2.82772E+03  2.87726E+01
  2.11698E-01  8.10865E+00  2.84022E+03  2.88579E+01
  2.12155E-01  8.16068E+00  2.85266E+03  2.89495E+01
  2.12610E-01  8.21027E+00  2.86522E+03  2.90415E+01
  2.13065E-01  8.25590E+00  2.87905E+03  2.91238E+01
  2.13519E-01  8.31167E+00  2.89501E+03  2.91975E+01
  2.13972E-01  8.37154E+00  2.91244E+03  2.92678E+01
  2.14423E-01  8.42979E+00  2.92912E+03  2.93415E+01
  2.14873E-01  8.46430E+00  2.94385E+03  2.94228E+01
  2.15322E-01  8.51650E+00  2.95685E+03  2.95121E+01
  2.15770E-01  8.56394E+00  2.96974E+03  2.96031E+01
  2.16217E-01  8.61401E+00  2.98369E+03  2.96870E+01
  2.16663E-01  8.66416E+00  2.99936E+03  2.97621E+01
  2.17108E-01  8.71493E+00  3.01646E+03  2.98347E+01
  2.17552E-01  8.75459E+00  3.03339E+03  2.99120E+01
  2.17995E-01  8.81279E+00  3.04869E+03  2.99963E+01
  2.18437E-01  8.86558E+00  3.06297E+03  3.00854E+01
  2.18878E-01  8.88849E+00  3.07780E+03  3.01734E+01
  2.19318E-01  8.94742E+00  3.09383E+03  3.02518E+01
  2.19757E-01  9.00262E+00  3.11119E+03  3.03259E+01
  2.20195E-01  9.03786E+00  3.12795E+03  3.04047E+01
  2.20633E-01  9.08276E+00  3.14320E+03  3.04876E+01
  2.21069E-01  9.13417E+00  3.15797E+03  3.05728E+01
  2.21505E-01  9.16443E+00  3.17380E+03  3.06522E+01
  2.21940E-01  9.22345E+00  3.19086E+03  3.07287E+01
  2.22373E-01  9.25045E+00  3.20788E+03  3.08090E+01
  2.22807E-01  9.30968E+00  3.22389E+03  3.08910E+01
  2.23239E-01  9.32717E+00  3.24002E+03  3.09774E+01
  2.23671E-01  9.39342E+00  3.25637E+03  3.10592E+01
  2.24101E-01  9.41672E+00  3.27453E+03  3.11341E+01
  2.24531E-01  9.46848E+00  3.29291E+03  3.12112E+01
  2.24961E-01  9.49886E+00  3.30976E+03  3.12928E+01
  2.25389E-01  9.53832E+00  3.32469E+03  3.13831E+01
  2.25817E-01  9.58300E+00  3.33983E+03  3.14740E+01
  2.26244E-01  9.60885E+00  3.35697E+03  3.15561E+01
  2.26671E-01  9.65512E+00  3.37727E+03  3.16271E+01
  2.27097E-01  9.70039E+00  3.39779E+03  3.16958E+01
  2.27522E-01  9.72588E+00  3.41597E+03  3.17736E+01
  2.27947E-01  9.76395E+00  3.43149E+03  3.18625E+01
  2.28371E-01  9.80476E+00  3.44591E+03  3.19544E+01
  2.28794E-01  9.81967E+00  3.46188E+03  3.20428E+01
  2.29217E-01  9.85306E+00  3.48000E+03  3.21234E+01
  2.29640E-01  9.89375E+00  3.49973E+03  3.22008E+01
  2.30062E-01  9.92451E+00  3.51842E+03  3.22771E+01
  2.30483E-01  9.97107E+00  3.53778E+03  3.23509E+01
  2.30903E-01  9.99122E+00  3.55745E+03  3.24291E+01
  2.31323E-01  1.00165E+01  3.57540E+03  3.25121E+01
  2.31743E-01  1.00458E+01  3.59258E+03  3.25973E+01
  2.32163E-01  1.00720E+01  3.60971E+03  3.26824E+01
  2.32582E-01  1.01000E+01  3.62774E+03  3.27672E+01
  2.33001E-01  1.01264E+01  3.64575E+03  3.28512E+01
  2.33419E-01  1.01519E+01  3.66414E+03  3.29344E+01
  2.33837E-01  1.01748E+01  3.68241E+03  3.30177E+01
  2.34254E-01  1.01991E+01  3.70166E+03  3.30992E+01
  2.34672E-01  1.02245E+01  3.72113E+03  3.31784E+01
  2.35088E-01  1.02503E+01  3.74037E+03  3.32596E+01
  2.35505E-01  1.02713E+01  3.75997E+03  3.33410E+01
  2.35921E-01  1.02965E+01  3.78035E+03  3.34197E+01
  2.36337E-01  1.03211E+01  3.80046E+03  3.35005E+01
  2.36752E-01  1.03377E+01  3.81984E+03  3.35837E+01
  2.37167E-01  1.03416E+01  3.83888E+03  3.36674E+01
  2.37583E-01  1.03656E+01  3.85745E+03  3.37510E+01
  2.37998E-01  1.03825E+01  3.87579E+03  3.38352E+01
  2.38413E-01  1.04045E+01  3.89443E+03  3.39192E+01
  2.38827E-01  1.04166E+01  3.91396E+03  3.40027E+01
  2.39242E-01  1.04149E+01  3.93324E+03  3.40847E+01
  2.39657E-01  1.04346E+01  3.95311E+03  3.41651E+01
  2.40072E-01  1.04657E+01  3.97318E+03  3.42468E+01
  2.40485E-01  1.04504E+01  3.99311E+03  3.43310E+01
  2.40900E-01  1.04695E+01  4.01313E+03  3.44160E+01
  2.41315E-01  1.04992E+01  4.03332E+03  3.45003E+01
  2.41728E-01  1.04783E+01  4.05348E+03  3.45837E+01
  2.42143E-01  1.05021E+01  4.07370E+03  3.46671E+01
  2.42558E-01  1.04984E+01  4.09381E+03  3.47506E+01
  2.42972E-01  1.05106E+01  4.11383E+03  3.48351E+01
  2.43387E-01  1.05091E+01  4.13396E+03  3.49195E+01
  2.43802E-01  1.05204E+01  4.15440E+03  3.50033E+01
  2.44216E-01  1.05126E+01  4.17438E+03  3.50870E+01
  2.44632E-01  1.05293E+01  4.19452E+03  3.51713E+01
  2.45047E-01  1.05066E+01  4.21514E+03  3.52566E+01
  2.45463E-01  1.05264E+01  4.23636E+03  3.53415E+01
  2.45878E-01  1.05102E+01  4.25680E+03  3.54257E+01
  2.46294E-01  1.05068E+01  4.27682E+03  3.55096E+01
  2.46711E-01  1.05198E+01  4.29708E+03  3.55954E+01
  2.47127E-01  1.05001E+01  4.31805E+03  3.56839E+01
  2.47544E-01  1.04872E+01  4.33949E+03  3.57708E+01
  2.47962E-01  1.04911E+01  4.36065E+03  3.58541E+01
  2.48379E-01  1.04903E+01  4.38077E+03  3.59396E+01
  2.48797E-01  1.04774E+01  4.40218E+03  3.60251E+01
  2.49216E-01  1.04538E+01  4.42385E+03  3.61094E+01
  2.49635E-01  1.04398E+01  4.44276E+03  3.62032E+01
  2.50055E-01  1.04300E+01  4.46380E+03  3.62879E+01
  2.50476E-01  1.04261E+01  4.48979E+03  3.63606E+01
  2.50896E-01  1.04041E+01  4.50687E+03  3.64610E+01
  2.51318E-01  1.03870E+01  4.52613E+03  3.65565E+01
  2.51740E-01  1.03841E+01  4.55998E+03  3.65977E+01
  2.52162E-01  1.03590E+01  4.57496E+03  3.67271E+01
  2.52586E-01  1.03251E+01  4.58452E+03  3.68646E+01
  2.53010E-01  1.03276E+01  4.62298E+03  3.68575E+01
  2.53435E-01  1.03227E+01  4.65509E+03  3.69619E+01
  2.53859E-01  1.02347E+01  4.63892E+03  3.71782E+01
  2.54288E-01  9.82839E+00  4.37486E+03  3.64815E+01
  2.54733E-01  5.82752E+00  1.58897E+03  2.07608E+01
  2.55484E-01  2.93446E+00  3.53914E+01  1.80524E+00
  2.56965E-01  2.48957E+00  2.48391E-02  1.20968E-02
  2.58696E-01  2.41817E+00  1.07705E-07  8.53365E-07
  2.60458E-01  2.36883E+00  8.61584E-08  2.08098E-09
  2.62238E-01  2.32015E+00  8.32279E-08  2.05447E-09
  2.64036E-01  2.27202E+00  8.03702E-08  2.02532E-09
  2.65852E-01  2.22443E+00  7.75841E-08  1.99596E-09
  2.67687E-01  2.17738E+00  7.48685E-08  1.96671E-09
  2.69542E-01  2.13087E+00  7.22222E-08  1.93757E-09
  2.71416E-01  2.08490E+00  6.96441E-08  1.90857E-09
  2.73310E-01  2.03947E+00  6.71329E-08  1.87973E-09
  2.75224E-01  1.99456E+00  6.46876E-08  1.85093E-09
  2.77160E-01  1.95019E+00  6.23071E-08  1.82233E-09
  2.79117E-01  1.90635E+00  5.99902E-08  1.79383E-09
  2.81097E-01  1.86304E+00  5.77358E-08  1.76543E-09
  2.83099E-01  1.82025E+00  5.55428E-08  1.73715E-09
  2.85125E-01  1.77799E+00  5.34102E-08  1.70904E-09
  2.87175E-01  1.73625E+00  5.13368E-08  1.68108E-09
  2.89249E-01  1.69503E+00  4.93216E-08  1.65319E-09
  2.91349E-01  1.65433E+00  4.73636E-08  1.62545E-09
  2.93475E-01  1.61414E+00  4.54616E-08  1.59781E-09
  2.95627E-01  1.57447E+00  4.36147E-08  1.57029E-09
  2.97807E-01  1.53531E+00  4.18218E-08  1.54295E-09
  3.00016E-01  1.49667E+00  4.00820E-08  1.51574E-09
  3.02253E-01  1.45853E+00  3.83941E-08  1.48865E-09
  3.04521E-01  1.42089E+00  3.67573E-08  1.46164E-09
  3.06819E-01  1.38376E+00  3.51705E-08  1.43482E-09
  3.09150E-01  1.34714E+00  3.36327E-08  1.40808E-09
  3.11513E-01  1.31101E+00  3.21430E-08  1.38145E-09
  3.13911E-01  1.27539E+00  3.07005E-08  1.35503E-09
  3.16343E-01  1.24026E+00  2.93041E-08  1.32868E-09
  3.18812E-01  1.20562E+00  2.79530E-08  1.30248E-09
  3.21319E-01  1.17148E+00  2.66462E-08  1.27642E-09
  3.23864E-01  1.13783E+00  2.53828E-08  1.25046E-09
  3.26449E-01  1.10467E+00  2.41619E-08  1.22463E-09
  3.29077E-01  1.07200E+00  2.29826E-08  1.19901E-09
  3.31747E-01  1.03981E+00  2.18441E-08  1.17345E-09
  3.34462E-01  1.00811E+00  2.07454E-08  1.14801E-09
  3.37224E-01  9.76892E-01  1.96858E-08  1.12271E-09
  3.40034E-01  9.46152E-01  1.86642E-08  1.09755E-09
  3.42894E-01  9.15892E-01  1.76800E-08  1.07252E-09
  3.45806E-01  8.86108E-01  1.67322E-08  1.04764E-09
  3.48773E-01  8.56801E-01  1.58200E-08  1.02285E-09
  3.51797E-01  8.27967E-01  1.49427E-08  9.98231E-10
  3.54880E-01  7.99606E-01  1.40994E-08  9.73703E-10
  3.58024E-01  7.71717E-01  1.32894E-08  9.49335E-10
  3.61233E-01  7.44296E-01  1.25117E-08  9.25085E-10
  3.64510E-01  7.17345E-01  1.17658E-08  9.00956E-10
  3.67857E-01  6.90860E-01  1.10507E-08  8.76978E-10
  3.71279E-01  6.64841E-01  1.03658E-08  8.53136E-10
  3.74778E-01  6.39286E-01  9.71032E-09  8.29394E-10
  3.78360E-01  6.14195E-01  9.08347E-09  8.05812E-10
  3.82027E-01  5.89566E-01  8.48455E-09  7.82355E-10
  3.85785E-01  5.65399E-01  7.91285E-09  7.59042E-10
  3.89639E-01  5.41692E-01  7.36765E-09  7.35825E-10
  3.93593E-01  5.18445E-01  6.84825E-09  7.12801E-10
  3.97655E-01  4.95658E-01  6.35395E-09  6.89863E-10
  4.01830E-01  4.73328E-01  5.88408E-09  6.67079E-10
  4.06126E-01  4.51457E-01  5.43795E-09  6.44449E-10
  4.10549E-01  4.30044E-01  5.01490E-09  6.21919E-10
  4.15110E-01  4.09088E-01  4.61427E-09  5.99563E-10
  4.19815E-01  3.88590E-01  4.23540E-09  5.77323E-10
  4.24677E-01  3.68550E-01  3.87766E-09  5.55243E-10
  4.29706E-01  3.48968E-01  3.54039E-09  5.33302E-10
  4.34914E-01  3.29845E-01  3.22298E-09  5.11504E-10
  4.40316E-01  3.11181E-01  2.92480E-09  4.89869E-10
  4.45928E-01  2.92977E-01  2.64523E-09  4.68370E-10
  4.51766E-01  2.75235E-01  2.38367E-09  4.47020E-10
  4.57852E-01  2.57955E-01  2.13952E-09  4.25854E-10
  4.64207E-01  2.41141E-01  1.91217E-09  4.04839E-10
  4.70856E-01  2.24794E-01  1.70104E-09  3.83985E-10
  4.77831E-01  2.08916E-01  1.50554E-09  3.63299E-10
  4.85164E-01  1.93511E-01  1.32510E-09  3.42797E-10
  4.92894E-01  1.78581E-01  1.15914E-09  3.22484E-10
  5.01069E-01  1.64132E-01  1.00708E-09  3.02354E-10
  5.09742E-01  1.50167E-01  8.68362E-10  2.82438E-10
  5.18979E-01  1.36693E-01  7.42423E-10  2.62726E-10
  5.28857E-01  1.23715E-01  6.28700E-10  2.43236E-10
  5.39472E-01  1.11240E-01  5.26635E-10  2.23966E-10
  5.50939E-01  9.92771E-02  4.35669E-10  2.04958E-10
  5.63404E-01  8.78358E-02  3.55245E-10  1.86210E-10
  5.77054E-01  7.69275E-02  2.84803E-10  1.67762E-10
  5.92128E-01  6.65656E-02  2.23782E-10  1.49607E-10
  6.08944E-01  5.67661E-02  1.71616E-10  1.31797E-10
  6.27936E-01  4.75482E-02  1.27731E-10  1.14361E-10
  6.49716E-01  3.89352E-02  9.15474E-11  9.73414E-11
  6.75184E-01  3.09564E-02  6.24681E-11  8.07894E-11
  7.05734E-01  2.36488E-02  3.98800E-11  6.47906E-11
  7.43699E-01  1.70612E-02  2.31432E-11  4.94651E-11
  7.93395E-01  1.12613E-02  1.15804E-11  3.53462E-11
  8.64237E-01  6.35029E-03  4.45721E-12  2.16111E-11
  9.84118E-01  2.50120E-03  9.43315E-13  4.58297E-12
  1.39569E+00  1.35808E-04  7.34429E-15  2.31140E-12
