 -1.23286E-08  1.19695E-09  1.00000E-15  2.23777E-05
  2.48701E+00  1.26209E-09  1.00000E-15  5.92009E-05
  4.08835E+00  1.27579E-09  1.00000E-15  8.80624E-05
  5.69659E+00  1.22457E-09  1.00000E-15  1.17534E-04
  7.36689E+00  7.65534E-09  1.00000E-15  1.35485E-04
  7.68252E+00  8.74982E-09  1.00000E-15  1.41572E-04
  8.04618E+00  9.60703E-09  1.00000E-15  1.48533E-04
  8.45547E+00  1.17960E-08  1.00000E-15  1.55780E-04
  8.85112E+00  1.39754E-08  1.00000E-15  1.62822E-04
  9.23787E+00  1.62891E-08  1.00000E-15  1.69699E-04
  9.61491E+00  1.86201E-08  1.00000E-15  1.76419E-04
  9.98413E+00  2.10687E-08  1.00000E-15  1.82992E-04
  1.03450E+01  2.39753E-08  1.00000E-15  1.89373E-04
  1.06925E+01  2.73662E-08  1.00000E-15  1.95481E-04
  1.10237E+01  3.11836E-08  1.00000E-15  2.01298E-04
  1.13384E+01  3.54347E-08  1.00000E-15  2.06815E-04
  1.16369E+01  4.00265E-08  1.00000E-15  2.12056E-04
  1.19205E+01  4.49026E-08  1.00000E-15  2.17044E-04
  1.21911E+01  5.00075E-08  1.00000E-15  2.21812E-04
  1.24502E+01  5.52614E-08  1.00000E-15  2.26387E-04
  1.26995E+01  6.08209E-08  1.00000E-15  2.30796E-04
  1.29398E+01  6.67078E-08  1.00000E-15  2.35041E-04
  1.31716E+01  7.30030E-08  1.00000E-15  2.39141E-04
  1.33952E+01  7.95322E-08  1.00000E-15  2.43098E-04
  1.36114E+01  8.52636E-08  1.00000E-15  2.46950E-04
  1.38234E+01  8.96482E-08  1.00000E-15  2.50763E-04
  1.40349E+01  9.31373E-08  1.00000E-15  2.54583E-04
  1.42478E+01  9.70721E-08  1.00000E-15  2.58419E-04
  1.44609E+01  1.02235E-07  1.00000E-15  2.62234E-04
  1.46717E+01  1.08520E-07  1.00000E-15  2.65991E-04
  1.48782E+01  1.15769E-07  1.00000E-15  2.69660E-04
  1.50793E+01  1.23366E-07  1.00000E-15  2.73234E-04
  1.52751E+01  1.31388E-07  1.00000E-15  2.76711E-04
  1.54656E+01  1.39408E-07  1.00000E-15  2.80099E-04
  1.56516E+01  1.47426E-07  1.00000E-15  2.83414E-04
  1.58336E+01  1.55763E-07  1.00000E-15  2.86653E-04
  1.60117E+01  1.64140E-07  1.00000E-15  2.89828E-04
  1.61862E+01  1.73008E-07  1.00000E-15  2.92938E-04
  1.63572E+01  1.81893E-07  1.00000E-15  2.95988E-04
  1.65249E+01  1.90841E-07  1.00000E-15  2.98978E-04
  1.66896E+01  1.98829E-07  1.00000E-15  3.01928E-04
  1.68525E+01  2.05564E-07  1.00000E-15  3.04853E-04
  1.70145E+01  2.11479E-07  1.00000E-15  3.07768E-04
  1.71765E+01  2.17516E-07  1.00000E-15  3.10681E-04
  1.73382E+01  2.24623E-07  1.00000E-15  3.13582E-04
  1.74989E+01  2.32842E-07  1.00000E-15  3.16459E-04
  1.76580E+01  2.41831E-07  1.00000E-15  3.19304E-04
  1.78149E+01  2.52033E-07  1.00000E-15  3.22111E-04
  1.79692E+01  2.62300E-07  1.00000E-15  3.24863E-04
  1.81210E+01  2.72561E-07  1.00000E-15  3.27579E-04
  1.82706E+01  2.83137E-07  1.00000E-15  3.30251E-04
  1.84179E+01  2.93952E-07  1.00000E-15  3.32888E-04
  1.85630E+01  3.05304E-07  1.00000E-15  3.35478E-04
  1.87058E+01  3.15720E-07  1.00000E-15  3.38032E-04
  1.88470E+01  3.25520E-07  1.00000E-15  3.40562E-04
  1.89868E+01  3.34489E-07  1.00000E-15  3.43074E-04
  1.91258E+01  3.41373E-07  1.00000E-15  3.45574E-04
  1.92648E+01  3.48657E-07  1.00000E-15  3.48078E-04
  1.94036E+01  3.56927E-07  1.00000E-15  3.50569E-04
  1.95419E+01  3.65823E-07  1.00000E-15  3.53054E-04
  1.96793E+01  3.76754E-07  1.00000E-15  3.55514E-04
  1.98153E+01  3.87118E-07  1.00000E-15  3.57951E-04
  1.99501E+01  3.99820E-07  1.00000E-15  3.60366E-04
  2.00830E+01  4.10888E-07  1.00000E-15  3.62742E-04
  2.02146E+01  4.22679E-07  1.00000E-15  3.65096E-04
  2.03448E+01  4.34112E-07  1.00000E-15  3.67432E-04
  2.04738E+01  4.45455E-07  1.00000E-15  3.69741E-04
  2.06017E+01  4.54828E-07  1.00000E-15  3.72040E-04
  2.07290E+01  4.65043E-07  1.00000E-15  3.74327E-04
  2.08555E+01  4.73449E-07  1.00000E-15  3.76603E-04
  2.09819E+01  4.81946E-07  1.00000E-15  3.78878E-04
  2.11079E+01  4.89833E-07  1.00000E-15  3.81146E-04
  2.12339E+01  5.01431E-07  1.00000E-15  3.83411E-04
  2.13588E+01  5.11630E-07  1.00000E-15  3.85649E-04
  2.14831E+01  5.23883E-07  1.00000E-15  3.87884E-04
  2.16062E+01  5.36157E-07  1.00000E-15  3.90086E-04
  2.17283E+01  5.47546E-07  1.00000E-15  3.92275E-04
  2.18496E+01  5.59730E-07  1.00000E-15  3.94447E-04
  2.19699E+01  5.69573E-07  1.00000E-15  3.96609E-04
  2.20897E+01  5.79080E-07  1.00000E-15  3.98767E-04
  2.22093E+01  5.90341E-07  1.00000E-15  4.00918E-04
  2.23281E+01  6.00153E-07  1.00000E-15  4.03051E-04
  2.24465E+01  6.08952E-07  1.00000E-15  4.05184E-04
  2.25647E+01  6.18284E-07  1.00000E-15  4.07307E-04
  2.26826E+01  6.29383E-07  1.00000E-15  4.09428E-04
  2.27999E+01  6.40944E-07  1.00000E-15  4.11530E-04
  2.29166E+01  6.50951E-07  1.00000E-15  4.13624E-04
  2.30328E+01  6.60038E-07  1.00000E-15  4.15715E-04
  2.31488E+01  6.73128E-07  1.00000E-15  4.17806E-04
  2.32639E+01  6.85188E-07  1.00000E-15  4.19864E-04
  2.33783E+01  6.94712E-07  1.00000E-15  4.21926E-04
  2.34925E+01  7.04671E-07  1.00000E-15  4.23978E-04
  2.36063E+01  7.13789E-07  1.00000E-15  4.26028E-04
  2.37199E+01  7.23999E-07  1.00000E-15  4.28072E-04
  2.38331E+01  7.32995E-07  1.00000E-15  4.30109E-04
  2.39462E+01  7.44634E-07  1.00000E-15  4.32143E-04
  2.40587E+01  7.53427E-07  1.00000E-15  4.34162E-04
  2.41710E+01  7.64650E-07  1.00000E-15  4.36187E-04
  2.42829E+01  7.77678E-07  1.00000E-15  4.38189E-04
  2.43939E+01  7.84764E-07  1.00000E-15  4.40188E-04
  2.45051E+01  7.94834E-07  1.00000E-15  4.42196E-04
  2.46160E+01  8.09160E-07  1.00000E-15  4.44183E-04
  2.47260E+01  8.16582E-07  1.00000E-15  4.46160E-04
  2.48360E+01  8.26146E-07  1.00000E-15  4.48146E-04
  2.49458E+01  8.39421E-07  1.00000E-15  4.50114E-04
  2.50549E+01  8.43593E-07  1.00000E-15  4.52080E-04
  2.51645E+01  8.55250E-07  1.00000E-15  4.54058E-04
  2.52735E+01  8.66617E-07  1.00000E-15  4.56005E-04
  2.53821E+01  8.68857E-07  1.00000E-15  4.57968E-04
  2.54913E+01  8.81522E-07  1.00000E-15  4.59939E-04
  2.55999E+01  8.93773E-07  1.00000E-15  4.61885E-04
  2.57080E+01  8.97698E-07  1.00000E-15  4.63836E-04
  2.58165E+01  9.09797E-07  1.00000E-15  4.65795E-04
  2.59244E+01  9.19755E-07  1.00000E-15  4.67729E-04
  2.60320E+01  9.28641E-07  1.00000E-15  4.69677E-04
  2.61395E+01  9.38522E-07  1.00000E-15  4.71602E-04
  2.62467E+01  9.44062E-07  1.00000E-15  4.73539E-04
  2.63541E+01  9.56078E-07  1.00000E-15  4.75469E-04
  2.64610E+01  9.64432E-07  1.00000E-15  4.77387E-04
  2.65677E+01  9.68925E-07  1.00000E-15  4.79313E-04
  2.66748E+01  9.77728E-07  1.00000E-15  4.81242E-04
  2.67817E+01  9.86207E-07  1.00000E-15  4.83164E-04
  2.68884E+01  9.94170E-07  1.00000E-15  4.85091E-04
  2.69950E+01  1.00233E-06  1.00000E-15  4.87009E-04
  2.71016E+01  1.00989E-06  1.00000E-15  4.88933E-04
  2.72080E+01  1.02094E-06  1.00000E-15  4.90846E-04
  2.73141E+01  1.02745E-06  1.00000E-15  4.92753E-04
  2.74201E+01  1.03232E-06  1.00000E-15  4.94666E-04
  2.75264E+01  1.03505E-06  1.00000E-15  4.96587E-04
  2.76331E+01  1.04389E-06  1.00000E-15  4.98512E-04
  2.77396E+01  1.05267E-06  1.00000E-15  5.00432E-04
  2.78458E+01  1.05836E-06  1.00000E-15  5.02349E-04
  2.79522E+01  1.07133E-06  1.00000E-15  5.04262E-04
  2.80579E+01  1.08009E-06  1.00000E-15  5.06159E-04
  2.81634E+01  1.08507E-06  1.00000E-15  5.08054E-04
  2.82690E+01  1.08776E-06  1.00000E-15  5.09960E-04
  2.83750E+01  1.08770E-06  1.00000E-15  5.11879E-04
  2.84816E+01  1.10192E-06  1.00000E-15  5.13797E-04
  2.85874E+01  1.11098E-06  1.00000E-15  5.15698E-04
  2.86929E+01  1.10975E-06  1.00000E-15  5.17602E-04
  2.87992E+01  1.11223E-06  1.00000E-15  5.19530E-04
  2.89058E+01  1.12323E-06  1.00000E-15  5.21445E-04
  2.90119E+01  1.12892E-06  1.00000E-15  5.23363E-04
  2.91180E+01  1.13836E-06  1.00000E-15  5.25265E-04
  2.92238E+01  1.13580E-06  1.00000E-15  5.27176E-04
  2.93303E+01  1.14107E-06  1.00000E-15  5.29104E-04
  2.94369E+01  1.15083E-06  1.00000E-15  5.31023E-04
  2.95431E+01  1.15996E-06  1.00000E-15  5.32934E-04
  2.96490E+01  1.15994E-06  1.00000E-15  5.34840E-04
  2.97553E+01  1.16096E-06  1.00000E-15  5.36767E-04
  2.98621E+01  1.16698E-06  1.00000E-15  5.38693E-04
  2.99688E+01  1.17179E-06  1.00000E-15  5.40617E-04
  3.00755E+01  1.17798E-06  1.00000E-15  5.42537E-04
  3.01822E+01  1.18673E-06  1.00000E-15  5.44456E-04
  3.02885E+01  1.17646E-06  1.00000E-15  5.46386E-04
  3.03962E+01  1.19092E-06  1.00000E-15  5.48331E-04
  3.05030E+01  1.20033E-06  1.00000E-15  5.50242E-04
  3.06094E+01  1.19822E-06  1.00000E-15  5.52169E-04
  3.07164E+01  1.19474E-06  1.00000E-15  5.54105E-04
  3.08242E+01  1.20267E-06  1.00000E-15  5.56059E-04
  3.09317E+01  1.21297E-06  1.00000E-15  5.57976E-04
  3.10386E+01  1.20949E-06  1.00000E-15  5.59916E-04
  3.11463E+01  1.21269E-06  1.00000E-15  5.61859E-04
  3.12540E+01  1.22268E-06  1.00000E-15  5.63799E-04
  3.13613E+01  1.21581E-06  1.00000E-15  5.65741E-04
  3.14695E+01  1.22051E-06  1.00000E-15  5.67695E-04
  3.15777E+01  1.22758E-06  1.00000E-15  5.69645E-04
  3.16857E+01  1.22941E-06  1.00000E-15  5.71588E-04
  3.17938E+01  1.23305E-06  1.00000E-15  5.73539E-04
  3.19019E+01  1.21906E-06  1.00000E-15  5.75499E-04
  3.20116E+01  1.23205E-06  1.00000E-15  5.77495E-04
  3.21205E+01  1.24723E-06  1.00000E-15  5.79433E-04
  3.22284E+01  1.23199E-06  1.00000E-15  5.81392E-04
  3.23379E+01  1.24712E-06  1.00000E-15  5.83368E-04
  3.24464E+01  1.23590E-06  1.00000E-15  5.85323E-04
  3.25562E+01  1.23943E-06  1.00000E-15  5.87323E-04
  3.26660E+01  1.25372E-06  1.00000E-15  5.89272E-04
  3.27748E+01  1.23897E-06  1.00000E-15  5.91256E-04
  3.28852E+01  1.24045E-06  1.00000E-15  5.93256E-04
  3.29957E+01  1.23825E-06  1.00000E-15  5.95257E-04
  3.31067E+01  1.24703E-06  1.00000E-15  5.97260E-04
  3.32172E+01  1.26094E-06  1.00000E-15  5.99239E-04
  3.33267E+01  1.25046E-06  1.00000E-15  6.01211E-04
  3.34373E+01  1.23353E-06  1.00000E-15  6.03236E-04
  3.35498E+01  1.24703E-06  1.00000E-15  6.05263E-04
  3.36612E+01  1.24573E-06  1.00000E-15  6.07268E-04
  3.37730E+01  1.25051E-06  1.00000E-15  6.09291E-04
  3.38845E+01  1.24813E-06  1.00000E-15  6.11299E-04
  3.39965E+01  1.24954E-06  1.00000E-15  6.13332E-04
  3.41086E+01  1.24197E-06  1.00000E-15  6.15345E-04
  3.42215E+01  1.24304E-06  1.00000E-15  6.17408E-04
  3.43345E+01  1.25939E-06  1.00000E-15  6.19422E-04
  3.44463E+01  1.24311E-06  1.00000E-15  6.21450E-04
  3.45597E+01  1.23277E-06  1.00000E-15  6.23511E-04
  3.46742E+01  1.24321E-06  1.00000E-15  6.25589E-04
  3.47879E+01  1.25032E-06  1.00000E-15  6.27624E-04
  3.49011E+01  1.23899E-06  1.00000E-15  6.29676E-04
  3.50156E+01  1.23663E-06  1.00000E-15  6.31746E-04
  3.51303E+01  1.24047E-06  1.00000E-15  6.33825E-04
  3.52449E+01  1.24137E-06  1.00000E-15  6.35884E-04
  3.53595E+01  1.22761E-06  1.00000E-15  6.37970E-04
  3.54755E+01  1.23733E-06  1.00000E-15  6.40067E-04
  3.55907E+01  1.22769E-06  1.00000E-15  6.42140E-04
  3.57070E+01  1.23201E-06  1.00000E-15  6.44257E-04
  3.58229E+01  1.23655E-06  1.00000E-15  6.46322E-04
  3.59385E+01  1.21615E-06  1.00000E-15  6.48443E-04
  3.60561E+01  1.22780E-06  1.00000E-15  6.50559E-04
  3.61727E+01  1.22284E-06  1.00000E-15  6.52661E-04
  3.62899E+01  1.21976E-06  1.00000E-15  6.54787E-04
  3.64074E+01  1.21704E-06  1.00000E-15  6.56911E-04
  3.65253E+01  1.21861E-06  1.00000E-15  6.59037E-04
  3.66430E+01  1.20609E-06  1.00000E-15  6.61171E-04
  3.67621E+01  1.20210E-06  1.00000E-15  6.63346E-04
  3.68815E+01  1.20848E-06  1.00000E-15  6.65486E-04
  3.70004E+01  1.20814E-06  1.00000E-15  6.67644E-04
  3.71193E+01  1.20572E-06  1.00000E-15  6.69776E-04
  3.72385E+01  1.19167E-06  1.00000E-15  6.71951E-04
  3.73592E+01  1.19144E-06  1.00000E-15  6.74131E-04
  3.74798E+01  1.19766E-06  1.00000E-15  6.76307E-04
  3.75999E+01  1.17486E-06  1.00000E-15  6.78486E-04
  3.77222E+01  1.18468E-06  1.00000E-15  6.80718E-04
  3.78436E+01  1.19379E-06  1.00000E-15  6.82871E-04
  3.79640E+01  1.16562E-06  1.00000E-15  6.85079E-04
  3.80873E+01  1.16682E-06  1.00000E-15  6.87315E-04
  3.82104E+01  1.16767E-06  1.00000E-15  6.89537E-04
  3.83334E+01  1.16443E-06  1.00000E-15  6.91767E-04
  3.84567E+01  1.15742E-06  1.00000E-15  6.93994E-04
  3.85807E+01  1.15879E-06  1.00000E-15  6.96250E-04
  3.87045E+01  1.15939E-06  1.00000E-15  6.98462E-04
  3.88282E+01  1.15066E-06  1.00000E-15  7.00708E-04
  3.89527E+01  1.12979E-06  1.00000E-15  7.02976E-04
  3.90795E+01  1.13251E-06  1.00000E-15  7.05283E-04
  3.92058E+01  1.13993E-06  1.00000E-15  7.07549E-04
  3.93313E+01  1.13157E-06  1.00000E-15  7.09832E-04
  3.94576E+01  1.11869E-06  1.00000E-15  7.12105E-04
  3.95852E+01  1.11720E-06  1.00000E-15  7.14449E-04
  3.97129E+01  1.12895E-06  1.00000E-15  7.16718E-04
  3.98391E+01  1.09827E-06  1.00000E-15  7.19027E-04
  3.99687E+01  1.09263E-06  1.00000E-15  7.21394E-04
  4.00989E+01  1.11331E-06  1.00000E-15  7.23723E-04
  4.02265E+01  1.10075E-06  1.00000E-15  7.26022E-04
  4.03554E+01  1.08195E-06  1.00000E-15  7.28381E-04
  4.04864E+01  1.07964E-06  1.00000E-15  7.30751E-04
  4.06175E+01  1.07516E-06  1.00000E-15  7.33122E-04
  4.07489E+01  1.07195E-06  1.00000E-15  7.35508E-04
  4.08806E+01  1.06338E-06  1.00000E-15  7.37899E-04
  4.10131E+01  1.06278E-06  1.00000E-15  7.40300E-04
  4.11456E+01  1.05318E-06  1.00000E-15  7.42699E-04
  4.12790E+01  1.05364E-06  1.00000E-15  7.45119E-04
  4.14122E+01  1.04362E-06  1.00000E-15  7.47510E-04
  4.15464E+01  1.03337E-06  1.00000E-15  7.49977E-04
  4.16817E+01  1.03725E-06  1.00000E-15  7.52413E-04
  4.18163E+01  1.02839E-06  1.00000E-15  7.54849E-04
  4.19518E+01  1.02417E-06  1.00000E-15  7.57296E-04
  4.20876E+01  1.01042E-06  1.00000E-15  7.59763E-04
  4.22250E+01  9.95170E-07  1.00000E-15  7.62279E-04
  4.23642E+01  1.00281E-06  1.00000E-15  7.64791E-04
  4.25021E+01  9.96775E-07  1.00000E-15  7.67277E-04
  4.26405E+01  9.83243E-07  1.00000E-15  7.69803E-04
  4.27805E+01  9.73763E-07  1.00000E-15  7.72348E-04
  4.29216E+01  9.87858E-07  1.00000E-15  7.74897E-04
  4.30604E+01  9.68260E-07  1.00000E-15  7.77391E-04
  4.32016E+01  9.51193E-07  1.00000E-15  7.80003E-04
  4.33451E+01  9.66858E-07  1.00000E-15  7.82554E-04
  4.34859E+01  9.40796E-07  1.00000E-15  7.85124E-04
  4.36302E+01  9.43365E-07  1.00000E-15  7.87763E-04
  4.37738E+01  9.37237E-07  1.00000E-15  7.90334E-04
  4.39180E+01  9.30352E-07  1.00000E-15  7.92971E-04
  4.40629E+01  9.18355E-07  1.00000E-15  7.95583E-04
  4.42092E+01  9.05441E-07  1.00000E-15  7.98278E-04
  4.43573E+01  9.09372E-07  1.00000E-15  8.00929E-04
  4.45043E+01  8.92826E-07  1.00000E-15  8.03624E-04
  4.46536E+01  8.94934E-07  1.00000E-15  8.06319E-04
  4.48021E+01  8.83009E-07  1.00000E-15  8.09021E-04
  4.49522E+01  8.77115E-07  1.00000E-15  8.11746E-04
  4.51029E+01  8.66713E-07  1.00000E-15  8.14473E-04
  4.52549E+01  8.65678E-07  1.00000E-15  8.17239E-04
  4.54066E+01  8.54953E-07  1.00000E-15  8.19976E-04
  4.55598E+01  8.50904E-07  1.00000E-15  8.22775E-04
  4.57131E+01  8.40561E-07  1.00000E-15  8.25540E-04
  4.58679E+01  8.23315E-07  1.00000E-15  8.28383E-04
  4.60254E+01  8.27723E-07  1.00000E-15  8.31229E-04
  4.61815E+01  8.17023E-07  1.00000E-15  8.34054E-04
  4.63392E+01  8.13708E-07  1.00000E-15  8.36931E-04
  4.64969E+01  8.06142E-07  1.00000E-15  8.39764E-04
  4.66556E+01  7.85202E-07  1.00000E-15  8.42690E-04
  4.68179E+01  7.84144E-07  1.00000E-15  8.45633E-04
  4.69798E+01  7.74819E-07  1.00000E-15  8.48574E-04
  4.71431E+01  7.69704E-07  1.00000E-15  8.51544E-04
  4.73069E+01  7.66202E-07  1.00000E-15  8.54502E-04
  4.74708E+01  7.51074E-07  1.00000E-15  8.57489E-04
  4.76373E+01  7.33582E-07  1.00000E-15  8.60545E-04
  4.78071E+01  7.41897E-07  1.00000E-15  8.63625E-04
  4.79744E+01  7.31203E-07  1.00000E-15  8.66624E-04
  4.81434E+01  7.12615E-07  1.00000E-15  8.69760E-04
  4.83162E+01  7.21911E-07  1.00000E-15  8.72846E-04
  4.84860E+01  7.07804E-07  1.00000E-15  8.75934E-04
  4.86584E+01  7.01914E-07  1.00000E-15  8.79072E-04
  4.88316E+01  6.92333E-07  1.00000E-15  8.82204E-04
  4.90065E+01  6.78809E-07  1.00000E-15  8.85412E-04
  4.91840E+01  6.70063E-07  1.00000E-15  8.88643E-04
  4.93631E+01  6.61106E-07  1.00000E-15  8.91909E-04
  4.95438E+01  6.58834E-07  1.00000E-15  8.95196E-04
  4.97243E+01  6.45285E-07  1.00000E-15  8.98473E-04
  4.99077E+01  6.26861E-07  1.00000E-15  9.01866E-04
  5.00956E+01  6.32731E-07  1.00000E-15  9.05260E-04
  5.02809E+01  6.15278E-07  1.00000E-15  9.08619E-04
  5.04705E+01  6.01011E-07  1.00000E-15  9.12149E-04
  5.06637E+01  6.04559E-07  1.00000E-15  9.15601E-04
  5.08548E+01  5.97376E-07  1.00000E-15  9.19081E-04
  5.10472E+01  5.92984E-07  1.00000E-15  9.22547E-04
  5.12401E+01  5.82438E-07  1.00000E-15  9.26059E-04
  5.14355E+01  5.81257E-07  1.00000E-15  9.29585E-04
  5.16303E+01  5.74008E-07  1.00000E-15  9.33110E-04
  5.18265E+01  5.56771E-07  1.00000E-15  9.36703E-04
  5.20278E+01  5.46959E-07  1.00000E-15  9.40408E-04
  5.22317E+01  5.40887E-07  1.00000E-15  9.44101E-04
  5.24366E+01  5.25526E-07  1.00000E-15  9.47878E-04
  5.26465E+01  5.16478E-07  1.00000E-15  9.51724E-04
  5.28588E+01  5.11605E-07  1.00000E-15  9.55592E-04
  5.30719E+01  4.94888E-07  1.00000E-15  9.59494E-04
  5.32910E+01  4.87014E-07  1.00000E-15  9.63538E-04
  5.35123E+01  4.76807E-07  1.00000E-15  9.67550E-04
  5.37370E+01  4.68564E-07  1.00000E-15  9.71705E-04
  5.39643E+01  4.57231E-07  1.00000E-15  9.75822E-04
  5.41958E+01  4.51955E-07  1.00000E-15  9.80098E-04
  5.44286E+01  4.52707E-07  1.00000E-15  9.84213E-04
  5.46595E+01  4.40668E-07  1.00000E-15  9.88483E-04
  5.48953E+01  4.43865E-07  1.00000E-15  9.92676E-04
  5.51279E+01  4.27056E-07  1.00000E-15  9.96956E-04
  5.53683E+01  4.28413E-07  1.00000E-15  1.00128E-03
  5.56063E+01  4.19848E-07  1.00000E-15  1.00560E-03
  5.58477E+01  4.09344E-07  1.00000E-15  1.01002E-03
  5.60938E+01  4.03876E-07  1.00000E-15  1.01450E-03
  5.63416E+01  3.97438E-07  1.00000E-15  1.01899E-03
  5.65918E+01  3.79470E-07  1.00000E-15  1.02362E-03
  5.68522E+01  3.76947E-07  1.00000E-15  1.02839E-03
  5.71125E+01  3.61251E-07  1.00000E-15  1.03314E-03
  5.73824E+01  3.54108E-07  1.00000E-15  1.03816E-03
  5.76558E+01  3.47106E-07  1.00000E-15  1.04309E-03
  5.79328E+01  3.33467E-07  1.00000E-15  1.04828E-03
  5.82190E+01  3.25487E-07  1.00000E-15  1.05347E-03
  5.85102E+01  3.14574E-07  1.00000E-15  1.05890E-03
  5.88093E+01  3.02132E-07  1.00000E-15  1.06438E-03
  5.91184E+01  2.94621E-07  1.00000E-15  1.07015E-03
  5.94329E+01  2.86250E-07  1.00000E-15  1.07583E-03
  5.97541E+01  2.72121E-07  1.00000E-15  1.08190E-03
  6.00893E+01  2.61833E-07  1.00000E-15  1.08803E-03
  6.04349E+01  2.55873E-07  1.00000E-15  1.09450E-03
  6.07855E+01  2.46903E-07  1.00000E-15  1.10079E-03
  6.11459E+01  2.38290E-07  1.00000E-15  1.10762E-03
  6.15161E+01  2.35464E-07  1.00000E-15  1.11415E-03
  6.18875E+01  2.24591E-07  1.00000E-15  1.12116E-03
  6.22736E+01  2.49018E-07  1.00000E-15  1.12769E-03
  6.26191E+01  2.30377E-07  1.00000E-15  1.13381E-03
  6.29898E+01  2.44037E-07  1.00000E-15  1.14058E-03
  6.33372E+01  2.34875E-07  1.00000E-15  1.14640E-03
  6.36957E+01  2.24038E-07  1.00000E-15  1.15347E-03
  6.40689E+01  2.19507E-07  1.00000E-15  1.15971E-03
  6.44472E+01  2.02926E-07  1.00000E-15  1.16741E-03
  6.48535E+01  1.98710E-07  1.00000E-15  1.17425E-03
  6.52655E+01  1.93816E-07  1.00000E-15  1.18242E-03
  6.56848E+01  1.82855E-07  1.00000E-15  1.18944E-03
  6.61261E+01  1.72087E-07  1.00000E-15  1.19852E-03
  6.65916E+01  1.65217E-07  1.00000E-15  1.20628E-03
  6.70729E+01  1.55318E-07  1.00000E-15  1.21616E-03
  6.75811E+01  1.47843E-07  1.00000E-15  1.22469E-03
  6.81109E+01  1.34982E-07  1.00000E-15  1.23570E-03
  6.86867E+01  1.28302E-07  1.00000E-15  1.24552E-03
  6.92877E+01  1.14573E-07  1.00000E-15  1.25800E-03
  6.99551E+01  1.07947E-07  1.00000E-15  1.26972E-03
  7.06573E+01  9.71466E-08  1.00000E-15  1.28390E-03
  7.14307E+01  9.00334E-08  1.00000E-15  1.29795E-03
  7.22574E+01  8.37241E-08  1.00000E-15  1.31388E-03
  7.31385E+01  7.63551E-08  1.00000E-15  1.33031E-03
  7.40962E+01  7.21394E-08  1.00000E-15  1.34824E-03
  7.51018E+01  6.48794E-08  1.00000E-15  1.36728E-03
  7.62122E+01  6.18038E-08  1.00000E-15  1.38788E-03
  7.73719E+01  5.29061E-08  1.00000E-15  1.40989E-03
  7.87223E+01  4.46421E-08  1.00000E-15  1.43840E-03
  8.03196E+01  1.72189E-07  1.00000E-15  1.44831E-03
  8.07420E+01  1.42797E-06  1.00000E-15  1.44791E-03
  8.07958E+01  5.39978E-07  1.00000E-15  1.44611E-03
  8.09510E+01  2.28019E-07  1.00000E-15  1.44543E-03
  8.13845E+01  2.01725E-07  1.00000E-15  1.44737E-03
  8.24717E+01  7.20369E-08  1.00000E-15  1.44829E-03
