 -1.61573E-11  1.01463E-01  2.72949E-04  2.81307E-04
  5.66154E-03  1.06955E-01  2.72892E-04  7.55387E-04
  9.30755E-03  1.07969E-01  2.72860E-04  1.09938E-03
  1.29728E-02  1.03894E-01  2.72945E-04  1.44592E-03
  1.67706E-02  6.48203E-01  2.73166E-04  1.64772E-03
  1.74898E-02  7.41670E-01  2.73468E-04  1.71337E-03
  1.83176E-02  8.16205E-01  2.73885E-04  1.78745E-03
  1.92473E-02  1.00311E+00  2.74375E-04  1.86549E-03
  2.01453E-02  1.19001E+00  2.74986E-04  1.94703E-03
  2.10222E-02  1.38986E+00  2.75799E-04  2.03720E-03
  2.18757E-02  1.59230E+00  2.76842E-04  2.13297E-03
  2.27100E-02  1.80675E+00  2.78080E-04  2.22768E-03
  2.35236E-02  2.06162E+00  2.79464E-04  2.31493E-03
  2.43054E-02  2.36029E+00  2.80915E-04  2.39123E-03
  2.50490E-02  2.69741E+00  2.82376E-04  2.45862E-03
  2.57538E-02  3.07537E+00  2.83957E-04  2.52414E-03
  2.64206E-02  3.48885E+00  2.85833E-04  2.59324E-03
  2.70522E-02  3.93203E+00  2.88029E-04  2.66461E-03
  2.76524E-02  4.39896E+00  2.90329E-04  2.73162E-03
  2.82253E-02  4.88509E+00  2.92473E-04  2.78870E-03
  2.87744E-02  5.39691E+00  2.94424E-04  2.83671E-03
  2.93022E-02  5.94651E+00  2.96480E-04  2.88282E-03
  2.98096E-02  6.54581E+00  2.99038E-04  2.93491E-03
  3.02968E-02  7.17035E+00  3.02200E-04  2.99427E-03
  3.07658E-02  7.74650E+00  3.05600E-04  3.05418E-03
  3.12229E-02  8.19731E+00  3.08674E-04  3.10657E-03
  3.16765E-02  8.55952E+00  3.11288E-04  3.15058E-03
  3.21317E-02  8.96478E+00  3.13991E-04  3.19494E-03
  3.25859E-02  9.50582E+00  3.17535E-04  3.24965E-03
  3.30328E-02  1.01799E+01  3.22070E-04  3.31444E-03
  3.34674E-02  1.09635E+01  3.27019E-04  3.37924E-03
  3.38874E-02  1.17874E+01  3.31664E-04  3.43440E-03
  3.42935E-02  1.26372E+01  3.35850E-04  3.47904E-03
  3.46870E-02  1.35161E+01  3.40098E-04  3.52037E-03
  3.50687E-02  1.44249E+01  3.45142E-04  3.56664E-03
  3.54396E-02  1.54075E+01  3.51328E-04  3.62085E-03
  3.57994E-02  1.64380E+01  3.58284E-04  3.67874E-03
  3.61485E-02  1.75277E+01  3.65233E-04  3.73230E-03
  3.64872E-02  1.86306E+01  3.71631E-04  3.77632E-03
  3.68166E-02  1.97467E+01  3.77715E-04  3.81367E-03
  3.71378E-02  2.07989E+01  3.84338E-04  3.85306E-03
  3.74525E-02  2.17678E+01  3.92317E-04  3.90225E-03
  3.77628E-02  2.27160E+01  4.01767E-04  3.96199E-03
  3.80693E-02  2.37271E+01  4.12032E-04  4.02510E-03
  3.83716E-02  2.48701E+01  4.22017E-04  4.08192E-03
  3.86684E-02  2.61213E+01  4.31015E-04  4.12700E-03
  3.89592E-02  2.74922E+01  4.39287E-04  4.16333E-03
  3.92432E-02  2.89783E+01  4.47907E-04  4.19985E-03
  3.95202E-02  3.05508E+01  4.58014E-04  4.24467E-03
  3.97901E-02  3.22942E+01  4.70223E-04  4.30011E-03
  4.00523E-02  3.41722E+01  4.84319E-04  4.36226E-03
  4.03067E-02  3.61391E+01  4.99502E-04  4.42479E-03
  4.05536E-02  3.81588E+01  5.14452E-04  4.48158E-03
  4.07935E-02  4.01521E+01  5.27977E-04  4.52901E-03
  4.10273E-02  4.20050E+01  5.39791E-04  4.56733E-03
  4.12565E-02  4.36539E+01  5.50801E-04  4.60030E-03
  4.14824E-02  4.51970E+01  5.62593E-04  4.63395E-03
  4.17060E-02  4.68263E+01  5.76201E-04  4.67417E-03
  4.19269E-02  4.87048E+01  5.92094E-04  4.72281E-03
  4.21443E-02  5.09141E+01  6.10234E-04  4.77740E-03
  4.23571E-02  5.33949E+01  6.29799E-04  4.83500E-03
  4.25647E-02  5.60319E+01  6.49597E-04  4.89072E-03
  4.27669E-02  5.87427E+01  6.68454E-04  4.93878E-03
  4.29642E-02  6.13631E+01  6.84643E-04  4.97954E-03
  4.31571E-02  6.39522E+01  6.98920E-04  5.01035E-03
  4.33463E-02  6.66173E+01  7.13941E-04  5.03064E-03
  4.35319E-02  6.92616E+01  7.28758E-04  5.06005E-03
  4.37141E-02  7.17828E+01  7.43919E-04  5.09719E-03
  4.38937E-02  7.46311E+01  7.66900E-04  5.12566E-03
  4.40699E-02  7.75374E+01  7.91343E-04  5.17241E-03
  4.42430E-02  7.96999E+01  8.04319E-04  5.22696E-03
  4.44148E-02  8.36470E+01  8.44312E-04  5.27250E-03
  4.45818E-02  8.71125E+01  8.70896E-04  5.30637E-03
  4.47453E-02  7.62549E+01  6.70429E-04  4.70001E-03
  4.49356E-02  3.47816E+01  7.93184E-05  1.24397E-03
  4.53580E-02  2.41892E+01  4.37328E-06  3.44252E-05
  4.59673E-02  2.33300E+01  3.89884E-06  4.39352E-06
  4.65980E-02  2.32386E+01  3.87340E-06  4.36908E-06
  4.72299E-02  2.31478E+01  3.84815E-06  4.42149E-06
  4.78631E-02  2.30558E+01  3.82273E-06  4.45626E-06
  4.84975E-02  2.29629E+01  3.79713E-06  4.48913E-06
  4.91331E-02  2.28699E+01  3.77149E-06  4.52517E-06
  4.97700E-02  2.27752E+01  3.74554E-06  4.55406E-06
  5.04081E-02  2.26809E+01  3.71965E-06  4.59424E-06
  5.10475E-02  2.25843E+01  3.69340E-06  4.62610E-06
  5.16883E-02  2.24887E+01  3.66728E-06  4.65022E-06
  5.23303E-02  2.23911E+01  3.64082E-06  4.69078E-06
  5.29737E-02  2.22934E+01  3.61442E-06  4.71673E-06
  5.36185E-02  2.21948E+01  3.58779E-06  4.74719E-06
  5.42646E-02  2.20954E+01  3.56108E-06  4.77549E-06
  5.49121E-02  2.19959E+01  3.53435E-06  4.80321E-06
  5.55610E-02  2.18950E+01  3.50740E-06  4.83108E-06
  5.62114E-02  2.17942E+01  3.48050E-06  4.85724E-06
  5.68632E-02  2.16922E+01  3.45341E-06  4.88794E-06
  5.75165E-02  2.15896E+01  3.42625E-06  4.91058E-06
  5.81712E-02  2.14870E+01  3.39911E-06  4.93624E-06
  5.88274E-02  2.13831E+01  3.37178E-06  4.96242E-06
  5.94852E-02  2.12791E+01  3.34449E-06  4.98542E-06
  6.01445E-02  2.11741E+01  3.31703E-06  5.00298E-06
  6.08053E-02  2.10695E+01  3.28973E-06  5.02700E-06
  6.14677E-02  2.09633E+01  3.26216E-06  5.04736E-06
  6.21317E-02  2.08570E+01  3.23456E-06  5.07103E-06
  6.27973E-02  2.07501E+01  3.20705E-06  5.09852E-06
  6.34645E-02  2.06427E+01  3.17945E-06  5.12172E-06
  6.41334E-02  2.05341E+01  3.15169E-06  5.13426E-06
  6.48040E-02  2.04267E+01  3.12415E-06  5.14423E-06
  6.54762E-02  2.03172E+01  3.09632E-06  5.16889E-06
  6.61501E-02  2.02083E+01  3.06872E-06  5.18723E-06
  6.68257E-02  2.00984E+01  3.04099E-06  5.20028E-06
  6.75031E-02  1.99883E+01  3.01324E-06  5.21295E-06
  6.81823E-02  1.98782E+01  2.98557E-06  5.23269E-06
  6.88632E-02  1.97670E+01  2.95784E-06  5.25044E-06
  6.95459E-02  1.96550E+01  2.93003E-06  5.25895E-06
  7.02305E-02  1.95443E+01  2.90248E-06  5.27060E-06
  7.09168E-02  1.94318E+01  2.87473E-06  5.29044E-06
  7.16051E-02  1.93192E+01  2.84704E-06  5.29730E-06
  7.22952E-02  1.92066E+01  2.81942E-06  5.31091E-06
  7.29872E-02  1.90934E+01  2.79180E-06  5.32013E-06
  7.36811E-02  1.89806E+01  2.76429E-06  5.33047E-06
  7.43770E-02  1.88665E+01  2.73670E-06  5.33938E-06
  7.50748E-02  1.87527E+01  2.70923E-06  5.34664E-06
  7.57746E-02  1.86381E+01  2.68173E-06  5.35689E-06
  7.64764E-02  1.85240E+01  2.65438E-06  5.36089E-06
  7.71803E-02  1.84092E+01  2.62703E-06  5.36994E-06
  7.78861E-02  1.82944E+01  2.59977E-06  5.37898E-06
  7.85941E-02  1.81790E+01  2.57251E-06  5.38326E-06
  7.93041E-02  1.80637E+01  2.54537E-06  5.38729E-06
  8.00162E-02  1.79477E+01  2.51823E-06  5.39165E-06
  8.07304E-02  1.78323E+01  2.49126E-06  5.39373E-06
  8.14468E-02  1.77163E+01  2.46431E-06  5.39959E-06
  8.21654E-02  1.76000E+01  2.43742E-06  5.40086E-06
  8.28861E-02  1.74839E+01  2.41068E-06  5.40312E-06
  8.36091E-02  1.73675E+01  2.38397E-06  5.40533E-06
  8.43343E-02  1.72509E+01  2.35738E-06  5.40581E-06
  8.50618E-02  1.71342E+01  2.33086E-06  5.40650E-06
  8.57915E-02  1.70175E+01  2.30445E-06  5.40613E-06
  8.65236E-02  1.69006E+01  2.27813E-06  5.40570E-06
  8.72579E-02  1.67836E+01  2.25192E-06  5.40356E-06
  8.79947E-02  1.66667E+01  2.22583E-06  5.40138E-06
  8.87338E-02  1.65496E+01  2.19982E-06  5.39985E-06
  8.94753E-02  1.64324E+01  2.17393E-06  5.39658E-06
  9.02192E-02  1.63153E+01  2.14817E-06  5.39235E-06
  9.09656E-02  1.61984E+01  2.12255E-06  5.38924E-06
  9.17144E-02  1.60808E+01  2.09699E-06  5.38388E-06
  9.24657E-02  1.59639E+01  2.07160E-06  5.37858E-06
  9.32196E-02  1.58465E+01  2.04631E-06  5.37572E-06
  9.39760E-02  1.57295E+01  2.02117E-06  5.36677E-06
  9.47349E-02  1.56125E+01  1.99616E-06  5.36030E-06
  9.54965E-02  1.54955E+01  1.97127E-06  5.35492E-06
  9.62606E-02  1.53784E+01  1.94652E-06  5.34532E-06
  9.70274E-02  1.52613E+01  1.92190E-06  5.34012E-06
  9.77969E-02  1.51444E+01  1.89742E-06  5.32897E-06
  9.85691E-02  1.50277E+01  1.87309E-06  5.32053E-06
  9.93440E-02  1.49109E+01  1.84891E-06  5.31240E-06
  1.00122E-01  1.47945E+01  1.82490E-06  5.30247E-06
  1.00902E-01  1.46775E+01  1.80095E-06  5.29225E-06
  1.01685E-01  1.45615E+01  1.77725E-06  5.27982E-06
  1.02471E-01  1.44450E+01  1.75364E-06  5.27115E-06
  1.03260E-01  1.43293E+01  1.73024E-06  5.25636E-06
  1.04052E-01  1.42131E+01  1.70695E-06  5.24340E-06
  1.04847E-01  1.40972E+01  1.68382E-06  5.23272E-06
  1.05644E-01  1.39817E+01  1.66089E-06  5.21839E-06
  1.06445E-01  1.38663E+01  1.63810E-06  5.20476E-06
  1.07248E-01  1.37510E+01  1.61545E-06  5.19339E-06
  1.08055E-01  1.36359E+01  1.59299E-06  5.17890E-06
  1.08865E-01  1.35212E+01  1.57071E-06  5.16203E-06
  1.09678E-01  1.34064E+01  1.54856E-06  5.14485E-06
  1.10493E-01  1.32923E+01  1.52663E-06  5.13292E-06
  1.11312E-01  1.31780E+01  1.50484E-06  5.11983E-06
  1.12135E-01  1.30638E+01  1.48317E-06  5.09906E-06
  1.12960E-01  1.29506E+01  1.46178E-06  5.08372E-06
  1.13789E-01  1.28369E+01  1.44048E-06  5.07042E-06
  1.14621E-01  1.27236E+01  1.41937E-06  5.04753E-06
  1.15456E-01  1.26110E+01  1.39847E-06  5.02905E-06
  1.16294E-01  1.24983E+01  1.37772E-06  5.01586E-06
  1.17136E-01  1.23860E+01  1.35715E-06  4.99620E-06
  1.17982E-01  1.22741E+01  1.33677E-06  4.97848E-06
  1.18830E-01  1.21623E+01  1.31654E-06  4.96015E-06
  1.19683E-01  1.20508E+01  1.29650E-06  4.93615E-06
  1.20538E-01  1.19402E+01  1.27669E-06  4.91767E-06
  1.21397E-01  1.18292E+01  1.25699E-06  4.90155E-06
  1.22260E-01  1.17190E+01  1.23752E-06  4.87756E-06
  1.23127E-01  1.16091E+01  1.21825E-06  4.85863E-06
  1.23997E-01  1.14989E+01  1.19905E-06  4.81920E-06
  1.24870E-01  1.13916E+01  1.18030E-06  4.81551E-06
  1.25748E-01  1.12807E+01  1.16135E-06  4.81358E-06
  1.26629E-01  1.11725E+01  1.14287E-06  4.77422E-06
  1.27514E-01  1.10641E+01  1.12443E-06  4.75357E-06
  1.28403E-01  1.09563E+01  1.10622E-06  4.73101E-06
  1.29295E-01  1.08487E+01  1.08819E-06  4.70774E-06
  1.30192E-01  1.07418E+01  1.07037E-06  4.68509E-06
  1.31092E-01  1.06349E+01  1.05270E-06  4.66029E-06
  1.31997E-01  1.05292E+01  1.03528E-06  4.63887E-06
  1.32905E-01  1.04227E+01  1.01794E-06  4.61714E-06
  1.33818E-01  1.03179E+01  1.00089E-06  4.58881E-06
  1.34735E-01  1.02127E+01  9.83959E-07  4.56665E-06
  1.35656E-01  1.01084E+01  9.67253E-07  4.54516E-06
  1.36580E-01  1.00042E+01  9.50698E-07  4.51961E-06
  1.37510E-01  9.90054E+00  9.34338E-07  4.49476E-06
  1.38443E-01  9.79735E+00  9.18164E-07  4.47107E-06
  1.39381E-01  9.69474E+00  9.02192E-07  4.44432E-06
  1.40323E-01  9.59214E+00  8.86348E-07  4.42121E-06
  1.41270E-01  9.49061E+00  8.70750E-07  4.39525E-06
  1.42221E-01  9.38914E+00  8.55298E-07  4.37113E-06
  1.43177E-01  9.28812E+00  8.40024E-07  4.34165E-06
  1.44137E-01  9.18814E+00  8.24982E-07  4.31837E-06
  1.45101E-01  9.08785E+00  8.10054E-07  4.29406E-06
  1.46071E-01  8.98869E+00  7.95361E-07  4.26405E-06
  1.47045E-01  8.88962E+00  7.80810E-07  4.24089E-06
  1.48024E-01  8.79120E+00  7.66456E-07  4.21410E-06
  1.49007E-01  8.69338E+00  7.52289E-07  4.18619E-06
  1.49996E-01  8.59594E+00  7.38288E-07  4.15888E-06
  1.50989E-01  8.49902E+00  7.24467E-07  4.13577E-06
  1.51987E-01  8.40236E+00  7.10802E-07  4.10651E-06
  1.52991E-01  8.30686E+00  6.97366E-07  4.07767E-06
  1.53999E-01  8.21135E+00  6.84062E-07  4.05491E-06
  1.55013E-01  8.11641E+00  6.70937E-07  4.02378E-06
  1.56031E-01  8.02219E+00  6.57998E-07  3.99776E-06
  1.57055E-01  7.92818E+00  6.45210E-07  3.97111E-06
  1.58084E-01  7.83514E+00  6.32629E-07  3.94198E-06
  1.59119E-01  7.74231E+00  6.20191E-07  3.91418E-06
  1.60159E-01  7.65023E+00  6.07942E-07  3.88629E-06
  1.61205E-01  7.55858E+00  5.95854E-07  3.86005E-06
  1.62256E-01  7.46738E+00  5.83924E-07  3.83118E-06
  1.63312E-01  7.37683E+00  5.72169E-07  3.80157E-06
  1.64375E-01  7.28695E+00  5.60594E-07  3.77573E-06
  1.65443E-01  7.19730E+00  5.49155E-07  3.74777E-06
  1.66517E-01  7.10849E+00  5.37904E-07  3.71856E-06
  1.67596E-01  7.02013E+00  5.26806E-07  3.69098E-06
  1.68682E-01  6.93236E+00  5.15875E-07  3.66085E-06
  1.69774E-01  6.84523E+00  5.05107E-07  3.63379E-06
  1.70872E-01  6.75848E+00  4.94489E-07  3.60535E-06
  1.71976E-01  6.67239E+00  4.84037E-07  3.57642E-06
  1.73086E-01  6.58688E+00  4.73742E-07  3.54899E-06
  1.74202E-01  6.50192E+00  4.63600E-07  3.51926E-06
  1.75325E-01  6.41755E+00  4.53619E-07  3.48947E-06
  1.76455E-01  6.33381E+00  4.43793E-07  3.46181E-06
  1.77591E-01  6.25058E+00  4.34114E-07  3.43411E-06
  1.78733E-01  6.16782E+00  4.24582E-07  3.40538E-06
  1.79883E-01  6.08573E+00  4.15206E-07  3.37575E-06
  1.81039E-01  6.00429E+00  4.05983E-07  3.34744E-06
  1.82202E-01  5.92332E+00  3.96901E-07  3.31898E-06
  1.83372E-01  5.84296E+00  3.87970E-07  3.28859E-06
  1.84549E-01  5.76325E+00  3.79186E-07  3.26134E-06
  1.85733E-01  5.68401E+00  3.70538E-07  3.23249E-06
  1.86925E-01  5.60547E+00  3.62041E-07  3.20353E-06
  1.88124E-01  5.52738E+00  3.53676E-07  3.17592E-06
  1.89330E-01  5.44994E+00  3.45456E-07  3.14463E-06
  1.90544E-01  5.37316E+00  3.37382E-07  3.11667E-06
  1.91765E-01  5.29683E+00  3.29435E-07  3.08894E-06
  1.92995E-01  5.22121E+00  3.21631E-07  3.06014E-06
  1.94232E-01  5.14605E+00  3.13954E-07  3.03076E-06
  1.95477E-01  5.07166E+00  3.06424E-07  3.00207E-06
  1.96731E-01  4.99765E+00  2.99009E-07  2.97406E-06
  1.97992E-01  4.92437E+00  2.91735E-07  2.94508E-06
  1.99262E-01  4.85157E+00  2.84585E-07  2.91673E-06
  2.00540E-01  4.77945E+00  2.77568E-07  2.88724E-06
  2.01827E-01  4.70794E+00  2.70679E-07  2.85970E-06
  2.03123E-01  4.63691E+00  2.63907E-07  2.83167E-06
  2.04427E-01  4.56647E+00  2.57262E-07  2.80240E-06
  2.05741E-01  4.49677E+00  2.50746E-07  2.77357E-06
  2.07063E-01  4.42749E+00  2.44344E-07  2.74589E-06
  2.08395E-01  4.35881E+00  2.38061E-07  2.71750E-06
  2.09736E-01  4.29076E+00  2.31899E-07  2.68973E-06
  2.11087E-01  4.22325E+00  2.25851E-07  2.66116E-06
  2.12448E-01  4.15643E+00  2.19925E-07  2.63240E-06
  2.13818E-01  4.09014E+00  2.14110E-07  2.60459E-06
  2.15198E-01  4.02448E+00  2.08410E-07  2.57695E-06
  2.16588E-01  3.95927E+00  2.02817E-07  2.54866E-06
  2.17989E-01  3.89478E+00  1.97339E-07  2.52070E-06
  2.19400E-01  3.83082E+00  1.91966E-07  2.49332E-06
  2.20822E-01  3.76745E+00  1.86704E-07  2.46504E-06
  2.22255E-01  3.70465E+00  1.81545E-07  2.43747E-06
  2.23699E-01  3.64243E+00  1.76492E-07  2.40979E-06
  2.25154E-01  3.58079E+00  1.71544E-07  2.38218E-06
  2.26620E-01  3.51974E+00  1.66696E-07  2.35482E-06
  2.28098E-01  3.45929E+00  1.61951E-07  2.32774E-06
  2.29588E-01  3.39931E+00  1.57300E-07  2.30009E-06
  2.31090E-01  3.34003E+00  1.52753E-07  2.27218E-06
  2.32604E-01  3.28132E+00  1.48303E-07  2.24557E-06
  2.34130E-01  3.22310E+00  1.43945E-07  2.21858E-06
  2.35669E-01  3.16554E+00  1.39683E-07  2.19143E-06
  2.37221E-01  3.10843E+00  1.35512E-07  2.16465E-06
  2.38787E-01  3.05196E+00  1.31433E-07  2.13766E-06
  2.40366E-01  2.99608E+00  1.27446E-07  2.11102E-06
  2.41958E-01  2.94071E+00  1.23545E-07  2.08431E-06
  2.43564E-01  2.88595E+00  1.19735E-07  2.05751E-06
  2.45185E-01  2.83175E+00  1.16010E-07  2.03203E-06
  2.46820E-01  2.77807E+00  1.12368E-07  1.99819E-06
  2.48470E-01  2.72543E+00  1.08830E-07  1.97800E-06
  2.50135E-01  2.67248E+00  1.05340E-07  1.95954E-06
  2.51815E-01  2.62045E+00  1.01945E-07  1.92517E-06
  2.53511E-01  2.56907E+00  9.86348E-08  1.90010E-06
  2.55223E-01  2.51815E+00  9.53993E-08  1.87435E-06
  2.56952E-01  2.46788E+00  9.22450E-08  1.84854E-06
  2.58697E-01  2.41806E+00  8.91630E-08  1.82292E-06
  2.60460E-01  2.36888E+00  8.61600E-08  1.79707E-06
  2.62240E-01  2.32017E+00  8.32282E-08  1.77155E-06
  2.64038E-01  2.27207E+00  8.03721E-08  1.74594E-06
  2.65854E-01  2.22448E+00  7.75860E-08  1.72112E-06
  2.67689E-01  2.17739E+00  7.48688E-08  1.69581E-06
  2.69543E-01  2.13092E+00  7.22236E-08  1.67033E-06
  2.71417E-01  2.08494E+00  6.96458E-08  1.64561E-06
  2.73311E-01  2.03947E+00  6.71334E-08  1.62088E-06
  2.75226E-01  1.99461E+00  6.46886E-08  1.59582E-06
  2.77161E-01  1.95024E+00  6.23085E-08  1.57116E-06
  2.79119E-01  1.90636E+00  5.99907E-08  1.54665E-06
  2.81098E-01  1.86308E+00  5.77370E-08  1.52221E-06
  2.83101E-01  1.82029E+00  5.55435E-08  1.49792E-06
  2.85126E-01  1.77803E+00  5.34110E-08  1.47342E-06
  2.87176E-01  1.73629E+00  5.13380E-08  1.44931E-06
  2.89250E-01  1.69507E+00  4.93227E-08  1.42541E-06
  2.91350E-01  1.65437E+00  4.73647E-08  1.40156E-06
  2.93476E-01  1.61418E+00  4.54622E-08  1.37773E-06
  2.95628E-01  1.57451E+00  4.36154E-08  1.35391E-06
  2.97808E-01  1.53535E+00  4.18225E-08  1.33026E-06
  3.00016E-01  1.49670E+00  4.00829E-08  1.30678E-06
  3.02254E-01  1.45856E+00  3.83951E-08  1.28354E-06
  3.04521E-01  1.42093E+00  3.67581E-08  1.26019E-06
  3.06820E-01  1.38381E+00  3.51719E-08  1.23708E-06
  3.09150E-01  1.34717E+00  3.36334E-08  1.21415E-06
  3.11514E-01  1.31104E+00  3.21436E-08  1.19105E-06
  3.13911E-01  1.27543E+00  3.07015E-08  1.16833E-06
  3.16343E-01  1.24029E+00  2.93045E-08  1.14563E-06
  3.18812E-01  1.20567E+00  2.79540E-08  1.12292E-06
  3.21319E-01  1.17150E+00  2.66465E-08  1.10058E-06
  3.23864E-01  1.13783E+00  2.53825E-08  1.07822E-06
  3.26449E-01  1.10467E+00  2.41616E-08  1.05582E-06
  3.29077E-01  1.07200E+00  2.29827E-08  1.03369E-06
  3.31747E-01  1.03981E+00  2.18442E-08  1.01175E-06
  3.34462E-01  1.00811E+00  2.07454E-08  9.89822E-07
  3.37224E-01  9.76892E-01  1.96857E-08  9.67996E-07
  3.40034E-01  9.46152E-01  1.86642E-08  9.46295E-07
  3.42894E-01  9.15892E-01  1.76800E-08  9.24696E-07
  3.45806E-01  8.86108E-01  1.67323E-08  9.03268E-07
  3.48773E-01  8.56801E-01  1.58200E-08  8.81892E-07
  3.51797E-01  8.27967E-01  1.49428E-08  8.60673E-07
  3.54880E-01  7.99606E-01  1.40993E-08  8.39531E-07
  3.58024E-01  7.71717E-01  1.32895E-08  8.18448E-07
  3.61233E-01  7.44296E-01  1.25118E-08  7.97631E-07
  3.64510E-01  7.17345E-01  1.17657E-08  7.76829E-07
  3.67857E-01  6.90860E-01  1.10507E-08  7.56098E-07
  3.71279E-01  6.64841E-01  1.03659E-08  7.35546E-07
  3.74778E-01  6.39286E-01  9.71032E-09  7.15113E-07
  3.78360E-01  6.14195E-01  9.08347E-09  6.94764E-07
  3.82027E-01  5.89566E-01  8.48455E-09  6.74539E-07
  3.85785E-01  5.65399E-01  7.91285E-09  6.54452E-07
  3.89639E-01  5.41692E-01  7.36758E-09  6.34432E-07
  3.93593E-01  5.18445E-01  6.84828E-09  6.14547E-07
  3.97655E-01  4.95658E-01  6.35395E-09  5.94807E-07
  4.01830E-01  4.73328E-01  5.88408E-09  5.75148E-07
  4.06126E-01  4.51457E-01  5.43798E-09  5.55630E-07
  4.10549E-01  4.30044E-01  5.01490E-09  5.36223E-07
  4.15110E-01  4.09088E-01  4.61428E-09  5.16934E-07
  4.19815E-01  3.88590E-01  4.23540E-09  4.97765E-07
  4.24677E-01  3.68550E-01  3.87766E-09  4.78726E-07
  4.29706E-01  3.48968E-01  3.54038E-09  4.59814E-07
  4.34914E-01  3.29845E-01  3.22297E-09  4.41011E-07
  4.40316E-01  3.11181E-01  2.92481E-09  4.22349E-07
  4.45928E-01  2.92977E-01  2.64524E-09  4.03831E-07
  4.51766E-01  2.75235E-01  2.38366E-09  3.85426E-07
  4.57852E-01  2.57955E-01  2.13952E-09  3.67158E-07
  4.64207E-01  2.41141E-01  1.91218E-09  3.49048E-07
  4.70856E-01  2.24794E-01  1.70104E-09  3.31071E-07
  4.77831E-01  2.08916E-01  1.50554E-09  3.13237E-07
  4.85164E-01  1.93511E-01  1.32510E-09  2.95561E-07
  4.92894E-01  1.78581E-01  1.15914E-09  2.78045E-07
  5.01069E-01  1.64132E-01  1.00708E-09  2.60694E-07
  5.09742E-01  1.50167E-01  8.68359E-10  2.43517E-07
  5.18979E-01  1.36693E-01  7.42421E-10  2.26520E-07
  5.28857E-01  1.23715E-01  6.28698E-10  2.09713E-07
  5.39472E-01  1.11240E-01  5.26634E-10  1.93107E-07
  5.50939E-01  9.92771E-02  4.35668E-10  1.76716E-07
  5.63404E-01  8.78358E-02  3.55244E-10  1.60554E-07
  5.77054E-01  7.69275E-02  2.84803E-10  1.44640E-07
  5.92128E-01  6.65656E-02  2.23781E-10  1.28992E-07
  6.08944E-01  5.67661E-02  1.71615E-10  1.13635E-07
  6.27936E-01  4.75482E-02  1.27731E-10  9.86008E-08
  6.49716E-01  3.89352E-02  9.15475E-11  8.39254E-08
  6.75184E-01  3.09564E-02  6.24681E-11  6.96561E-08
  7.05734E-01  2.36488E-02  3.98800E-11  5.58602E-08
  7.43699E-01  1.70612E-02  2.31431E-11  4.26477E-08
  7.93395E-01  1.12613E-02  1.15804E-11  3.04755E-08
  8.64237E-01  6.35029E-03  4.45721E-12  1.86324E-08
  9.84118E-01  2.50095E-03  9.43220E-13  3.95167E-09
  1.39572E+00  1.35816E-04  7.34687E-15  1.99301E-09
