 -2.86968E-10  2.47980E-05  9.14058E+00  1.51719E+00
  9.05521E-02  1.68559E-04  9.14051E+00  3.28256E+00
  1.04433E-01  2.63230E-04  9.14043E+00  3.76703E+00
  1.19436E-01  4.26811E-04  9.14031E+00  4.22999E+00
  1.32391E-01  6.23988E-04  9.14016E+00  4.63152E+00
  1.43877E-01  8.56215E-04  9.14003E+00  4.98622E+00
  1.54220E-01  1.13283E-03  9.14001E+00  5.30283E+00
  1.63578E-01  1.45480E-03  9.14002E+00  5.58660E+00
  1.72105E-01  1.80184E-03  9.14016E+00  5.84460E+00
  1.80021E-01  2.18184E-03  9.14036E+00  6.08238E+00
  1.87431E-01  2.59119E-03  9.14093E+00  6.30381E+00
  1.94420E-01  3.03493E-03  9.14200E+00  6.51422E+00
  2.01041E-01  3.51397E-03  9.14316E+00  6.71586E+00
  2.07332E-01  4.02195E-03  9.14436E+00  6.91067E+00
  2.13339E-01  4.55291E-03  9.14520E+00  7.10104E+00
  2.19102E-01  5.10236E-03  9.14545E+00  7.28779E+00
  2.24658E-01  5.67775E-03  9.14519E+00  7.46954E+00
  2.30026E-01  6.27602E-03  9.14449E+00  7.64743E+00
  2.35225E-01  6.90825E-03  9.14338E+00  7.82044E+00
  2.40262E-01  7.58252E-03  9.14224E+00  7.98788E+00
  2.45141E-01  8.29347E-03  9.14131E+00  8.14925E+00
  2.49869E-01  9.02044E-03  9.14070E+00  8.30430E+00
  2.54464E-01  9.78008E-03  9.14067E+00  8.45446E+00
  2.58933E-01  1.05631E-02  9.14064E+00  8.60075E+00
  2.63286E-01  1.13581E-02  9.14100E+00  8.74300E+00
  2.67537E-01  1.21801E-02  9.14108E+00  8.88153E+00
  2.71692E-01  1.30056E-02  9.14080E+00  9.01717E+00
  2.75761E-01  1.38755E-02  9.13992E+00  9.14947E+00
  2.79744E-01  1.47512E-02  9.13821E+00  9.27849E+00
  2.83650E-01  1.56782E-02  9.13606E+00  9.40439E+00
  2.87477E-01  1.66089E-02  9.13429E+00  9.52722E+00
  2.91232E-01  1.75898E-02  9.13321E+00  9.64848E+00
  2.94914E-01  1.85729E-02  9.13297E+00  9.76923E+00
  2.98531E-01  1.95889E-02  9.13321E+00  9.88825E+00
  3.02084E-01  2.06077E-02  9.13451E+00  1.00058E+01
  3.05579E-01  2.16547E-02  9.13622E+00  1.01228E+01
  3.09018E-01  2.27280E-02  9.13776E+00  1.02379E+01
  3.12403E-01  2.38021E-02  9.13865E+00  1.03502E+01
  3.15738E-01  2.49196E-02  9.13880E+00  1.04596E+01
  3.19023E-01  2.60530E-02  9.13833E+00  1.05663E+01
  3.22260E-01  2.72109E-02  9.13628E+00  1.06690E+01
  3.25451E-01  2.83786E-02  9.13371E+00  1.07698E+01
  3.28599E-01  2.95651E-02  9.13083E+00  1.08704E+01
  3.31705E-01  3.07774E-02  9.12911E+00  1.09716E+01
  3.34770E-01  3.19937E-02  9.12755E+00  1.10733E+01
  3.37798E-01  3.32464E-02  9.12665E+00  1.11756E+01
  3.40787E-01  3.45010E-02  9.12629E+00  1.12778E+01
  3.43741E-01  3.57764E-02  9.12546E+00  1.13797E+01
  3.46661E-01  3.70823E-02  9.12465E+00  1.14803E+01
  3.49547E-01  3.84073E-02  9.12367E+00  1.15785E+01
  3.52399E-01  3.97588E-02  9.12271E+00  1.16735E+01
  3.55219E-01  4.10727E-02  9.12138E+00  1.17649E+01
  3.58011E-01  4.24470E-02  9.12058E+00  1.18533E+01
  3.60773E-01  4.38415E-02  9.11891E+00  1.19381E+01
  3.63506E-01  4.52071E-02  9.11857E+00  1.20232E+01
  3.66213E-01  4.66530E-02  9.11951E+00  1.21068E+01
  3.68892E-01  4.80551E-02  9.11946E+00  1.21932E+01
  3.71546E-01  4.95448E-02  9.11907E+00  1.22808E+01
  3.74173E-01  5.09607E-02  9.11812E+00  1.23704E+01
  3.76777E-01  5.24437E-02  9.11720E+00  1.24604E+01
  3.79357E-01  5.39489E-02  9.11526E+00  1.25509E+01
  3.81913E-01  5.54200E-02  9.11342E+00  1.26389E+01
  3.84448E-01  5.69515E-02  9.11184E+00  1.27259E+01
  3.86961E-01  5.84979E-02  9.11087E+00  1.28116E+01
  3.89451E-01  6.00371E-02  9.11074E+00  1.28943E+01
  3.91921E-01  6.15689E-02  9.11029E+00  1.29750E+01
  3.94372E-01  6.31313E-02  9.10873E+00  1.30541E+01
  3.96804E-01  6.47051E-02  9.10674E+00  1.31323E+01
  3.99216E-01  6.63086E-02  9.10377E+00  1.32102E+01
  4.01610E-01  6.78694E-02  9.10102E+00  1.32882E+01
  4.03986E-01  6.94766E-02  9.09877E+00  1.33665E+01
  4.06346E-01  7.10721E-02  9.09763E+00  1.34454E+01
  4.08689E-01  7.27145E-02  9.09682E+00  1.35237E+01
  4.11015E-01  7.43549E-02  9.09644E+00  1.36007E+01
  4.13324E-01  7.60253E-02  9.09598E+00  1.36773E+01
  4.15617E-01  7.77034E-02  9.09550E+00  1.37539E+01
  4.17894E-01  7.93560E-02  9.09364E+00  1.38302E+01
  4.20156E-01  8.09919E-02  9.09080E+00  1.39069E+01
  4.22405E-01  8.26503E-02  9.08658E+00  1.39841E+01
  4.24640E-01  8.43814E-02  9.08222E+00  1.40612E+01
  4.26860E-01  8.60230E-02  9.07822E+00  1.41371E+01
  4.29067E-01  8.76822E-02  9.07629E+00  1.42116E+01
  4.31263E-01  8.94677E-02  9.07581E+00  1.42840E+01
  4.33443E-01  9.11338E-02  9.07615E+00  1.43562E+01
  4.35612E-01  9.28816E-02  9.07720E+00  1.44274E+01
  4.37768E-01  9.46407E-02  9.07784E+00  1.44984E+01
  4.39911E-01  9.63569E-02  9.07712E+00  1.45691E+01
  4.42042E-01  9.81270E-02  9.07463E+00  1.46413E+01
  4.44161E-01  9.98687E-02  9.07050E+00  1.47132E+01
  4.46269E-01  1.01546E-01  9.06543E+00  1.47854E+01
  4.48367E-01  1.03351E-01  9.06080E+00  1.48568E+01
  4.50454E-01  1.04991E-01  9.05746E+00  1.49274E+01
  4.52532E-01  1.06808E-01  9.05677E+00  1.49974E+01
  4.54598E-01  1.08618E-01  9.05688E+00  1.50675E+01
  4.56654E-01  1.10327E-01  9.05628E+00  1.51375E+01
  4.58700E-01  1.12146E-01  9.05469E+00  1.52081E+01
  4.60736E-01  1.13920E-01  9.05248E+00  1.52784E+01
  4.62763E-01  1.15706E-01  9.04969E+00  1.53483E+01
  4.64780E-01  1.17496E-01  9.04689E+00  1.54181E+01
  4.66787E-01  1.19189E-01  9.04379E+00  1.54875E+01
  4.68787E-01  1.20999E-01  9.03947E+00  1.55555E+01
  4.70778E-01  1.22724E-01  9.03315E+00  1.56215E+01
  4.72761E-01  1.24466E-01  9.02642E+00  1.56863E+01
  4.74736E-01  1.26241E-01  9.01994E+00  1.57517E+01
  4.76704E-01  1.27983E-01  9.01707E+00  1.58177E+01
  4.78663E-01  1.29765E-01  9.01740E+00  1.58855E+01
  4.80615E-01  1.31651E-01  9.01930E+00  1.59531E+01
  4.82557E-01  1.33440E-01  9.02244E+00  1.60215E+01
  4.84492E-01  1.35272E-01  9.02316E+00  1.60887E+01
  4.86419E-01  1.37024E-01  9.02106E+00  1.61563E+01
  4.88338E-01  1.38768E-01  9.01548E+00  1.62218E+01
  4.90251E-01  1.40472E-01  9.00634E+00  1.62863E+01
  4.92158E-01  1.42229E-01  8.99881E+00  1.63514E+01
  4.94059E-01  1.43874E-01  8.99366E+00  1.64173E+01
  4.95954E-01  1.45764E-01  8.99079E+00  1.64838E+01
  4.97841E-01  1.47502E-01  8.98924E+00  1.65502E+01
  4.99722E-01  1.49195E-01  8.98893E+00  1.66155E+01
  5.01597E-01  1.51041E-01  8.98711E+00  1.66795E+01
  5.03465E-01  1.52753E-01  8.98524E+00  1.67422E+01
  5.05328E-01  1.54449E-01  8.98203E+00  1.68060E+01
  5.07185E-01  1.56236E-01  8.97795E+00  1.68707E+01
  5.09036E-01  1.58013E-01  8.97380E+00  1.69351E+01
  5.10880E-01  1.59578E-01  8.96950E+00  1.70008E+01
  5.12721E-01  1.61429E-01  8.96458E+00  1.70664E+01
  5.14556E-01  1.62983E-01  8.95883E+00  1.71310E+01
  5.16386E-01  1.64747E-01  8.95408E+00  1.71956E+01
  5.18211E-01  1.66460E-01  8.95034E+00  1.72599E+01
  5.20031E-01  1.68033E-01  8.94648E+00  1.73238E+01
  5.21847E-01  1.69776E-01  8.94268E+00  1.73873E+01
  5.23657E-01  1.71438E-01  8.93865E+00  1.74501E+01
  5.25463E-01  1.73220E-01  8.93360E+00  1.75124E+01
  5.27264E-01  1.74707E-01  8.93004E+00  1.75754E+01
  5.29061E-01  1.76424E-01  8.92690E+00  1.76397E+01
  5.30853E-01  1.78111E-01  8.92382E+00  1.77041E+01
  5.32641E-01  1.79716E-01  8.92059E+00  1.77679E+01
  5.34425E-01  1.81373E-01  8.91660E+00  1.78302E+01
  5.36204E-01  1.83003E-01  8.91250E+00  1.78918E+01
  5.37979E-01  1.84534E-01  8.90717E+00  1.79528E+01
  5.39751E-01  1.86143E-01  8.90308E+00  1.80154E+01
  5.41519E-01  1.87694E-01  8.89887E+00  1.80792E+01
  5.43283E-01  1.89365E-01  8.89495E+00  1.81441E+01
  5.45043E-01  1.90780E-01  8.89123E+00  1.82094E+01
  5.46801E-01  1.92372E-01  8.88363E+00  1.82735E+01
  5.48555E-01  1.93819E-01  8.87428E+00  1.83360E+01
  5.50306E-01  1.95324E-01  8.86689E+00  1.83980E+01
  5.52054E-01  1.96789E-01  8.86177E+00  1.84581E+01
  5.53799E-01  1.98413E-01  8.86010E+00  1.85196E+01
  5.55540E-01  2.00011E-01  8.85942E+00  1.85820E+01
  5.57278E-01  2.01485E-01  8.85704E+00  1.86454E+01
  5.59012E-01  2.02847E-01  8.85333E+00  1.87085E+01
  5.60744E-01  2.04413E-01  8.84547E+00  1.87721E+01
  5.62472E-01  2.05669E-01  8.83479E+00  1.88353E+01
  5.64200E-01  2.07076E-01  8.82472E+00  1.88984E+01
  5.65924E-01  2.08373E-01  8.81728E+00  1.89610E+01
  5.67647E-01  2.09881E-01  8.81439E+00  1.90230E+01
  5.69367E-01  2.11227E-01  8.81413E+00  1.90851E+01
  5.71084E-01  2.12728E-01  8.81169E+00  1.91475E+01
  5.72798E-01  2.14026E-01  8.80745E+00  1.92111E+01
  5.74510E-01  2.15359E-01  8.80066E+00  1.92745E+01
  5.76220E-01  2.16787E-01  8.79152E+00  1.93378E+01
  5.77927E-01  2.17833E-01  8.78080E+00  1.94006E+01
  5.79634E-01  2.19097E-01  8.77289E+00  1.94623E+01
  5.81339E-01  2.20519E-01  8.76743E+00  1.95235E+01
  5.83041E-01  2.21573E-01  8.76336E+00  1.95852E+01
  5.84742E-01  2.23014E-01  8.76019E+00  1.96469E+01
  5.86441E-01  2.24128E-01  8.75649E+00  1.97095E+01
  5.88138E-01  2.25551E-01  8.75258E+00  1.97737E+01
  5.89832E-01  2.26552E-01  8.74635E+00  1.98383E+01
  5.91526E-01  2.27930E-01  8.73728E+00  1.99032E+01
  5.93217E-01  2.28851E-01  8.72777E+00  1.99672E+01
  5.94908E-01  2.30024E-01  8.71857E+00  2.00301E+01
  5.96598E-01  2.31135E-01  8.70990E+00  2.00929E+01
  5.98286E-01  2.32228E-01  8.70217E+00  2.01547E+01
  5.99973E-01  2.33246E-01  8.69761E+00  2.02163E+01
  6.01660E-01  2.34303E-01  8.69170E+00  2.02781E+01
  6.03345E-01  2.35681E-01  8.68606E+00  2.03400E+01
  6.05027E-01  2.36343E-01  8.68127E+00  2.04029E+01
  6.06710E-01  2.37392E-01  8.67510E+00  2.04670E+01
  6.08393E-01  2.38501E-01  8.66743E+00  2.05317E+01
  6.10073E-01  2.39606E-01  8.65878E+00  2.05960E+01
  6.11752E-01  2.40277E-01  8.64916E+00  2.06608E+01
  6.13432E-01  2.41145E-01  8.64097E+00  2.07253E+01
  6.15112E-01  2.42148E-01  8.63331E+00  2.07887E+01
  6.16790E-01  2.43104E-01  8.62582E+00  2.08529E+01
  6.18468E-01  2.44220E-01  8.61719E+00  2.09168E+01
  6.20143E-01  2.44590E-01  8.60736E+00  2.09813E+01
  6.21821E-01  2.45495E-01  8.59788E+00  2.10458E+01
  6.23499E-01  2.46474E-01  8.59086E+00  2.11096E+01
  6.25175E-01  2.47072E-01  8.58327E+00  2.11731E+01
  6.26852E-01  2.47973E-01  8.57795E+00  2.12365E+01
  6.28528E-01  2.48883E-01  8.57199E+00  2.13001E+01
  6.30202E-01  2.49625E-01  8.56471E+00  2.13647E+01
  6.31877E-01  2.50214E-01  8.55474E+00  2.14296E+01
  6.33552E-01  2.50877E-01  8.54411E+00  2.14953E+01
  6.35228E-01  2.51313E-01  8.53171E+00  2.15614E+01
  6.36905E-01  2.52178E-01  8.52323E+00  2.16268E+01
  6.38581E-01  2.52814E-01  8.51460E+00  2.16920E+01
  6.40257E-01  2.53497E-01  8.50689E+00  2.17575E+01
  6.41932E-01  2.53946E-01  8.49992E+00  2.18232E+01
  6.43610E-01  2.54496E-01  8.49354E+00  2.18883E+01
  6.45287E-01  2.55092E-01  8.48349E+00  2.19538E+01
  6.46965E-01  2.55671E-01  8.47382E+00  2.20203E+01
  6.48642E-01  2.56124E-01  8.46277E+00  2.20866E+01
  6.50321E-01  2.56704E-01  8.45130E+00  2.21517E+01
  6.51999E-01  2.56609E-01  8.43949E+00  2.22169E+01
  6.53682E-01  2.57415E-01  8.42904E+00  2.22825E+01
  6.55363E-01  2.57977E-01  8.41702E+00  2.23490E+01
  6.57044E-01  2.57815E-01  8.40789E+00  2.24167E+01
  6.58729E-01  2.58510E-01  8.40149E+00  2.24848E+01
  6.60413E-01  2.59180E-01  8.39426E+00  2.25530E+01
  6.62096E-01  2.59005E-01  8.38414E+00  2.26207E+01
  6.63784E-01  2.59560E-01  8.37194E+00  2.26868E+01
  6.65470E-01  2.59877E-01  8.35927E+00  2.27539E+01
  6.67158E-01  2.59840E-01  8.34688E+00  2.28211E+01
  6.68849E-01  2.60386E-01  8.33729E+00  2.28889E+01
  6.70539E-01  2.60190E-01  8.32925E+00  2.29567E+01
  6.72233E-01  2.60913E-01  8.31866E+00  2.30245E+01
  6.73925E-01  2.60473E-01  8.30584E+00  2.30938E+01
  6.75622E-01  2.61155E-01  8.29236E+00  2.31632E+01
  6.77317E-01  2.60625E-01  8.28012E+00  2.32324E+01
  6.79018E-01  2.61124E-01  8.26994E+00  2.33017E+01
  6.80719E-01  2.60902E-01  8.25801E+00  2.33717E+01
  6.82422E-01  2.61072E-01  8.24679E+00  2.34404E+01
  6.84127E-01  2.61360E-01  8.23529E+00  2.35092E+01
  6.85832E-01  2.60847E-01  8.22230E+00  2.35791E+01
  6.87543E-01  2.61219E-01  8.20982E+00  2.36494E+01
  6.89252E-01  2.61100E-01  8.19744E+00  2.37195E+01
  6.90965E-01  2.60746E-01  8.18588E+00  2.37892E+01
  6.92681E-01  2.60723E-01  8.17446E+00  2.38593E+01
  6.94400E-01  2.61128E-01  8.16179E+00  2.39305E+01
  6.96117E-01  2.60434E-01  8.14799E+00  2.40021E+01
  6.97840E-01  2.60320E-01  8.13671E+00  2.40738E+01
  6.99565E-01  2.60091E-01  8.12459E+00  2.41455E+01
  7.01293E-01  2.59980E-01  8.11075E+00  2.42172E+01
  7.03023E-01  2.60184E-01  8.09722E+00  2.42895E+01
  7.04753E-01  2.59384E-01  8.08326E+00  2.43625E+01
  7.06489E-01  2.58907E-01  8.06920E+00  2.44354E+01
  7.08230E-01  2.58892E-01  8.05479E+00  2.45084E+01
  7.09971E-01  2.58383E-01  8.04043E+00  2.45816E+01
  7.11717E-01  2.58170E-01  8.02561E+00  2.46546E+01
  7.13465E-01  2.57773E-01  8.01206E+00  2.47285E+01
  7.15216E-01  2.57177E-01  7.99795E+00  2.48026E+01
  7.16972E-01  2.56979E-01  7.98320E+00  2.48771E+01
  7.18729E-01  2.56396E-01  7.97058E+00  2.49518E+01
  7.20492E-01  2.56071E-01  7.95634E+00  2.50270E+01
  7.22256E-01  2.55439E-01  7.94016E+00  2.51015E+01
  7.24025E-01  2.54972E-01  7.92637E+00  2.51761E+01
  7.25798E-01  2.54445E-01  7.90939E+00  2.52518E+01
  7.27574E-01  2.53960E-01  7.89278E+00  2.53282E+01
  7.29354E-01  2.53345E-01  7.87777E+00  2.54048E+01
  7.31138E-01  2.52295E-01  7.86379E+00  2.54817E+01
  7.32929E-01  2.51938E-01  7.84788E+00  2.55593E+01
  7.34722E-01  2.51236E-01  7.83253E+00  2.56369E+01
  7.36520E-01  2.50973E-01  7.81524E+00  2.57139E+01
  7.38320E-01  2.49915E-01  7.79812E+00  2.57919E+01
  7.40126E-01  2.48854E-01  7.78123E+00  2.58712E+01
  7.41940E-01  2.48371E-01  7.76509E+00  2.59503E+01
  7.43756E-01  2.47929E-01  7.74806E+00  2.60291E+01
  7.45575E-01  2.46504E-01  7.73329E+00  2.61081E+01
  7.47404E-01  2.45957E-01  7.71573E+00  2.61885E+01
  7.49235E-01  2.45497E-01  7.69899E+00  2.62685E+01
  7.51069E-01  2.44258E-01  7.68150E+00  2.63483E+01
  7.52911E-01  2.43272E-01  7.66256E+00  2.64294E+01
  7.54760E-01  2.42433E-01  7.64440E+00  2.65116E+01
  7.56613E-01  2.41603E-01  7.62640E+00  2.65941E+01
  7.58472E-01  2.40418E-01  7.60794E+00  2.66769E+01
  7.60338E-01  2.39744E-01  7.58914E+00  2.67598E+01
  7.62207E-01  2.38448E-01  7.57147E+00  2.68426E+01
  7.64085E-01  2.37921E-01  7.55367E+00  2.69261E+01
  7.65966E-01  2.36230E-01  7.53494E+00  2.70104E+01
  7.67858E-01  2.35669E-01  7.51600E+00  2.70950E+01
  7.69752E-01  2.34182E-01  7.49480E+00  2.71802E+01
  7.71657E-01  2.33091E-01  7.47419E+00  2.72650E+01
  7.73568E-01  2.32298E-01  7.45650E+00  2.73505E+01
  7.75483E-01  2.30927E-01  7.43791E+00  2.74366E+01
  7.77408E-01  2.29622E-01  7.41891E+00  2.75233E+01
  7.79341E-01  2.28730E-01  7.39876E+00  2.76108E+01
  7.81279E-01  2.27699E-01  7.37866E+00  2.77002E+01
  7.83223E-01  2.26272E-01  7.35870E+00  2.77889E+01
  7.85176E-01  2.24809E-01  7.33764E+00  2.78777E+01
  7.87139E-01  2.23307E-01  7.31364E+00  2.79680E+01
  7.89113E-01  2.22335E-01  7.29069E+00  2.80586E+01
  7.91092E-01  2.20832E-01  7.26876E+00  2.81501E+01
  7.93081E-01  2.19678E-01  7.24815E+00  2.82417E+01
  7.95078E-01  2.18347E-01  7.22715E+00  2.83329E+01
  7.97083E-01  2.16792E-01  7.20651E+00  2.84242E+01
  7.99099E-01  2.15529E-01  7.18577E+00  2.85167E+01
  8.01123E-01  2.14190E-01  7.16437E+00  2.86095E+01
  8.03156E-01  2.12713E-01  7.14117E+00  2.87042E+01
  8.05200E-01  2.11482E-01  7.11729E+00  2.88000E+01
  8.07251E-01  2.09619E-01  7.09376E+00  2.88959E+01
  8.09317E-01  2.07956E-01  7.07023E+00  2.89931E+01
  8.11395E-01  2.06609E-01  7.04541E+00  2.90917E+01
  8.13482E-01  2.05414E-01  7.02099E+00  2.91897E+01
  8.15576E-01  2.03451E-01  6.99670E+00  2.92886E+01
  8.17687E-01  2.01864E-01  6.97350E+00  2.93885E+01
  8.19809E-01  2.00636E-01  6.94886E+00  2.94883E+01
  8.21939E-01  1.98525E-01  6.92465E+00  2.95894E+01
  8.24087E-01  1.97377E-01  6.89988E+00  2.96901E+01
  8.26243E-01  1.95302E-01  6.87552E+00  2.97924E+01
  8.28416E-01  1.94124E-01  6.85049E+00  2.98954E+01
  8.30597E-01  1.92011E-01  6.82507E+00  2.99996E+01
  8.32796E-01  1.90642E-01  6.79932E+00  3.01060E+01
  8.35006E-01  1.88809E-01  6.77281E+00  3.02127E+01
  8.37231E-01  1.86824E-01  6.74605E+00  3.03204E+01
  8.39474E-01  1.85245E-01  6.71934E+00  3.04286E+01
  8.41730E-01  1.83610E-01  6.69275E+00  3.05374E+01
  8.44000E-01  1.81954E-01  6.66511E+00  3.06469E+01
  8.46284E-01  1.79828E-01  6.63676E+00  3.07581E+01
  8.48589E-01  1.77975E-01  6.60775E+00  3.08703E+01
  8.50911E-01  1.76226E-01  6.58009E+00  3.09835E+01
  8.53249E-01  1.74402E-01  6.55242E+00  3.10982E+01
  8.55605E-01  1.72461E-01  6.52454E+00  3.12137E+01
  8.57980E-01  1.70641E-01  6.49707E+00  3.13303E+01
  8.60373E-01  1.68489E-01  6.46764E+00  3.14481E+01
  8.62790E-01  1.66915E-01  6.43820E+00  3.15674E+01
  8.65221E-01  1.65011E-01  6.40786E+00  3.16879E+01
  8.67672E-01  1.62672E-01  6.37751E+00  3.18097E+01
  8.70151E-01  1.61204E-01  6.34774E+00  3.19321E+01
  8.72644E-01  1.58732E-01  6.31722E+00  3.20568E+01
  8.75167E-01  1.57213E-01  6.28606E+00  3.21837E+01
  8.77706E-01  1.54891E-01  6.25293E+00  3.23126E+01
  8.80275E-01  1.52772E-01  6.22144E+00  3.24422E+01
  8.82869E-01  1.51037E-01  6.19087E+00  3.25722E+01
  8.85485E-01  1.48892E-01  6.16085E+00  3.27017E+01
  8.88129E-01  1.46906E-01  6.12993E+00  3.28339E+01
  8.90799E-01  1.44666E-01  6.09616E+00  3.29705E+01
  8.93500E-01  1.42524E-01  6.06097E+00  3.31110E+01
  8.96232E-01  1.40388E-01  6.02407E+00  3.32535E+01
  8.98995E-01  1.38398E-01  5.98932E+00  3.33949E+01
  9.01787E-01  1.36273E-01  5.95805E+00  3.35356E+01
  9.04611E-01  1.34109E-01  5.92784E+00  3.36773E+01
  9.07471E-01  1.32103E-01  5.89539E+00  3.38223E+01
  9.10362E-01  1.29792E-01  5.85842E+00  3.39730E+01
  9.13293E-01  1.27550E-01  5.81806E+00  3.41286E+01
  9.16264E-01  1.25272E-01  5.77665E+00  3.42883E+01
  9.19276E-01  1.23100E-01  5.73849E+00  3.44487E+01
  9.22329E-01  1.20960E-01  5.70390E+00  3.46060E+01
  9.25424E-01  1.18827E-01  5.67167E+00  3.47631E+01
  9.28560E-01  1.16406E-01  5.63883E+00  3.49233E+01
  9.31749E-01  1.14398E-01  5.60242E+00  3.50900E+01
  9.34980E-01  1.11947E-01  5.56039E+00  3.52646E+01
  9.38267E-01  1.09611E-01  5.51505E+00  3.54453E+01
  9.41610E-01  1.07342E-01  5.47099E+00  3.56279E+01
  9.45009E-01  1.05013E-01  5.43084E+00  3.58107E+01
  9.48468E-01  1.02807E-01  5.39291E+00  3.59936E+01
  9.51986E-01  1.00340E-01  5.35462E+00  3.61797E+01
  9.55574E-01  9.82166E-02  5.31403E+00  3.63711E+01
  9.59224E-01  9.58011E-02  5.27247E+00  3.65684E+01
  9.62949E-01  9.34251E-02  5.22904E+00  3.67713E+01
  9.66751E-01  9.10180E-02  5.18635E+00  3.69790E+01
  9.70636E-01  8.87550E-02  5.14129E+00  3.71922E+01
  9.74602E-01  8.62722E-02  5.09565E+00  3.74126E+01
  9.78664E-01  8.38852E-02  5.04695E+00  3.76413E+01
  9.82822E-01  8.14228E-02  4.99485E+00  3.78799E+01
  9.87086E-01  7.89766E-02  4.94258E+00  3.81220E+01
  9.91462E-01  7.65154E-02  4.89518E+00  3.83649E+01
  9.95958E-01  7.42339E-02  4.85733E+00  3.86035E+01
  1.00057E+00  7.19009E-02  4.82543E+00  3.88421E+01
  1.00531E+00  6.95956E-02  4.78870E+00  3.90923E+01
  1.01019E+00  6.71248E-02  4.73521E+00  3.93752E+01
  1.01522E+00  6.44096E-02  4.65742E+00  3.96960E+01
  1.02044E+00  6.16616E-02  4.57005E+00  4.00482E+01
  1.02587E+00  5.89797E-02  4.49035E+00  4.03948E+01
  1.03152E+00  5.66613E-02  4.45597E+00  4.06977E+01
  1.03738E+00  5.45446E-02  4.45120E+00  4.09530E+01
  1.04344E+00  5.23545E-02  4.44115E+00  4.12308E+01
  1.04973E+00  4.99719E-02  4.40481E+00  4.15696E+01
  1.05629E+00  4.72730E-02  4.32149E+00  4.19884E+01
  1.06320E+00  4.44178E-02  4.21228E+00  4.24947E+01
  1.07054E+00  4.14063E-02  4.07734E+00  4.30513E+01
  1.07837E+00  3.87292E-02  3.98684E+00  4.36064E+01
  1.08673E+00  3.63749E-02  3.95694E+00  4.40002E+01
  1.09560E+00  3.41856E-02  3.96124E+00  4.44124E+01
  1.10502E+00  3.19385E-02  3.96434E+00  4.48233E+01
  1.11509E+00  2.95873E-02  3.95641E+00  4.53035E+01
  1.12596E+00  2.71119E-02  3.92853E+00  4.58456E+01
  1.13783E+00  2.43862E-02  3.84932E+00  4.66022E+01
  1.15106E+00  2.14802E-02  3.71805E+00  4.75916E+01
  1.16615E+00  1.83382E-02  3.50571E+00  4.88979E+01
  1.18396E+00  1.53392E-02  3.32078E+00  5.04426E+01
  1.20550E+00  1.26685E-02  3.24630E+00  5.17795E+01
  1.23212E+00  1.01198E-02  3.30427E+00  5.28483E+01
  1.26683E+00  7.91842E-03  3.67747E+00  5.42465E+01
  1.31612E+00  2.78663E-03  1.37237E+00  3.93386E+01
  1.56927E+00  1.83980E-04  4.64065E-02  1.65240E+01
