 -2.14176E-09  1.16639E-07  1.19769E-03  1.52899E+00
  5.40452E-01  7.92828E-07  1.19766E-03  3.31080E+00
  6.23300E-01  1.23807E-06  1.19766E-03  3.80059E+00
  7.12844E-01  2.00738E-06  1.19757E-03  4.27488E+00
  7.90169E-01  2.93457E-06  1.19746E-03  4.68956E+00
  8.58729E-01  4.02648E-06  1.19731E-03  5.06039E+00
  9.20474E-01  5.32691E-06  1.19715E-03  5.39546E+00
  9.76335E-01  6.84036E-06  1.19701E-03  5.70016E+00
  1.02724E+00  8.47147E-06  1.19684E-03  5.98075E+00
  1.07450E+00  1.02572E-05  1.19671E-03  6.24287E+00
  1.11874E+00  1.21803E-05  1.19659E-03  6.48926E+00
  1.16048E+00  1.42645E-05  1.19653E-03  6.72204E+00
  1.20001E+00  1.65155E-05  1.19652E-03  6.94294E+00
  1.23758E+00  1.89007E-05  1.19652E-03  7.15278E+00
  1.27346E+00  2.13957E-05  1.19655E-03  7.35338E+00
  1.30788E+00  2.39777E-05  1.19661E-03  7.54609E+00
  1.34106E+00  2.66833E-05  1.19669E-03  7.73174E+00
  1.37311E+00  2.94969E-05  1.19676E-03  7.91094E+00
  1.40415E+00  3.24738E-05  1.19682E-03  8.08425E+00
  1.43423E+00  3.56419E-05  1.19679E-03  8.25194E+00
  1.46335E+00  3.89871E-05  1.19673E-03  8.41433E+00
  1.49158E+00  4.24035E-05  1.19658E-03  8.57183E+00
  1.51901E+00  4.59669E-05  1.19629E-03  8.72517E+00
  1.54569E+00  4.96373E-05  1.19592E-03  8.87469E+00
  1.57169E+00  5.33612E-05  1.19553E-03  9.02070E+00
  1.59708E+00  5.72085E-05  1.19505E-03  9.16352E+00
  1.62190E+00  6.10767E-05  1.19455E-03  9.30336E+00
  1.64622E+00  6.51486E-05  1.19408E-03  9.44071E+00
  1.67002E+00  6.92474E-05  1.19357E-03  9.57574E+00
  1.69337E+00  7.35963E-05  1.19316E-03  9.70832E+00
  1.71624E+00  7.79566E-05  1.19275E-03  9.83830E+00
  1.73869E+00  8.25584E-05  1.19244E-03  9.96579E+00
  1.76070E+00  8.71592E-05  1.19222E-03  1.00907E+01
  1.78232E+00  9.19115E-05  1.19203E-03  1.02131E+01
  1.80356E+00  9.66806E-05  1.19177E-03  1.03332E+01
  1.82446E+00  1.01567E-04  1.19151E-03  1.04510E+01
  1.84503E+00  1.06567E-04  1.19126E-03  1.05670E+01
  1.86528E+00  1.11597E-04  1.19090E-03  1.06809E+01
  1.88524E+00  1.16784E-04  1.19044E-03  1.07931E+01
  1.90490E+00  1.22086E-04  1.19005E-03  1.09036E+01
  1.92427E+00  1.27511E-04  1.18968E-03  1.10127E+01
  1.94337E+00  1.32959E-04  1.18918E-03  1.11202E+01
  1.96221E+00  1.38514E-04  1.18860E-03  1.12266E+01
  1.98080E+00  1.44158E-04  1.18796E-03  1.13319E+01
  1.99915E+00  1.49821E-04  1.18726E-03  1.14360E+01
  2.01728E+00  1.55640E-04  1.18657E-03  1.15387E+01
  2.03519E+00  1.61457E-04  1.18586E-03  1.16402E+01
  2.05289E+00  1.67377E-04  1.18503E-03  1.17407E+01
  2.07038E+00  1.73407E-04  1.18414E-03  1.18400E+01
  2.08768E+00  1.79547E-04  1.18322E-03  1.19383E+01
  2.10479E+00  1.85765E-04  1.18233E-03  1.20356E+01
  2.12171E+00  1.91829E-04  1.18135E-03  1.21316E+01
  2.13846E+00  1.98202E-04  1.18060E-03  1.22264E+01
  2.15504E+00  2.04640E-04  1.17978E-03  1.23203E+01
  2.17145E+00  2.10932E-04  1.17896E-03  1.24135E+01
  2.18771E+00  2.17585E-04  1.17821E-03  1.25058E+01
  2.20380E+00  2.24016E-04  1.17737E-03  1.25971E+01
  2.21975E+00  2.30879E-04  1.17657E-03  1.26879E+01
  2.23554E+00  2.37407E-04  1.17582E-03  1.27779E+01
  2.25120E+00  2.44241E-04  1.17501E-03  1.28670E+01
  2.26672E+00  2.51139E-04  1.17424E-03  1.29553E+01
  2.28210E+00  2.57946E-04  1.17333E-03  1.30425E+01
  2.29735E+00  2.64949E-04  1.17229E-03  1.31288E+01
  2.31248E+00  2.72042E-04  1.17141E-03  1.32142E+01
  2.32747E+00  2.79040E-04  1.17050E-03  1.32989E+01
  2.34235E+00  2.86006E-04  1.16936E-03  1.33829E+01
  2.35712E+00  2.93102E-04  1.16800E-03  1.34665E+01
  2.37178E+00  3.00270E-04  1.16670E-03  1.35497E+01
  2.38633E+00  3.07583E-04  1.16528E-03  1.36324E+01
  2.40077E+00  3.14566E-04  1.16388E-03  1.37148E+01
  2.41512E+00  3.21891E-04  1.16270E-03  1.37968E+01
  2.42937E+00  3.29157E-04  1.16148E-03  1.38784E+01
  2.44352E+00  3.36471E-04  1.16027E-03  1.39589E+01
  2.45758E+00  3.43968E-04  1.15922E-03  1.40393E+01
  2.47154E+00  3.51468E-04  1.15808E-03  1.41189E+01
  2.48541E+00  3.59057E-04  1.15680E-03  1.41975E+01
  2.49919E+00  3.66400E-04  1.15564E-03  1.42757E+01
  2.51289E+00  3.73867E-04  1.15414E-03  1.43531E+01
  2.52651E+00  3.81159E-04  1.15226E-03  1.44302E+01
  2.54005E+00  3.88915E-04  1.15067E-03  1.45072E+01
  2.55351E+00  3.96303E-04  1.14909E-03  1.45836E+01
  2.56690E+00  4.03668E-04  1.14756E-03  1.46597E+01
  2.58023E+00  4.11573E-04  1.14592E-03  1.47356E+01
  2.59347E+00  4.18912E-04  1.14443E-03  1.48112E+01
  2.60664E+00  4.26524E-04  1.14278E-03  1.48866E+01
  2.61975E+00  4.34105E-04  1.14104E-03  1.49615E+01
  2.63280E+00  4.41692E-04  1.13938E-03  1.50358E+01
  2.64578E+00  4.49632E-04  1.13829E-03  1.51100E+01
  2.65869E+00  4.57378E-04  1.13683E-03  1.51835E+01
  2.67153E+00  4.64770E-04  1.13490E-03  1.52565E+01
  2.68432E+00  4.72839E-04  1.13331E-03  1.53294E+01
  2.69705E+00  4.79717E-04  1.13129E-03  1.54018E+01
  2.70973E+00  4.87672E-04  1.12928E-03  1.54743E+01
  2.72235E+00  4.95410E-04  1.12735E-03  1.55462E+01
  2.73492E+00  5.02753E-04  1.12559E-03  1.56179E+01
  2.74744E+00  5.10644E-04  1.12396E-03  1.56894E+01
  2.75990E+00  5.18423E-04  1.12250E-03  1.57607E+01
  2.77231E+00  5.26060E-04  1.12063E-03  1.58314E+01
  2.78467E+00  5.33681E-04  1.11860E-03  1.59019E+01
  2.79698E+00  5.40942E-04  1.11611E-03  1.59720E+01
  2.80925E+00  5.48381E-04  1.11369E-03  1.60414E+01
  2.82148E+00  5.55850E-04  1.11162E-03  1.61109E+01
  2.83367E+00  5.63453E-04  1.10942E-03  1.61804E+01
  2.84582E+00  5.71017E-04  1.10740E-03  1.62500E+01
  2.85792E+00  5.78348E-04  1.10534E-03  1.63194E+01
  2.86998E+00  5.85896E-04  1.10323E-03  1.63887E+01
  2.88200E+00  5.93528E-04  1.10139E-03  1.64575E+01
  2.89398E+00  6.00940E-04  1.09922E-03  1.65262E+01
  2.90593E+00  6.08209E-04  1.09672E-03  1.65946E+01
  2.91784E+00  6.15433E-04  1.09439E-03  1.66625E+01
  2.92971E+00  6.22699E-04  1.09212E-03  1.67302E+01
  2.94156E+00  6.29723E-04  1.08945E-03  1.67977E+01
  2.95337E+00  6.37145E-04  1.08708E-03  1.68654E+01
  2.96515E+00  6.44147E-04  1.08512E-03  1.69327E+01
  2.97690E+00  6.51741E-04  1.08285E-03  1.69995E+01
  2.98861E+00  6.58599E-04  1.08002E-03  1.70663E+01
  3.00030E+00  6.65110E-04  1.07717E-03  1.71330E+01
  3.01197E+00  6.72519E-04  1.07456E-03  1.72002E+01
  3.02360E+00  6.79267E-04  1.07218E-03  1.72668E+01
  3.03521E+00  6.86086E-04  1.07038E-03  1.73333E+01
  3.04680E+00  6.93440E-04  1.06820E-03  1.73999E+01
  3.05835E+00  7.00814E-04  1.06589E-03  1.74660E+01
  3.06988E+00  7.06860E-04  1.06313E-03  1.75322E+01
  3.08138E+00  7.14266E-04  1.06033E-03  1.75982E+01
  3.09286E+00  7.19916E-04  1.05728E-03  1.76635E+01
  3.10433E+00  7.26580E-04  1.05406E-03  1.77290E+01
  3.11578E+00  7.33245E-04  1.05076E-03  1.77942E+01
  3.12720E+00  7.38945E-04  1.04818E-03  1.78598E+01
  3.13862E+00  7.45955E-04  1.04546E-03  1.79255E+01
  3.15001E+00  7.52336E-04  1.04319E-03  1.79907E+01
  3.16138E+00  7.58972E-04  1.04052E-03  1.80561E+01
  3.17273E+00  7.64557E-04  1.03776E-03  1.81215E+01
  3.18407E+00  7.70948E-04  1.03464E-03  1.81869E+01
  3.19539E+00  7.77363E-04  1.03206E-03  1.82520E+01
  3.20670E+00  7.83220E-04  1.02896E-03  1.83171E+01
  3.21799E+00  7.89044E-04  1.02605E-03  1.83816E+01
  3.22926E+00  7.94998E-04  1.02319E-03  1.84462E+01
  3.24053E+00  8.00401E-04  1.01971E-03  1.85108E+01
  3.25178E+00  8.06519E-04  1.01661E-03  1.85754E+01
  3.26302E+00  8.11637E-04  1.01380E-03  1.86400E+01
  3.27426E+00  8.17767E-04  1.01082E-03  1.87046E+01
  3.28548E+00  8.23046E-04  1.00787E-03  1.87690E+01
  3.29669E+00  8.28391E-04  1.00461E-03  1.88333E+01
  3.30789E+00  8.33439E-04  1.00151E-03  1.88978E+01
  3.31909E+00  8.39068E-04  9.98023E-04  1.89621E+01
  3.33027E+00  8.43912E-04  9.95389E-04  1.90267E+01
  3.34145E+00  8.49639E-04  9.92585E-04  1.90912E+01
  3.35262E+00  8.54724E-04  9.89396E-04  1.91557E+01
  3.36378E+00  8.59226E-04  9.85832E-04  1.92201E+01
  3.37494E+00  8.63518E-04  9.82131E-04  1.92841E+01
  3.38610E+00  8.68844E-04  9.78289E-04  1.93476E+01
  3.39725E+00  8.72868E-04  9.75077E-04  1.94115E+01
  3.40840E+00  8.77472E-04  9.71794E-04  1.94763E+01
  3.41955E+00  8.81979E-04  9.68819E-04  1.95408E+01
  3.43070E+00  8.86691E-04  9.65524E-04  1.96051E+01
  3.44184E+00  8.90818E-04  9.62316E-04  1.96694E+01
  3.45298E+00  8.95193E-04  9.58975E-04  1.97340E+01
  3.46412E+00  8.98705E-04  9.55386E-04  1.97980E+01
  3.47527E+00  9.03148E-04  9.51978E-04  1.98621E+01
  3.48641E+00  9.07483E-04  9.48572E-04  1.99261E+01
  3.49754E+00  9.10687E-04  9.44640E-04  1.99907E+01
  3.50869E+00  9.14234E-04  9.41335E-04  2.00550E+01
  3.51983E+00  9.18432E-04  9.38183E-04  2.01195E+01
  3.53098E+00  9.21235E-04  9.34607E-04  2.01841E+01
  3.54214E+00  9.25319E-04  9.31202E-04  2.02486E+01
  3.55329E+00  9.28019E-04  9.27698E-04  2.03127E+01
  3.56445E+00  9.31666E-04  9.23506E-04  2.03770E+01
  3.57561E+00  9.34012E-04  9.19779E-04  2.04416E+01
  3.58679E+00  9.38089E-04  9.16150E-04  2.05062E+01
  3.59796E+00  9.40400E-04  9.12945E-04  2.05714E+01
  3.60915E+00  9.43899E-04  9.09342E-04  2.06365E+01
  3.62033E+00  9.46073E-04  9.05613E-04  2.07012E+01
  3.63153E+00  9.48810E-04  9.01700E-04  2.07659E+01
  3.64274E+00  9.51132E-04  8.97791E-04  2.08302E+01
  3.65395E+00  9.52981E-04  8.93991E-04  2.08953E+01
  3.66518E+00  9.56809E-04  8.90526E-04  2.09606E+01
  3.67641E+00  9.57482E-04  8.86993E-04  2.10258E+01
  3.68766E+00  9.60195E-04  8.83411E-04  2.10911E+01
  3.69891E+00  9.62084E-04  8.79630E-04  2.11565E+01
  3.71018E+00  9.65249E-04  8.75503E-04  2.12216E+01
  3.72144E+00  9.65369E-04  8.71498E-04  2.12871E+01
  3.73274E+00  9.66587E-04  8.67081E-04  2.13526E+01
  3.74406E+00  9.69093E-04  8.63670E-04  2.14180E+01
  3.75537E+00  9.70364E-04  8.60016E-04  2.14839E+01
  3.76671E+00  9.73237E-04  8.56404E-04  2.15495E+01
  3.77804E+00  9.73171E-04  8.52821E-04  2.16156E+01
  3.78940E+00  9.74704E-04  8.49336E-04  2.16821E+01
  3.80077E+00  9.76566E-04  8.45206E-04  2.17482E+01
  3.81215E+00  9.76116E-04  8.41143E-04  2.18142E+01
  3.82356E+00  9.77049E-04  8.36689E-04  2.18807E+01
  3.83499E+00  9.78550E-04  8.32689E-04  2.19471E+01
  3.84643E+00  9.78752E-04  8.28470E-04  2.20137E+01
  3.85789E+00  9.78988E-04  8.24547E-04  2.20805E+01
  3.86937E+00  9.79351E-04  8.20589E-04  2.21477E+01
  3.88087E+00  9.79525E-04  8.16520E-04  2.22147E+01
  3.89240E+00  9.79875E-04  8.12615E-04  2.22819E+01
  3.90394E+00  9.81029E-04  8.09051E-04  2.23489E+01
  3.91550E+00  9.81424E-04  8.04924E-04  2.24162E+01
  3.92707E+00  9.80321E-04  8.01028E-04  2.24837E+01
  3.93867E+00  9.80506E-04  7.97140E-04  2.25513E+01
  3.95029E+00  9.79272E-04  7.93059E-04  2.26191E+01
  3.96195E+00  9.80219E-04  7.89229E-04  2.26872E+01
  3.97361E+00  9.79452E-04  7.85263E-04  2.27557E+01
  3.98530E+00  9.78772E-04  7.80975E-04  2.28237E+01
  3.99702E+00  9.77119E-04  7.76912E-04  2.28921E+01
  4.00878E+00  9.76701E-04  7.72188E-04  2.29610E+01
  4.02055E+00  9.77028E-04  7.68233E-04  2.30301E+01
  4.03234E+00  9.73564E-04  7.64281E-04  2.30993E+01
  4.04419E+00  9.74418E-04  7.60828E-04  2.31691E+01
  4.05604E+00  9.74265E-04  7.56724E-04  2.32389E+01
  4.06790E+00  9.70948E-04  7.52509E-04  2.33081E+01
  4.07982E+00  9.70073E-04  7.47745E-04  2.33773E+01
  4.09176E+00  9.68814E-04  7.43443E-04  2.34471E+01
  4.10373E+00  9.66460E-04  7.39238E-04  2.35169E+01
  4.11574E+00  9.65985E-04  7.35553E-04  2.35874E+01
  4.12777E+00  9.63031E-04  7.31659E-04  2.36592E+01
  4.13984E+00  9.63065E-04  7.27589E-04  2.37295E+01
  4.15192E+00  9.59201E-04  7.23460E-04  2.38003E+01
  4.16406E+00  9.59215E-04  7.19235E-04  2.38715E+01
  4.17620E+00  9.54761E-04  7.15003E-04  2.39429E+01
  4.18841E+00  9.53513E-04  7.10595E-04  2.40149E+01
  4.20065E+00  9.50353E-04  7.06732E-04  2.40866E+01
  4.21292E+00  9.48785E-04  7.02535E-04  2.41590E+01
  4.22523E+00  9.47328E-04  6.98488E-04  2.42314E+01
  4.23756E+00  9.43045E-04  6.94371E-04  2.43040E+01
  4.24994E+00  9.41107E-04  6.89632E-04  2.43768E+01
  4.26236E+00  9.38278E-04  6.85535E-04  2.44500E+01
  4.27481E+00  9.34215E-04  6.81484E-04  2.45237E+01
  4.28732E+00  9.32038E-04  6.77355E-04  2.45977E+01
  4.29986E+00  9.30308E-04  6.72747E-04  2.46715E+01
  4.31243E+00  9.25437E-04  6.68942E-04  2.47454E+01
  4.32506E+00  9.22244E-04  6.64382E-04  2.48199E+01
  4.33773E+00  9.18935E-04  6.60391E-04  2.48949E+01
  4.35045E+00  9.16508E-04  6.56521E-04  2.49702E+01
  4.36319E+00  9.14268E-04  6.52313E-04  2.50450E+01
  4.37597E+00  9.08024E-04  6.47617E-04  2.51205E+01
  4.38883E+00  9.03814E-04  6.43585E-04  2.51968E+01
  4.40174E+00  9.02030E-04  6.39507E-04  2.52727E+01
  4.41467E+00  8.98065E-04  6.35837E-04  2.53496E+01
  4.42766E+00  8.93881E-04  6.31111E-04  2.54268E+01
  4.44069E+00  8.90567E-04  6.27322E-04  2.55041E+01
  4.45377E+00  8.85503E-04  6.22547E-04  2.55813E+01
  4.46692E+00  8.82221E-04  6.18481E-04  2.56588E+01
  4.48010E+00  8.77165E-04  6.14276E-04  2.57370E+01
  4.49335E+00  8.73515E-04  6.10245E-04  2.58157E+01
  4.50664E+00  8.68964E-04  6.05793E-04  2.58950E+01
  4.51999E+00  8.64353E-04  6.01822E-04  2.59740E+01
  4.53340E+00  8.60345E-04  5.97526E-04  2.60535E+01
  4.54686E+00  8.56234E-04  5.93295E-04  2.61335E+01
  4.56037E+00  8.50907E-04  5.88599E-04  2.62137E+01
  4.57395E+00  8.45447E-04  5.84736E-04  2.62946E+01
  4.58760E+00  8.41094E-04  5.80614E-04  2.63758E+01
  4.60130E+00  8.36871E-04  5.76983E-04  2.64573E+01
  4.61506E+00  8.33844E-04  5.72861E-04  2.65389E+01
  4.62884E+00  8.26775E-04  5.68307E-04  2.66208E+01
  4.64273E+00  8.21070E-04  5.63968E-04  2.67033E+01
  4.65669E+00  8.16649E-04  5.59884E-04  2.67864E+01
  4.67071E+00  8.12472E-04  5.55847E-04  2.68702E+01
  4.68477E+00  8.05518E-04  5.51500E-04  2.69549E+01
  4.69894E+00  8.00344E-04  5.46899E-04  2.70397E+01
  4.71317E+00  7.96507E-04  5.42948E-04  2.71241E+01
  4.72744E+00  7.90104E-04  5.38872E-04  2.72095E+01
  4.74181E+00  7.84624E-04  5.34880E-04  2.72949E+01
  4.75625E+00  7.79122E-04  5.30574E-04  2.73806E+01
  4.77076E+00  7.74623E-04  5.27084E-04  2.74672E+01
  4.78533E+00  7.67860E-04  5.22483E-04  2.75544E+01
  4.80000E+00  7.62725E-04  5.18151E-04  2.76424E+01
  4.81474E+00  7.56110E-04  5.13949E-04  2.77309E+01
  4.82957E+00  7.51349E-04  5.09399E-04  2.78199E+01
  4.84447E+00  7.43681E-04  5.05319E-04  2.79097E+01
  4.85948E+00  7.38701E-04  5.00763E-04  2.79999E+01
  4.87457E+00  7.32330E-04  4.96832E-04  2.80904E+01
  4.88974E+00  7.26560E-04  4.92903E-04  2.81807E+01
  4.90500E+00  7.21739E-04  4.89015E-04  2.82720E+01
  4.92033E+00  7.15089E-04  4.85383E-04  2.83634E+01
  4.93575E+00  7.08572E-04  4.81117E-04  2.84560E+01
  4.95128E+00  7.04142E-04  4.77508E-04  2.85489E+01
  4.96687E+00  6.97731E-04  4.73188E-04  2.86424E+01
  4.98255E+00  6.90512E-04  4.68714E-04  2.87370E+01
  4.99836E+00  6.83760E-04  4.64256E-04  2.88331E+01
  5.01428E+00  6.76290E-04  4.59886E-04  2.89295E+01
  5.03033E+00  6.71290E-04  4.55475E-04  2.90258E+01
  5.04645E+00  6.64323E-04  4.51573E-04  2.91231E+01
  5.06268E+00  6.58310E-04  4.47539E-04  2.92214E+01
  5.07902E+00  6.52110E-04  4.43642E-04  2.93195E+01
  5.09546E+00  6.44870E-04  4.39819E-04  2.94181E+01
  5.11204E+00  6.39123E-04  4.35717E-04  2.95174E+01
  5.12870E+00  6.32666E-04  4.31972E-04  2.96172E+01
  5.14549E+00  6.25456E-04  4.27672E-04  2.97189E+01
  5.16241E+00  6.20249E-04  4.23923E-04  2.98215E+01
  5.17941E+00  6.12359E-04  4.19489E-04  2.99242E+01
  5.19657E+00  6.05028E-04  4.15636E-04  3.00280E+01
  5.21388E+00  5.98732E-04  4.11531E-04  3.01326E+01
  5.23131E+00  5.93119E-04  4.07516E-04  3.02384E+01
  5.24884E+00  5.85101E-04  4.03209E-04  3.03446E+01
  5.26654E+00  5.77883E-04  3.99305E-04  3.04521E+01
  5.28440E+00  5.71965E-04  3.94902E-04  3.05604E+01
  5.30237E+00  5.63986E-04  3.91102E-04  3.06692E+01
  5.32052E+00  5.58018E-04  3.86680E-04  3.07800E+01
  5.33880E+00  5.49718E-04  3.82472E-04  3.08915E+01
  5.35727E+00  5.43974E-04  3.78177E-04  3.10035E+01
  5.37587E+00  5.35927E-04  3.74153E-04  3.11163E+01
  5.39466E+00  5.29792E-04  3.70289E-04  3.12307E+01
  5.41360E+00  5.23077E-04  3.66980E-04  3.13450E+01
  5.43269E+00  5.15836E-04  3.63306E-04  3.14601E+01
  5.45197E+00  5.09889E-04  3.60051E-04  3.15756E+01
  5.47138E+00  5.03717E-04  3.56861E-04  3.16927E+01
  5.49095E+00  4.97254E-04  3.53142E-04  3.18111E+01
  5.51068E+00  4.89710E-04  3.49229E-04  3.19320E+01
  5.53062E+00  4.82116E-04  3.44677E-04  3.20535E+01
  5.55078E+00  4.74559E-04  3.40046E-04  3.21786E+01
  5.57117E+00  4.66351E-04  3.34412E-04  3.23061E+01
  5.59181E+00  4.57849E-04  3.29452E-04  3.24343E+01
  5.61274E+00  4.50361E-04  3.24558E-04  3.25643E+01
  5.63391E+00  4.42295E-04  3.20023E-04  3.26952E+01
  5.65535E+00  4.35443E-04  3.15438E-04  3.28281E+01
  5.67702E+00  4.29200E-04  3.12225E-04  3.29588E+01
  5.69889E+00  4.22323E-04  3.09869E-04  3.30886E+01
  5.72100E+00  4.18334E-04  3.08423E-04  3.32182E+01
  5.74320E+00  4.12716E-04  3.07622E-04  3.33481E+01
  5.76558E+00  4.08432E-04  3.05942E-04  3.34793E+01
  5.78808E+00  4.00997E-04  3.02803E-04  3.36159E+01
  5.81087E+00  3.93369E-04  2.97924E-04  3.37573E+01
  5.83397E+00  3.85686E-04  2.92968E-04  3.39029E+01
  5.85740E+00  3.76675E-04  2.86875E-04  3.40511E+01
  5.88126E+00  3.68750E-04  2.81619E-04  3.42024E+01
  5.90549E+00  3.60325E-04  2.76372E-04  3.43549E+01
  5.93014E+00  3.51749E-04  2.70868E-04  3.45105E+01
  5.95523E+00  3.43652E-04  2.65514E-04  3.46689E+01
  5.98077E+00  3.35954E-04  2.60085E-04  3.48309E+01
  6.00672E+00  3.27946E-04  2.55101E-04  3.49941E+01
  6.03315E+00  3.20727E-04  2.51077E-04  3.51576E+01
  6.05999E+00  3.15460E-04  2.49072E-04  3.53182E+01
  6.08710E+00  3.10444E-04  2.48421E-04  3.54755E+01
  6.11448E+00  3.06170E-04  2.48290E-04  3.56341E+01
  6.14206E+00  3.01588E-04  2.47629E-04  3.57951E+01
  6.16987E+00  2.96866E-04  2.46579E-04  3.59591E+01
  6.19794E+00  2.91090E-04  2.44245E-04  3.61264E+01
  6.22638E+00  2.85751E-04  2.42777E-04  3.62975E+01
  6.25516E+00  2.79322E-04  2.40156E-04  3.64709E+01
  6.28441E+00  2.73291E-04  2.37161E-04  3.66502E+01
  6.31410E+00  2.65883E-04  2.33004E-04  3.68342E+01
  6.34441E+00  2.59071E-04  2.29206E-04  3.70241E+01
  6.37530E+00  2.51493E-04  2.23853E-04  3.72186E+01
  6.40691E+00  2.43920E-04  2.19355E-04  3.74209E+01
  6.43926E+00  2.35954E-04  2.13286E-04  3.76270E+01
  6.47247E+00  2.27887E-04  2.08415E-04  3.78417E+01
  6.50659E+00  2.20178E-04  2.01830E-04  3.80594E+01
  6.54165E+00  2.12728E-04  1.97892E-04  3.82885E+01
  6.57766E+00  2.04115E-04  1.90154E-04  3.85173E+01
  6.61489E+00  1.96709E-04  1.86351E-04  3.87666E+01
  6.65322E+00  1.88154E-04  1.77474E-04  3.90098E+01
  6.69297E+00  1.80768E-04  1.74310E-04  3.92783E+01
  6.73399E+00  1.74235E-04  1.68173E-04  3.95224E+01
  6.77618E+00  1.68235E-04  1.67044E-04  3.97984E+01
  6.81951E+00  1.64770E-04  1.65822E-04  4.00370E+01
  6.86337E+00  1.60368E-04  1.67148E-04  4.03019E+01
  6.90804E+00  1.61856E-04  1.76220E-04  4.05233E+01
  6.95194E+00  1.59161E-04  1.78628E-04  4.07282E+01
  6.99624E+00  1.59056E-04  1.89325E-04  4.09929E+01
  7.04023E+00  1.56574E-04  1.90735E-04  4.12046E+01
  7.08459E+00  1.49853E-04  1.89847E-04  4.14863E+01
  7.13061E+00  1.44707E-04  1.86830E-04  4.17437E+01
  7.17794E+00  1.37581E-04  1.82847E-04  4.20809E+01
  7.22736E+00  1.32274E-04  1.81424E-04  4.23512E+01
  7.27841E+00  1.25483E-04  1.76282E-04  4.27026E+01
  7.33183E+00  1.18827E-04  1.73551E-04  4.30034E+01
  7.38785E+00  1.12310E-04  1.66888E-04  4.34071E+01
  7.44671E+00  1.05472E-04  1.64620E-04  4.37466E+01
  7.50893E+00  9.86786E-05  1.56073E-04  4.41944E+01
  7.57496E+00  9.10327E-05  1.51914E-04  4.45935E+01
  7.64603E+00  8.38164E-05  1.40519E-04  4.51262E+01
  7.72264E+00  7.57254E-05  1.35989E-04  4.56192E+01
  7.80679E+00  6.88469E-05  1.22953E-04  4.62336E+01
  7.89862E+00  6.13569E-05  1.20502E-04  4.68381E+01
  8.00082E+00  5.65811E-05  1.12204E-04  4.75149E+01
  8.11077E+00  5.01727E-05  1.11615E-04  4.82271E+01
  8.23383E+00  4.65348E-05  1.09380E-04  4.89932E+01
  8.36569E+00  4.09339E-05  1.09437E-04  4.98210E+01
  8.51492E+00  3.70057E-05  1.10559E-04  5.07370E+01
  8.67978E+00  3.20459E-05  1.12724E-04  5.17589E+01
  8.87090E+00  2.77975E-05  1.18915E-04  5.28833E+01
  9.09425E+00  2.50616E-05  1.45196E-04  5.39822E+01
  9.35147E+00  2.54225E-05  2.75218E-04  5.42580E+01
  9.63562E+00  2.33510E-05  5.19852E-04  5.45730E+01
  1.02717E+01  8.25432E-06  6.85240E-04  5.53546E+01
