 -1.87965E-11  7.69504E-02  1.72093E-04  2.01556E-04
  6.20822E-03  8.10950E-02  1.71983E-04  5.49877E-04
  1.02070E-02  8.18315E-02  1.71853E-04  8.13173E-04
  1.42277E-02  7.87114E-02  1.71788E-04  1.07350E-03
  1.83948E-02  4.90845E-01  1.71788E-04  1.23703E-03
  1.91843E-02  5.61292E-01  1.71810E-04  1.29323E-03
  2.00933E-02  6.17273E-01  1.71872E-04  1.36024E-03
  2.11148E-02  7.58156E-01  1.72003E-04  1.43310E-03
  2.21020E-02  8.98750E-01  1.72172E-04  1.50385E-03
  2.30665E-02  1.04843E+00  1.72335E-04  1.57011E-03
  2.40062E-02  1.19903E+00  1.72483E-04  1.63117E-03
  2.49260E-02  1.35761E+00  1.72636E-04  1.68834E-03
  2.58246E-02  1.54565E+00  1.72846E-04  1.74355E-03
  2.66896E-02  1.76612E+00  1.73178E-04  1.79868E-03
  2.75135E-02  2.01547E+00  1.73664E-04  1.85414E-03
  2.82952E-02  2.29501E+00  1.74271E-04  1.90818E-03
  2.90353E-02  2.59922E+00  1.74932E-04  1.95828E-03
  2.97370E-02  2.92267E+00  1.75603E-04  2.00345E-03
  3.04051E-02  3.26192E+00  1.76300E-04  2.04492E-03
  3.10439E-02  3.61589E+00  1.77070E-04  2.08478E-03
  3.16570E-02  3.99089E+00  1.77963E-04  2.12447E-03
  3.22466E-02  4.39419E+00  1.79000E-04  2.16455E-03
  3.28134E-02  4.83119E+00  1.80169E-04  2.20517E-03
  3.33580E-02  5.28104E+00  1.81441E-04  2.24594E-03
  3.38832E-02  5.69183E+00  1.82758E-04  2.28600E-03
  3.43959E-02  6.01308E+00  1.84089E-04  2.32435E-03
  3.49054E-02  6.27466E+00  1.85444E-04  2.36091E-03
  3.54166E-02  6.56891E+00  1.86918E-04  2.39740E-03
  3.59266E-02  6.95670E+00  1.88631E-04  2.43647E-03
  3.64288E-02  7.43347E+00  1.90622E-04  2.47917E-03
  3.69182E-02  7.98674E+00  1.92788E-04  2.52321E-03
  3.73918E-02  8.57317E+00  1.95002E-04  2.56454E-03
  3.78503E-02  9.18412E+00  1.97208E-04  2.60155E-03
  3.82946E-02  9.81701E+00  1.99501E-04  2.63682E-03
  3.87257E-02  1.04623E+01  2.01987E-04  2.67440E-03
  3.91449E-02  1.11440E+01  2.04655E-04  2.71526E-03
  3.95525E-02  1.18431E+01  2.07349E-04  2.75598E-03
  3.99493E-02  1.25755E+01  2.09910E-04  2.79229E-03
  4.03358E-02  1.33229E+01  2.12412E-04  2.82370E-03
  4.07126E-02  1.40901E+01  2.15105E-04  2.85429E-03
  4.10806E-02  1.48135E+01  2.18200E-04  2.88810E-03
  4.14417E-02  1.54571E+01  2.21619E-04  2.92542E-03
  4.17984E-02  1.60488E+01  2.25042E-04  2.96283E-03
  4.21524E-02  1.66509E+01  2.28214E-04  2.99695E-03
  4.25036E-02  1.73402E+01  2.31235E-04  3.02788E-03
  4.28504E-02  1.81357E+01  2.34505E-04  3.05892E-03
  4.31913E-02  1.90566E+01  2.38367E-04  3.09314E-03
  4.35246E-02  2.00753E+01  2.42801E-04  3.13051E-03
  4.38495E-02  2.11228E+01  2.47454E-04  3.16813E-03
  4.41664E-02  2.22143E+01  2.51921E-04  3.20283E-03
  4.44757E-02  2.33250E+01  2.56106E-04  3.23374E-03
  4.47778E-02  2.44486E+01  2.60261E-04  3.26270E-03
  4.50734E-02  2.56283E+01  2.64822E-04  3.29241E-03
  4.53624E-02  2.68623E+01  2.70020E-04  3.32487E-03
  4.56449E-02  2.80823E+01  2.75738E-04  3.36008E-03
  4.59217E-02  2.92011E+01  2.81627E-04  3.39609E-03
  4.61942E-02  3.02121E+01  2.87342E-04  3.43005E-03
  4.64638E-02  3.12119E+01  2.92853E-04  3.46008E-03
  4.67307E-02  3.22980E+01  2.98383E-04  3.48718E-03
  4.69945E-02  3.35456E+01  3.04247E-04  3.51493E-03
  4.72541E-02  3.49566E+01  3.10642E-04  3.54684E-03
  4.75087E-02  3.64953E+01  3.17688E-04  3.58332E-03
  4.77578E-02  3.81497E+01  3.25342E-04  3.62170E-03
  4.80013E-02  3.98599E+01  3.33316E-04  3.65860E-03
  4.82391E-02  4.16056E+01  3.41170E-04  3.69205E-03
  4.84718E-02  4.33414E+01  3.48517E-04  3.72180E-03
  4.86998E-02  4.50411E+01  3.55477E-04  3.74859E-03
  4.89236E-02  4.66546E+01  3.62506E-04  3.77389E-03
  4.91441E-02  4.82197E+01  3.70068E-04  3.80021E-03
  4.93616E-02  4.98194E+01  3.78344E-04  3.83008E-03
  4.95763E-02  5.14399E+01  3.87418E-04  3.86391E-03
  4.97882E-02  5.32392E+01  3.97311E-04  3.90019E-03
  4.99969E-02  5.52618E+01  4.07732E-04  3.93778E-03
  5.02017E-02  5.73655E+01  4.18477E-04  3.97439E-03
  5.04027E-02  5.96258E+01  4.29191E-04  4.00832E-03
  5.05996E-02  6.18520E+01  4.39150E-04  4.04066E-03
  5.07929E-02  6.41136E+01  4.48759E-04  4.06804E-03
  5.09828E-02  6.63829E+01  4.58659E-04  4.08874E-03
  5.11694E-02  6.86013E+01  4.67546E-04  4.11443E-03
  5.13532E-02  7.06517E+01  4.76102E-04  4.14059E-03
  5.15348E-02  7.30557E+01  4.88276E-04  4.15735E-03
  5.17134E-02  7.53318E+01  5.00080E-04  4.18961E-03
  5.18897E-02  7.70999E+01  5.06674E-04  4.22488E-03
  5.20647E-02  8.03857E+01  5.28211E-04  4.24827E-03
  5.22354E-02  8.30637E+01  5.41683E-04  4.27563E-03
  5.24034E-02  7.42271E+01  4.35220E-04  3.87860E-03
  5.25943E-02  3.47395E+01  6.33796E-05  1.17185E-03
  5.30066E-02  2.32087E+01  4.11745E-06  4.31942E-05
  5.36255E-02  2.21894E+01  3.58635E-06  7.05483E-06
  5.42716E-02  2.20882E+01  3.55914E-06  6.98827E-06
  5.49192E-02  2.19888E+01  3.53245E-06  7.04988E-06
  5.55682E-02  2.18881E+01  3.50557E-06  7.08765E-06
  5.62185E-02  2.17875E+01  3.47867E-06  7.12666E-06
  5.68704E-02  2.16855E+01  3.45162E-06  7.17613E-06
  5.75237E-02  2.15827E+01  3.42447E-06  7.20398E-06
  5.81785E-02  2.14806E+01  3.39739E-06  7.24269E-06
  5.88347E-02  2.13767E+01  3.37010E-06  7.28115E-06
  5.94925E-02  2.12727E+01  3.34284E-06  7.31470E-06
  6.01518E-02  2.11682E+01  3.31547E-06  7.34043E-06
  6.08127E-02  2.10633E+01  3.28812E-06  7.37634E-06
  6.14751E-02  2.09569E+01  3.26054E-06  7.41500E-06
  6.21392E-02  2.08512E+01  3.23304E-06  7.44220E-06
  6.28048E-02  2.07440E+01  3.20547E-06  7.47681E-06
  6.34721E-02  2.06369E+01  3.17797E-06  7.51379E-06
  6.41410E-02  2.05286E+01  3.15030E-06  7.52850E-06
  6.48115E-02  2.04212E+01  3.12274E-06  7.55787E-06
  6.54838E-02  2.03113E+01  3.09488E-06  7.58702E-06
  6.61577E-02  2.02030E+01  3.06737E-06  7.60551E-06
  6.68334E-02  2.00927E+01  3.03960E-06  7.63408E-06
  6.75108E-02  1.99836E+01  3.01201E-06  7.65016E-06
  6.81900E-02  1.98726E+01  2.98420E-06  7.67863E-06
  6.88709E-02  1.97622E+01  2.95662E-06  7.70538E-06
  6.95537E-02  1.96504E+01  2.92888E-06  7.71854E-06
  7.02382E-02  1.95391E+01  2.90121E-06  7.73417E-06
  7.09246E-02  1.94271E+01  2.87356E-06  7.76331E-06
  7.16129E-02  1.93148E+01  2.84594E-06  7.77522E-06
  7.23030E-02  1.92019E+01  2.81828E-06  7.79507E-06
  7.29951E-02  1.90887E+01  2.79068E-06  7.80294E-06
  7.36890E-02  1.89765E+01  2.76327E-06  7.82126E-06
  7.43849E-02  1.88621E+01  2.73565E-06  7.83905E-06
  7.50827E-02  1.87484E+01  2.70819E-06  7.84680E-06
  7.57825E-02  1.86340E+01  2.68075E-06  7.86132E-06
  7.64843E-02  1.85199E+01  2.65342E-06  7.86898E-06
  7.71882E-02  1.84051E+01  2.62605E-06  7.88078E-06
  7.78941E-02  1.82902E+01  2.59879E-06  7.89055E-06
  7.86020E-02  1.81753E+01  2.57164E-06  7.89882E-06
  7.93120E-02  1.80601E+01  2.54451E-06  7.90881E-06
  8.00241E-02  1.79440E+01  2.51736E-06  7.91367E-06
  8.07384E-02  1.78288E+01  2.49042E-06  7.91547E-06
  8.14548E-02  1.77129E+01  2.46350E-06  7.92503E-06
  8.21733E-02  1.75965E+01  2.43661E-06  7.92581E-06
  8.28941E-02  1.74806E+01  2.40991E-06  7.92806E-06
  8.36170E-02  1.73642E+01  2.38321E-06  7.93305E-06
  8.43423E-02  1.72477E+01  2.35664E-06  7.93355E-06
  8.50697E-02  1.71310E+01  2.33014E-06  7.93491E-06
  8.57995E-02  1.70143E+01  2.30374E-06  7.93446E-06
  8.65315E-02  1.68975E+01  2.27744E-06  7.93370E-06
  8.72659E-02  1.67806E+01  2.25124E-06  7.92973E-06
  8.80026E-02  1.66637E+01  2.22517E-06  7.92672E-06
  8.87417E-02  1.65468E+01  2.19919E-06  7.92601E-06
  8.94832E-02  1.64295E+01  2.17331E-06  7.92146E-06
  9.02271E-02  1.63126E+01  2.14757E-06  7.91256E-06
  9.09735E-02  1.61956E+01  2.12194E-06  7.90982E-06
  9.17223E-02  1.60780E+01  2.09640E-06  7.90162E-06
  9.24737E-02  1.59616E+01  2.07108E-06  7.89333E-06
  9.32275E-02  1.58440E+01  2.04576E-06  7.88928E-06
  9.39839E-02  1.57270E+01  2.02064E-06  7.87519E-06
  9.47428E-02  1.56101E+01  1.99564E-06  7.86777E-06
  9.55044E-02  1.54931E+01  1.97077E-06  7.85971E-06
  9.62685E-02  1.53762E+01  1.94604E-06  7.84533E-06
  9.70353E-02  1.52591E+01  1.92144E-06  7.83814E-06
  9.78048E-02  1.51420E+01  1.89694E-06  7.82113E-06
  9.85769E-02  1.50258E+01  1.87267E-06  7.80879E-06
  9.93518E-02  1.49087E+01  1.84847E-06  7.79576E-06
  1.00129E-01  1.47924E+01  1.82448E-06  7.78357E-06
  1.00910E-01  1.46754E+01  1.80053E-06  7.76744E-06
  1.01693E-01  1.45596E+01  1.77687E-06  7.74815E-06
  1.02479E-01  1.44433E+01  1.75327E-06  7.73674E-06
  1.03268E-01  1.43273E+01  1.72985E-06  7.71376E-06
  1.04060E-01  1.42114E+01  1.70659E-06  7.69807E-06
  1.04854E-01  1.40955E+01  1.68349E-06  7.68066E-06
  1.05652E-01  1.39799E+01  1.66055E-06  7.65550E-06
  1.06453E-01  1.38650E+01  1.63781E-06  7.64072E-06
  1.07256E-01  1.37491E+01  1.61511E-06  7.62623E-06
  1.08063E-01  1.36342E+01  1.59268E-06  7.59553E-06
  1.08872E-01  1.35200E+01  1.57046E-06  7.57771E-06
  1.09685E-01  1.34048E+01  1.54826E-06  7.55518E-06
  1.10501E-01  1.32908E+01  1.52634E-06  7.52865E-06
  1.11320E-01  1.31767E+01  1.50458E-06  7.51637E-06
  1.12142E-01  1.30624E+01  1.48292E-06  7.48431E-06
  1.12968E-01  1.29494E+01  1.46153E-06  7.46043E-06
  1.13796E-01  1.28354E+01  1.44022E-06  7.44240E-06
  1.14628E-01  1.27226E+01  1.41917E-06  7.40831E-06
  1.15463E-01  1.26096E+01  1.39822E-06  7.38350E-06
  1.16302E-01  1.24972E+01  1.37750E-06  7.36064E-06
  1.17144E-01  1.23848E+01  1.35694E-06  7.33298E-06
  1.17989E-01  1.22729E+01  1.33656E-06  7.30594E-06
  1.18838E-01  1.21614E+01  1.31636E-06  7.28011E-06
  1.19690E-01  1.20500E+01  1.29634E-06  7.24646E-06
  1.20546E-01  1.19389E+01  1.27647E-06  7.21812E-06
  1.21405E-01  1.18284E+01  1.25684E-06  7.19393E-06
  1.22267E-01  1.17179E+01  1.23734E-06  7.15464E-06
  1.23134E-01  1.16083E+01  1.21813E-06  7.13192E-06
  1.24004E-01  1.14981E+01  1.19889E-06  7.08141E-06
  1.24878E-01  1.13901E+01  1.18006E-06  7.06925E-06
  1.25755E-01  1.12798E+01  1.16120E-06  7.05678E-06
  1.26636E-01  1.11720E+01  1.14278E-06  7.00654E-06
  1.27521E-01  1.10631E+01  1.12427E-06  6.98214E-06
  1.28410E-01  1.09558E+01  1.10613E-06  6.94187E-06
  1.29302E-01  1.08481E+01  1.08808E-06  6.91203E-06
  1.30199E-01  1.07410E+01  1.07025E-06  6.87697E-06
  1.31099E-01  1.06344E+01  1.05260E-06  6.83685E-06
  1.32004E-01  1.05287E+01  1.03517E-06  6.81231E-06
  1.32912E-01  1.04219E+01  1.01781E-06  6.77731E-06
  1.33825E-01  1.03171E+01  1.00078E-06  6.73239E-06
  1.34741E-01  1.02122E+01  9.83865E-07  6.70507E-06
  1.35662E-01  1.01077E+01  9.67151E-07  6.67037E-06
  1.36587E-01  1.00035E+01  9.50602E-07  6.63440E-06
  1.37516E-01  9.89989E+00  9.34241E-07  6.59708E-06
  1.38450E-01  9.79689E+00  9.18088E-07  6.56124E-06
  1.39388E-01  9.69415E+00  9.02103E-07  6.52574E-06
  1.40330E-01  9.59169E+00  8.86276E-07  6.48962E-06
  1.41276E-01  9.49005E+00  8.70667E-07  6.44943E-06
  1.42227E-01  9.38873E+00  8.55233E-07  6.41807E-06
  1.43183E-01  9.28758E+00  8.39949E-07  6.37234E-06
  1.44143E-01  9.18762E+00  8.24905E-07  6.33733E-06
  1.45108E-01  9.08748E+00  8.09997E-07  6.30269E-06
  1.46077E-01  8.98835E+00  7.95306E-07  6.26037E-06
  1.47051E-01  8.88901E+00  7.80732E-07  6.22594E-06
  1.48030E-01  8.79086E+00  7.66405E-07  6.18281E-06
  1.49013E-01  8.69306E+00  7.52240E-07  6.14480E-06
  1.50002E-01  8.59562E+00  7.38237E-07  6.10527E-06
  1.50995E-01  8.49872E+00  7.24422E-07  6.07128E-06
  1.51993E-01  8.40207E+00  7.10761E-07  6.02680E-06
  1.52997E-01  8.30658E+00  6.97323E-07  5.98427E-06
  1.54005E-01  8.21108E+00  6.84021E-07  5.95249E-06
  1.55018E-01  8.11603E+00  6.70890E-07  5.90729E-06
  1.56037E-01  8.02169E+00  6.57941E-07  5.86921E-06
  1.57061E-01  7.92781E+00  6.45165E-07  5.82707E-06
  1.58090E-01  7.83489E+00  6.32594E-07  5.78555E-06
  1.59125E-01  7.74197E+00  6.20151E-07  5.74643E-06
  1.60165E-01  7.64991E+00  6.07904E-07  5.70366E-06
  1.61210E-01  7.55827E+00  5.95816E-07  5.66544E-06
  1.62261E-01  7.46728E+00  5.83905E-07  5.62399E-06
  1.63318E-01  7.37662E+00  5.72142E-07  5.58013E-06
  1.64380E-01  7.28675E+00  5.60566E-07  5.54226E-06
  1.65448E-01  7.19712E+00  5.49132E-07  5.50159E-06
  1.66522E-01  7.10832E+00  5.37882E-07  5.45791E-06
  1.67602E-01  7.01995E+00  5.26783E-07  5.41782E-06
  1.68688E-01  6.93220E+00  5.15854E-07  5.37343E-06
  1.69779E-01  6.84509E+00  5.05087E-07  5.33379E-06
  1.70877E-01  6.75843E+00  4.94478E-07  5.29246E-06
  1.71981E-01  6.67224E+00  4.84019E-07  5.24963E-06
  1.73091E-01  6.58675E+00  4.73725E-07  5.20884E-06
  1.74208E-01  6.50188E+00  4.63591E-07  5.16577E-06
  1.75330E-01  6.41752E+00  4.53610E-07  5.12224E-06
  1.76460E-01  6.33369E+00  4.43778E-07  5.08125E-06
  1.77596E-01  6.25048E+00  4.34101E-07  5.04117E-06
  1.78738E-01  6.16764E+00  4.24565E-07  4.99813E-06
  1.79888E-01  6.08572E+00  4.15200E-07  4.95488E-06
  1.81044E-01  6.00412E+00  4.05965E-07  4.91419E-06
  1.82207E-01  5.92315E+00  3.96886E-07  4.87164E-06
  1.83377E-01  5.84279E+00  3.87955E-07  4.82705E-06
  1.84554E-01  5.76317E+00  3.79176E-07  4.78714E-06
  1.85738E-01  5.68387E+00  3.70525E-07  4.74456E-06
  1.86929E-01  5.60540E+00  3.62032E-07  4.70234E-06
  1.88128E-01  5.52730E+00  3.53668E-07  4.66235E-06
  1.89335E-01  5.44980E+00  3.45445E-07  4.61589E-06
  1.90548E-01  5.37303E+00  3.37371E-07  4.57434E-06
  1.91770E-01  5.29683E+00  3.29433E-07  4.53395E-06
  1.92999E-01  5.22109E+00  3.21622E-07  4.49236E-06
  1.94237E-01  5.14600E+00  3.13948E-07  4.44799E-06
  1.95482E-01  5.07161E+00  3.06419E-07  4.40649E-06
  1.96735E-01  4.99760E+00  2.99005E-07  4.36638E-06
  1.97997E-01  4.92427E+00  2.91727E-07  4.32276E-06
  1.99266E-01  4.85152E+00  2.84580E-07  4.28133E-06
  2.00545E-01  4.77942E+00  2.77565E-07  4.23763E-06
  2.01832E-01  4.70791E+00  2.70676E-07  4.19774E-06
  2.03127E-01  4.63687E+00  2.63903E-07  4.15731E-06
  2.04432E-01  4.56638E+00  2.57256E-07  4.11290E-06
  2.05745E-01  4.49669E+00  2.50740E-07  4.07069E-06
  2.07068E-01  4.42742E+00  2.44338E-07  4.03090E-06
  2.08399E-01  4.35879E+00  2.38059E-07  3.98934E-06
  2.09740E-01  4.29069E+00  2.31894E-07  3.94802E-06
  2.11091E-01  4.22327E+00  2.25852E-07  3.90620E-06
  2.12452E-01  4.15637E+00  2.19920E-07  3.86397E-06
  2.13822E-01  4.09017E+00  2.14110E-07  3.82303E-06
  2.15202E-01  4.02441E+00  2.08406E-07  3.78270E-06
  2.16592E-01  3.95930E+00  2.02818E-07  3.74099E-06
  2.17993E-01  3.89477E+00  1.97338E-07  3.70042E-06
  2.19404E-01  3.83077E+00  1.91963E-07  3.65956E-06
  2.20826E-01  3.76748E+00  1.86705E-07  3.61833E-06
  2.22259E-01  3.70465E+00  1.81544E-07  3.57816E-06
  2.23702E-01  3.64247E+00  1.76493E-07  3.53719E-06
  2.25157E-01  3.58076E+00  1.71541E-07  3.49670E-06
  2.26624E-01  3.51978E+00  1.66698E-07  3.45631E-06
  2.28101E-01  3.45930E+00  1.61950E-07  3.41702E-06
  2.29591E-01  3.39934E+00  1.57302E-07  3.37627E-06
  2.31093E-01  3.34003E+00  1.52753E-07  3.33500E-06
  2.32607E-01  3.28132E+00  1.48303E-07  3.29614E-06
  2.34133E-01  3.22314E+00  1.43946E-07  3.25656E-06
  2.35673E-01  3.16557E+00  1.39684E-07  3.21678E-06
  2.37225E-01  3.10841E+00  1.35511E-07  3.17771E-06
  2.38790E-01  3.05191E+00  1.31431E-07  3.13761E-06
  2.40369E-01  2.99606E+00  1.27445E-07  3.09858E-06
  2.41961E-01  2.94069E+00  1.23545E-07  3.05959E-06
  2.43567E-01  2.88593E+00  1.19734E-07  3.01989E-06
  2.45188E-01  2.83173E+00  1.16010E-07  2.98295E-06
  2.46823E-01  2.77805E+00  1.12368E-07  2.93231E-06
  2.48473E-01  2.72585E+00  1.08846E-07  2.90320E-06
  2.50137E-01  2.67253E+00  1.05342E-07  2.87744E-06
  2.51817E-01  2.62050E+00  1.01947E-07  2.82582E-06
  2.53514E-01  2.56911E+00  9.86364E-08  2.78916E-06
  2.55226E-01  2.51819E+00  9.54008E-08  2.75126E-06
  2.56954E-01  2.46784E+00  9.22435E-08  2.71339E-06
  2.58700E-01  2.41802E+00  8.91615E-08  2.67587E-06
  2.60462E-01  2.36884E+00  8.61586E-08  2.63780E-06
  2.62242E-01  2.32013E+00  8.32269E-08  2.60040E-06
  2.64040E-01  2.27203E+00  8.03708E-08  2.56259E-06
  2.65856E-01  2.22444E+00  7.75847E-08  2.52660E-06
  2.67691E-01  2.17735E+00  7.48676E-08  2.48925E-06
  2.69546E-01  2.13088E+00  7.22224E-08  2.45162E-06
  2.71419E-01  2.08490E+00  6.96445E-08  2.41573E-06
  2.73313E-01  2.03943E+00  6.71321E-08  2.37926E-06
  2.75228E-01  1.99457E+00  6.46876E-08  2.34222E-06
  2.77164E-01  1.95020E+00  6.23075E-08  2.30640E-06
  2.79121E-01  1.90633E+00  5.99897E-08  2.27029E-06
  2.81101E-01  1.86305E+00  5.77361E-08  2.23430E-06
  2.83103E-01  1.82026E+00  5.55426E-08  2.19879E-06
  2.85129E-01  1.77800E+00  5.34102E-08  2.16273E-06
  2.87178E-01  1.73626E+00  5.13371E-08  2.12739E-06
  2.89253E-01  1.69504E+00  4.93219E-08  2.09229E-06
  2.91352E-01  1.65434E+00  4.73640E-08  2.05734E-06
  2.93478E-01  1.61415E+00  4.54616E-08  2.02236E-06
  2.95630E-01  1.57448E+00  4.36148E-08  1.98737E-06
  2.97810E-01  1.53532E+00  4.18218E-08  1.95262E-06
  3.00019E-01  1.49668E+00  4.00824E-08  1.91812E-06
  3.02256E-01  1.45853E+00  3.83945E-08  1.88411E-06
  3.04524E-01  1.42091E+00  3.67576E-08  1.84968E-06
  3.06822E-01  1.38380E+00  3.51714E-08  1.81586E-06
  3.09153E-01  1.34715E+00  3.36330E-08  1.78239E-06
  3.11516E-01  1.31102E+00  3.21431E-08  1.74821E-06
  3.13913E-01  1.27541E+00  3.07011E-08  1.71496E-06
  3.16346E-01  1.24027E+00  2.93042E-08  1.68163E-06
  3.18815E-01  1.20565E+00  2.79536E-08  1.64823E-06
  3.21321E-01  1.17149E+00  2.66465E-08  1.61559E-06
  3.23866E-01  1.13786E+00  2.53830E-08  1.58268E-06
  3.26452E-01  1.10470E+00  2.41621E-08  1.54983E-06
  3.29079E-01  1.07201E+00  2.29830E-08  1.51726E-06
  3.31749E-01  1.03983E+00  2.18447E-08  1.48509E-06
  3.34464E-01  1.00813E+00  2.07459E-08  1.45297E-06
  3.37226E-01  9.76911E-01  1.96862E-08  1.42090E-06
  3.40036E-01  9.46172E-01  1.86646E-08  1.38905E-06
  3.42896E-01  9.15909E-01  1.76803E-08  1.35734E-06
  3.45808E-01  8.86125E-01  1.67326E-08  1.32586E-06
  3.48775E-01  8.56826E-01  1.58205E-08  1.29451E-06
  3.51798E-01  8.27985E-01  1.49431E-08  1.26339E-06
  3.54881E-01  7.99631E-01  1.40998E-08  1.23231E-06
  3.58025E-01  7.71732E-01  1.32898E-08  1.20135E-06
  3.61234E-01  7.44319E-01  1.25123E-08  1.17084E-06
  3.64511E-01  7.17367E-01  1.17661E-08  1.14032E-06
  3.67858E-01  6.90881E-01  1.10511E-08  1.10983E-06
  3.71280E-01  6.64861E-01  1.03662E-08  1.07969E-06
  3.74779E-01  6.39305E-01  9.71062E-09  1.04971E-06
  3.78360E-01  6.14218E-01  9.08382E-09  1.01983E-06
  3.82027E-01  5.89584E-01  8.48481E-09  9.90136E-07
  3.85785E-01  5.65420E-01  7.91318E-09  9.60675E-07
  3.89639E-01  5.41708E-01  7.36778E-09  9.31253E-07
  3.93593E-01  5.18449E-01  6.84838E-09  9.02044E-07
  3.97655E-01  4.95658E-01  6.35396E-09  8.73115E-07
  4.01830E-01  4.73328E-01  5.88409E-09  8.44222E-07
  4.06126E-01  4.51457E-01  5.43801E-09  8.15588E-07
  4.10549E-01  4.30044E-01  5.01491E-09  7.87110E-07
  4.15110E-01  4.09088E-01  4.61428E-09  7.58785E-07
  4.19815E-01  3.88590E-01  4.23540E-09  7.30649E-07
  4.24677E-01  3.68550E-01  3.87766E-09  7.02702E-07
  4.29706E-01  3.48968E-01  3.54039E-09  6.74949E-07
  4.34914E-01  3.29845E-01  3.22297E-09  6.47339E-07
  4.40316E-01  3.11181E-01  2.92481E-09  6.19943E-07
  4.45928E-01  2.92977E-01  2.64524E-09  5.92774E-07
  4.51766E-01  2.75235E-01  2.38366E-09  5.65751E-07
  4.57852E-01  2.57955E-01  2.13953E-09  5.38932E-07
  4.64207E-01  2.41141E-01  1.91218E-09  5.12355E-07
  4.70856E-01  2.24794E-01  1.70105E-09  4.85972E-07
  4.77831E-01  2.08916E-01  1.50553E-09  4.59794E-07
  4.85164E-01  1.93511E-01  1.32509E-09  4.33835E-07
  4.92894E-01  1.78581E-01  1.15914E-09  4.08129E-07
  5.01069E-01  1.64132E-01  1.00708E-09  3.82665E-07
  5.09742E-01  1.50167E-01  8.68361E-10  3.57448E-07
  5.18979E-01  1.36693E-01  7.42421E-10  3.32500E-07
  5.28857E-01  1.23715E-01  6.28698E-10  3.07829E-07
  5.39472E-01  1.11240E-01  5.26634E-10  2.83453E-07
  5.50939E-01  9.92771E-02  4.35667E-10  2.59395E-07
  5.63404E-01  8.78358E-02  3.55243E-10  2.35669E-07
  5.77054E-01  7.69275E-02  2.84803E-10  2.12311E-07
  5.92128E-01  6.65656E-02  2.23781E-10  1.89342E-07
  6.08944E-01  5.67661E-02  1.71615E-10  1.66800E-07
  6.27936E-01  4.75482E-02  1.27731E-10  1.44732E-07
  6.49716E-01  3.89352E-02  9.15475E-11  1.23190E-07
  6.75184E-01  3.09564E-02  6.24681E-11  1.02246E-07
  7.05734E-01  2.36488E-02  3.98800E-11  8.19950E-08
  7.43699E-01  1.70612E-02  2.31431E-11  6.26009E-08
  7.93395E-01  1.12613E-02  1.15804E-11  4.47337E-08
  8.64237E-01  6.35029E-03  4.45721E-12  2.73496E-08
  9.84118E-01  2.50079E-03  9.43158E-13  5.80069E-09
  1.39574E+00  1.35820E-04  7.34816E-15  2.92552E-09
