 -2.64028E-10  2.95995E-05  1.22786E+01  1.48966E+00
  8.53642E-02  2.01197E-04  1.22786E+01  3.21902E+00
  9.84500E-02  3.14201E-04  1.22787E+01  3.69618E+00
  1.12593E-01  5.09467E-04  1.22788E+01  4.15525E+00
  1.24805E-01  7.44837E-04  1.22789E+01  4.55748E+00
  1.35633E-01  1.02205E-03  1.22790E+01  4.91729E+00
  1.45384E-01  1.35225E-03  1.22791E+01  5.24199E+00
  1.54205E-01  1.73660E-03  1.22792E+01  5.53614E+00
  1.62243E-01  2.15083E-03  1.22791E+01  5.80612E+00
  1.69705E-01  2.60437E-03  1.22789E+01  6.05623E+00
  1.76691E-01  3.09279E-03  1.22784E+01  6.28884E+00
  1.83280E-01  3.62209E-03  1.22778E+01  6.50720E+00
  1.89522E-01  4.19337E-03  1.22772E+01  6.71240E+00
  1.95454E-01  4.79914E-03  1.22771E+01  6.90716E+00
  2.01119E-01  5.43241E-03  1.22772E+01  7.09408E+00
  2.06554E-01  6.08810E-03  1.22777E+01  7.27658E+00
  2.11793E-01  6.77485E-03  1.22780E+01  7.45554E+00
  2.16855E-01  7.48924E-03  1.22784E+01  7.63278E+00
  2.21757E-01  8.24427E-03  1.22784E+01  7.80740E+00
  2.26506E-01  9.04968E-03  1.22787E+01  7.97968E+00
  2.31105E-01  9.89870E-03  1.22783E+01  8.14640E+00
  2.35562E-01  1.07660E-02  1.22772E+01  8.30940E+00
  2.39894E-01  1.16724E-02  1.22760E+01  8.46566E+00
  2.44107E-01  1.26057E-02  1.22744E+01  8.61525E+00
  2.48212E-01  1.35531E-02  1.22731E+01  8.75693E+00
  2.52220E-01  1.45331E-02  1.22717E+01  8.89104E+00
  2.56138E-01  1.55171E-02  1.22704E+01  9.01865E+00
  2.59975E-01  1.65566E-02  1.22705E+01  9.14269E+00
  2.63731E-01  1.76037E-02  1.22714E+01  9.26274E+00
  2.67414E-01  1.87153E-02  1.22735E+01  9.38328E+00
  2.71020E-01  1.98296E-02  1.22755E+01  9.50423E+00
  2.74559E-01  2.10047E-02  1.22777E+01  9.62782E+00
  2.78029E-01  2.21796E-02  1.22781E+01  9.75170E+00
  2.81437E-01  2.33934E-02  1.22788E+01  9.87598E+00
  2.84784E-01  2.46076E-02  1.22788E+01  9.99718E+00
  2.88078E-01  2.58547E-02  1.22783E+01  1.01164E+01
  2.91319E-01  2.71335E-02  1.22782E+01  1.02311E+01
  2.94509E-01  2.84123E-02  1.22774E+01  1.03424E+01
  2.97653E-01  2.97437E-02  1.22757E+01  1.04493E+01
  3.00749E-01  3.10946E-02  1.22733E+01  1.05536E+01
  3.03801E-01  3.24749E-02  1.22701E+01  1.06562E+01
  3.06810E-01  3.38687E-02  1.22666E+01  1.07580E+01
  3.09777E-01  3.52864E-02  1.22638E+01  1.08598E+01
  3.12705E-01  3.67346E-02  1.22621E+01  1.09615E+01
  3.15595E-01  3.81901E-02  1.22616E+01  1.10637E+01
  3.18449E-01  3.96870E-02  1.22620E+01  1.11649E+01
  3.21267E-01  4.11899E-02  1.22635E+01  1.12649E+01
  3.24051E-01  4.27186E-02  1.22657E+01  1.13634E+01
  3.26803E-01  4.42860E-02  1.22679E+01  1.14610E+01
  3.29522E-01  4.58740E-02  1.22697E+01  1.15575E+01
  3.32209E-01  4.74938E-02  1.22705E+01  1.16520E+01
  3.34865E-01  4.90696E-02  1.22714E+01  1.17455E+01
  3.37495E-01  5.07166E-02  1.22719E+01  1.18373E+01
  3.40096E-01  5.23878E-02  1.22715E+01  1.19276E+01
  3.42670E-01  5.40142E-02  1.22696E+01  1.20159E+01
  3.45220E-01  5.57291E-02  1.22665E+01  1.21031E+01
  3.47743E-01  5.73960E-02  1.22627E+01  1.21898E+01
  3.50244E-01  5.91660E-02  1.22592E+01  1.22765E+01
  3.52719E-01  6.08490E-02  1.22558E+01  1.23638E+01
  3.55173E-01  6.26158E-02  1.22527E+01  1.24520E+01
  3.57605E-01  6.44100E-02  1.22502E+01  1.25399E+01
  3.60015E-01  6.61677E-02  1.22474E+01  1.26268E+01
  3.62404E-01  6.79994E-02  1.22460E+01  1.27123E+01
  3.64772E-01  6.98479E-02  1.22454E+01  1.27960E+01
  3.67120E-01  7.16884E-02  1.22460E+01  1.28778E+01
  3.69447E-01  7.35234E-02  1.22474E+01  1.29577E+01
  3.71757E-01  7.54087E-02  1.22504E+01  1.30354E+01
  3.74048E-01  7.73122E-02  1.22540E+01  1.31120E+01
  3.76320E-01  7.92502E-02  1.22555E+01  1.31904E+01
  3.78574E-01  8.11251E-02  1.22545E+01  1.32693E+01
  3.80812E-01  8.30521E-02  1.22523E+01  1.33497E+01
  3.83033E-01  8.49481E-02  1.22483E+01  1.34306E+01
  3.85239E-01  8.68986E-02  1.22445E+01  1.35119E+01
  3.87429E-01  8.88437E-02  1.22412E+01  1.35919E+01
  3.89605E-01  9.08382E-02  1.22387E+01  1.36704E+01
  3.91765E-01  9.28326E-02  1.22369E+01  1.37474E+01
  3.93910E-01  9.48163E-02  1.22357E+01  1.38226E+01
  3.96041E-01  9.67820E-02  1.22351E+01  1.38967E+01
  3.98159E-01  9.87908E-02  1.22344E+01  1.39696E+01
  4.00263E-01  1.00881E-01  1.22329E+01  1.40427E+01
  4.02353E-01  1.02863E-01  1.22313E+01  1.41165E+01
  4.04431E-01  1.04853E-01  1.22299E+01  1.41910E+01
  4.06497E-01  1.06995E-01  1.22304E+01  1.42656E+01
  4.08549E-01  1.08987E-01  1.22309E+01  1.43400E+01
  4.10591E-01  1.11077E-01  1.22316E+01  1.44131E+01
  4.12620E-01  1.13178E-01  1.22328E+01  1.44845E+01
  4.14637E-01  1.15241E-01  1.22334E+01  1.45571E+01
  4.16643E-01  1.17369E-01  1.22325E+01  1.46293E+01
  4.18637E-01  1.19469E-01  1.22293E+01  1.47023E+01
  4.20621E-01  1.21485E-01  1.22243E+01  1.47750E+01
  4.22595E-01  1.23636E-01  1.22167E+01  1.48461E+01
  4.24558E-01  1.25573E-01  1.22083E+01  1.49159E+01
  4.26514E-01  1.27705E-01  1.22002E+01  1.49824E+01
  4.28460E-01  1.29852E-01  1.21973E+01  1.50493E+01
  4.30395E-01  1.31902E-01  1.21986E+01  1.51168E+01
  4.32322E-01  1.34122E-01  1.22027E+01  1.51863E+01
  4.34239E-01  1.36305E-01  1.22092E+01  1.52563E+01
  4.36146E-01  1.38505E-01  1.22142E+01  1.53284E+01
  4.38042E-01  1.40673E-01  1.22151E+01  1.53977E+01
  4.39930E-01  1.42701E-01  1.22096E+01  1.54694E+01
  4.41811E-01  1.44841E-01  1.22017E+01  1.55365E+01
  4.43683E-01  1.46917E-01  1.21938E+01  1.56023E+01
  4.45548E-01  1.49024E-01  1.21884E+01  1.56667E+01
  4.47406E-01  1.51209E-01  1.21868E+01  1.57335E+01
  4.49255E-01  1.53336E-01  1.21880E+01  1.58011E+01
  4.51097E-01  1.55460E-01  1.21877E+01  1.58690E+01
  4.52931E-01  1.57693E-01  1.21866E+01  1.59372E+01
  4.54757E-01  1.59783E-01  1.21837E+01  1.60049E+01
  4.56576E-01  1.61927E-01  1.21792E+01  1.60718E+01
  4.58388E-01  1.64000E-01  1.21734E+01  1.61378E+01
  4.60194E-01  1.66122E-01  1.21698E+01  1.62034E+01
  4.61994E-01  1.68247E-01  1.21675E+01  1.62698E+01
  4.63787E-01  1.70416E-01  1.21647E+01  1.63364E+01
  4.65573E-01  1.72417E-01  1.21621E+01  1.64023E+01
  4.67354E-01  1.74689E-01  1.21594E+01  1.64669E+01
  4.69127E-01  1.76794E-01  1.21581E+01  1.65307E+01
  4.70894E-01  1.78812E-01  1.21582E+01  1.65948E+01
  4.72656E-01  1.81066E-01  1.21588E+01  1.66585E+01
  4.74411E-01  1.83119E-01  1.21575E+01  1.67224E+01
  4.76161E-01  1.85146E-01  1.21532E+01  1.67869E+01
  4.77906E-01  1.87305E-01  1.21475E+01  1.68515E+01
  4.79645E-01  1.89421E-01  1.21412E+01  1.69167E+01
  4.81378E-01  1.91286E-01  1.21356E+01  1.69822E+01
  4.83108E-01  1.93552E-01  1.21321E+01  1.70481E+01
  4.84831E-01  1.95478E-01  1.21314E+01  1.71134E+01
  4.86550E-01  1.97649E-01  1.21302E+01  1.71775E+01
  4.88264E-01  1.99718E-01  1.21272E+01  1.72396E+01
  4.89972E-01  2.01637E-01  1.21238E+01  1.73004E+01
  4.91677E-01  2.03735E-01  1.21205E+01  1.73622E+01
  4.93377E-01  2.05772E-01  1.21187E+01  1.74254E+01
  4.95072E-01  2.07946E-01  1.21175E+01  1.74898E+01
  4.96761E-01  2.09780E-01  1.21152E+01  1.75555E+01
  4.98447E-01  2.11854E-01  1.21121E+01  1.76210E+01
  5.00129E-01  2.13846E-01  1.21049E+01  1.76842E+01
  5.01806E-01  2.15742E-01  1.20976E+01  1.77461E+01
  5.03481E-01  2.17685E-01  1.20886E+01  1.78083E+01
  5.05151E-01  2.19649E-01  1.20829E+01  1.78708E+01
  5.06817E-01  2.21534E-01  1.20807E+01  1.79338E+01
  5.08480E-01  2.23529E-01  1.20805E+01  1.79975E+01
  5.10139E-01  2.25466E-01  1.20798E+01  1.80618E+01
  5.11794E-01  2.27486E-01  1.20784E+01  1.81250E+01
  5.13445E-01  2.29178E-01  1.20716E+01  1.81865E+01
  5.15094E-01  2.31123E-01  1.20645E+01  1.82473E+01
  5.16739E-01  2.32941E-01  1.20580E+01  1.83095E+01
  5.18381E-01  2.34819E-01  1.20540E+01  1.83711E+01
  5.20020E-01  2.36664E-01  1.20528E+01  1.84340E+01
  5.21655E-01  2.38603E-01  1.20532E+01  1.84970E+01
  5.23287E-01  2.40560E-01  1.20523E+01  1.85592E+01
  5.24915E-01  2.42341E-01  1.20490E+01  1.86228E+01
  5.26540E-01  2.43944E-01  1.20427E+01  1.86865E+01
  5.28164E-01  2.45842E-01  1.20334E+01  1.87488E+01
  5.29784E-01  2.47410E-01  1.20236E+01  1.88120E+01
  5.31402E-01  2.49171E-01  1.20138E+01  1.88744E+01
  5.33018E-01  2.50775E-01  1.20066E+01  1.89364E+01
  5.34632E-01  2.52557E-01  1.20038E+01  1.89972E+01
  5.36243E-01  2.54216E-01  1.20034E+01  1.90590E+01
  5.37851E-01  2.56056E-01  1.20027E+01  1.91210E+01
  5.39457E-01  2.57656E-01  1.20017E+01  1.91835E+01
  5.41060E-01  2.59350E-01  1.19985E+01  1.92468E+01
  5.42661E-01  2.61169E-01  1.19923E+01  1.93107E+01
  5.44259E-01  2.62478E-01  1.19825E+01  1.93758E+01
  5.45856E-01  2.63981E-01  1.19713E+01  1.94390E+01
  5.47451E-01  2.65707E-01  1.19635E+01  1.95004E+01
  5.49044E-01  2.66970E-01  1.19585E+01  1.95611E+01
  5.50637E-01  2.68712E-01  1.19541E+01  1.96217E+01
  5.52226E-01  2.70073E-01  1.19500E+01  1.96835E+01
  5.53815E-01  2.71803E-01  1.19447E+01  1.97457E+01
  5.55401E-01  2.73000E-01  1.19372E+01  1.98086E+01
  5.56986E-01  2.74713E-01  1.19286E+01  1.98735E+01
  5.58569E-01  2.75945E-01  1.19218E+01  1.99382E+01
  5.60151E-01  2.77399E-01  1.19160E+01  2.00016E+01
  5.61731E-01  2.78858E-01  1.19111E+01  2.00636E+01
  5.63309E-01  2.80297E-01  1.19094E+01  2.01247E+01
  5.64886E-01  2.81568E-01  1.19054E+01  2.01858E+01
  5.66462E-01  2.82890E-01  1.19006E+01  2.02485E+01
  5.68037E-01  2.84531E-01  1.18919E+01  2.03120E+01
  5.69609E-01  2.85344E-01  1.18835E+01  2.03758E+01
  5.71182E-01  2.86506E-01  1.18719E+01  2.04405E+01
  5.72755E-01  2.87876E-01  1.18615E+01  2.05044E+01
  5.74326E-01  2.89242E-01  1.18518E+01  2.05683E+01
  5.75895E-01  2.90138E-01  1.18450E+01  2.06323E+01
  5.77465E-01  2.91278E-01  1.18401E+01  2.06947E+01
  5.79034E-01  2.92595E-01  1.18363E+01  2.07574E+01
  5.80602E-01  2.93842E-01  1.18326E+01  2.08200E+01
  5.82168E-01  2.95276E-01  1.18262E+01  2.08819E+01
  5.83732E-01  2.95813E-01  1.18197E+01  2.09454E+01
  5.85298E-01  2.96990E-01  1.18106E+01  2.10088E+01
  5.86863E-01  2.98172E-01  1.18012E+01  2.10741E+01
  5.88427E-01  2.98907E-01  1.17907E+01  2.11396E+01
  5.89992E-01  2.99944E-01  1.17819E+01  2.12048E+01
  5.91556E-01  3.01097E-01  1.17751E+01  2.12701E+01
  5.93118E-01  3.01987E-01  1.17677E+01  2.13345E+01
  5.94681E-01  3.02808E-01  1.17583E+01  2.13992E+01
  5.96244E-01  3.03667E-01  1.17479E+01  2.14642E+01
  5.97807E-01  3.04293E-01  1.17363E+01  2.15293E+01
  5.99371E-01  3.05348E-01  1.17272E+01  2.15928E+01
  6.00934E-01  3.06131E-01  1.17153E+01  2.16558E+01
  6.02497E-01  3.07023E-01  1.17079E+01  2.17194E+01
  6.04059E-01  3.07612E-01  1.17009E+01  2.17828E+01
  6.05623E-01  3.08298E-01  1.16954E+01  2.18480E+01
  6.07187E-01  3.09163E-01  1.16894E+01  2.19153E+01
  6.08750E-01  3.09939E-01  1.16803E+01  2.19835E+01
  6.10313E-01  3.10528E-01  1.16684E+01  2.20505E+01
  6.11877E-01  3.11293E-01  1.16564E+01  2.21160E+01
  6.13441E-01  3.11232E-01  1.16421E+01  2.21807E+01
  6.15008E-01  3.12213E-01  1.16302E+01  2.22457E+01
  6.16574E-01  3.13057E-01  1.16232E+01  2.23114E+01
  6.18139E-01  3.12982E-01  1.16159E+01  2.23777E+01
  6.19708E-01  3.13800E-01  1.16056E+01  2.24447E+01
  6.21275E-01  3.14549E-01  1.15943E+01  2.25116E+01
  6.22842E-01  3.14379E-01  1.15830E+01  2.25783E+01
  6.24413E-01  3.15148E-01  1.15700E+01  2.26447E+01
  6.25983E-01  3.15645E-01  1.15605E+01  2.27133E+01
  6.27553E-01  3.15741E-01  1.15513E+01  2.27811E+01
  6.29126E-01  3.16386E-01  1.15374E+01  2.28481E+01
  6.30698E-01  3.16157E-01  1.15250E+01  2.29159E+01
  6.32274E-01  3.17059E-01  1.15147E+01  2.29830E+01
  6.33848E-01  3.16609E-01  1.15009E+01  2.30510E+01
  6.35426E-01  3.17591E-01  1.14908E+01  2.31189E+01
  6.37002E-01  3.17062E-01  1.14785E+01  2.31866E+01
  6.38583E-01  3.17582E-01  1.14640E+01  2.32560E+01
  6.40164E-01  3.17386E-01  1.14505E+01  2.33251E+01
  6.41748E-01  3.17717E-01  1.14415E+01  2.33934E+01
  6.43332E-01  3.18180E-01  1.14310E+01  2.34625E+01
  6.44916E-01  3.17630E-01  1.14193E+01  2.35316E+01
  6.46504E-01  3.18110E-01  1.14045E+01  2.36024E+01
  6.48092E-01  3.17996E-01  1.13884E+01  2.36729E+01
  6.49683E-01  3.17598E-01  1.13739E+01  2.37429E+01
  6.51277E-01  3.17635E-01  1.13600E+01  2.38132E+01
  6.52872E-01  3.18164E-01  1.13477E+01  2.38838E+01
  6.54466E-01  3.17441E-01  1.13333E+01  2.39541E+01
  6.56066E-01  3.17291E-01  1.13187E+01  2.40244E+01
  6.57667E-01  3.17039E-01  1.13027E+01  2.40960E+01
  6.59272E-01  3.17025E-01  1.12911E+01  2.41673E+01
  6.60877E-01  3.17322E-01  1.12755E+01  2.42381E+01
  6.62482E-01  3.16510E-01  1.12643E+01  2.43101E+01
  6.64092E-01  3.16017E-01  1.12499E+01  2.43828E+01
  6.65706E-01  3.16042E-01  1.12342E+01  2.44546E+01
  6.67321E-01  3.15497E-01  1.12175E+01  2.45272E+01
  6.68939E-01  3.15285E-01  1.12003E+01  2.45996E+01
  6.70559E-01  3.14878E-01  1.11860E+01  2.46719E+01
  6.72182E-01  3.14209E-01  1.11687E+01  2.47456E+01
  6.73809E-01  3.14033E-01  1.11530E+01  2.48203E+01
  6.75438E-01  3.13361E-01  1.11368E+01  2.48950E+01
  6.77070E-01  3.13005E-01  1.11204E+01  2.49696E+01
  6.78705E-01  3.12361E-01  1.11029E+01  2.50441E+01
  6.80344E-01  3.11730E-01  1.10842E+01  2.51185E+01
  6.81986E-01  3.11225E-01  1.10664E+01  2.51935E+01
  6.83631E-01  3.10730E-01  1.10497E+01  2.52691E+01
  6.85278E-01  3.10065E-01  1.10331E+01  2.53452E+01
  6.86929E-01  3.08801E-01  1.10151E+01  2.54217E+01
  6.88587E-01  3.08434E-01  1.09984E+01  2.54974E+01
  6.90247E-01  3.07698E-01  1.09814E+01  2.55738E+01
  6.91910E-01  3.07456E-01  1.09631E+01  2.56511E+01
  6.93575E-01  3.06173E-01  1.09414E+01  2.57278E+01
  6.95246E-01  3.04984E-01  1.09221E+01  2.58054E+01
  6.96923E-01  3.04442E-01  1.09045E+01  2.58843E+01
  6.98603E-01  3.03997E-01  1.08853E+01  2.59628E+01
  7.00284E-01  3.02271E-01  1.08652E+01  2.60419E+01
  7.01974E-01  3.01667E-01  1.08456E+01  2.61208E+01
  7.03667E-01  3.01189E-01  1.08274E+01  2.62000E+01
  7.05362E-01  2.99763E-01  1.08059E+01  2.62807E+01
  7.07064E-01  2.98609E-01  1.07851E+01  2.63620E+01
  7.08772E-01  2.97639E-01  1.07628E+01  2.64419E+01
  7.10484E-01  2.96691E-01  1.07418E+01  2.65223E+01
  7.12200E-01  2.95314E-01  1.07208E+01  2.66038E+01
  7.13923E-01  2.94565E-01  1.06989E+01  2.66853E+01
  7.15649E-01  2.93068E-01  1.06785E+01  2.67680E+01
  7.17382E-01  2.92474E-01  1.06579E+01  2.68504E+01
  7.19118E-01  2.90489E-01  1.06370E+01  2.69336E+01
  7.20863E-01  2.89862E-01  1.06136E+01  2.70185E+01
  7.22611E-01  2.88146E-01  1.05907E+01  2.71033E+01
  7.24368E-01  2.86859E-01  1.05661E+01  2.71883E+01
  7.26130E-01  2.85913E-01  1.05419E+01  2.72730E+01
  7.27896E-01  2.84282E-01  1.05183E+01  2.73576E+01
  7.29671E-01  2.82699E-01  1.04950E+01  2.74431E+01
  7.31453E-01  2.81696E-01  1.04717E+01  2.75303E+01
  7.33239E-01  2.80497E-01  1.04464E+01  2.76176E+01
  7.35031E-01  2.78778E-01  1.04216E+01  2.77053E+01
  7.36831E-01  2.77038E-01  1.03964E+01  2.77936E+01
  7.38641E-01  2.75353E-01  1.03713E+01  2.78810E+01
  7.40458E-01  2.74302E-01  1.03492E+01  2.79702E+01
  7.42280E-01  2.72513E-01  1.03216E+01  2.80595E+01
  7.44111E-01  2.71154E-01  1.02973E+01  2.81492E+01
  7.45949E-01  2.69592E-01  1.02706E+01  2.82406E+01
  7.47794E-01  2.67693E-01  1.02447E+01  2.83324E+01
  7.49649E-01  2.66161E-01  1.02153E+01  2.84249E+01
  7.51512E-01  2.64549E-01  1.01871E+01  2.85190E+01
  7.53382E-01  2.62752E-01  1.01578E+01  2.86129E+01
  7.55263E-01  2.61318E-01  1.01291E+01  2.87072E+01
  7.57150E-01  2.59107E-01  1.01017E+01  2.88025E+01
  7.59049E-01  2.57152E-01  1.00743E+01  2.88964E+01
  7.60960E-01  2.55621E-01  1.00485E+01  2.89912E+01
  7.62877E-01  2.54275E-01  1.00208E+01  2.90868E+01
  7.64802E-01  2.51923E-01  9.99152E+00  2.91837E+01
  7.66740E-01  2.49983E-01  9.96153E+00  2.92825E+01
  7.68689E-01  2.48571E-01  9.93251E+00  2.93821E+01
  7.70645E-01  2.46031E-01  9.90201E+00  2.94830E+01
  7.72617E-01  2.44621E-01  9.86843E+00  2.95838E+01
  7.74595E-01  2.42080E-01  9.83663E+00  2.96860E+01
  7.76590E-01  2.40676E-01  9.80396E+00  2.97882E+01
  7.78592E-01  2.38121E-01  9.77165E+00  2.98909E+01
  7.80611E-01  2.36463E-01  9.73793E+00  2.99942E+01
  7.82638E-01  2.34300E-01  9.70647E+00  3.00986E+01
  7.84680E-01  2.31913E-01  9.67484E+00  3.02045E+01
  7.86737E-01  2.30045E-01  9.64288E+00  3.03103E+01
  7.88805E-01  2.28117E-01  9.61124E+00  3.04175E+01
  7.90886E-01  2.26150E-01  9.57799E+00  3.05262E+01
  7.92979E-01  2.23576E-01  9.54282E+00  3.06359E+01
  7.95091E-01  2.21370E-01  9.50750E+00  3.07462E+01
  7.97217E-01  2.19246E-01  9.47112E+00  3.08587E+01
  7.99359E-01  2.17042E-01  9.43525E+00  3.09715E+01
  8.01516E-01  2.14646E-01  9.39937E+00  3.10847E+01
  8.03690E-01  2.12445E-01  9.36297E+00  3.11996E+01
  8.05881E-01  2.09845E-01  9.32616E+00  3.13166E+01
  8.08092E-01  2.07970E-01  9.29000E+00  3.14350E+01
  8.10317E-01  2.05642E-01  9.25034E+00  3.15535E+01
  8.12560E-01  2.02835E-01  9.21372E+00  3.16731E+01
  8.14826E-01  2.01071E-01  9.17612E+00  3.17943E+01
  8.17106E-01  1.98072E-01  9.13807E+00  3.19160E+01
  8.19412E-01  1.96230E-01  9.09793E+00  3.20393E+01
  8.21733E-01  1.93442E-01  9.05855E+00  3.21656E+01
  8.24080E-01  1.90882E-01  9.01920E+00  3.22935E+01
  8.26449E-01  1.88756E-01  8.97878E+00  3.24220E+01
  8.28838E-01  1.86111E-01  8.93759E+00  3.25506E+01
  8.31252E-01  1.83655E-01  8.89565E+00  3.26823E+01
  8.33690E-01  1.80934E-01  8.85208E+00  3.28171E+01
  8.36156E-01  1.78323E-01  8.80690E+00  3.29535E+01
  8.38650E-01  1.75765E-01  8.76297E+00  3.30910E+01
  8.41170E-01  1.73403E-01  8.72260E+00  3.32280E+01
  8.43716E-01  1.70787E-01  8.68220E+00  3.33663E+01
  8.46291E-01  1.68104E-01  8.64014E+00  3.35087E+01
  8.48897E-01  1.65584E-01  8.59252E+00  3.36556E+01
  8.51533E-01  1.62714E-01  8.54135E+00  3.38060E+01
  8.54206E-01  1.60001E-01  8.49052E+00  3.39572E+01
  8.56913E-01  1.57319E-01  8.44637E+00  3.41082E+01
  8.59656E-01  1.54759E-01  8.40436E+00  3.42588E+01
  8.62433E-01  1.52151E-01  8.36232E+00  3.44112E+01
  8.65247E-01  1.49464E-01  8.31488E+00  3.45700E+01
  8.68100E-01  1.46363E-01  8.26104E+00  3.47363E+01
  8.71002E-01  1.43789E-01  8.20346E+00  3.49072E+01
  8.73944E-01  1.40770E-01  8.14734E+00  3.50794E+01
  8.76936E-01  1.38003E-01  8.09764E+00  3.52491E+01
  8.79976E-01  1.35343E-01  8.05224E+00  3.54182E+01
  8.83063E-01  1.32553E-01  8.00837E+00  3.55901E+01
  8.86202E-01  1.29829E-01  7.95864E+00  3.57695E+01
  8.89393E-01  1.26693E-01  7.89971E+00  3.59590E+01
  8.92649E-01  1.23978E-01  7.83669E+00  3.61554E+01
  8.95963E-01  1.20933E-01  7.77540E+00  3.63548E+01
  8.99345E-01  1.18011E-01  7.71990E+00  3.65533E+01
  9.02796E-01  1.15052E-01  7.66602E+00  3.67536E+01
  9.06321E-01  1.12289E-01  7.61083E+00  3.69578E+01
  9.09917E-01  1.09235E-01  7.55255E+00  3.71693E+01
  9.13598E-01  1.06325E-01  7.49333E+00  3.73878E+01
  9.17362E-01  1.03340E-01  7.43321E+00  3.76141E+01
  9.21219E-01  1.00371E-01  7.37198E+00  3.78466E+01
  9.25173E-01  9.72982E-02  7.30816E+00  3.80857E+01
  9.29234E-01  9.43055E-02  7.23938E+00  3.83347E+01
  9.33406E-01  9.11382E-02  7.16548E+00  3.85964E+01
  9.37704E-01  8.80485E-02  7.08881E+00  3.88676E+01
  9.42135E-01  8.49958E-02  7.01971E+00  3.91422E+01
  9.46705E-01  8.19891E-02  6.96444E+00  3.94099E+01
  9.51423E-01  7.90888E-02  6.92112E+00  3.96757E+01
  9.56294E-01  7.61023E-02  6.86833E+00  3.99567E+01
  9.61336E-01  7.29220E-02  6.78750E+00  4.02821E+01
  9.66578E-01  6.94998E-02  6.66783E+00  4.06577E+01
  9.72056E-01  6.60174E-02  6.53853E+00  4.10694E+01
  9.77803E-01  6.27520E-02  6.43936E+00  4.14568E+01
  9.83827E-01  5.99202E-02  6.41654E+00  4.17731E+01
  9.90114E-01  5.71578E-02  6.41307E+00  4.20732E+01
  9.96685E-01  5.41298E-02  6.37446E+00  4.24335E+01
  1.00361E+00  5.08663E-02  6.28057E+00  4.28986E+01
  1.01095E+00  4.71851E-02  6.10825E+00  4.34831E+01
  1.01886E+00  4.35050E-02  5.92231E+00  4.41736E+01
  1.02742E+00  4.00066E-02  5.77158E+00  4.47979E+01
  1.03672E+00  3.70481E-02  5.75696E+00  4.53102E+01
  1.04676E+00  3.41331E-02  5.76759E+00  4.57801E+01
  1.05767E+00  3.10624E-02  5.76233E+00  4.63317E+01
  1.06970E+00  2.78918E-02  5.74494E+00  4.69575E+01
  1.08316E+00  2.43930E-02  5.64235E+00  4.78803E+01
  1.09870E+00  2.06334E-02  5.44175E+00  4.91878E+01
  1.11732E+00  1.65364E-02  5.06774E+00  5.10217E+01
  1.14107E+00  1.27602E-02  4.86782E+00  5.30874E+01
  1.17317E+00  9.53908E-03  4.99484E+00  5.54090E+01
  1.22080E+00  2.90015E-03  1.25514E+00  2.99456E+01
  1.49512E+00  1.62357E-04  1.72133E-02  7.99529E+00
