 -4.10578E-11  6.73190E-03  1.04349E+05  9.24845E+00
  1.39849E-02  4.57604E-02  1.04354E+05  1.98968E+01
  1.61286E-02  7.14666E-02  1.04365E+05  2.28436E+01
  1.84454E-02  1.15896E-01  1.04384E+05  2.56729E+01
  2.04457E-02  1.69459E-01  1.04411E+05  2.81450E+01
  2.22191E-02  2.32578E-01  1.04449E+05  3.03571E+01
  2.38158E-02  3.07808E-01  1.04496E+05  3.23574E+01
  2.52600E-02  3.95417E-01  1.04556E+05  3.41753E+01
  2.65756E-02  4.89946E-01  1.04626E+05  3.58502E+01
  2.77967E-02  5.93546E-01  1.04709E+05  3.74167E+01
  2.89392E-02  7.05234E-01  1.04805E+05  3.88931E+01
  3.00165E-02  8.26521E-01  1.04915E+05  4.02913E+01
  3.10364E-02  9.57574E-01  1.05041E+05  4.16238E+01
  3.20052E-02  1.09679E+00  1.05182E+05  4.28980E+01
  3.29297E-02  1.24266E+00  1.05339E+05  4.41233E+01
  3.38161E-02  1.39393E+00  1.05512E+05  4.53068E+01
  3.46699E-02  1.55282E+00  1.05703E+05  4.64499E+01
  3.54941E-02  1.71855E+00  1.05913E+05  4.75504E+01
  3.62916E-02  1.89432E+00  1.06150E+05  4.86048E+01
  3.70635E-02  2.08268E+00  1.06416E+05  4.96152E+01
  3.78100E-02  2.28169E+00  1.06714E+05  5.05920E+01
  3.85325E-02  2.48627E+00  1.07040E+05  5.15573E+01
  3.92336E-02  2.70131E+00  1.07381E+05  5.25237E+01
  3.99144E-02  2.92303E+00  1.07731E+05  5.34847E+01
  4.05767E-02  3.14884E+00  1.08095E+05  5.44296E+01
  4.12224E-02  3.38437E+00  1.08480E+05  5.53420E+01
  4.18523E-02  3.62212E+00  1.08899E+05  5.62115E+01
  4.24682E-02  3.87469E+00  1.09359E+05  5.70490E+01
  4.30698E-02  4.13021E+00  1.09856E+05  5.78688E+01
  4.36585E-02  4.40366E+00  1.10386E+05  5.86964E+01
  4.42337E-02  4.67953E+00  1.10939E+05  5.95425E+01
  4.47969E-02  4.97188E+00  1.11507E+05  6.03919E+01
  4.53477E-02  5.26507E+00  1.12087E+05  6.12205E+01
  4.58875E-02  5.57158E+00  1.12698E+05  6.20179E+01
  4.64164E-02  5.88149E+00  1.13365E+05  6.27914E+01
  4.69353E-02  6.20398E+00  1.14092E+05  6.35637E+01
  4.74444E-02  6.53614E+00  1.14857E+05  6.43445E+01
  4.79438E-02  6.87281E+00  1.15630E+05  6.51271E+01
  4.84345E-02  7.22475E+00  1.16412E+05  6.58979E+01
  4.89162E-02  7.58554E+00  1.17240E+05  6.66485E+01
  4.93893E-02  7.96100E+00  1.18142E+05  6.73855E+01
  4.98539E-02  8.34292E+00  1.19092E+05  6.81175E+01
  5.03104E-02  8.73520E+00  1.20047E+05  6.88553E+01
  5.07591E-02  9.13708E+00  1.21001E+05  6.95966E+01
  5.12003E-02  9.54864E+00  1.22010E+05  7.03265E+01
  5.16342E-02  9.97495E+00  1.23124E+05  7.10416E+01
  5.20609E-02  1.04121E+01  1.24312E+05  7.17574E+01
  5.24806E-02  1.08594E+01  1.25501E+05  7.24900E+01
  5.28935E-02  1.13193E+01  1.26659E+05  7.32347E+01
  5.32999E-02  1.17911E+01  1.27849E+05  7.39587E+01
  5.36997E-02  1.22782E+01  1.29149E+05  7.46441E+01
  5.40932E-02  1.27706E+01  1.30562E+05  7.53172E+01
  5.44807E-02  1.32845E+01  1.32010E+05  7.60219E+01
  5.48621E-02  1.38150E+01  1.33446E+05  7.67679E+01
  5.52374E-02  1.43346E+01  1.34893E+05  7.75129E+01
  5.56074E-02  1.48938E+01  1.36413E+05  7.82220E+01
  5.59716E-02  1.54491E+01  1.38030E+05  7.88908E+01
  5.63305E-02  1.60437E+01  1.39705E+05  7.95484E+01
  5.66837E-02  1.66224E+01  1.41418E+05  8.02128E+01
  5.70318E-02  1.72432E+01  1.43170E+05  8.08900E+01
  5.73746E-02  1.78656E+01  1.44962E+05  8.15859E+01
  5.77124E-02  1.84921E+01  1.46801E+05  8.22960E+01
  5.80454E-02  1.91538E+01  1.48704E+05  8.30041E+01
  5.83734E-02  1.98377E+01  1.50691E+05  8.37010E+01
  5.86964E-02  2.05188E+01  1.52756E+05  8.43874E+01
  5.90149E-02  2.12219E+01  1.54882E+05  8.50683E+01
  5.93287E-02  2.19504E+01  1.57071E+05  8.57416E+01
  5.96380E-02  2.26937E+01  1.59332E+05  8.64047E+01
  5.99428E-02  2.34542E+01  1.61650E+05  8.70632E+01
  6.02433E-02  2.42281E+01  1.64004E+05  8.77239E+01
  6.05395E-02  2.50210E+01  1.66399E+05  8.83871E+01
  6.08315E-02  2.58264E+01  1.68855E+05  8.90503E+01
  6.11195E-02  2.66579E+01  1.71381E+05  8.97129E+01
  6.14034E-02  2.75056E+01  1.73977E+05  9.03765E+01
  6.16835E-02  2.83758E+01  1.76632E+05  9.10402E+01
  6.19596E-02  2.92748E+01  1.79360E+05  9.17007E+01
  6.22318E-02  3.01813E+01  1.82158E+05  9.23545E+01
  6.25004E-02  3.11011E+01  1.85024E+05  9.30041E+01
  6.27653E-02  3.20528E+01  1.87985E+05  9.36534E+01
  6.30266E-02  3.30427E+01  1.91043E+05  9.43047E+01
  6.32842E-02  3.40321E+01  1.94179E+05  9.49554E+01
  6.35384E-02  3.50366E+01  1.97380E+05  9.56029E+01
  6.37892E-02  3.60929E+01  2.00637E+05  9.62419E+01
  6.40365E-02  3.71289E+01  2.03927E+05  9.68683E+01
  6.42807E-02  3.82099E+01  2.07259E+05  9.74833E+01
  6.45217E-02  3.93174E+01  2.10675E+05  9.80934E+01
  6.47594E-02  4.04373E+01  2.14176E+05  9.87104E+01
  6.49941E-02  4.15830E+01  2.17783E+05  9.93288E+01
  6.52257E-02  4.27745E+01  2.21499E+05  9.99483E+01
  6.54542E-02  4.39514E+01  2.25314E+05  1.00567E+02
  6.56798E-02  4.52024E+01  2.29180E+05  1.01183E+02
  6.59024E-02  4.64196E+01  2.33105E+05  1.01790E+02
  6.61223E-02  4.76951E+01  2.37140E+05  1.02394E+02
  6.63393E-02  4.90073E+01  2.41205E+05  1.02995E+02
  6.65535E-02  5.03027E+01  2.45351E+05  1.03587E+02
  6.67651E-02  5.16345E+01  2.49595E+05  1.04171E+02
  6.69741E-02  5.30169E+01  2.53905E+05  1.04752E+02
  6.71804E-02  5.44226E+01  2.58283E+05  1.05345E+02
  6.73842E-02  5.58278E+01  2.62734E+05  1.05931E+02
  6.75854E-02  5.72627E+01  2.67339E+05  1.06499E+02
  6.77843E-02  5.87153E+01  2.71917E+05  1.07080E+02
  6.79808E-02  6.01948E+01  2.76542E+05  1.07663E+02
  6.81749E-02  6.17417E+01  2.81560E+05  1.08194E+02
  6.83667E-02  6.32697E+01  2.86377E+05  1.08756E+02
  6.85562E-02  6.48093E+01  2.91013E+05  1.09383E+02
  6.87436E-02  6.64556E+01  2.96580E+05  1.09839E+02
  6.89286E-02  6.80946E+01  3.01788E+05  1.10324E+02
  6.91114E-02  6.96272E+01  3.06167E+05  1.11130E+02
  6.92925E-02  7.13844E+01  3.12115E+05  1.11432E+02
  6.94712E-02  7.33198E+01  3.19342E+05  1.11740E+02
  6.96473E-02  7.47985E+01  3.22989E+05  1.13023E+02
  6.98220E-02  7.33101E+01  3.05540E+05  1.11144E+02
  7.00024E-02  4.28753E+01  1.03491E+05  5.98249E+01
  7.03138E-02  2.23007E+01  1.77432E+03  4.29817E+00
  7.09147E-02  1.95606E+01  7.61666E-01  2.04379E-02
  7.15984E-02  1.93240E+01  3.05537E-06  7.22791E-07
  7.22885E-02  1.92106E+01  2.82039E-06  4.04116E-10
  7.29805E-02  1.90975E+01  2.79276E-06  4.06351E-10
  7.36744E-02  1.89840E+01  2.76517E-06  4.07140E-10
  7.43703E-02  1.88703E+01  2.73761E-06  4.07842E-10
  7.50681E-02  1.87563E+01  2.71010E-06  4.08514E-10
  7.57679E-02  1.86420E+01  2.68263E-06  4.09134E-10
  7.64697E-02  1.85274E+01  2.65521E-06  4.09702E-10
  7.71735E-02  1.84126E+01  2.62785E-06  4.10220E-10
  7.78794E-02  1.82976E+01  2.60054E-06  4.10693E-10
  7.85873E-02  1.81823E+01  2.57330E-06  4.11127E-10
  7.92973E-02  1.80669E+01  2.54612E-06  4.11503E-10
  8.00094E-02  1.79512E+01  2.51901E-06  4.11840E-10
  8.07236E-02  1.78353E+01  2.49197E-06  4.12138E-10
  8.14400E-02  1.77193E+01  2.46501E-06  4.12384E-10
  8.21586E-02  1.76031E+01  2.43813E-06  4.12585E-10
  8.28793E-02  1.74868E+01  2.41134E-06  4.12739E-10
  8.36023E-02  1.73703E+01  2.38463E-06  4.12848E-10
  8.43275E-02  1.72537E+01  2.35801E-06  4.12922E-10
  8.50549E-02  1.71370E+01  2.33148E-06  4.12946E-10
  8.57847E-02  1.70202E+01  2.30506E-06  4.12926E-10
  8.65167E-02  1.69033E+01  2.27873E-06  4.12860E-10
  8.72511E-02  1.67863E+01  2.25250E-06  4.12771E-10
  8.79879E-02  1.66692E+01  2.22638E-06  4.12622E-10
  8.87270E-02  1.65521E+01  2.20038E-06  4.12438E-10
  8.94685E-02  1.64349E+01  2.17448E-06  4.12204E-10
  9.02124E-02  1.63178E+01  2.14870E-06  4.11946E-10
  9.09588E-02  1.62005E+01  2.12303E-06  4.11633E-10
  9.17076E-02  1.60833E+01  2.09749E-06  4.11287E-10
  9.24589E-02  1.59661E+01  2.07207E-06  4.10899E-10
  9.32128E-02  1.58488E+01  2.04678E-06  4.10469E-10
  9.39692E-02  1.57316E+01  2.02161E-06  4.10002E-10
  9.47281E-02  1.56145E+01  1.99658E-06  4.09499E-10
  9.54897E-02  1.54973E+01  1.97168E-06  4.08963E-10
  9.62539E-02  1.53803E+01  1.94692E-06  4.08370E-10
  9.70207E-02  1.52633E+01  1.92229E-06  4.07760E-10
  9.77902E-02  1.51463E+01  1.89781E-06  4.07109E-10
  9.85624E-02  1.50295E+01  1.87347E-06  4.06417E-10
  9.93373E-02  1.49127E+01  1.84927E-06  4.05690E-10
  1.00115E-01  1.47960E+01  1.82523E-06  4.04932E-10
  1.00895E-01  1.46795E+01  1.80133E-06  4.04117E-10
  1.01679E-01  1.45631E+01  1.77758E-06  4.03264E-10
  1.02465E-01  1.44468E+01  1.75399E-06  4.02783E-10
  1.03254E-01  1.43306E+01  1.73052E-06  4.01540E-10
  1.04045E-01  1.42146E+01  1.70727E-06  4.00276E-10
  1.04840E-01  1.40988E+01  1.68414E-06  3.99689E-10
  1.05638E-01  1.39832E+01  1.66118E-06  3.98651E-10
  1.06438E-01  1.38677E+01  1.63838E-06  3.97622E-10
  1.07242E-01  1.37524E+01  1.61574E-06  3.96567E-10
  1.08049E-01  1.36373E+01  1.59327E-06  3.95470E-10
  1.08858E-01  1.35224E+01  1.57096E-06  3.94349E-10
  1.09671E-01  1.34078E+01  1.54882E-06  3.93207E-10
  1.10487E-01  1.32933E+01  1.52686E-06  3.92023E-10
  1.11306E-01  1.31791E+01  1.50506E-06  3.90816E-10
  1.12128E-01  1.30652E+01  1.48343E-06  3.89584E-10
  1.12954E-01  1.29515E+01  1.46198E-06  3.88309E-10
  1.13782E-01  1.28380E+01  1.44069E-06  3.87019E-10
  1.14614E-01  1.27249E+01  1.41959E-06  3.85700E-10
  1.15449E-01  1.26120E+01  1.39866E-06  3.84350E-10
  1.16288E-01  1.24993E+01  1.37791E-06  3.82978E-10
  1.17130E-01  1.23870E+01  1.35733E-06  3.81582E-10
  1.17975E-01  1.22750E+01  1.33694E-06  3.80159E-10
  1.18824E-01  1.21633E+01  1.31672E-06  3.78699E-10
  1.19676E-01  1.20519E+01  1.29668E-06  3.77233E-10
  1.20532E-01  1.19408E+01  1.27682E-06  3.75732E-10
  1.21391E-01  1.18301E+01  1.25715E-06  3.74213E-10
  1.22254E-01  1.17197E+01  1.23766E-06  3.72669E-10
  1.23121E-01  1.16096E+01  1.21835E-06  3.71096E-10
  1.23991E-01  1.14999E+01  1.19922E-06  3.69513E-10
  1.24864E-01  1.13906E+01  1.18027E-06  3.67903E-10
  1.25742E-01  1.12816E+01  1.16151E-06  3.66264E-10
  1.26623E-01  1.11730E+01  1.14294E-06  3.64615E-10
  1.27508E-01  1.10647E+01  1.12454E-06  3.62938E-10
  1.28397E-01  1.09569E+01  1.10633E-06  3.61239E-10
  1.29290E-01  1.08494E+01  1.08831E-06  3.59528E-10
  1.30186E-01  1.07424E+01  1.07047E-06  3.57804E-10
  1.31087E-01  1.06357E+01  1.05282E-06  3.56053E-10
  1.31991E-01  1.05295E+01  1.03535E-06  3.54273E-10
  1.32900E-01  1.04237E+01  1.01806E-06  3.52491E-10
  1.33812E-01  1.03183E+01  1.00096E-06  3.50691E-10
  1.34729E-01  1.02133E+01  9.84050E-07  3.48861E-10
  1.35650E-01  1.01087E+01  9.67320E-07  3.47021E-10
  1.36575E-01  1.00046E+01  9.50774E-07  3.45171E-10
  1.37504E-01  9.90099E+00  9.34413E-07  3.43297E-10
  1.38438E-01  9.79778E+00  9.18236E-07  3.41417E-10
  1.39376E-01  9.69503E+00  9.02243E-07  3.39519E-10
  1.40318E-01  9.59274E+00  8.86433E-07  3.37602E-10
  1.41264E-01  9.49092E+00  8.70806E-07  3.35671E-10
  1.42216E-01  9.38956E+00  8.55362E-07  3.33725E-10
  1.43171E-01  9.28868E+00  8.40100E-07  3.31772E-10
  1.44131E-01  9.18827E+00  8.25020E-07  3.29808E-10
  1.45096E-01  9.08836E+00  8.10121E-07  3.27827E-10
  1.46065E-01  8.98892E+00  7.95403E-07  3.25834E-10
  1.47040E-01  8.88999E+00  7.80866E-07  3.23825E-10
  1.48018E-01  8.79154E+00  7.66508E-07  3.21804E-10
  1.49002E-01  8.69360E+00  7.52329E-07  3.19783E-10
  1.49991E-01  8.59617E+00  7.38328E-07  3.17747E-10
  1.50984E-01  8.49924E+00  7.24505E-07  3.15698E-10
  1.51982E-01  8.40282E+00  7.10859E-07  3.13637E-10
  1.52986E-01  8.30692E+00  6.97389E-07  3.11574E-10
  1.53994E-01  8.21154E+00  6.84094E-07  3.09501E-10
  1.55008E-01  8.11668E+00  6.70974E-07  3.07416E-10
  1.56026E-01  8.02235E+00  6.58028E-07  3.05324E-10
  1.57050E-01  7.92855E+00  6.45255E-07  3.03219E-10
  1.58080E-01  7.83529E+00  6.32653E-07  3.01110E-10
  1.59114E-01  7.74255E+00  6.20224E-07  2.98992E-10
  1.60154E-01  7.65036E+00  6.07964E-07  2.96874E-10
  1.61200E-01  7.55871E+00  5.95873E-07  2.94746E-10
  1.62251E-01  7.46760E+00  5.83951E-07  2.92605E-10
  1.63308E-01  7.37704E+00  5.72196E-07  2.90460E-10
  1.64370E-01  7.28703E+00  5.60608E-07  2.88323E-10
  1.65438E-01  7.19757E+00  5.49184E-07  2.86168E-10
  1.66512E-01  7.10867E+00  5.37925E-07  2.84012E-10
  1.67592E-01  7.02033E+00  5.26829E-07  2.81842E-10
  1.68678E-01  6.93254E+00  5.15896E-07  2.79683E-10
  1.69769E-01  6.84532E+00  5.05123E-07  2.77508E-10
  1.70867E-01  6.75865E+00  4.94510E-07  2.75334E-10
  1.71971E-01  6.67256E+00  4.84056E-07  2.73155E-10
  1.73082E-01  6.58703E+00  4.73759E-07  2.70981E-10
  1.74198E-01  6.50207E+00  4.63618E-07  2.68792E-10
  1.75321E-01  6.41768E+00  4.53633E-07  2.66607E-10
  1.76451E-01  6.33386E+00  4.43802E-07  2.64418E-10
  1.77587E-01  6.25062E+00  4.34123E-07  2.62226E-10
  1.78729E-01  6.16795E+00  4.24597E-07  2.60035E-10
  1.79879E-01  6.08586E+00  4.15220E-07  2.57842E-10
  1.81035E-01  6.00435E+00  4.05992E-07  2.55649E-10
  1.82198E-01  5.92342E+00  3.96912E-07  2.53446E-10
  1.83368E-01  5.84306E+00  3.87979E-07  2.51251E-10
  1.84545E-01  5.76329E+00  3.79192E-07  2.49060E-10
  1.85729E-01  5.68410E+00  3.70548E-07  2.46857E-10
  1.86921E-01  5.60549E+00  3.62046E-07  2.44660E-10
  1.88120E-01  5.52747E+00  3.53686E-07  2.42463E-10
  1.89326E-01  5.45003E+00  3.45466E-07  2.40269E-10
  1.90540E-01  5.37317E+00  3.37385E-07  2.38074E-10
  1.91762E-01  5.29691E+00  3.29442E-07  2.35881E-10
  1.92991E-01  5.22122E+00  3.21634E-07  2.33684E-10
  1.94228E-01  5.14613E+00  3.13961E-07  2.31486E-10
  1.95474E-01  5.07162E+00  3.06422E-07  2.29304E-10
  1.96727E-01  4.99770E+00  2.99014E-07  2.27122E-10
  1.97989E-01  4.92437E+00  2.91737E-07  2.24929E-10
  1.99259E-01  4.85162E+00  2.84590E-07  2.22746E-10
  2.00537E-01  4.77946E+00  2.77570E-07  2.20564E-10
  2.01824E-01  4.70789E+00  2.70677E-07  2.18386E-10
  2.03120E-01  4.63691E+00  2.63910E-07  2.16211E-10
  2.04424E-01  4.56651E+00  2.57266E-07  2.14037E-10
  2.05738E-01  4.49670E+00  2.50745E-07  2.11867E-10
  2.07060E-01  4.42748E+00  2.44345E-07  2.09704E-10
  2.08392E-01  4.35885E+00  2.38064E-07  2.07542E-10
  2.09733E-01  4.29080E+00  2.31902E-07  2.05383E-10
  2.11084E-01  4.22334E+00  2.25857E-07  2.03229E-10
  2.12444E-01  4.15646E+00  2.19928E-07  2.01079E-10
  2.13815E-01  4.09017E+00  2.14113E-07  1.98934E-10
  2.15195E-01  4.02446E+00  2.08411E-07  1.96791E-10
  2.16585E-01  3.95934E+00  2.02821E-07  1.94655E-10
  2.17986E-01  3.89480E+00  1.97341E-07  1.92525E-10
  2.19397E-01  3.83084E+00  1.91969E-07  1.90396E-10
  2.20819E-01  3.76747E+00  1.86706E-07  1.88275E-10
  2.22252E-01  3.70467E+00  1.81548E-07  1.86158E-10
  2.23696E-01  3.64246E+00  1.76495E-07  1.84046E-10
  2.25151E-01  3.58082E+00  1.71545E-07  1.81945E-10
  2.26617E-01  3.51976E+00  1.66698E-07  1.79844E-10
  2.28095E-01  3.45928E+00  1.61951E-07  1.77748E-10
  2.29585E-01  3.39937E+00  1.57304E-07  1.75660E-10
  2.31087E-01  3.34004E+00  1.52755E-07  1.73579E-10
  2.32601E-01  3.28129E+00  1.48302E-07  1.71504E-10
  2.34128E-01  3.22310E+00  1.43945E-07  1.69434E-10
  2.35667E-01  3.16549E+00  1.39682E-07  1.67369E-10
  2.37219E-01  3.10844E+00  1.35512E-07  1.65313E-10
  2.38784E-01  3.05196E+00  1.31434E-07  1.63263E-10
  2.40363E-01  2.99605E+00  1.27445E-07  1.61220E-10
  2.41955E-01  2.94071E+00  1.23546E-07  1.59181E-10
  2.43562E-01  2.88593E+00  1.19734E-07  1.57154E-10
  2.45182E-01  2.83171E+00  1.16009E-07  1.55130E-10
  2.46818E-01  2.77806E+00  1.12368E-07  1.53114E-10
  2.48468E-01  2.72496E+00  1.08812E-07  1.51106E-10
  2.50133E-01  2.67243E+00  1.05338E-07  1.49103E-10
  2.51813E-01  2.62044E+00  1.01945E-07  1.47110E-10
  2.53509E-01  2.56902E+00  9.86325E-08  1.45125E-10
  2.55221E-01  2.51815E+00  9.53987E-08  1.43145E-10
  2.56950E-01  2.46782E+00  9.22426E-08  1.41171E-10
  2.58695E-01  2.41805E+00  8.91629E-08  1.39208E-10
  2.60458E-01  2.36883E+00  8.61584E-08  1.37252E-10
  2.62238E-01  2.32015E+00  8.32279E-08  1.35302E-10
  2.64036E-01  2.27202E+00  8.03702E-08  1.33363E-10
  2.65852E-01  2.22443E+00  7.75841E-08  1.31430E-10
  2.67687E-01  2.17738E+00  7.48685E-08  1.29504E-10
  2.69542E-01  2.13087E+00  7.22222E-08  1.27586E-10
  2.71416E-01  2.08490E+00  6.96441E-08  1.25677E-10
  2.73310E-01  2.03947E+00  6.71329E-08  1.23776E-10
  2.75224E-01  1.99456E+00  6.46876E-08  1.21882E-10
  2.77160E-01  1.95019E+00  6.23071E-08  1.19998E-10
  2.79117E-01  1.90635E+00  5.99902E-08  1.18121E-10
  2.81097E-01  1.86304E+00  5.77358E-08  1.16251E-10
  2.83099E-01  1.82025E+00  5.55428E-08  1.14391E-10
  2.85125E-01  1.77799E+00  5.34102E-08  1.12539E-10
  2.87175E-01  1.73625E+00  5.13368E-08  1.10696E-10
  2.89249E-01  1.69503E+00  4.93216E-08  1.08860E-10
  2.91349E-01  1.65433E+00  4.73636E-08  1.07034E-10
  2.93475E-01  1.61414E+00  4.54616E-08  1.05215E-10
  2.95627E-01  1.57447E+00  4.36147E-08  1.03403E-10
  2.97807E-01  1.53531E+00  4.18218E-08  1.01602E-10
  3.00016E-01  1.49667E+00  4.00820E-08  9.98093E-11
  3.02253E-01  1.45853E+00  3.83941E-08  9.80249E-11
  3.04521E-01  1.42089E+00  3.67573E-08  9.62473E-11
  3.06819E-01  1.38376E+00  3.51705E-08  9.44797E-11
  3.09150E-01  1.34714E+00  3.36327E-08  9.27204E-11
  3.11513E-01  1.31101E+00  3.21430E-08  9.09683E-11
  3.13911E-01  1.27539E+00  3.07005E-08  8.92266E-11
  3.16343E-01  1.24026E+00  2.93041E-08  8.74926E-11
  3.18812E-01  1.20562E+00  2.79530E-08  8.57666E-11
  3.21319E-01  1.17148E+00  2.66462E-08  8.40502E-11
  3.23864E-01  1.13783E+00  2.53828E-08  8.23419E-11
  3.26449E-01  1.10467E+00  2.41619E-08  8.06422E-11
  3.29077E-01  1.07200E+00  2.29826E-08  7.89518E-11
  3.31747E-01  1.03981E+00  2.18441E-08  7.72690E-11
  3.34462E-01  1.00811E+00  2.07454E-08  7.55950E-11
  3.37224E-01  9.76892E-01  1.96858E-08  7.39295E-11
  3.40034E-01  9.46152E-01  1.86642E-08  7.22724E-11
  3.42894E-01  9.15892E-01  1.76800E-08  7.06241E-11
  3.45806E-01  8.86108E-01  1.67322E-08  6.89851E-11
  3.48773E-01  8.56801E-01  1.58200E-08  6.73532E-11
  3.51797E-01  8.27967E-01  1.49427E-08  6.57312E-11
  3.54880E-01  7.99606E-01  1.40994E-08  6.41171E-11
  3.58024E-01  7.71717E-01  1.32894E-08  6.25119E-11
  3.61233E-01  7.44296E-01  1.25117E-08  6.09151E-11
  3.64510E-01  7.17345E-01  1.17658E-08  5.93270E-11
  3.67857E-01  6.90860E-01  1.10507E-08  5.77478E-11
  3.71279E-01  6.64841E-01  1.03658E-08  5.61774E-11
  3.74778E-01  6.39286E-01  9.71032E-09  5.46147E-11
  3.78360E-01  6.14195E-01  9.08347E-09  5.30615E-11
  3.82027E-01  5.89566E-01  8.48455E-09  5.15170E-11
  3.85785E-01  5.65399E-01  7.91285E-09  4.99813E-11
  3.89639E-01  5.41692E-01  7.36765E-09  4.84539E-11
  3.93593E-01  5.18445E-01  6.84825E-09  4.69364E-11
  3.97655E-01  4.95658E-01  6.35395E-09  4.54266E-11
  4.01830E-01  4.73328E-01  5.88408E-09  4.39264E-11
  4.06126E-01  4.51457E-01  5.43795E-09  4.24355E-11
  4.10549E-01  4.30044E-01  5.01490E-09  4.09528E-11
  4.15110E-01  4.09088E-01  4.61427E-09  3.94801E-11
  4.19815E-01  3.88590E-01  4.23540E-09  3.80162E-11
  4.24677E-01  3.68550E-01  3.87766E-09  3.65620E-11
  4.29706E-01  3.48968E-01  3.54039E-09  3.51172E-11
  4.34914E-01  3.29845E-01  3.22298E-09  3.36820E-11
  4.40316E-01  3.11181E-01  2.92480E-09  3.22569E-11
  4.45928E-01  2.92977E-01  2.64523E-09  3.08414E-11
  4.51766E-01  2.75235E-01  2.38367E-09  2.94361E-11
  4.57852E-01  2.57955E-01  2.13952E-09  2.80417E-11
  4.64207E-01  2.41141E-01  1.91217E-09  2.66578E-11
  4.70856E-01  2.24794E-01  1.70104E-09  2.52848E-11
  4.77831E-01  2.08916E-01  1.50554E-09  2.39229E-11
  4.85164E-01  1.93511E-01  1.32510E-09  2.25730E-11
  4.92894E-01  1.78581E-01  1.15914E-09  2.12353E-11
  5.01069E-01  1.64132E-01  1.00708E-09  1.99100E-11
  5.09742E-01  1.50167E-01  8.68362E-10  1.85982E-11
  5.18979E-01  1.36693E-01  7.42423E-10  1.73001E-11
  5.28857E-01  1.23715E-01  6.28700E-10  1.60166E-11
  5.39472E-01  1.11240E-01  5.26635E-10  1.47482E-11
  5.50939E-01  9.92771E-02  4.35669E-10  1.34964E-11
  5.63404E-01  8.78358E-02  3.55245E-10  1.22620E-11
  5.77054E-01  7.69275E-02  2.84803E-10  1.10467E-11
  5.92128E-01  6.65656E-02  2.23782E-10  9.85151E-12
  6.08944E-01  5.67661E-02  1.71616E-10  8.67870E-12
  6.27936E-01  4.75482E-02  1.27731E-10  7.53049E-12
  6.49716E-01  3.89352E-02  9.15474E-11  6.40969E-12
  6.75184E-01  3.09564E-02  6.24681E-11  5.31987E-12
  7.05734E-01  2.36488E-02  3.98800E-11  4.26625E-12
  7.43699E-01  1.70612E-02  2.31432E-11  3.25716E-12
  7.93395E-01  1.12613E-02  1.15804E-11  2.32751E-12
  8.64237E-01  6.35029E-03  4.45721E-12  1.42305E-12
  9.84118E-01  2.50120E-03  9.43315E-13  3.01782E-13
  1.39569E+00  1.35808E-04  7.34429E-15  1.52205E-13
