 -9.14424E-10  1.26787E-06  6.41280E-02  1.52390E+00
  2.43976E-01  8.61809E-06  6.41278E-02  3.29654E+00
  2.81376E-01  1.34585E-05  6.41288E-02  3.78422E+00
  3.21797E-01  2.18222E-05  6.41294E-02  4.25467E+00
  3.56701E-01  3.19040E-05  6.41297E-02  4.66675E+00
  3.87647E-01  4.37785E-05  6.41305E-02  5.03544E+00
  4.15516E-01  5.79223E-05  6.41322E-02  5.36854E+00
  4.40727E-01  7.43863E-05  6.41340E-02  5.67084E+00
  4.63699E-01  9.21322E-05  6.41362E-02  5.94878E+00
  4.85026E-01  1.11565E-04  6.41389E-02  6.20784E+00
  5.04989E-01  1.32495E-04  6.41425E-02  6.45157E+00
  5.23820E-01  1.55175E-04  6.41452E-02  6.68241E+00
  5.41657E-01  1.79666E-04  6.41485E-02  6.90186E+00
  5.58608E-01  2.05618E-04  6.41498E-02  7.11028E+00
  5.74794E-01  2.32753E-04  6.41496E-02  7.30949E+00
  5.90325E-01  2.60836E-04  6.41466E-02  7.50082E+00
  6.05296E-01  2.90227E-04  6.41416E-02  7.68476E+00
  6.19762E-01  3.20819E-04  6.41352E-02  7.86218E+00
  6.33772E-01  3.53132E-04  6.41272E-02  8.03385E+00
  6.47347E-01  3.87596E-04  6.41188E-02  8.19988E+00
  6.60494E-01  4.23924E-04  6.41094E-02  8.36068E+00
  6.73235E-01  4.61061E-04  6.40981E-02  8.51669E+00
  6.85618E-01  4.99826E-04  6.40878E-02  8.66845E+00
  6.97664E-01  5.39805E-04  6.40762E-02  8.81636E+00
  7.09398E-01  5.80316E-04  6.40627E-02  8.96096E+00
  7.20859E-01  6.22227E-04  6.40464E-02  9.10251E+00
  7.32060E-01  6.64343E-04  6.40308E-02  9.24185E+00
  7.43033E-01  7.08708E-04  6.40153E-02  9.37910E+00
  7.53774E-01  7.53381E-04  6.39988E-02  9.51393E+00
  7.64308E-01  8.00760E-04  6.39836E-02  9.64670E+00
  7.74627E-01  8.48213E-04  6.39656E-02  9.77707E+00
  7.84754E-01  8.98259E-04  6.39491E-02  9.90466E+00
  7.94685E-01  9.48324E-04  6.39335E-02  1.00295E+01
  8.04440E-01  1.00000E-03  6.39195E-02  1.01516E+01
  8.14025E-01  1.05192E-03  6.39080E-02  1.02709E+01
  8.23455E-01  1.10502E-03  6.38932E-02  1.03873E+01
  8.32735E-01  1.15945E-03  6.38770E-02  1.05016E+01
  8.41872E-01  1.21411E-03  6.38588E-02  1.06139E+01
  8.50875E-01  1.27066E-03  6.38376E-02  1.07243E+01
  8.59746E-01  1.32838E-03  6.38147E-02  1.08332E+01
  8.68487E-01  1.38719E-03  6.37906E-02  1.09410E+01
  8.77105E-01  1.44653E-03  6.37603E-02  1.10478E+01
  8.85607E-01  1.50687E-03  6.37299E-02  1.11538E+01
  8.93996E-01  1.56849E-03  6.36979E-02  1.12591E+01
  9.02277E-01  1.63000E-03  6.36653E-02  1.13633E+01
  9.10457E-01  1.69340E-03  6.36274E-02  1.14667E+01
  9.18536E-01  1.75660E-03  6.35888E-02  1.15687E+01
  9.26523E-01  1.82119E-03  6.35532E-02  1.16694E+01
  9.34418E-01  1.88715E-03  6.35251E-02  1.17689E+01
  9.42222E-01  1.95445E-03  6.35022E-02  1.18666E+01
  9.49936E-01  2.02281E-03  6.34855E-02  1.19627E+01
  9.57564E-01  2.08945E-03  6.34666E-02  1.20574E+01
  9.65116E-01  2.15920E-03  6.34463E-02  1.21511E+01
  9.72588E-01  2.22981E-03  6.34175E-02  1.22438E+01
  9.79981E-01  2.29833E-03  6.33774E-02  1.23358E+01
  9.87307E-01  2.37060E-03  6.33278E-02  1.24274E+01
  9.94559E-01  2.44074E-03  6.32769E-02  1.25184E+01
  1.00175E+00  2.51514E-03  6.32232E-02  1.26091E+01
  1.00887E+00  2.58612E-03  6.31771E-02  1.26993E+01
  1.01592E+00  2.66045E-03  6.31379E-02  1.27887E+01
  1.02292E+00  2.73612E-03  6.31019E-02  1.28769E+01
  1.02985E+00  2.81032E-03  6.30674E-02  1.29636E+01
  1.03673E+00  2.88721E-03  6.30344E-02  1.30490E+01
  1.04354E+00  2.96519E-03  6.29988E-02  1.31333E+01
  1.05030E+00  3.04150E-03  6.29548E-02  1.32166E+01
  1.05700E+00  3.11756E-03  6.28955E-02  1.32992E+01
  1.06365E+00  3.19515E-03  6.28354E-02  1.33816E+01
  1.07026E+00  3.27343E-03  6.27694E-02  1.34639E+01
  1.07681E+00  3.35326E-03  6.27085E-02  1.35462E+01
  1.08332E+00  3.43065E-03  6.26543E-02  1.36291E+01
  1.08978E+00  3.51058E-03  6.25953E-02  1.37119E+01
  1.09620E+00  3.58968E-03  6.25399E-02  1.37940E+01
  1.10257E+00  3.67061E-03  6.24841E-02  1.38750E+01
  1.10890E+00  3.75209E-03  6.24296E-02  1.39549E+01
  1.11519E+00  3.83381E-03  6.23657E-02  1.40338E+01
  1.12143E+00  3.91642E-03  6.23101E-02  1.41120E+01
  1.12764E+00  3.99755E-03  6.22505E-02  1.41892E+01
  1.13381E+00  4.07949E-03  6.21935E-02  1.42658E+01
  1.13994E+00  4.16122E-03  6.21401E-02  1.43420E+01
  1.14603E+00  4.24702E-03  6.20849E-02  1.44179E+01
  1.15209E+00  4.32933E-03  6.20322E-02  1.44942E+01
  1.15811E+00  4.40997E-03  6.19598E-02  1.45695E+01
  1.16410E+00  4.49692E-03  6.18828E-02  1.46444E+01
  1.17005E+00  4.57689E-03  6.18012E-02  1.47193E+01
  1.17598E+00  4.66030E-03  6.17175E-02  1.47939E+01
  1.18187E+00  4.74392E-03  6.16296E-02  1.48686E+01
  1.18774E+00  4.82709E-03  6.15544E-02  1.49432E+01
  1.19357E+00  4.91356E-03  6.14828E-02  1.50177E+01
  1.19938E+00  4.99859E-03  6.14223E-02  1.50921E+01
  1.20515E+00  5.08073E-03  6.13567E-02  1.51658E+01
  1.21090E+00  5.17023E-03  6.12873E-02  1.52385E+01
  1.21662E+00  5.24800E-03  6.12070E-02  1.53106E+01
  1.22232E+00  5.33445E-03  6.11060E-02  1.53819E+01
  1.22799E+00  5.41929E-03  6.10003E-02  1.54527E+01
  1.23364E+00  5.49845E-03  6.08942E-02  1.55233E+01
  1.23926E+00  5.58525E-03  6.07924E-02  1.55938E+01
  1.24486E+00  5.66903E-03  6.06990E-02  1.56643E+01
  1.25044E+00  5.75369E-03  6.06246E-02  1.57345E+01
  1.25600E+00  5.84081E-03  6.05678E-02  1.58048E+01
  1.26153E+00  5.92261E-03  6.05029E-02  1.58748E+01
  1.26704E+00  6.01019E-03  6.04332E-02  1.59449E+01
  1.27252E+00  6.09198E-03  6.03420E-02  1.60148E+01
  1.27799E+00  6.17709E-03  6.02472E-02  1.60839E+01
  1.28344E+00  6.26038E-03  6.01495E-02  1.61535E+01
  1.28886E+00  6.34178E-03  6.00424E-02  1.62229E+01
  1.29427E+00  6.42356E-03  5.99264E-02  1.62916E+01
  1.29966E+00  6.50726E-03  5.98189E-02  1.63600E+01
  1.30504E+00  6.58897E-03  5.97183E-02  1.64281E+01
  1.31039E+00  6.67105E-03  5.96117E-02  1.64955E+01
  1.31573E+00  6.75062E-03  5.95049E-02  1.65628E+01
  1.32106E+00  6.83376E-03  5.94153E-02  1.66303E+01
  1.32637E+00  6.91486E-03  5.93206E-02  1.66980E+01
  1.33166E+00  6.99906E-03  5.92241E-02  1.67651E+01
  1.33693E+00  7.07431E-03  5.91151E-02  1.68319E+01
  1.34220E+00  7.15899E-03  5.90002E-02  1.68989E+01
  1.34744E+00  7.23618E-03  5.88767E-02  1.69657E+01
  1.35267E+00  7.31219E-03  5.87643E-02  1.70328E+01
  1.35790E+00  7.39580E-03  5.86564E-02  1.70999E+01
  1.36310E+00  7.47235E-03  5.85638E-02  1.71667E+01
  1.36829E+00  7.54878E-03  5.84575E-02  1.72330E+01
  1.37348E+00  7.62784E-03  5.83407E-02  1.72987E+01
  1.37865E+00  7.70860E-03  5.82025E-02  1.73638E+01
  1.38380E+00  7.77337E-03  5.80515E-02  1.74289E+01
  1.38895E+00  7.85651E-03  5.79177E-02  1.74942E+01
  1.39409E+00  7.92303E-03  5.77906E-02  1.75594E+01
  1.39922E+00  8.00335E-03  5.76964E-02  1.76252E+01
  1.40433E+00  8.08333E-03  5.75930E-02  1.76913E+01
  1.40943E+00  8.14886E-03  5.74834E-02  1.77574E+01
  1.41453E+00  8.22571E-03  5.73596E-02  1.78227E+01
  1.41962E+00  8.29787E-03  5.72276E-02  1.78875E+01
  1.42469E+00  8.37283E-03  5.70973E-02  1.79523E+01
  1.42976E+00  8.43684E-03  5.69602E-02  1.80170E+01
  1.43482E+00  8.51033E-03  5.68307E-02  1.80815E+01
  1.43987E+00  8.57991E-03  5.66987E-02  1.81463E+01
  1.44491E+00  8.64955E-03  5.65604E-02  1.82110E+01
  1.44995E+00  8.71666E-03  5.64267E-02  1.82760E+01
  1.45498E+00  8.78546E-03  5.63034E-02  1.83408E+01
  1.46000E+00  8.85177E-03  5.61693E-02  1.84056E+01
  1.46501E+00  8.91627E-03  5.60135E-02  1.84703E+01
  1.47002E+00  8.97514E-03  5.58561E-02  1.85344E+01
  1.47503E+00  9.04522E-03  5.57146E-02  1.85983E+01
  1.48003E+00  9.10476E-03  5.55858E-02  1.86620E+01
  1.48502E+00  9.16893E-03  5.54482E-02  1.87263E+01
  1.49001E+00  9.23022E-03  5.53211E-02  1.87911E+01
  1.49499E+00  9.29639E-03  5.51862E-02  1.88561E+01
  1.49997E+00  9.35253E-03  5.50472E-02  1.89205E+01
  1.50494E+00  9.41792E-03  5.49005E-02  1.89843E+01
  1.50991E+00  9.47559E-03  5.47393E-02  1.90477E+01
  1.51487E+00  9.52952E-03  5.45778E-02  1.91110E+01
  1.51983E+00  9.58212E-03  5.44249E-02  1.91751E+01
  1.52479E+00  9.64749E-03  5.42967E-02  1.92395E+01
  1.52974E+00  9.69939E-03  5.41614E-02  1.93041E+01
  1.53470E+00  9.75350E-03  5.40133E-02  1.93687E+01
  1.53964E+00  9.80440E-03  5.38567E-02  1.94332E+01
  1.54459E+00  9.85863E-03  5.36870E-02  1.94969E+01
  1.54953E+00  9.90465E-03  5.35189E-02  1.95602E+01
  1.55448E+00  9.95625E-03  5.33614E-02  1.96237E+01
  1.55942E+00  1.00027E-02  5.31980E-02  1.96878E+01
  1.56436E+00  1.00522E-02  5.30294E-02  1.97523E+01
  1.56930E+00  1.01046E-02  5.28719E-02  1.98170E+01
  1.57424E+00  1.01466E-02  5.27274E-02  1.98819E+01
  1.57917E+00  1.01933E-02  5.25768E-02  1.99464E+01
  1.58411E+00  1.02422E-02  5.24267E-02  2.00110E+01
  1.58904E+00  1.02811E-02  5.22798E-02  2.00751E+01
  1.59398E+00  1.03280E-02  5.21075E-02  2.01389E+01
  1.59892E+00  1.03593E-02  5.19262E-02  2.02028E+01
  1.60385E+00  1.04062E-02  5.17441E-02  2.02672E+01
  1.60879E+00  1.04398E-02  5.15683E-02  2.03315E+01
  1.61373E+00  1.04876E-02  5.14120E-02  2.03958E+01
  1.61867E+00  1.05180E-02  5.12542E-02  2.04602E+01
  1.62361E+00  1.05587E-02  5.10929E-02  2.05247E+01
  1.62855E+00  1.05909E-02  5.09212E-02  2.05895E+01
  1.63349E+00  1.06286E-02  5.07468E-02  2.06545E+01
  1.63844E+00  1.06560E-02  5.05707E-02  2.07193E+01
  1.64339E+00  1.06852E-02  5.03916E-02  2.07843E+01
  1.64834E+00  1.07292E-02  5.02187E-02  2.08494E+01
  1.65329E+00  1.07422E-02  5.00557E-02  2.09142E+01
  1.65825E+00  1.07745E-02  4.98894E-02  2.09793E+01
  1.66321E+00  1.08037E-02  4.97045E-02  2.10445E+01
  1.66817E+00  1.08430E-02  4.95320E-02  2.11097E+01
  1.67313E+00  1.08528E-02  4.93569E-02  2.11753E+01
  1.67810E+00  1.08736E-02  4.91638E-02  2.12407E+01
  1.68308E+00  1.09033E-02  4.89846E-02  2.13061E+01
  1.68806E+00  1.09230E-02  4.88013E-02  2.13715E+01
  1.69304E+00  1.09571E-02  4.86187E-02  2.14371E+01
  1.69802E+00  1.09593E-02  4.84509E-02  2.15035E+01
  1.70302E+00  1.09846E-02  4.82981E-02  2.15702E+01
  1.70801E+00  1.10124E-02  4.81272E-02  2.16364E+01
  1.71301E+00  1.10207E-02  4.79537E-02  2.17023E+01
  1.71802E+00  1.10335E-02  4.77408E-02  2.17677E+01
  1.72303E+00  1.10511E-02  4.75258E-02  2.18334E+01
  1.72805E+00  1.10578E-02  4.73195E-02  2.18996E+01
  1.73307E+00  1.10669E-02  4.71311E-02  2.19666E+01
  1.73811E+00  1.10790E-02  4.69665E-02  2.20339E+01
  1.74315E+00  1.10926E-02  4.68008E-02  2.21012E+01
  1.74819E+00  1.11045E-02  4.66225E-02  2.21687E+01
  1.75324E+00  1.11155E-02  4.64328E-02  2.22360E+01
  1.75830E+00  1.11211E-02  4.62331E-02  2.23028E+01
  1.76336E+00  1.11191E-02  4.60349E-02  2.23697E+01
  1.76844E+00  1.11187E-02  4.58434E-02  2.24375E+01
  1.77352E+00  1.11246E-02  4.56627E-02  2.25052E+01
  1.77861E+00  1.11324E-02  4.54637E-02  2.25735E+01
  1.78371E+00  1.11268E-02  4.52656E-02  2.26420E+01
  1.78882E+00  1.11341E-02  4.50725E-02  2.27100E+01
  1.79393E+00  1.11157E-02  4.48931E-02  2.27781E+01
  1.79906E+00  1.11260E-02  4.47049E-02  2.28466E+01
  1.80419E+00  1.11355E-02  4.45164E-02  2.29152E+01
  1.80933E+00  1.11031E-02  4.43260E-02  2.29842E+01
  1.81449E+00  1.11108E-02  4.41266E-02  2.30535E+01
  1.81965E+00  1.11190E-02  4.39418E-02  2.31227E+01
  1.82482E+00  1.10861E-02  4.37272E-02  2.31924E+01
  1.83001E+00  1.10853E-02  4.35091E-02  2.32623E+01
  1.83520E+00  1.10790E-02  4.33101E-02  2.33323E+01
  1.84040E+00  1.10545E-02  4.31133E-02  2.34027E+01
  1.84562E+00  1.10617E-02  4.29242E-02  2.34733E+01
  1.85085E+00  1.10272E-02  4.27187E-02  2.35436E+01
  1.85609E+00  1.10311E-02  4.25163E-02  2.36140E+01
  1.86134E+00  1.09928E-02  4.23073E-02  2.36849E+01
  1.86661E+00  1.09993E-02  4.21196E-02  2.37558E+01
  1.87188E+00  1.09626E-02  4.19347E-02  2.38273E+01
  1.87718E+00  1.09591E-02  4.17495E-02  2.38989E+01
  1.88247E+00  1.09291E-02  4.15509E-02  2.39706E+01
  1.88779E+00  1.09156E-02  4.13422E-02  2.40421E+01
  1.89312E+00  1.08983E-02  4.11311E-02  2.41139E+01
  1.89846E+00  1.08580E-02  4.09201E-02  2.41866E+01
  1.90382E+00  1.08446E-02  4.07159E-02  2.42598E+01
  1.90919E+00  1.08234E-02  4.05177E-02  2.43333E+01
  1.91457E+00  1.07819E-02  4.03120E-02  2.44069E+01
  1.91997E+00  1.07554E-02  4.00931E-02  2.44807E+01
  1.92539E+00  1.07468E-02  3.98761E-02  2.45544E+01
  1.93082E+00  1.06971E-02  3.96719E-02  2.46279E+01
  1.93627E+00  1.06707E-02  3.94760E-02  2.47024E+01
  1.94173E+00  1.06354E-02  3.92747E-02  2.47776E+01
  1.94722E+00  1.06126E-02  3.90707E-02  2.48528E+01
  1.95271E+00  1.05965E-02  3.88729E-02  2.49280E+01
  1.95822E+00  1.05402E-02  3.86734E-02  2.50031E+01
  1.96375E+00  1.04979E-02  3.84606E-02  2.50785E+01
  1.96930E+00  1.04757E-02  3.82409E-02  2.51542E+01
  1.97487E+00  1.04306E-02  3.80241E-02  2.52302E+01
  1.98045E+00  1.03965E-02  3.78271E-02  2.53070E+01
  1.98606E+00  1.03619E-02  3.76257E-02  2.53844E+01
  1.99168E+00  1.03152E-02  3.74292E-02  2.54623E+01
  1.99732E+00  1.02850E-02  3.72156E-02  2.55403E+01
  2.00298E+00  1.02364E-02  3.70013E-02  2.56183E+01
  2.00866E+00  1.01944E-02  3.67812E-02  2.56965E+01
  2.01436E+00  1.01483E-02  3.65672E-02  2.57750E+01
  2.02008E+00  1.01026E-02  3.63593E-02  2.58539E+01
  2.02583E+00  1.00596E-02  3.61365E-02  2.59335E+01
  2.03159E+00  1.00172E-02  3.59213E-02  2.60133E+01
  2.03737E+00  9.96801E-03  3.57130E-02  2.60932E+01
  2.04318E+00  9.90871E-03  3.55072E-02  2.61738E+01
  2.04902E+00  9.86771E-03  3.53037E-02  2.62549E+01
  2.05488E+00  9.81642E-03  3.50866E-02  2.63363E+01
  2.06076E+00  9.78717E-03  3.48746E-02  2.64178E+01
  2.06665E+00  9.71838E-03  3.46718E-02  2.64999E+01
  2.07258E+00  9.65763E-03  3.44554E-02  2.65821E+01
  2.07853E+00  9.61284E-03  3.42383E-02  2.66651E+01
  2.08451E+00  9.56987E-03  3.40196E-02  2.67484E+01
  2.09051E+00  9.49376E-03  3.38126E-02  2.68321E+01
  2.09654E+00  9.44729E-03  3.35983E-02  2.69166E+01
  2.10260E+00  9.40435E-03  3.33788E-02  2.70010E+01
  2.10868E+00  9.33712E-03  3.31655E-02  2.70865E+01
  2.11479E+00  9.27497E-03  3.29530E-02  2.71717E+01
  2.12093E+00  9.21991E-03  3.27356E-02  2.72575E+01
  2.12710E+00  9.16485E-03  3.25120E-02  2.73444E+01
  2.13329E+00  9.09612E-03  3.23004E-02  2.74312E+01
  2.13953E+00  9.04671E-03  3.20787E-02  2.75188E+01
  2.14578E+00  8.97809E-03  3.18823E-02  2.76074E+01
  2.15207E+00  8.93212E-03  3.16706E-02  2.76958E+01
  2.15838E+00  8.84753E-03  3.14480E-02  2.77847E+01
  2.16474E+00  8.80671E-03  3.12485E-02  2.78733E+01
  2.17112E+00  8.72735E-03  3.10266E-02  2.79630E+01
  2.17754E+00  8.66164E-03  3.07933E-02  2.80534E+01
  2.18399E+00  8.60760E-03  3.05677E-02  2.81448E+01
  2.19047E+00  8.53111E-03  3.03379E-02  2.82377E+01
  2.19700E+00  8.45976E-03  3.01262E-02  2.83308E+01
  2.20357E+00  8.40305E-03  2.99068E-02  2.84237E+01
  2.21016E+00  8.34486E-03  2.97029E-02  2.85164E+01
  2.21679E+00  8.26826E-03  2.94952E-02  2.86097E+01
  2.22346E+00  8.19990E-03  2.92892E-02  2.87040E+01
  2.23017E+00  8.12089E-03  2.90752E-02  2.87990E+01
  2.23692E+00  8.07132E-03  2.88639E-02  2.88950E+01
  2.24370E+00  7.98640E-03  2.86162E-02  2.89926E+01
  2.25054E+00  7.91777E-03  2.83839E-02  2.90908E+01
  2.25741E+00  7.84655E-03  2.81506E-02  2.91899E+01
  2.26433E+00  7.76565E-03  2.79235E-02  2.92898E+01
  2.27130E+00  7.69896E-03  2.77078E-02  2.93888E+01
  2.27831E+00  7.62815E-03  2.74970E-02  2.94881E+01
  2.28537E+00  7.55337E-03  2.72925E-02  2.95881E+01
  2.29247E+00  7.49839E-03  2.71022E-02  2.96885E+01
  2.29960E+00  7.41115E-03  2.68926E-02  2.97902E+01
  2.30680E+00  7.33342E-03  2.66817E-02  2.98934E+01
  2.31405E+00  7.26024E-03  2.64392E-02  2.99988E+01
  2.32134E+00  7.19479E-03  2.62016E-02  3.01041E+01
  2.32868E+00  7.10214E-03  2.59611E-02  3.02109E+01
  2.33609E+00  7.02145E-03  2.57316E-02  3.03194E+01
  2.34356E+00  6.95453E-03  2.54980E-02  3.04275E+01
  2.35108E+00  6.86384E-03  2.52814E-02  3.05359E+01
  2.35867E+00  6.80422E-03  2.50698E-02  3.06440E+01
  2.36630E+00  6.71263E-03  2.48666E-02  3.07532E+01
  2.37400E+00  6.65481E-03  2.46613E-02  3.08643E+01
  2.38174E+00  6.56224E-03  2.44417E-02  3.09763E+01
  2.38956E+00  6.49338E-03  2.42222E-02  3.10898E+01
  2.39744E+00  6.40961E-03  2.40034E-02  3.12044E+01
  2.40539E+00  6.32289E-03  2.37749E-02  3.13199E+01
  2.41341E+00  6.24606E-03  2.35360E-02  3.14365E+01
  2.42150E+00  6.17001E-03  2.33168E-02  3.15546E+01
  2.42966E+00  6.09420E-03  2.30915E-02  3.16740E+01
  2.43788E+00  6.00495E-03  2.28665E-02  3.17939E+01
  2.44619E+00  5.92093E-03  2.26350E-02  3.19160E+01
  2.45459E+00  5.84153E-03  2.23999E-02  3.20397E+01
  2.46306E+00  5.75754E-03  2.21582E-02  3.21645E+01
  2.47162E+00  5.67360E-03  2.19257E-02  3.22905E+01
  2.48026E+00  5.58980E-03  2.16891E-02  3.24181E+01
  2.48900E+00  5.50127E-03  2.14728E-02  3.25464E+01
  2.49783E+00  5.43513E-03  2.12777E-02  3.26741E+01
  2.50673E+00  5.35948E-03  2.10805E-02  3.28023E+01
  2.51572E+00  5.27027E-03  2.08986E-02  3.29315E+01
  2.52481E+00  5.20940E-03  2.07174E-02  3.30619E+01
  2.53397E+00  5.11618E-03  2.05178E-02  3.31951E+01
  2.54325E+00  5.04636E-03  2.02852E-02  3.33328E+01
  2.55260E+00  4.94841E-03  2.00252E-02  3.34742E+01
  2.56210E+00  4.85509E-03  1.97329E-02  3.36207E+01
  2.57173E+00  4.76669E-03  1.94176E-02  3.37697E+01
  2.58149E+00  4.66688E-03  1.91106E-02  3.39213E+01
  2.59141E+00  4.57661E-03  1.88189E-02  3.40736E+01
  2.60147E+00  4.48788E-03  1.85711E-02  3.42250E+01
  2.61167E+00  4.40782E-03  1.83795E-02  3.43743E+01
  2.62200E+00  4.34196E-03  1.82699E-02  3.45181E+01
  2.63242E+00  4.28881E-03  1.82107E-02  3.46584E+01
  2.64292E+00  4.22563E-03  1.81529E-02  3.47992E+01
  2.65352E+00  4.15737E-03  1.80410E-02  3.49474E+01
  2.66423E+00  4.07926E-03  1.78300E-02  3.51053E+01
  2.67508E+00  3.98267E-03  1.75339E-02  3.52754E+01
  2.68613E+00  3.88276E-03  1.71868E-02  3.54515E+01
  2.69740E+00  3.78504E-03  1.68511E-02  3.56328E+01
  2.70890E+00  3.68888E-03  1.65033E-02  3.58153E+01
  2.72062E+00  3.59237E-03  1.61686E-02  3.60044E+01
  2.73258E+00  3.49223E-03  1.58026E-02  3.61967E+01
  2.74481E+00  3.39418E-03  1.54926E-02  3.63935E+01
  2.75731E+00  3.31088E-03  1.52106E-02  3.65847E+01
  2.77004E+00  3.23694E-03  1.50750E-02  3.67704E+01
  2.78298E+00  3.18073E-03  1.50303E-02  3.69434E+01
  2.79606E+00  3.12551E-03  1.50094E-02  3.71166E+01
  2.80929E+00  3.07027E-03  1.49809E-02  3.72934E+01
  2.82266E+00  3.00959E-03  1.49240E-02  3.74765E+01
  2.83621E+00  2.94077E-03  1.48418E-02  3.76641E+01
  2.84999E+00  2.87759E-03  1.47242E-02  3.78597E+01
  2.86398E+00  2.80396E-03  1.45824E-02  3.80627E+01
  2.87824E+00  2.72485E-03  1.43811E-02  3.82763E+01
  2.89281E+00  2.64133E-03  1.41416E-02  3.84976E+01
  2.90775E+00  2.55711E-03  1.38544E-02  3.87342E+01
  2.92307E+00  2.46470E-03  1.35357E-02  3.89824E+01
  2.93885E+00  2.36960E-03  1.31582E-02  3.92399E+01
  2.95516E+00  2.27743E-03  1.28095E-02  3.95112E+01
  2.97200E+00  2.18297E-03  1.24210E-02  3.97930E+01
  2.98943E+00  2.08728E-03  1.20506E-02  4.00850E+01
  3.00754E+00  1.99183E-03  1.16161E-02  4.03902E+01
  3.02636E+00  1.89920E-03  1.12634E-02  4.07159E+01
  3.04594E+00  1.80262E-03  1.07905E-02  4.10421E+01
  3.06641E+00  1.72770E-03  1.05872E-02  4.13826E+01
  3.08759E+00  1.66280E-03  1.04244E-02  4.16641E+01
  3.10942E+00  1.60687E-03  1.04311E-02  4.19795E+01
  3.13182E+00  1.57623E-03  1.06484E-02  4.22384E+01
  3.15447E+00  1.55333E-03  1.10402E-02  4.24356E+01
  3.17728E+00  1.56044E-03  1.18563E-02  4.26608E+01
  3.19983E+00  1.50595E-03  1.19028E-02  4.28661E+01
  3.22305E+00  1.44288E-03  1.19165E-02  4.32279E+01
  3.24713E+00  1.38081E-03  1.18971E-02  4.35409E+01
  3.27215E+00  1.29907E-03  1.16266E-02  4.39554E+01
  3.29858E+00  1.22494E-03  1.14783E-02  4.43303E+01
  3.32646E+00  1.14300E-03  1.11623E-02  4.47896E+01
  3.35617E+00  1.06663E-03  1.09992E-02  4.52335E+01
  3.38785E+00  9.80802E-04  1.05653E-02  4.57840E+01
  3.42213E+00  8.97891E-04  1.02873E-02  4.63332E+01
  3.45941E+00  8.05362E-04  9.65661E-03  4.70271E+01
  3.50080E+00  7.15747E-04  9.19649E-03  4.77612E+01
  3.54720E+00  6.16971E-04  8.29618E-03  4.87119E+01
  3.60083E+00  5.32011E-04  7.86655E-03  4.97044E+01
  3.66285E+00  4.60809E-04  7.43925E-03  5.07131E+01
  3.73438E+00  3.94111E-04  7.44552E-03  5.18148E+01
  3.81829E+00  3.34475E-04  7.50906E-03  5.31006E+01
  3.91838E+00  2.62810E-04  7.55515E-03  5.45570E+01
  4.04982E+00  1.95620E-04  8.01166E-03  5.68063E+01
  4.24337E+00  1.35278E-04  1.04491E-02  5.87696E+01
  4.77761E+00  5.52669E-05  1.56682E-02  6.14879E+01
