 -1.17233E-11  2.23665E-01  1.02072E-03  8.63467E-04
  4.35015E-03  2.37208E-01  1.03090E-03  1.98149E-03
  7.14043E-03  2.41486E-01  1.04533E-03  2.80154E-03
  9.93178E-03  2.33023E-01  1.05065E-03  3.54611E-03
  1.28246E-02  1.45392E+00  1.05151E-03  3.90534E-03
  1.33730E-02  1.66260E+00  1.05165E-03  3.97770E-03
  1.40047E-02  1.82920E+00  1.05283E-03  4.04876E-03
  1.47144E-02  2.24905E+00  1.05545E-03  4.17359E-03
  1.53998E-02  2.67154E+00  1.06011E-03  4.38811E-03
  1.60683E-02  3.13465E+00  1.07149E-03  4.69070E-03
  1.67162E-02  3.62637E+00  1.09319E-03  5.02503E-03
  1.73439E-02  4.16178E+00  1.11909E-03  5.30344E-03
  1.79500E-02  4.77892E+00  1.13658E-03  5.48287E-03
  1.85298E-02  5.47146E+00  1.14257E-03  5.60042E-03
  1.90821E-02  6.24613E+00  1.14638E-03  5.68003E-03
  1.96070E-02  7.13463E+00  1.15644E-03  5.73660E-03
  2.01031E-02  8.16430E+00  1.18107E-03  5.96173E-03
  2.05697E-02  9.33947E+00  1.22016E-03  6.26170E-03
  2.10071E-02  1.05996E+01  1.25967E-03  6.49723E-03
  2.14195E-02  1.18739E+01  1.28755E-03  6.61689E-03
  2.18123E-02  1.31443E+01  1.30047E-03  6.67029E-03
  2.21898E-02  1.44640E+01  1.30668E-03  6.68789E-03
  2.25539E-02  1.59686E+01  1.32446E-03  6.72084E-03
  2.29030E-02  1.77413E+01  1.37054E-03  6.91160E-03
  2.32351E-02  1.96075E+01  1.43958E-03  7.18744E-03
  2.35521E-02  2.12039E+01  1.50767E-03  7.44255E-03
  2.38607E-02  2.25095E+01  1.56293E-03  7.62174E-03
  2.41662E-02  2.38081E+01  1.60255E-03  7.71428E-03
  2.44691E-02  2.52903E+01  1.62548E-03  7.74619E-03
  2.47674E-02  2.70407E+01  1.64440E-03  7.75972E-03
  2.50589E-02  2.92614E+01  1.68301E-03  7.84121E-03
  2.53399E-02  3.20286E+01  1.75889E-03  8.03561E-03
  2.56076E-02  3.52401E+01  1.85995E-03  8.29215E-03
  2.58610E-02  3.87320E+01  1.97124E-03  8.55120E-03
  2.61011E-02  4.23169E+01  2.08009E-03  8.77484E-03
  2.63297E-02  4.59210E+01  2.17413E-03  8.94466E-03
  2.65488E-02  4.94325E+01  2.25046E-03  9.04427E-03
  2.67603E-02  5.28001E+01  2.30069E-03  9.07424E-03
  2.69658E-02  5.61170E+01  2.34073E-03  9.08874E-03
  2.71664E-02  5.95925E+01  2.38641E-03  9.13042E-03
  2.73621E-02  6.35634E+01  2.48014E-03  9.21558E-03
  2.75521E-02  6.74420E+01  2.59003E-03  9.35458E-03
  2.77375E-02  7.15570E+01  2.72721E-03  9.53209E-03
  2.79181E-02  7.62476E+01  2.89136E-03  9.67291E-03
  2.80933E-02  8.08062E+01  3.01647E-03  9.80401E-03
  2.82640E-02  8.69574E+01  3.20864E-03  1.01285E-02
  2.84278E-02  9.21900E+01  3.30717E-03  1.00700E-02
  2.85871E-02  6.44993E+01  1.61840E-03  6.92074E-03
  2.88214E-02  3.04136E+01  4.97904E-05  6.91328E-04
  2.93258E-02  2.55999E+01  4.57357E-06  6.21722E-06
  2.99264E-02  2.53611E+01  4.48080E-06  1.03883E-06
  3.05319E-02  2.52959E+01  4.46160E-06  1.05440E-06
  3.11383E-02  2.52302E+01  4.44223E-06  1.07643E-06
  3.17454E-02  2.51622E+01  4.42237E-06  1.09646E-06
  3.23533E-02  2.50938E+01  4.40235E-06  1.11082E-06
  3.29621E-02  2.50239E+01  4.38196E-06  1.12753E-06
  3.35716E-02  2.49536E+01  4.36142E-06  1.14265E-06
  3.41821E-02  2.48818E+01  4.34056E-06  1.16011E-06
  3.47934E-02  2.48092E+01  4.31944E-06  1.17594E-06
  3.54055E-02  2.47352E+01  4.29803E-06  1.19178E-06
  3.60186E-02  2.46604E+01  4.27639E-06  1.20707E-06
  3.66326E-02  2.45849E+01  4.25456E-06  1.22153E-06
  3.72475E-02  2.45081E+01  4.23246E-06  1.23833E-06
  3.78633E-02  2.44304E+01  4.21010E-06  1.25299E-06
  3.84801E-02  2.43518E+01  4.18755E-06  1.26728E-06
  3.90979E-02  2.42718E+01  4.16468E-06  1.28349E-06
  3.97166E-02  2.41914E+01  4.14168E-06  1.29717E-06
  4.03364E-02  2.41097E+01  4.11842E-06  1.31069E-06
  4.09572E-02  2.40275E+01  4.09501E-06  1.32514E-06
  4.15790E-02  2.39440E+01  4.07134E-06  1.33959E-06
  4.22019E-02  2.38597E+01  4.04747E-06  1.35284E-06
  4.28259E-02  2.37746E+01  4.02344E-06  1.36585E-06
  4.34509E-02  2.36884E+01  3.99916E-06  1.37904E-06
  4.40771E-02  2.36016E+01  3.97474E-06  1.39258E-06
  4.47043E-02  2.35136E+01  3.95010E-06  1.40646E-06
  4.53327E-02  2.34249E+01  3.92530E-06  1.41828E-06
  4.59623E-02  2.33354E+01  3.90032E-06  1.42959E-06
  4.65930E-02  2.32452E+01  3.87524E-06  1.44245E-06
  4.72249E-02  2.31542E+01  3.84994E-06  1.45483E-06
  4.78581E-02  2.30621E+01  3.82447E-06  1.46664E-06
  4.84924E-02  2.29693E+01  3.79889E-06  1.47813E-06
  4.91280E-02  2.28758E+01  3.77313E-06  1.48904E-06
  4.97648E-02  2.27815E+01  3.74725E-06  1.49987E-06
  5.04029E-02  2.26867E+01  3.72126E-06  1.51207E-06
  5.10423E-02  2.25906E+01  3.69506E-06  1.52220E-06
  5.16830E-02  2.24942E+01  3.66882E-06  1.53130E-06
  5.23250E-02  2.23972E+01  3.64246E-06  1.54298E-06
  5.29684E-02  2.22990E+01  3.61591E-06  1.55345E-06
  5.36131E-02  2.22003E+01  3.58929E-06  1.56216E-06
  5.42592E-02  2.21012E+01  3.56260E-06  1.57213E-06
  5.49067E-02  2.20010E+01  3.53577E-06  1.58145E-06
  5.55556E-02  2.19007E+01  3.50889E-06  1.58986E-06
  5.62059E-02  2.17993E+01  3.48188E-06  1.59946E-06
  5.68576E-02  2.16975E+01  3.45481E-06  1.60838E-06
  5.75109E-02  2.15950E+01  3.42764E-06  1.61650E-06
  5.81656E-02  2.14920E+01  3.40043E-06  1.62520E-06
  5.88218E-02  2.13881E+01  3.37311E-06  1.63304E-06
  5.94795E-02  2.12839E+01  3.34575E-06  1.64025E-06
  6.01388E-02  2.11792E+01  3.31834E-06  1.64849E-06
  6.07996E-02  2.10738E+01  3.29087E-06  1.65614E-06
  6.14620E-02  2.09678E+01  3.26335E-06  1.65754E-06
  6.21260E-02  2.08621E+01  3.23587E-06  1.66951E-06
  6.27915E-02  2.07544E+01  3.20818E-06  1.68162E-06
  6.34587E-02  2.06469E+01  3.18054E-06  1.68286E-06
  6.41276E-02  2.05388E+01  3.15282E-06  1.68968E-06
  6.47981E-02  2.04303E+01  3.12515E-06  1.69497E-06
  6.54703E-02  2.03217E+01  3.09746E-06  1.70034E-06
  6.61442E-02  2.02123E+01  3.06974E-06  1.70688E-06
  6.68198E-02  2.01023E+01  3.04197E-06  1.71225E-06
  6.74972E-02  1.99925E+01  3.01427E-06  1.71697E-06
  6.81763E-02  1.98818E+01  2.98653E-06  1.72213E-06
  6.88573E-02  1.97708E+01  2.95879E-06  1.72690E-06
  6.95400E-02  1.96594E+01  2.93106E-06  1.73148E-06
  7.02245E-02  1.95477E+01  2.90335E-06  1.73588E-06
  7.09108E-02  1.94355E+01  2.87564E-06  1.74000E-06
  7.15991E-02  1.93231E+01  2.84796E-06  1.74365E-06
  7.22892E-02  1.92103E+01  2.82031E-06  1.74815E-06
  7.29812E-02  1.90969E+01  2.79265E-06  1.75132E-06
  7.36751E-02  1.89837E+01  2.76508E-06  1.75387E-06
  7.43709E-02  1.88698E+01  2.73750E-06  1.75721E-06
  7.50688E-02  1.87559E+01  2.71002E-06  1.75998E-06
  7.57686E-02  1.86417E+01  2.68255E-06  1.76297E-06
  7.64703E-02  1.85271E+01  2.65513E-06  1.76553E-06
  7.71742E-02  1.84123E+01  2.62777E-06  1.76765E-06
  7.78800E-02  1.82973E+01  2.60046E-06  1.76954E-06
  7.85879E-02  1.81820E+01  2.57322E-06  1.77155E-06
  7.92979E-02  1.80665E+01  2.54604E-06  1.77316E-06
  8.00100E-02  1.79509E+01  2.51893E-06  1.77450E-06
  8.07243E-02  1.78350E+01  2.49190E-06  1.77572E-06
  8.14407E-02  1.77190E+01  2.46494E-06  1.77692E-06
  8.21592E-02  1.76028E+01  2.43806E-06  1.77786E-06
  8.28800E-02  1.74865E+01  2.41127E-06  1.77838E-06
  8.36029E-02  1.73700E+01  2.38456E-06  1.77890E-06
  8.43282E-02  1.72534E+01  2.35794E-06  1.77926E-06
  8.50556E-02  1.71367E+01  2.33142E-06  1.77936E-06
  8.57854E-02  1.70199E+01  2.30499E-06  1.77922E-06
  8.65174E-02  1.69030E+01  2.27866E-06  1.77902E-06
  8.72518E-02  1.67860E+01  2.25244E-06  1.77848E-06
  8.79885E-02  1.66689E+01  2.22633E-06  1.77779E-06
  8.87276E-02  1.65518E+01  2.20032E-06  1.77707E-06
  8.94691E-02  1.64347E+01  2.17442E-06  1.77604E-06
  9.02131E-02  1.63175E+01  2.14865E-06  1.77514E-06
  9.09594E-02  1.62003E+01  2.12298E-06  1.77358E-06
  9.17083E-02  1.60830E+01  2.09745E-06  1.77214E-06
  9.24596E-02  1.59658E+01  2.07202E-06  1.77053E-06
  9.32134E-02  1.58486E+01  2.04674E-06  1.76857E-06
  9.39698E-02  1.57314E+01  2.02157E-06  1.76668E-06
  9.47288E-02  1.56143E+01  1.99654E-06  1.76453E-06
  9.54904E-02  1.54971E+01  1.97164E-06  1.76218E-06
  9.62545E-02  1.53802E+01  1.94689E-06  1.75942E-06
  9.70213E-02  1.52630E+01  1.92226E-06  1.75715E-06
  9.77908E-02  1.51461E+01  1.89777E-06  1.75386E-06
  9.85630E-02  1.50294E+01  1.87345E-06  1.75118E-06
  9.93379E-02  1.49125E+01  1.84923E-06  1.74852E-06
  1.00116E-01  1.47958E+01  1.82519E-06  1.74475E-06
  1.00896E-01  1.46793E+01  1.80129E-06  1.74132E-06
  1.01679E-01  1.45629E+01  1.77754E-06  1.73768E-06
  1.02465E-01  1.44466E+01  1.75395E-06  1.73508E-06
  1.03254E-01  1.43304E+01  1.73048E-06  1.73018E-06
  1.04046E-01  1.42144E+01  1.70723E-06  1.72514E-06
  1.04841E-01  1.40986E+01  1.68411E-06  1.72213E-06
  1.05638E-01  1.39830E+01  1.66114E-06  1.71770E-06
  1.06439E-01  1.38676E+01  1.63836E-06  1.71330E-06
  1.07243E-01  1.37522E+01  1.61571E-06  1.70885E-06
  1.08049E-01  1.36371E+01  1.59323E-06  1.70409E-06
  1.08859E-01  1.35222E+01  1.57093E-06  1.69886E-06
  1.09672E-01  1.34077E+01  1.54880E-06  1.69411E-06
  1.10488E-01  1.32933E+01  1.52684E-06  1.68947E-06
  1.11307E-01  1.31790E+01  1.50503E-06  1.68396E-06
  1.12129E-01  1.30652E+01  1.48342E-06  1.67866E-06
  1.12954E-01  1.29513E+01  1.46195E-06  1.67325E-06
  1.13783E-01  1.28379E+01  1.44067E-06  1.66765E-06
  1.14615E-01  1.27247E+01  1.41956E-06  1.66158E-06
  1.15450E-01  1.26119E+01  1.39865E-06  1.65609E-06
  1.16289E-01  1.24993E+01  1.37789E-06  1.65021E-06
  1.17131E-01  1.23870E+01  1.35732E-06  1.64418E-06
  1.17976E-01  1.22749E+01  1.33691E-06  1.63840E-06
  1.18825E-01  1.21632E+01  1.31669E-06  1.63177E-06
  1.19677E-01  1.20518E+01  1.29666E-06  1.62506E-06
  1.20533E-01  1.19408E+01  1.27682E-06  1.61889E-06
  1.21392E-01  1.18301E+01  1.25714E-06  1.61277E-06
  1.22255E-01  1.17196E+01  1.23764E-06  1.60575E-06
  1.23121E-01  1.16095E+01  1.21833E-06  1.59961E-06
  1.23991E-01  1.14998E+01  1.19920E-06  1.58568E-06
  1.24865E-01  1.13920E+01  1.18042E-06  1.58482E-06
  1.25742E-01  1.12817E+01  1.16151E-06  1.58480E-06
  1.26624E-01  1.11729E+01  1.14293E-06  1.57060E-06
  1.27509E-01  1.10647E+01  1.12453E-06  1.56364E-06
  1.28397E-01  1.09570E+01  1.10634E-06  1.55655E-06
  1.29290E-01  1.08494E+01  1.08830E-06  1.54936E-06
  1.30187E-01  1.07423E+01  1.07046E-06  1.54175E-06
  1.31087E-01  1.06356E+01  1.05281E-06  1.53403E-06
  1.31992E-01  1.05296E+01  1.03535E-06  1.52651E-06
  1.32900E-01  1.04236E+01  1.01805E-06  1.51901E-06
  1.33813E-01  1.03182E+01  1.00096E-06  1.51089E-06
  1.34729E-01  1.02134E+01  9.84056E-07  1.50298E-06
  1.35650E-01  1.01088E+01  9.67327E-07  1.49555E-06
  1.36575E-01  1.00046E+01  9.50764E-07  1.48736E-06
  1.37505E-01  9.90110E+00  9.34418E-07  1.47919E-06
  1.38438E-01  9.79773E+00  9.18227E-07  1.47133E-06
  1.39376E-01  9.69498E+00  9.02235E-07  1.46273E-06
  1.40318E-01  9.59284E+00  8.86438E-07  1.45469E-06
  1.41265E-01  9.49086E+00  8.70796E-07  1.44655E-06
  1.42216E-01  9.38951E+00  8.55353E-07  1.43797E-06
  1.43172E-01  9.28863E+00  8.40092E-07  1.42940E-06
  1.44132E-01  9.18836E+00  8.25024E-07  1.42108E-06
  1.45096E-01  9.08831E+00  8.10114E-07  1.41275E-06
  1.46066E-01  8.98888E+00  7.95396E-07  1.40381E-06
  1.47040E-01  8.89008E+00  7.80870E-07  1.39531E-06
  1.48019E-01  8.79150E+00  7.66500E-07  1.38679E-06
  1.49002E-01  8.69356E+00  7.52321E-07  1.37776E-06
  1.49991E-01  8.59625E+00  7.38332E-07  1.36900E-06
  1.50984E-01  8.49933E+00  7.24509E-07  1.36044E-06
  1.51983E-01  8.40278E+00  7.10852E-07  1.35142E-06
  1.52986E-01  8.30701E+00  6.97393E-07  1.34251E-06
  1.53994E-01  8.21150E+00  6.84088E-07  1.33373E-06
  1.55008E-01  8.11666E+00  6.70969E-07  1.32449E-06
  1.56027E-01  8.02244E+00  6.58032E-07  1.31560E-06
  1.57051E-01  7.92852E+00  6.45250E-07  1.30664E-06
  1.58080E-01  7.83526E+00  6.32649E-07  1.29745E-06
  1.59115E-01  7.74253E+00  6.20219E-07  1.28816E-06
  1.60155E-01  7.65045E+00  6.07970E-07  1.27911E-06
  1.61200E-01  7.55869E+00  5.95871E-07  1.27018E-06
  1.62251E-01  7.46758E+00  5.83947E-07  1.26078E-06
  1.63308E-01  7.37712E+00  5.72201E-07  1.25143E-06
  1.64370E-01  7.28711E+00  5.60614E-07  1.24237E-06
  1.65438E-01  7.19755E+00  5.49182E-07  1.23306E-06
  1.66512E-01  7.10875E+00  5.37931E-07  1.22381E-06
  1.67592E-01  7.02031E+00  5.26826E-07  1.21451E-06
  1.68678E-01  6.93252E+00  5.15894E-07  1.20504E-06
  1.69770E-01  6.84539E+00  5.05127E-07  1.19578E-06
  1.70867E-01  6.75864E+00  4.94508E-07  1.18631E-06
  1.71971E-01  6.67263E+00  4.84061E-07  1.17702E-06
  1.73082E-01  6.58701E+00  4.73757E-07  1.16774E-06
  1.74198E-01  6.50205E+00  4.63615E-07  1.15818E-06
  1.75321E-01  6.41767E+00  4.53632E-07  1.14870E-06
  1.76451E-01  6.33393E+00  4.43806E-07  1.13935E-06
  1.77587E-01  6.25069E+00  4.34126E-07  1.12991E-06
  1.78729E-01  6.16802E+00  4.24601E-07  1.12046E-06
  1.79879E-01  6.08585E+00  4.15219E-07  1.11103E-06
  1.81035E-01  6.00442E+00  4.05995E-07  1.10159E-06
  1.82198E-01  5.92341E+00  3.96910E-07  1.09206E-06
  1.83368E-01  5.84305E+00  3.87979E-07  1.08250E-06
  1.84545E-01  5.76335E+00  3.79196E-07  1.07320E-06
  1.85729E-01  5.68409E+00  3.70546E-07  1.06374E-06
  1.86921E-01  5.60556E+00  3.62049E-07  1.05421E-06
  1.88120E-01  5.52746E+00  3.53685E-07  1.04480E-06
  1.89326E-01  5.45002E+00  3.45464E-07  1.03525E-06
  1.90540E-01  5.37330E+00  3.37393E-07  1.02574E-06
  1.91762E-01  5.29690E+00  3.29442E-07  1.01639E-06
  1.92991E-01  5.22128E+00  3.21637E-07  1.00698E-06
  1.94228E-01  5.14613E+00  3.13960E-07  9.97409E-07
  1.95474E-01  5.07168E+00  3.06426E-07  9.88034E-07
  1.96727E-01  4.99770E+00  2.99013E-07  9.78671E-07
  1.97989E-01  4.92442E+00  2.91741E-07  9.69172E-07
  1.99259E-01  4.85162E+00  2.84589E-07  9.59797E-07
  2.00537E-01  4.77952E+00  2.77573E-07  9.50359E-07
  2.01824E-01  4.70789E+00  2.70677E-07  9.41015E-07
  2.03120E-01  4.63691E+00  2.63909E-07  9.31627E-07
  2.04424E-01  4.56651E+00  2.57266E-07  9.22297E-07
  2.05738E-01  4.49670E+00  2.50743E-07  9.12912E-07
  2.07060E-01  4.42748E+00  2.44345E-07  9.03555E-07
  2.08392E-01  4.35885E+00  2.38064E-07  8.94290E-07
  2.09733E-01  4.29080E+00  2.31902E-07  8.84968E-07
  2.11084E-01  4.22334E+00  2.25857E-07  8.75698E-07
  2.12444E-01  4.15646E+00  2.19927E-07  8.66430E-07
  2.13815E-01  4.09017E+00  2.14112E-07  8.57176E-07
  2.15195E-01  4.02446E+00  2.08411E-07  8.47945E-07
  2.16585E-01  3.95934E+00  2.02821E-07  8.38738E-07
  2.17986E-01  3.89480E+00  1.97341E-07  8.29568E-07
  2.19397E-01  3.83084E+00  1.91969E-07  8.20400E-07
  2.20819E-01  3.76747E+00  1.86705E-07  8.11250E-07
  2.22252E-01  3.70467E+00  1.81548E-07  8.02138E-07
  2.23696E-01  3.64246E+00  1.76494E-07  7.93035E-07
  2.25151E-01  3.58082E+00  1.71545E-07  7.83970E-07
  2.26617E-01  3.51976E+00  1.66698E-07  7.74931E-07
  2.28095E-01  3.45928E+00  1.61951E-07  7.65897E-07
  2.29585E-01  3.39937E+00  1.57304E-07  7.56895E-07
  2.31087E-01  3.34004E+00  1.52754E-07  7.47929E-07
  2.32601E-01  3.28129E+00  1.48302E-07  7.38984E-07
  2.34128E-01  3.22310E+00  1.43945E-07  7.30072E-07
  2.35667E-01  3.16549E+00  1.39682E-07  7.21173E-07
  2.37219E-01  3.10844E+00  1.35512E-07  7.12311E-07
  2.38784E-01  3.05196E+00  1.31433E-07  7.03480E-07
  2.40363E-01  2.99605E+00  1.27445E-07  6.94676E-07
  2.41955E-01  2.94071E+00  1.23546E-07  6.85896E-07
  2.43562E-01  2.88593E+00  1.19734E-07  6.77155E-07
  2.45182E-01  2.83171E+00  1.16008E-07  6.68434E-07
  2.46818E-01  2.77806E+00  1.12368E-07  6.59749E-07
  2.48468E-01  2.72496E+00  1.08811E-07  6.51094E-07
  2.50133E-01  2.67243E+00  1.05337E-07  6.42469E-07
  2.51813E-01  2.62044E+00  1.01945E-07  6.33859E-07
  2.53509E-01  2.56902E+00  9.86327E-08  6.25316E-07
  2.55221E-01  2.51815E+00  9.53988E-08  6.16800E-07
  2.56950E-01  2.46782E+00  9.22427E-08  6.08295E-07
  2.58695E-01  2.41805E+00  8.91627E-08  5.99845E-07
  2.60458E-01  2.36883E+00  8.61582E-08  5.91399E-07
  2.62238E-01  2.32015E+00  8.32277E-08  5.82995E-07
  2.64036E-01  2.27202E+00  8.03702E-08  5.74628E-07
  2.65852E-01  2.22443E+00  7.75843E-08  5.66316E-07
  2.67687E-01  2.17738E+00  7.48684E-08  5.58031E-07
  2.69542E-01  2.13087E+00  7.22221E-08  5.49742E-07
  2.71416E-01  2.08490E+00  6.96442E-08  5.41519E-07
  2.73310E-01  2.03947E+00  6.71329E-08  5.33348E-07
  2.75224E-01  1.99456E+00  6.46874E-08  5.25177E-07
  2.77160E-01  1.95019E+00  6.23071E-08  5.17049E-07
  2.79117E-01  1.90635E+00  5.99902E-08  5.08971E-07
  2.81097E-01  1.86304E+00  5.77357E-08  5.00917E-07
  2.83099E-01  1.82025E+00  5.55426E-08  4.92901E-07
  2.85125E-01  1.77799E+00  5.34100E-08  4.84918E-07
  2.87175E-01  1.73625E+00  5.13367E-08  4.76972E-07
  2.89249E-01  1.69503E+00  4.93215E-08  4.69065E-07
  2.91349E-01  1.65433E+00  4.73635E-08  4.61196E-07
  2.93475E-01  1.61414E+00  4.54615E-08  4.53359E-07
  2.95627E-01  1.57447E+00  4.36146E-08  4.45553E-07
  2.97807E-01  1.53531E+00  4.18217E-08  4.37791E-07
  3.00016E-01  1.49667E+00  4.00819E-08  4.30065E-07
  3.02253E-01  1.45853E+00  3.83940E-08  4.22376E-07
  3.04521E-01  1.42089E+00  3.67572E-08  4.14716E-07
  3.06819E-01  1.38376E+00  3.51704E-08  4.07100E-07
  3.09150E-01  1.34714E+00  3.36326E-08  3.99523E-07
  3.11513E-01  1.31101E+00  3.21429E-08  3.91970E-07
  3.13911E-01  1.27539E+00  3.07004E-08  3.84466E-07
  3.16343E-01  1.24026E+00  2.93040E-08  3.76998E-07
  3.18812E-01  1.20562E+00  2.79529E-08  3.69558E-07
  3.21319E-01  1.17148E+00  2.66461E-08  3.62162E-07
  3.23864E-01  1.13783E+00  2.53827E-08  3.54803E-07
  3.26449E-01  1.10467E+00  2.41619E-08  3.47479E-07
  3.29077E-01  1.07200E+00  2.29826E-08  3.40192E-07
  3.31747E-01  1.03981E+00  2.18441E-08  3.32941E-07
  3.34462E-01  1.00811E+00  2.07454E-08  3.25729E-07
  3.37224E-01  9.76892E-01  1.96857E-08  3.18553E-07
  3.40034E-01  9.46152E-01  1.86642E-08  3.11412E-07
  3.42894E-01  9.15892E-01  1.76799E-08  3.04310E-07
  3.45806E-01  8.86108E-01  1.67322E-08  2.97248E-07
  3.48773E-01  8.56801E-01  1.58200E-08  2.90217E-07
  3.51797E-01  8.27967E-01  1.49427E-08  2.83226E-07
  3.54880E-01  7.99606E-01  1.40994E-08  2.76275E-07
  3.58024E-01  7.71717E-01  1.32893E-08  2.69355E-07
  3.61233E-01  7.44296E-01  1.25117E-08  2.62475E-07
  3.64510E-01  7.17345E-01  1.17658E-08  2.55633E-07
  3.67857E-01  6.90860E-01  1.10507E-08  2.48828E-07
  3.71279E-01  6.64841E-01  1.03658E-08  2.42059E-07
  3.74778E-01  6.39286E-01  9.71032E-09  2.35329E-07
  3.78360E-01  6.14195E-01  9.08346E-09  2.28636E-07
  3.82027E-01  5.89566E-01  8.48455E-09  2.21981E-07
  3.85785E-01  5.65399E-01  7.91284E-09  2.15364E-07
  3.89639E-01  5.41692E-01  7.36764E-09  2.08782E-07
  3.93593E-01  5.18445E-01  6.84824E-09  2.02242E-07
  3.97655E-01  4.95658E-01  6.35395E-09  1.95738E-07
  4.01830E-01  4.73328E-01  5.88408E-09  1.89274E-07
  4.06126E-01  4.51457E-01  5.43795E-09  1.82849E-07
  4.10549E-01  4.30044E-01  5.01490E-09  1.76461E-07
  4.15110E-01  4.09088E-01  4.61427E-09  1.70114E-07
  4.19815E-01  3.88590E-01  4.23540E-09  1.63807E-07
  4.24677E-01  3.68550E-01  3.87765E-09  1.57541E-07
  4.29706E-01  3.48968E-01  3.54039E-09  1.51316E-07
  4.34914E-01  3.29845E-01  3.22297E-09  1.45132E-07
  4.40316E-01  3.11181E-01  2.92480E-09  1.38990E-07
  4.45928E-01  2.92977E-01  2.64523E-09  1.32892E-07
  4.51766E-01  2.75235E-01  2.38367E-09  1.26837E-07
  4.57852E-01  2.57955E-01  2.13952E-09  1.20828E-07
  4.64207E-01  2.41141E-01  1.91217E-09  1.14865E-07
  4.70856E-01  2.24794E-01  1.70104E-09  1.08949E-07
  4.77831E-01  2.08916E-01  1.50554E-09  1.03081E-07
  4.85164E-01  1.93511E-01  1.32510E-09  9.72647E-08
  4.92894E-01  1.78581E-01  1.15914E-09  9.15005E-08
  5.01069E-01  1.64132E-01  1.00708E-09  8.57903E-08
  5.09742E-01  1.50167E-01  8.68362E-10  8.01375E-08
  5.18979E-01  1.36693E-01  7.42423E-10  7.45442E-08
  5.28857E-01  1.23715E-01  6.28700E-10  6.90131E-08
  5.39472E-01  1.11240E-01  5.26635E-10  6.35484E-08
  5.50939E-01  9.92771E-02  4.35669E-10  5.81547E-08
  5.63404E-01  8.78358E-02  3.55244E-10  5.28359E-08
  5.77054E-01  7.69275E-02  2.84803E-10  4.75987E-08
  5.92128E-01  6.65656E-02  2.23782E-10  4.24491E-08
  6.08944E-01  5.67661E-02  1.71615E-10  3.73956E-08
  6.27936E-01  4.75482E-02  1.27731E-10  3.24479E-08
  6.49716E-01  3.89352E-02  9.15474E-11  2.76184E-08
  6.75184E-01  3.09564E-02  6.24681E-11  2.29227E-08
  7.05734E-01  2.36488E-02  3.98800E-11  1.83827E-08
  7.43699E-01  1.70612E-02  2.31432E-11  1.40347E-08
  7.93395E-01  1.12613E-02  1.15804E-11  1.00290E-08
  8.64237E-01  6.35029E-03  4.45721E-12  6.13169E-09
  9.84118E-01  2.50112E-03  9.43284E-13  1.30037E-09
  1.39570E+00  1.35810E-04  7.34511E-15  6.55847E-10
