  0.00000E+00  2.75530E-05  3.04976E+01  1.07022E-02
  1.00000E-03  2.75525E-05  3.04974E+01  3.35379E-02
  2.00000E-03  2.75521E-05  3.04973E+01  6.04359E-02
  3.00000E-03  2.75527E-05  3.04972E+01  8.99755E-02
  4.00000E-03  2.75535E-05  3.04972E+01  1.17809E-01
  5.00000E-03  2.75555E-05  3.04972E+01  1.41477E-01
  6.00000E-03  2.75665E-05  3.04972E+01  1.61609E-01
  7.00000E-03  2.75867E-05  3.04971E+01  1.82446E-01
  8.00000E-03  2.76163E-05  3.04971E+01  2.05337E-01
  9.00000E-03  2.76500E-05  3.04971E+01  2.29708E-01
  1.00000E-02  2.76802E-05  3.04970E+01  2.54475E-01
  1.10000E-02  2.77093E-05  3.04970E+01  2.79646E-01
  1.20000E-02  2.77238E-05  3.04971E+01  3.04989E-01
  1.30000E-02  2.77399E-05  3.04971E+01  3.30282E-01
  1.40000E-02  2.77684E-05  3.04971E+01  3.55961E-01
  1.50000E-02  2.79267E-05  3.04970E+01  3.80374E-01
  1.60000E-02  2.84695E-05  3.04971E+01  4.05847E-01
  1.70000E-02  2.96046E-05  3.04970E+01  4.30989E-01
  1.80000E-02  3.10076E-05  3.04971E+01  4.55666E-01
  1.90000E-02  3.28863E-05  3.04971E+01  4.81031E-01
  2.00000E-02  3.48398E-05  3.04970E+01  5.04760E-01
  2.10000E-02  3.68863E-05  3.04969E+01  5.28111E-01
  2.20000E-02  3.93456E-05  3.04969E+01  5.52406E-01
  2.30000E-02  4.17475E-05  3.04969E+01  5.77342E-01
  2.40000E-02  4.44710E-05  3.04970E+01  6.02341E-01
  2.50000E-02  4.74172E-05  3.04969E+01  6.27167E-01
  2.60000E-02  5.06102E-05  3.04969E+01  6.51366E-01
  2.70000E-02  5.39728E-05  3.04969E+01  6.74925E-01
  2.80000E-02  5.78081E-05  3.04968E+01  7.00294E-01
  2.90000E-02  6.19546E-05  3.04968E+01  7.24516E-01
  3.00000E-02  6.64787E-05  3.04968E+01  7.48623E-01
  3.10000E-02  7.18372E-05  3.04968E+01  7.73096E-01
  3.20000E-02  7.77622E-05  3.04969E+01  7.96977E-01
  3.30000E-02  8.44266E-05  3.04968E+01  8.22489E-01
  3.40000E-02  9.25113E-05  3.04967E+01  8.45080E-01
  3.50000E-02  1.01325E-04  3.04968E+01  8.69924E-01
  3.60000E-02  1.11688E-04  3.04966E+01  8.95022E-01
  3.70000E-02  1.24082E-04  3.04968E+01  9.17941E-01
  3.80000E-02  1.37909E-04  3.04968E+01  9.43986E-01
  3.90000E-02  1.54644E-04  3.04965E+01  9.66303E-01
  4.00000E-02  1.73707E-04  3.04969E+01  9.91394E-01
  4.10000E-02  1.95701E-04  3.04966E+01  1.01701E+00
  4.20000E-02  2.21144E-04  3.04967E+01  1.03785E+00
  4.30000E-02  2.49376E-04  3.04968E+01  1.06481E+00
  4.40000E-02  2.82003E-04  3.04965E+01  1.08747E+00
  4.50000E-02  3.16958E-04  3.04970E+01  1.11322E+00
  4.60000E-02  3.56355E-04  3.04965E+01  1.13868E+00
  4.70000E-02  3.96732E-04  3.04969E+01  1.16087E+00
  4.80000E-02  4.44237E-04  3.04970E+01  1.18796E+00
  4.90000E-02  4.90250E-04  3.04969E+01  1.20871E+00
  5.00000E-02  5.41774E-04  3.04974E+01  1.23539E+00
  5.10000E-02  5.95971E-04  3.04969E+01  1.25942E+00
  5.20000E-02  6.50845E-04  3.04975E+01  1.28359E+00
  5.30000E-02  7.12458E-04  3.04976E+01  1.30957E+00
  5.40000E-02  7.72611E-04  3.04975E+01  1.33141E+00
  5.50000E-02  8.38754E-04  3.04984E+01  1.35914E+00
  5.60000E-02  9.06223E-04  3.04979E+01  1.38030E+00
  5.70000E-02  9.76109E-04  3.04988E+01  1.40713E+00
  5.80000E-02  1.05253E-03  3.04986E+01  1.43149E+00
  5.90000E-02  1.13010E-03  3.04988E+01  1.45355E+00
  6.00000E-02  1.21257E-03  3.04993E+01  1.48194E+00
  6.10000E-02  1.29520E-03  3.04992E+01  1.50207E+00
  6.20000E-02  1.39282E-03  3.05002E+01  1.52785E+00
  6.30000E-02  1.48462E-03  3.05006E+01  1.55639E+00
  6.40000E-02  1.58828E-03  3.05008E+01  1.57781E+00
  6.50000E-02  1.69318E-03  3.05005E+01  1.59928E+00
  6.60000E-02  1.80867E-03  3.05006E+01  1.61918E+00
  6.70000E-02  1.93189E-03  3.05007E+01  1.64030E+00
  6.80000E-02  2.05807E-03  3.05021E+01  1.66401E+00
  6.90000E-02  2.19988E-03  3.05041E+01  1.69338E+00
  7.00000E-02  2.33232E-03  3.05048E+01  1.71901E+00
  7.10000E-02  2.50156E-03  3.05044E+01  1.73980E+00
  7.20000E-02  2.66236E-03  3.05048E+01  1.76125E+00
  7.30000E-02  2.82527E-03  3.05052E+01  1.78010E+00
  7.40000E-02  3.01079E-03  3.05059E+01  1.79992E+00
  7.50000E-02  3.19821E-03  3.05122E+01  1.81036E+00
  7.60000E-02  3.39710E-03  3.05214E+01  1.82781E+00
  7.70000E-02  3.60350E-03  3.05250E+01  1.84688E+00
  7.80000E-02  3.81801E-03  3.05270E+01  1.86754E+00
  7.90000E-02  4.05366E-03  3.05269E+01  1.88173E+00
  8.00000E-02  4.27838E-03  3.05278E+01  1.91804E+00
  8.10000E-02  4.51004E-03  3.05256E+01  1.94178E+00
  8.20000E-02  4.76476E-03  3.05276E+01  1.97329E+00
  8.30000E-02  5.03409E-03  3.05247E+01  2.00571E+00
  8.40000E-02  5.28334E-03  3.05270E+01  2.02714E+00
  8.50000E-02  5.56370E-03  3.05227E+01  2.05990E+00
  8.60000E-02  5.85573E-03  3.05231E+01  2.08881E+00
  8.70000E-02  6.14010E-03  3.05236E+01  2.11789E+00
  8.80000E-02  6.45325E-03  3.05190E+01  2.15185E+00
  8.90000E-02  6.75585E-03  3.05162E+01  2.17829E+00
  9.00000E-02  7.08797E-03  3.05115E+01  2.19310E+00
  9.10000E-02  7.43548E-03  3.05035E+01  2.22732E+00
  9.20000E-02  7.78884E-03  3.04988E+01  2.24642E+00
  9.30000E-02  8.14161E-03  3.04981E+01  2.28127E+00
  9.40000E-02  8.54365E-03  3.04944E+01  2.30808E+00
  9.50000E-02  8.91331E-03  3.04958E+01  2.34128E+00
  9.60000E-02  9.32704E-03  3.04961E+01  2.36815E+00
  9.70000E-02  9.76195E-03  3.05013E+01  2.37794E+00
  9.80000E-02  1.02365E-02  3.05234E+01  2.38727E+00
  9.90000E-02  1.06522E-02  3.05408E+01  2.39254E+00
  1.00000E-01  1.11753E-02  3.05549E+01  2.40000E+00
  1.01000E-01  1.16292E-02  3.05628E+01  2.41671E+00
  1.02000E-01  1.21507E-02  3.05678E+01  2.44213E+00
  1.03000E-01  1.26771E-02  3.05621E+01  2.46855E+00
  1.04000E-01  1.32405E-02  3.05677E+01  2.49907E+00
  1.05000E-01  1.37799E-02  3.05647E+01  2.53593E+00
  1.06000E-01  1.44184E-02  3.05641E+01  2.55770E+00
  1.07000E-01  1.49958E-02  3.05639E+01  2.60438E+00
  1.08000E-01  1.56418E-02  3.05626E+01  2.63193E+00
  1.09000E-01  1.62473E-02  3.05650E+01  2.65852E+00
  1.10000E-01  1.69701E-02  3.05620E+01  2.70087E+00
  1.11000E-01  1.76551E-02  3.05701E+01  2.72230E+00
  1.12000E-01  1.83919E-02  3.05714E+01  2.75134E+00
  1.13000E-01  1.91773E-02  3.05935E+01  2.75892E+00
  1.14000E-01  1.98899E-02  3.06087E+01  2.76384E+00
  1.15000E-01  2.07662E-02  3.06263E+01  2.76588E+00
  1.16000E-01  2.15575E-02  3.06217E+01  2.76081E+00
  1.17000E-01  2.23828E-02  3.06103E+01  2.76164E+00
  1.18000E-01  2.33003E-02  3.05933E+01  2.77466E+00
  1.19000E-01  2.41793E-02  3.05906E+01  2.79543E+00
  1.20000E-01  2.51665E-02  3.05965E+01  2.82336E+00
  1.21000E-01  2.60846E-02  3.05977E+01  2.85976E+00
  1.22000E-01  2.70903E-02  3.06160E+01  2.90859E+00
  1.23000E-01  2.81781E-02  3.06291E+01  2.94749E+00
  1.24000E-01  2.91852E-02  3.06439E+01  2.98819E+00
  1.25000E-01  3.02795E-02  3.06421E+01  3.03557E+00
  1.26000E-01  3.13878E-02  3.06452E+01  3.05112E+00
  1.27000E-01  3.25919E-02  3.06491E+01  3.07014E+00
  1.28000E-01  3.36165E-02  3.06558E+01  3.11551E+00
  1.29000E-01  3.50430E-02  3.06799E+01  3.12561E+00
  1.30000E-01  3.62833E-02  3.06982E+01  3.12285E+00
  1.31000E-01  3.75362E-02  3.07080E+01  3.12839E+00
  1.32000E-01  3.89384E-02  3.07124E+01  3.15712E+00
  1.33000E-01  4.02051E-02  3.07086E+01  3.19458E+00
  1.34000E-01  4.16141E-02  3.07101E+01  3.21959E+00
  1.35000E-01  4.29948E-02  3.07259E+01  3.23971E+00
  1.36000E-01  4.44081E-02  3.07188E+01  3.28020E+00
  1.37000E-01  4.62124E-02  3.07213E+01  3.31924E+00
  1.38000E-01  4.76994E-02  3.07212E+01  3.35647E+00
  1.39000E-01  4.90437E-02  3.07303E+01  3.37730E+00
  1.40000E-01  5.08485E-02  3.07789E+01  3.38399E+00
  1.41000E-01  5.25193E-02  3.08125E+01  3.39754E+00
  1.42000E-01  5.44677E-02  3.08552E+01  3.40703E+00
  1.43000E-01  5.61961E-02  3.08475E+01  3.43546E+00
  1.44000E-01  5.79183E-02  3.08529E+01  3.45769E+00
  1.45000E-01  5.99275E-02  3.08875E+01  3.48112E+00
  1.46000E-01  6.17225E-02  3.08809E+01  3.51629E+00
  1.47000E-01  6.37535E-02  3.08891E+01  3.53280E+00
  1.48000E-01  6.58895E-02  3.09208E+01  3.56285E+00
  1.49000E-01  6.77893E-02  3.09238E+01  3.59937E+00
  1.50000E-01  7.00605E-02  3.09310E+01  3.62884E+00
  1.51000E-01  7.20750E-02  3.09826E+01  3.64369E+00
  1.52000E-01  7.45146E-02  3.09662E+01  3.67984E+00
  1.53000E-01  7.66506E-02  3.09442E+01  3.72105E+00
  1.54000E-01  7.89445E-02  3.09666E+01  3.74848E+00
  1.55000E-01  8.15140E-02  3.10350E+01  3.75468E+00
  1.56000E-01  8.41815E-02  3.10928E+01  3.76345E+00
  1.57000E-01  8.64498E-02  3.11355E+01  3.77824E+00
  1.58000E-01  8.94031E-02  3.11896E+01  3.79244E+00
  1.59000E-01  9.20584E-02  3.12053E+01  3.82917E+00
  1.60000E-01  9.44420E-02  3.12425E+01  3.85616E+00
  1.61000E-01  9.75897E-02  3.12451E+01  3.87811E+00
  1.62000E-01  1.00367E-01  3.12160E+01  3.92077E+00
  1.63000E-01  1.02884E-01  3.12147E+01  3.96218E+00
  1.64000E-01  1.06080E-01  3.12037E+01  3.99894E+00
  1.65000E-01  1.09174E-01  3.12590E+01  4.01672E+00
  1.66000E-01  1.11966E-01  3.13496E+01  4.01687E+00
  1.67000E-01  1.15864E-01  3.14407E+01  4.02233E+00
  1.68000E-01  1.19197E-01  3.15107E+01  4.04076E+00
  1.69000E-01  1.22217E-01  3.15225E+01  4.08284E+00
  1.70000E-01  1.25865E-01  3.15295E+01  4.11799E+00
  1.71000E-01  1.29313E-01  3.15766E+01  4.13629E+00
  1.72000E-01  1.32794E-01  3.16030E+01  4.15361E+00
  1.73000E-01  1.36809E-01  3.16260E+01  4.18880E+00
  1.74000E-01  1.40497E-01  3.16940E+01  4.22283E+00
  1.75000E-01  1.44120E-01  3.17222E+01  4.26789E+00
  1.76000E-01  1.48616E-01  3.17713E+01  4.29447E+00
  1.77000E-01  1.52320E-01  3.17759E+01  4.31787E+00
  1.78000E-01  1.56432E-01  3.18673E+01  4.33325E+00
  1.79000E-01  1.60771E-01  3.19581E+01  4.35546E+00
  1.80000E-01  1.65481E-01  3.20153E+01  4.37105E+00
  1.81000E-01  1.70037E-01  3.21123E+01  4.42022E+00
  1.82000E-01  1.73866E-01  3.21211E+01  4.43460E+00
  1.83000E-01  1.79008E-01  3.21716E+01  4.43716E+00
  1.84000E-01  1.83946E-01  3.21920E+01  4.46092E+00
  1.85000E-01  1.88426E-01  3.22309E+01  4.47703E+00
  1.86000E-01  1.93759E-01  3.23872E+01  4.54216E+00
  1.87000E-01  1.99002E-01  3.24923E+01  4.57441E+00
  1.88000E-01  2.04231E-01  3.25614E+01  4.61129E+00
  1.89000E-01  2.09484E-01  3.25838E+01  4.63195E+00
  1.90000E-01  2.15172E-01  3.26172E+01  4.64521E+00
  1.91000E-01  2.19920E-01  3.26056E+01  4.67974E+00
  1.92000E-01  2.26007E-01  3.27268E+01  4.68679E+00
  1.93000E-01  2.31963E-01  3.28458E+01  4.70420E+00
  1.94000E-01  2.38323E-01  3.29215E+01  4.75024E+00
  1.95000E-01  2.44585E-01  3.30295E+01  4.78467E+00
  1.96000E-01  2.51142E-01  3.32182E+01  4.80307E+00
  1.97000E-01  2.57929E-01  3.33747E+01  4.86275E+00
  1.98000E-01  2.64362E-01  3.33926E+01  4.87972E+00
  1.99000E-01  2.71264E-01  3.34531E+01  4.88913E+00
  2.00000E-01  2.77679E-01  3.34600E+01  4.91621E+00
  2.01000E-01  2.84502E-01  3.36102E+01  4.91764E+00
  2.02000E-01  2.92528E-01  3.38146E+01  4.98946E+00
  2.03000E-01  3.00757E-01  3.39753E+01  5.03211E+00
  2.04000E-01  3.07919E-01  3.40600E+01  5.03923E+00
  2.05000E-01  3.15495E-01  3.41214E+01  5.06259E+00
  2.06000E-01  3.24092E-01  3.42830E+01  5.09784E+00
  2.07000E-01  3.31637E-01  3.43788E+01  5.11963E+00
  2.08000E-01  3.40247E-01  3.44989E+01  5.15022E+00
  2.09000E-01  3.49176E-01  3.46637E+01  5.18448E+00
  2.10000E-01  3.58724E-01  3.48657E+01  5.21044E+00
  2.11000E-01  3.67600E-01  3.49728E+01  5.24366E+00
  2.12000E-01  3.76547E-01  3.50245E+01  5.27782E+00
  2.13000E-01  3.86348E-01  3.52261E+01  5.28794E+00
  2.14000E-01  3.95706E-01  3.54955E+01  5.34396E+00
  2.15000E-01  4.07499E-01  3.56943E+01  5.38556E+00
  2.16000E-01  4.16869E-01  3.58586E+01  5.41035E+00
  2.17000E-01  4.28434E-01  3.59565E+01  5.42862E+00
  2.18000E-01  4.37652E-01  3.60691E+01  5.45042E+00
  2.19000E-01  4.50705E-01  3.63707E+01  5.50438E+00
  2.20000E-01  4.62414E-01  3.66460E+01  5.54919E+00
  2.21000E-01  4.72796E-01  3.67024E+01  5.55841E+00
  2.22000E-01  4.85252E-01  3.68669E+01  5.57710E+00
  2.23000E-01  4.97348E-01  3.71241E+01  5.61905E+00
  2.24000E-01  5.11362E-01  3.73145E+01  5.64606E+00
  2.25000E-01  5.23259E-01  3.75608E+01  5.68568E+00
  2.26000E-01  5.39373E-01  3.79158E+01  5.74031E+00
  2.27000E-01  5.51493E-01  3.81229E+01  5.76651E+00
  2.28000E-01  5.66461E-01  3.83238E+01  5.79058E+00
  2.29000E-01  5.81515E-01  3.86395E+01  5.83098E+00
  2.30000E-01  5.95975E-01  3.88650E+01  5.85662E+00
  2.31000E-01  6.12595E-01  3.91274E+01  5.89430E+00
  2.32000E-01  6.28944E-01  3.95789E+01  5.95424E+00
  2.33000E-01  6.47268E-01  3.98950E+01  5.98958E+00
  2.34000E-01  6.61033E-01  4.00275E+01  6.00156E+00
  2.35000E-01  6.81727E-01  4.04450E+01  6.04544E+00
  2.36000E-01  6.98436E-01  4.07935E+01  6.08870E+00
  2.37000E-01  7.17853E-01  4.10713E+01  6.10848E+00
  2.38000E-01  7.36506E-01  4.14246E+01  6.14600E+00
  2.39000E-01  7.58380E-01  4.19943E+01  6.20736E+00
  2.40000E-01  7.79070E-01  4.22699E+01  6.23191E+00
  2.41000E-01  7.98624E-01  4.26307E+01  6.25779E+00
  2.42000E-01  8.23115E-01  4.31260E+01  6.31492E+00
  2.43000E-01  8.44700E-01  4.35364E+01  6.35246E+00
  2.44000E-01  8.67783E-01  4.38398E+01  6.38854E+00
  2.45000E-01  8.91335E-01  4.43231E+01  6.43883E+00
  2.46000E-01  9.17706E-01  4.48288E+01  6.48743E+00
  2.47000E-01  9.44119E-01  4.52999E+01  6.50720E+00
  2.48000E-01  9.69751E-01  4.58703E+01  6.54855E+00
  2.49000E-01  1.00261E+00  4.65523E+01  6.59978E+00
  2.50000E-01  1.02719E+00  4.69275E+01  6.64073E+00
  2.51000E-01  1.05553E+00  4.73008E+01  6.67651E+00
  2.52000E-01  1.08696E+00  4.80551E+01  6.73626E+00
  2.53000E-01  1.12500E+00  4.88686E+01  6.77787E+00
  2.54000E-01  1.15414E+00  4.93133E+01  6.79629E+00
  2.55000E-01  1.18869E+00  4.99877E+01  6.84606E+00
  2.56000E-01  1.22656E+00  5.06760E+01  6.91059E+00
  2.57000E-01  1.26065E+00  5.13384E+01  6.96026E+00
  2.58000E-01  1.30143E+00  5.19803E+01  6.98941E+00
  2.59000E-01  1.34253E+00  5.29698E+01  7.03918E+00
  2.60000E-01  1.38348E+00  5.36762E+01  7.08399E+00
  2.61000E-01  1.42679E+00  5.44070E+01  7.12759E+00
  2.62000E-01  1.46899E+00  5.52320E+01  7.19088E+00
  2.63000E-01  1.52083E+00  5.61926E+01  7.23835E+00
  2.64000E-01  1.56835E+00  5.72347E+01  7.27204E+00
  2.65000E-01  1.61893E+00  5.79644E+01  7.32055E+00
  2.66000E-01  1.67204E+00  5.90632E+01  7.38450E+00
  2.67000E-01  1.72791E+00  6.01262E+01  7.42478E+00
  2.68000E-01  1.78411E+00  6.10013E+01  7.47950E+00
  2.69000E-01  1.84389E+00  6.23359E+01  7.52105E+00
  2.70000E-01  1.91235E+00  6.35468E+01  7.58636E+00
  2.71000E-01  1.96731E+00  6.43878E+01  7.63422E+00
  2.72000E-01  2.04521E+00  6.59433E+01  7.67083E+00
  2.73000E-01  2.11745E+00  6.73226E+01  7.74611E+00
  2.74000E-01  2.18395E+00  6.83884E+01  7.79332E+00
  2.75000E-01  2.27450E+00  7.01428E+01  7.83499E+00
  2.76000E-01  2.34814E+00  7.14892E+01  7.89662E+00
  2.77000E-01  2.43769E+00  7.29799E+01  7.96737E+00
  2.78000E-01  2.52506E+00  7.46557E+01  7.99773E+00
  2.79000E-01  2.62055E+00  7.62882E+01  8.06502E+00
  2.80000E-01  2.71967E+00  7.81423E+01  8.12940E+00
  2.81000E-01  2.82203E+00  7.99299E+01  8.16054E+00
  2.82000E-01  2.93166E+00  8.16148E+01  8.22931E+00
  2.83000E-01  3.04847E+00  8.38533E+01  8.29735E+00
  2.84000E-01  3.17040E+00  8.62922E+01  8.34919E+00
  2.85000E-01  3.26907E+00  8.74089E+01  8.37607E+00
  2.86000E-01  3.43678E+00  9.01642E+01  8.45505E+00
  2.87000E-01  3.59488E+00  9.34287E+01  8.56413E+00
  2.88000E-01  3.66137E+00  9.42948E+01  8.54444E+00
  2.89000E-01  3.55132E+00  8.41869E+01  8.07660E+00
  2.90000E-01  2.41233E+00  3.85725E+01  5.40529E+00
  2.91000E-01  1.31532E+00  4.07915E+00  1.15019E+00
  2.92000E-01  1.03062E+00  3.64555E-02  3.06086E-02
  2.93000E-01  1.00015E+00  1.01339E-04  2.53192E-05
  2.94000E-01  1.00000E+00  1.00000E-04  3.11794E-10
  2.95000E-01  1.00000E+00  1.00000E-04  0.00000E+00
  2.96000E-01  1.00000E+00  1.00000E-04  0.00000E+00
  2.97000E-01  1.00000E+00  1.00000E-04  0.00000E+00
  2.98000E-01  1.00000E+00  1.00000E-04  0.00000E+00
  2.99000E-01  1.00000E+00  1.00000E-04  0.00000E+00
  3.00000E-01  1.00000E+00  1.00000E-04  0.00000E+00
  3.01000E-01  1.00000E+00  1.00000E-04  0.00000E+00
  3.02000E-01  1.00000E+00  1.00000E-04  0.00000E+00
  3.03000E-01  1.00000E+00  1.00000E-04  0.00000E+00
  3.04000E-01  1.00000E+00  1.00000E-04  0.00000E+00
  3.05000E-01  1.00000E+00  1.00000E-04  0.00000E+00
  3.06000E-01  1.00000E+00  1.00000E-04  0.00000E+00
  3.07000E-01  1.00000E+00  1.00000E-04  2.18350E-10
  3.08000E-01  1.00000E+00  1.00000E-04  1.45577E-10
  3.09000E-01  1.00000E+00  1.00000E-04 -2.18450E-10
  3.10000E-01  1.00000E+00  1.00000E-04 -1.45625E-10
  3.11000E-01  1.00000E+00  1.00000E-04  7.27524E-11
  3.12000E-01  1.00000E+00  1.00000E-04 -7.27161E-11
  3.13000E-01  1.00000E+00  1.00000E-04 -7.28172E-11
  3.14000E-01  1.00000E+00  1.00000E-04  3.63875E-11
  3.15000E-01  1.00000E+00  1.00000E-04  3.63892E-11
  3.16000E-01  1.00000E+00  1.00000E-04  7.76997E-17
  3.17000E-01  1.00000E+00  1.00000E-04  7.27531E-11
  3.18000E-01  1.00000E+00  1.00000E-04 -2.18243E-10
  3.19000E-01  1.00000E+00  1.00000E-04 -7.28108E-11
  3.20000E-01  1.00000E+00  1.00000E-04  2.91217E-10
  3.21000E-01  1.00000E+00  1.00000E-04 -7.27320E-11
  3.22000E-01  1.00000E+00  1.00000E-04 -2.91263E-10
  3.23000E-01  1.00000E+00  1.00000E-04  4.15187E-10
  3.24000E-01  1.00000E+00  1.00000E-04 -3.42122E-10
  3.25000E-01  1.00000E+00  1.00000E-04  3.64012E-11
  3.26000E-01  1.00000E+00  1.00000E-04  3.64019E-11
  3.27000E-01  1.00000E+00  1.00000E-04  2.42616E-11
  3.28000E-01  1.00000E+00  1.00000E-04  2.42498E-11
  3.29000E-01  1.00000E+00  1.00000E-04  2.42516E-11
  3.30000E-01  1.00000E+00  1.00000E-04  7.27133E-11
  3.31000E-01  1.00000E+00  1.00000E-04  0.00000E+00
  3.32000E-01  1.00000E+00  1.00000E-04  2.18286E-10
  3.33000E-01  1.00000E+00  1.00000E-04  7.27137E-11
  3.34000E-01  1.00000E+00  1.00000E-04 -2.18185E-10
  3.35000E-01  1.00000E+00  1.00000E-04  2.39237E-16
  3.36000E-01  1.00000E+00  1.00000E-04  1.03418E-16
  3.37000E-01  1.00000E+00  1.00000E-04 -7.28255E-11
  3.38000E-01  1.00000E+00  1.00000E-04  0.00000E+00
  3.39000E-01  1.00000E+00  1.00000E-04 -2.90977E-10
  3.40000E-01  1.00000E+00  1.00000E-04 -7.28108E-11
  3.41000E-01  1.00000E+00  1.00000E-04  2.90956E-10
  3.42000E-01  1.00000E+00  1.00000E-04 -7.28010E-11
  3.43000E-01  1.00000E+00  1.00000E-04  7.27765E-11
  3.44000E-01  1.00000E+00  1.00000E-04  9.11824E-10
  3.45000E-01  9.99999E-01  9.99999E-05 -1.12957E-09
  3.46000E-01  1.00000E+00  1.00000E-04 -6.65893E-10
  3.47000E-01  1.00000E+00  1.00000E-04 -3.17413E-09
  3.48000E-01  1.00000E+00  1.00001E-04  2.02264E-09
  3.49000E-01  1.00000E+00  9.99996E-05  3.46254E-09
  3.50000E-01  1.00000E+00  1.00000E-04 -1.82261E-09
  3.51000E-01  1.00000E+00  1.00000E-04  4.68352E-10
  3.52000E-01  1.00000E+00  1.00000E-04  0.00000E+00
  3.53000E-01  1.00000E+00  1.00000E-04  0.00000E+00
  3.54000E-01  1.00000E+00  1.00000E-04  0.00000E+00
  3.55000E-01  1.00000E+00  1.00000E-04  0.00000E+00
  3.56000E-01  1.00000E+00  1.00000E-04  0.00000E+00
  3.57000E-01  1.00000E+00  1.00000E-04  0.00000E+00
  3.58000E-01  1.00000E+00  1.00000E-04  0.00000E+00
  3.59000E-01  1.00000E+00  1.00000E-04  0.00000E+00
  3.60000E-01  1.00000E+00  1.00000E-04  0.00000E+00
  3.61000E-01  1.00000E+00  1.00000E-04 -7.76996E-17
  3.62000E-01  1.00000E+00  1.00000E-04  0.00000E+00
  3.63000E-01  1.00000E+00  1.00000E-04  7.76996E-17
  3.64000E-01  1.00000E+00  1.00000E-04  0.00000E+00
  3.65000E-01  1.00000E+00  1.00000E-04  0.00000E+00
  3.66000E-01  1.00000E+00  1.00000E-04  0.00000E+00
  3.67000E-01  1.00000E+00  1.00000E-04  0.00000E+00
  3.68000E-01  1.00000E+00  1.00000E-04  0.00000E+00
  3.69000E-01  1.00000E+00  1.00000E-04  0.00000E+00
  3.70000E-01  1.00000E+00  1.00000E-04  0.00000E+00
  3.71000E-01  1.00000E+00  1.00000E-04  0.00000E+00
  3.72000E-01  1.00000E+00  1.00000E-04 -1.45535E-10
  3.73000E-01  1.00000E+00  1.00000E-04 -1.45558E-10
  3.74000E-01  1.00000E+00  1.00000E-04  2.18395E-10
  3.75000E-01  1.00000E+00  1.00000E-04 -8.00432E-10
  3.76000E-01  1.00000E+00  1.00000E-04  7.79357E-17
  3.77000E-01  1.00000E+00  1.00000E-04  8.47778E-10
  3.78000E-01  1.00000E+00  1.00000E-04  2.58139E-11
  3.79000E-01  1.00000E+00  1.00000E-04  0.00000E+00
  3.80000E-01  1.00000E+00  1.00000E-04  0.00000E+00
  3.81000E-01  1.00000E+00  1.00000E-04  2.18336E-10
  3.82000E-01  1.00000E+00  1.00000E-04  7.27684E-11
  3.83000E-01  1.00000E+00  1.00000E-04 -2.18194E-10
  3.84000E-01  1.00000E+00  1.00000E-04  1.45534E-10
  3.85000E-01  1.00000E+00  1.00000E-04 -1.59962E-16
  3.86000E-01  1.00000E+00  1.00000E-04 -2.18312E-10
  3.87000E-01  1.00000E+00  1.00000E-04  0.00000E+00
  3.88000E-01  1.00000E+00  1.00000E-04  0.00000E+00
  3.89000E-01  1.00000E+00  1.00000E-04  0.00000E+00
  3.90000E-01  1.00000E+00  1.00000E-04  0.00000E+00
  3.91000E-01  1.00000E+00  1.00000E-04  0.00000E+00
  3.92000E-01  1.00000E+00  1.00000E-04  0.00000E+00
  3.93000E-01  1.00000E+00  1.00000E-04  0.00000E+00
  3.94000E-01  1.00000E+00  1.00000E-04  0.00000E+00
  3.95000E-01  1.00000E+00  1.00000E-04  0.00000E+00
  3.96000E-01  1.00000E+00  1.00000E-04  0.00000E+00
  3.97000E-01  1.00000E+00  1.00000E-04  2.18303E-10
  3.98000E-01  1.00000E+00  1.00000E-04 -2.18412E-10
  3.99000E-01  1.00000E+00  1.00000E-04 -7.27582E-11
  4.00000E-01  1.00000E+00  1.00000E-04  7.27476E-11
  4.01000E-01  1.00000E+00  1.00000E-04  0.00000E+00
  4.02000E-01  1.00000E+00  1.00000E-04  0.00000E+00
  4.03000E-01  1.00000E+00  1.00000E-04 -5.77155E-11
  4.04000E-01  1.00000E+00  1.00000E-04 -2.11995E-08
  4.05000E-01  1.00000E+00  1.00000E-04 -9.53143E-07
  4.06000E-01  1.00000E+00  1.00346E-04 -8.38489E-11
  4.07000E-01  1.00000E+00  1.00000E-04  9.53055E-07
  4.08000E-01  1.00000E+00  1.00000E-04  2.14037E-08
  4.09000E-01  1.00000E+00  1.00000E-04  5.87227E-11
  4.10000E-01  1.00000E+00  1.00000E-04  0.00000E+00
  4.11000E-01  1.00000E+00  1.00000E-04  0.00000E+00
  4.12000E-01  1.00000E+00  1.00000E-04  0.00000E+00
  4.13000E-01  1.00000E+00  1.00000E-04  0.00000E+00
  4.14000E-01  1.00000E+00  1.00000E-04 -5.86922E-11
  4.15000E-01  1.00000E+00  1.00000E-04 -2.13980E-08
  4.16000E-01  1.00000E+00  1.00000E-04 -9.53266E-07
  4.17000E-01  1.00000E+00  1.00346E-04 -5.01195E-13
  4.18000E-01  1.00000E+00  1.00000E-04  9.53277E-07
  4.19000E-01  1.00000E+00  1.00000E-04  2.14374E-08
  4.20000E-01  1.00000E+00  1.00000E-04  1.05733E-10
  4.21000E-01  1.00000E+00  1.00000E-04  0.00000E+00
  4.22000E-01  1.00000E+00  1.00000E-04  0.00000E+00
  4.23000E-01  1.00000E+00  1.00000E-04  2.91056E-10
  4.24000E-01  1.00000E+00  9.99999E-05  0.00000E+00
  4.25000E-01  1.00000E+00  1.00000E-04 -2.18387E-10
  4.26000E-01  1.00000E+00  1.00000E-04  6.48938E-12
  4.27000E-01  1.00000E+00  1.00000E-04  1.59512E-09
  4.28000E-01  9.99996E-01  9.99996E-05  7.27719E-11
  4.29000E-01  1.00000E+00  1.00000E-04 -1.69628E-09
  4.30000E-01  1.00000E+00  1.00000E-04 -4.92682E-11
  4.31000E-01  1.00000E+00  1.00000E-04  0.00000E+00
  4.32000E-01  1.00000E+00  1.00000E-04  1.45561E-10
  4.33000E-01  1.00000E+00  1.00000E-04  0.00000E+00
  4.34000E-01  1.00000E+00  1.00000E-04 -1.45511E-10
  4.35000E-01  1.00000E+00  1.00000E-04  0.00000E+00
  4.36000E-01  1.00000E+00  1.00000E-04 -7.76996E-17
  4.37000E-01  1.00000E+00  1.00000E-04 -2.18452E-10
  4.38000E-01  1.00000E+00  1.00000E-04  7.28144E-11
  4.39000E-01  1.00000E+00  1.00000E-04  1.45542E-10
  4.40000E-01  1.00000E+00  1.00000E-04  0.00000E+00
  4.41000E-01  1.00000E+00  1.00000E-04  7.28094E-11
  4.42000E-01  1.00000E+00  1.00000E-04  0.00000E+00
  4.43000E-01  1.00000E+00  1.00000E-04 -7.27834E-11
  4.44000E-01  1.00000E+00  1.00000E-04  7.28009E-11
  4.45000E-01  1.00000E+00  1.00000E-04  0.00000E+00
  4.46000E-01  1.00000E+00  1.00000E-04 -7.27287E-11
  4.47000E-01  1.00000E+00  1.00000E-04  0.00000E+00
  4.48000E-01  1.00000E+00  1.00000E-04  0.00000E+00
  4.49000E-01  1.00000E+00  1.00000E-04  0.00000E+00
  4.50000E-01  1.00000E+00  1.00000E-04  7.27743E-11
  4.51000E-01  1.00000E+00  1.00000E-04 -2.91212E-10
  4.52000E-01  1.00000E+00  1.00000E-04 -7.28742E-11
  4.53000E-01  1.00000E+00  1.00000E-04  2.90903E-10
  4.54000E-01  1.00000E+00  1.00000E-04  7.27481E-11
  4.55000E-01  1.00000E+00  1.00000E-04  0.00000E+00
  4.56000E-01  1.00000E+00  1.00000E-04 -3.63940E-11
  4.57000E-01  1.00000E+00  1.00000E-04 -3.63958E-11
  4.58000E-01  1.00000E+00  1.00000E-04  7.76996E-17
  4.59000E-01  1.00000E+00  1.00000E-04  0.00000E+00
  4.60000E-01  1.00000E+00  1.00000E-04  7.27336E-11
  4.61000E-01  1.00000E+00  1.00000E-04 -1.45456E-10
  4.62000E-01  1.00000E+00  1.00000E-04 -7.28142E-11
  4.63000E-01  1.00000E+00  1.00000E-04  1.45596E-10
  4.64000E-01  1.00000E+00  1.00000E-04  7.27684E-11
  4.65000E-01  1.00000E+00  1.00000E-04  0.00000E+00
  4.66000E-01  1.00000E+00  1.00000E-04 -7.27517E-11
  4.67000E-01  1.00000E+00  1.00000E-04  7.28008E-11
  4.68000E-01  1.00000E+00  1.00000E-04  7.27168E-11
  4.69000E-01  1.00000E+00  1.00000E-04 -3.63967E-10
  4.70000E-01  1.00000E+00  1.00000E-04  1.45598E-10
  4.71000E-01  1.00000E+00  1.00000E-04  7.27793E-11
  4.72000E-01  1.00000E+00  1.00000E-04 -2.91038E-10
  4.73000E-01  1.00000E+00  1.00000E-04  7.28265E-11
  4.74000E-01  1.00000E+00  1.00000E-04  2.18192E-10
  4.75000E-01  1.00000E+00  1.00000E-04 -6.59449E-16
  4.76000E-01  1.00000E+00  1.00000E-04  8.54695E-17
  4.77000E-01  1.00000E+00  1.00000E-04 -1.45463E-10
  4.78000E-01  1.00000E+00  1.00000E-04  7.28244E-11
  4.79000E-01  1.00000E+00  1.00000E-04  1.45474E-10
  4.80000E-01  1.00000E+00  1.00000E-04  1.45476E-10
  4.81000E-01  1.00000E+00  1.00000E-04  7.28025E-11
  4.82000E-01  1.00000E+00  1.00000E-04 -2.18239E-10
  4.83000E-01  1.00000E+00  1.00000E-04 -5.09407E-10
  4.84000E-01  1.00000E+00  1.00000E-04 -2.48424E-10
  4.85000E-01  1.00000E+00  1.00000E-04  1.36463E-09
  4.86000E-01  1.00000E+00  9.99999E-05 -1.69896E-10
  4.87000E-01  1.00000E+00  1.00000E-04 -9.67478E-16
  4.88000E-01  9.99999E-01  9.99999E-05 -7.07112E-11
  4.89000E-01  1.00000E+00  1.00000E-04 -3.26698E-09
  4.90000E-01  1.00000E+00  1.00000E-04  1.15267E-09
  4.91000E-01  1.00000E+00  1.00000E-04  1.67307E-09
  4.92000E-01  1.00000E+00  1.00000E-04  5.09327E-10
  4.93000E-01  9.99999E-01  9.99999E-05 -7.28285E-11
  4.94000E-01  1.00000E+00  1.00000E-04 -4.36734E-10
  4.95000E-01  1.00000E+00  1.00000E-04  0.00000E+00
  4.96000E-01  1.00000E+00  1.00000E-04  0.00000E+00
  4.97000E-01  1.00000E+00  1.00000E-04  0.00000E+00
  4.98000E-01  1.00000E+00  1.00000E-04  0.00000E+00
  4.99000E-01  1.00000E+00  1.00000E-04  0.00000E+00
  5.00000E-01  1.00000E+00  1.00000E-04  0.00000E+00
  5.01000E-01  1.00000E+00  1.00000E-04  0.00000E+00
  5.02000E-01  1.00000E+00  1.00000E-04  0.00000E+00
  5.03000E-01  1.00000E+00  1.00000E-04  0.00000E+00
  5.04000E-01  1.00000E+00  1.00000E-04  2.58003E-11
  5.05000E-01  1.00000E+00  1.00000E-04  8.47404E-10
  5.06000E-01  9.99998E-01  9.99998E-05  0.00000E+00
  5.07000E-01  1.00000E+00  1.00000E-04 -8.47770E-10
  5.08000E-01  1.00000E+00  1.00000E-04 -2.58138E-11
  5.09000E-01  1.00000E+00  1.00000E-04  0.00000E+00
  5.10000E-01  1.00000E+00  1.00000E-04 -7.76996E-17
  5.11000E-01  1.00000E+00  1.00000E-04  0.00000E+00
  5.12000E-01  1.00000E+00  1.00000E-04  7.76995E-17
  5.13000E-01  1.00000E+00  1.00000E-04  0.00000E+00
  5.14000E-01  1.00000E+00  1.00000E-04  0.00000E+00
  5.15000E-01  1.00000E+00  1.00000E-04  2.34499E-12
  5.16000E-01  1.00000E+00  1.00000E-04  5.80021E-10
  5.17000E-01  9.99999E-01  9.99999E-05  0.00000E+00
  5.18000E-01  1.00000E+00  1.00000E-04 -5.80082E-10
  5.19000E-01  1.00000E+00  1.00000E-04 -2.35295E-12
  5.20000E-01  1.00000E+00  1.00000E-04 -5.39112E-15
  5.21000E-01  1.00000E+00  1.00000E-04  2.65674E-15
  5.22000E-01  1.00000E+00  1.00000E-04  2.73438E-15
  5.23000E-01  1.00000E+00  1.00000E-04  0.00000E+00
  5.24000E-01  1.00000E+00  1.00000E-04  0.00000E+00
  5.25000E-01  1.00000E+00  1.00000E-04  0.00000E+00
  5.26000E-01  1.00000E+00  1.00000E-04  0.00000E+00
  5.27000E-01  1.00000E+00  1.00000E-04  0.00000E+00
  5.28000E-01  1.00000E+00  1.00000E-04  0.00000E+00
  5.29000E-01  1.00000E+00  1.00000E-04  2.91086E-10
  5.30000E-01  9.99999E-01  9.99999E-05  0.00000E+00
  5.31000E-01  1.00000E+00  1.00000E-04 -2.91071E-10
  5.32000E-01  1.00000E+00  1.00000E-04  0.00000E+00
  5.33000E-01  1.00000E+00  1.00000E-04 -7.27699E-11
  5.34000E-01  1.00000E+00  1.00000E-04 -7.27419E-11
  5.35000E-01  1.00000E+00  1.00000E-04  0.00000E+00
  5.36000E-01  1.00000E+00  1.00000E-04  7.27521E-11
  5.37000E-01  1.00000E+00  1.00000E-04  7.27679E-11
  5.38000E-01  1.00000E+00  1.00000E-04  0.00000E+00
  5.39000E-01  1.00000E+00  1.00000E-04  0.00000E+00
  5.40000E-01  1.00000E+00  1.00000E-04  0.00000E+00
  5.41000E-01  1.00000E+00  1.00000E-04 -7.27751E-11
  5.42000E-01  1.00000E+00  1.00000E-04  0.00000E+00
  5.43000E-01  1.00000E+00  1.00000E-04  7.27683E-11
  5.44000E-01  1.00000E+00  1.00000E-04  7.27665E-11
  5.45000E-01  1.00000E+00  1.00000E-04  0.00000E+00
  5.46000E-01  1.00000E+00  1.00000E-04 -7.27549E-11
  5.47000E-01  1.00000E+00  1.00000E-04  0.00000E+00
  5.48000E-01  1.00000E+00  1.00000E-04  0.00000E+00
  5.49000E-01  1.00000E+00  1.00000E-04  0.00000E+00
  5.50000E-01  1.00000E+00  1.00000E-04 -1.04927E-15
  5.51000E-01  1.00000E+00  1.00000E-04 -8.61812E-16
  5.52000E-01  1.00000E+00  1.00000E-04  1.91108E-15
  5.53000E-01  1.00000E+00  1.00000E-04  7.27675E-11
  5.54000E-01  1.00000E+00  1.00000E-04  0.00000E+00
  5.55000E-01  1.00000E+00  1.00000E-04 -7.27308E-11
  5.56000E-01  1.00000E+00  1.00000E-04  2.18398E-10
  5.57000E-01  1.00000E+00  1.00000E-04 -9.40165E-17
  5.58000E-01  1.00000E+00  1.00000E-04  0.00000E+00
  5.59000E-01  1.00000E+00  1.00000E-04  0.00000E+00
  5.60000E-01  1.00000E+00  1.00000E-04  0.00000E+00
  5.61000E-01  1.00000E+00  1.00000E-04  9.40165E-17
  5.62000E-01  1.00000E+00  1.00000E-04 -1.09160E-10
  5.63000E-01  1.00000E+00  1.00000E-04 -1.09162E-10
  5.64000E-01  1.00000E+00  1.00000E-04 -3.24920E-11
  5.65000E-01  1.00000E+00  1.00000E-04  3.24768E-11
  5.66000E-01  1.00000E+00  1.00000E-04  1.45549E-10
  5.67000E-01  1.00000E+00  1.00000E-04  0.00000E+00
  5.68000E-01  1.00000E+00  1.00000E-04 -1.45538E-10
  5.69000E-01  1.00000E+00  1.00000E-04  0.00000E+00
  5.70000E-01  1.00000E+00  1.00000E-04  1.45622E-10
  5.71000E-01  1.00000E+00  1.00000E-04 -9.40165E-17
  5.72000E-01  1.00000E+00  1.00000E-04  0.00000E+00
  5.73000E-01  1.00000E+00  1.00000E-04  9.40165E-17
  5.74000E-01  1.00000E+00  1.00000E-04 -1.45453E-10
  5.75000E-01  1.00000E+00  1.00000E-04  0.00000E+00
  5.76000E-01  1.00000E+00  1.00000E-04  0.00000E+00
  5.77000E-01  1.00000E+00  1.00000E-04  0.00000E+00
  5.78000E-01  1.00000E+00  1.00000E-04  0.00000E+00
  5.79000E-01  1.00000E+00  1.00000E-04  0.00000E+00
  5.80000E-01  1.00000E+00  1.00000E-04  0.00000E+00
  5.81000E-01  1.00000E+00  1.00000E-04  7.27413E-11
  5.82000E-01  1.00000E+00  1.00000E-04  0.00000E+00
  5.83000E-01  1.00000E+00  1.00000E-04 -2.18194E-10
  5.84000E-01  1.00000E+00  1.00000E-04  4.85433E-11
  5.85000E-01  1.00000E+00  1.00000E-04  4.85420E-11
  5.86000E-01  1.00000E+00  1.00000E-04  4.85421E-11
  5.87000E-01  1.00000E+00  1.00000E-04  0.00000E+00
  5.88000E-01  1.00000E+00  1.00000E-04  0.00000E+00
  5.89000E-01  1.00000E+00  1.00000E-04  0.00000E+00
  5.90000E-01  1.00000E+00  1.00000E-04  0.00000E+00
  5.91000E-01  1.00000E+00  1.00000E-04  0.00000E+00
  5.92000E-01  1.00000E+00  1.00000E-04  0.00000E+00
  5.93000E-01  1.00000E+00  1.00000E-04  2.18410E-10
  5.94000E-01  1.00000E+00  1.00000E-04 -1.03418E-16
  5.95000E-01  1.00000E+00  1.00000E-04 -9.40164E-17
  5.96000E-01  1.00000E+00  1.00000E-04  0.00000E+00
  5.97000E-01  1.00000E+00  1.00000E-04  3.58972E-16
  5.98000E-01  1.00000E+00  1.00000E-04  1.03418E-16
  5.99000E-01  1.00000E+00  1.00000E-04 -2.18192E-10
  6.00000E-01  1.00000E+00  1.00000E-04 -5.95385E-11
  6.01000E-01  1.00000E+00  1.00000E-04 -2.14146E-08
  6.02000E-01  1.00000E+00  1.00000E-04 -9.54106E-07
  6.03000E-01  1.00000E+00  1.00346E-04  2.86761E-10
  6.04000E-01  1.00000E+00  1.00000E-04  9.53581E-07
  6.05000E-01  1.00000E+00  1.00000E-04  2.14903E-08
  6.06000E-01  1.00000E+00  1.00000E-04  7.46805E-10
  6.07000E-01  9.99999E-01  9.99999E-05 -5.95941E-11
  6.08000E-01  1.00000E+00  1.00000E-04 -2.91126E-10
  6.09000E-01  9.99999E-01  9.99999E-05  7.27442E-11
  6.10000E-01  1.00000E+00  1.00000E-04 -3.63592E-10
  6.11000E-01  1.00000E+00  1.00000E-04 -7.27886E-11
  6.12000E-01  1.00000E+00  1.00000E-04  2.18392E-10
  6.13000E-01  1.00000E+00  1.00000E-04  0.00000E+00
  6.14000E-01  1.00000E+00  1.00000E-04 -2.18414E-10
  6.15000E-01  1.00000E+00  1.00000E-04  0.00000E+00
  6.16000E-01  1.00000E+00  1.00000E-04  0.00000E+00
  6.17000E-01  1.00000E+00  1.00000E-04  0.00000E+00
  6.18000E-01  1.00000E+00  1.00000E-04  0.00000E+00
  6.19000E-01  1.00000E+00  1.00000E-04  0.00000E+00
  6.20000E-01  1.00000E+00  1.00000E-04  0.00000E+00
  6.21000E-01  1.00000E+00  1.00000E-04  2.18200E-10
  6.22000E-01  1.00000E+00  1.00000E-04 -1.45457E-10
  6.23000E-01  1.00000E+00  1.00000E-04 -2.18389E-10
  6.24000E-01  1.00000E+00  1.00000E-04  7.28040E-11
  6.25000E-01  1.00000E+00  1.00000E-04  7.27930E-11
  6.26000E-01  1.00000E+00  1.00000E-04  0.00000E+00
  6.27000E-01  1.00000E+00  1.00000E-04 -7.27914E-11
  6.28000E-01  1.00000E+00  1.00000E-04  1.45482E-10
  6.29000E-01  1.00000E+00  1.00000E-04  0.00000E+00
  6.30000E-01  1.00000E+00  1.00000E-04 -1.13760E-16
  6.31000E-01  1.00000E+00  1.00000E-04  1.03418E-17
  6.32000E-01  1.00000E+00  1.00000E-04 -6.82979E-17
  6.33000E-01  1.00000E+00  1.00000E-04  8.62465E-17
  6.34000E-01  1.00000E+00  1.00000E-04  8.54695E-17
  6.35000E-01  1.00000E+00  1.00000E-04  0.00000E+00
  6.36000E-01  1.00000E+00  1.00000E-04 -7.27214E-11
  6.37000E-01  1.00000E+00  1.00000E-04 -7.28167E-11
  6.38000E-01  1.00000E+00  1.00000E-04  7.27907E-11
  6.39000E-01  1.00000E+00  1.00000E-04  7.27499E-11
  6.40000E-01  1.00000E+00  1.00000E-04  1.45559E-10
  6.41000E-01  1.00000E+00  1.00000E-04 -1.63169E-16
  6.42000E-01  1.00000E+00  1.00000E-04 -2.18248E-10
  6.43000E-01  1.00000E+00  1.00000E-04 -7.76996E-17
  6.44000E-01  1.00000E+00  1.00000E-04 -7.76995E-18
  6.45000E-01  1.00000E+00  1.00000E-04  8.54695E-17
  6.46000E-01  1.00000E+00  1.00000E-04  7.27932E-11
  6.47000E-01  1.00000E+00  1.00000E-04 -7.76996E-17
  6.48000E-01  1.00000E+00  1.00000E-04  7.27959E-11
  6.49000E-01  1.00000E+00  1.00000E-04  4.19951E-10
  6.50000E-01  9.99999E-01  9.99999E-05 -2.74662E-10
  6.51000E-01  1.00000E+00  1.00000E-04 -2.91293E-10
  6.52000E-01  1.00000E+00  1.00000E-04 -7.27909E-11
  6.53000E-01  1.00000E+00  1.00000E-04  7.28246E-11
  6.54000E-01  1.00000E+00  1.00000E-04 -1.01786E-16
  6.55000E-01  1.00000E+00  1.00000E-04 -4.36789E-10
  6.56000E-01  1.00000E+00  1.00000E-04 -9.40165E-17
  6.57000E-01  1.00000E+00  1.00000E-04  7.28181E-11
  6.58000E-01  1.00000E+00  1.00000E-04  4.34469E-10
  6.59000E-01  1.00000E+00  1.00000E-04 -1.43247E-10
  6.60000E-01  1.00000E+00  1.00000E-04 -7.27484E-11
  6.61000E-01  1.00000E+00  1.00000E-04  4.36450E-10
  6.62000E-01  1.00000E+00  1.00000E-04 -2.91170E-10
  6.63000E-01  1.00000E+00  1.00000E-04  8.54695E-17
  6.64000E-01  1.00000E+00  1.00000E-04  7.76996E-17
  6.65000E-01  1.00000E+00  1.00000E-04 -2.45102E-11
  6.66000E-01  1.00000E+00  1.00000E-04  1.54750E-09
  6.67000E-01  9.99998E-01  9.99998E-05 -4.32533E-10
  6.68000E-01  1.00000E+00  1.00000E-04 -9.13122E-10
  6.69000E-01  1.00000E+00  1.00000E-04  1.11107E-11
  6.70000E-01  1.00000E+00  1.00000E-04 -8.44684E-10
  6.71000E-01  1.00000E+00  1.00000E-04  0.00000E+00
  6.72000E-01  1.00000E+00  1.00000E-04  8.00952E-10
  6.73000E-01  1.00000E+00  1.00000E-04  2.18192E-10
  6.74000E-01  1.00000E+00  1.00000E-04 -1.45556E-10
  6.75000E-01  1.00000E+00  1.00000E-04 -9.69834E-11
  6.76000E-01  1.00000E+00  1.00000E-04 -9.69842E-11
  6.77000E-01  1.00000E+00  1.00000E-04 -9.69833E-11
  6.78000E-01  1.00000E+00  1.00000E-04  2.15996E-10
  6.79000E-01  1.00000E+00  1.00000E-04 -3.61720E-10
  6.80000E-01  1.00000E+00  1.00000E-04  1.45626E-10
  6.81000E-01  1.00000E+00  9.99999E-05  7.56911E-10
  6.82000E-01  9.99999E-01  9.99999E-05 -5.38778E-10
  6.83000E-01  1.00000E+00  1.00000E-04  3.63679E-11
  6.84000E-01  1.00000E+00  1.00000E-04  3.63652E-11
  6.85000E-01  1.00000E+00  1.00000E-04 -1.45497E-10
  6.86000E-01  1.00000E+00  1.00000E-04  3.64037E-10
  6.87000E-01  9.99999E-01  9.99999E-05 -7.27401E-11
  6.88000E-01  1.00000E+00  1.00000E-04 -3.61413E-10
  6.89000E-01  1.00000E+00  1.00000E-04  2.15853E-10
  6.90000E-01  1.00000E+00  1.00000E-04  1.01472E-11
  6.91000E-01  1.00000E+00  1.00000E-04  1.29570E-09
  6.92000E-01  9.99999E-01  9.99997E-05 -5.77566E-10
  6.93000E-01  1.00000E+00  1.00000E-04 -9.93477E-10
  6.94000E-01  1.00000E+00  9.99999E-05 -1.83024E-10
  6.95000E-01  1.00000E+00  1.00000E-04 -7.94134E-10
  6.96000E-01  1.00000E+00  1.00000E-04  4.48625E-09
  6.97000E-01  9.99995E-01  9.99994E-05 -4.82744E-10
  6.98000E-01  1.00000E+00  1.00000E-04 -2.89173E-09
  6.99000E-01  1.00000E+00  1.00000E-04 -8.78430E-11
  7.00000E-01  1.00000E+00  1.00000E-04  0.00000E+00
  7.01000E-01  1.00000E+00  1.00000E-04  0.00000E+00
  7.02000E-01  1.00000E+00  1.00000E-04  0.00000E+00
  7.03000E-01  1.00000E+00  1.00000E-04  0.00000E+00
  7.04000E-01  1.00000E+00  1.00000E-04  0.00000E+00
  7.05000E-01  1.00000E+00  1.00000E-04  5.09531E-10
  7.06000E-01  1.00000E+00  9.99999E-05  2.80985E-10
  7.07000E-01  1.00000E+00  1.00000E-04 -1.36014E-09
  7.08000E-01  1.00000E+00  1.00000E-04  2.05982E-10
  7.09000E-01  1.00000E+00  1.00000E-04  3.63786E-10
  7.10000E-01  1.00000E+00  1.00000E-04  0.00000E+00
  7.11000E-01  1.00000E+00  1.00000E-04  0.00000E+00
  7.12000E-01  1.00000E+00  1.00000E-04  0.00000E+00
  7.13000E-01  1.00000E+00  1.00000E-04  0.00000E+00
  7.14000E-01  1.00000E+00  1.00000E-04  0.00000E+00
  7.15000E-01  1.00000E+00  1.00000E-04  0.00000E+00
  7.16000E-01  1.00000E+00  1.00000E-04  0.00000E+00
  7.17000E-01  1.00000E+00  1.00000E-04 -7.27554E-11
  7.18000E-01  1.00000E+00  1.00000E-04 -1.17885E-12
  7.19000E-01  1.00000E+00  1.00000E-04 -2.35901E-12
  7.20000E-01  1.00000E+00  1.00000E-04 -2.69987E-08
  7.21000E-01  1.00000E+00  1.00000E-04 -1.20262E-06
  7.22000E-01  1.00000E+00  1.00437E-04 -1.09966E-12
  7.23000E-01  1.00000E+00  1.00000E-04  1.20250E-06
  7.24000E-01  1.00000E+00  1.00000E-04  2.68295E-08
  7.25000E-01  1.00000E+00  1.00000E-04  1.21062E-10
  7.26000E-01  1.00000E+00  1.00000E-04  1.45471E-10
  7.27000E-01  1.00000E+00  1.00000E-04  0.00000E+00
  7.28000E-01  1.00000E+00  1.00000E-04  0.00000E+00
  7.29000E-01  1.00000E+00  1.00000E-04  0.00000E+00
  7.30000E-01  1.00000E+00  1.00000E-04  0.00000E+00
  7.31000E-01  1.00000E+00  1.00000E-04  0.00000E+00
  7.32000E-01  1.00000E+00  1.00000E-04  0.00000E+00
  7.33000E-01  1.00000E+00  1.00000E-04  0.00000E+00
  7.34000E-01  1.00000E+00  1.00000E-04  0.00000E+00
  7.35000E-01  1.00000E+00  1.00000E-04  0.00000E+00
  7.36000E-01  1.00000E+00  1.00000E-04  0.00000E+00
  7.37000E-01  1.00000E+00  1.00000E-04  0.00000E+00
  7.38000E-01  1.00000E+00  1.00000E-04  0.00000E+00
  7.39000E-01  1.00000E+00  1.00000E-04  0.00000E+00
  7.40000E-01  1.00000E+00  1.00000E-04  0.00000E+00
  7.41000E-01  1.00000E+00  1.00000E-04  0.00000E+00
  7.42000E-01  1.00000E+00  1.00000E-04 -1.45557E-10
  7.43000E-01  1.00000E+00  1.00000E-04 -7.27961E-11
  7.44000E-01  1.00000E+00  1.00000E-04  2.18357E-10
  7.45000E-01  1.00000E+00  1.00000E-04  7.76995E-17
  7.46000E-01  1.00000E+00  1.00000E-04  0.00000E+00
  7.47000E-01  1.00000E+00  1.00000E-04  0.00000E+00
  7.48000E-01  1.00000E+00  1.00000E-04  0.00000E+00
  7.49000E-01  1.00000E+00  1.00000E-04 -7.27887E-11
  7.50000E-01  1.00000E+00  1.00000E-04 -7.27833E-11
  7.51000E-01  1.00000E+00  1.00000E-04  1.45563E-10
  7.52000E-01  1.00000E+00  1.00000E-04  7.27309E-11
  7.53000E-01  1.00000E+00  1.00000E-04 -7.27319E-11
  7.54000E-01  1.00000E+00  1.00000E-04  0.00000E+00
  7.55000E-01  1.00000E+00  1.00000E-04  7.27891E-11
  7.56000E-01  1.00000E+00  1.00000E-04  0.00000E+00
  7.57000E-01  1.00000E+00  1.00000E-04 -7.27673E-11
  7.58000E-01  1.00000E+00  1.00000E-04  0.00000E+00
  7.59000E-01  1.00000E+00  1.00000E-04  0.00000E+00
  7.60000E-01  1.00000E+00  1.00000E-04  0.00000E+00
  7.61000E-01  1.00000E+00  1.00000E-04  0.00000E+00
  7.62000E-01  1.00000E+00  1.00000E-04  0.00000E+00
  7.63000E-01  1.00000E+00  1.00000E-04  0.00000E+00
  7.64000E-01  1.00000E+00  1.00000E-04  0.00000E+00
  7.65000E-01  1.00000E+00  1.00000E-04  0.00000E+00
  7.66000E-01  1.00000E+00  1.00000E-04  7.27636E-11
  7.67000E-01  1.00000E+00  1.00000E-04  0.00000E+00
  7.68000E-01  1.00000E+00  1.00000E-04 -7.27888E-11
  7.69000E-01  1.00000E+00  1.00000E-04 -4.36677E-10
  7.70000E-01  1.00000E+00  1.00000E-04 -6.74876E-11
  7.71000E-01  1.00000E+00  1.00000E-04 -2.45917E-08
  7.72000E-01  1.00000E+00  1.00000E-04 -1.11362E-06
  7.73000E-01  1.00000E+00  1.00405E-04 -2.36661E-10
  7.74000E-01  1.00000E+00  1.00000E-04  1.08580E-06
  7.75000E-01  1.00000E+00  1.00000E-04 -1.18438E-06
  7.76000E-01  1.00000E+00  1.00440E-04  2.23961E-10
  7.77000E-01  1.00000E+00  1.00000E-04  1.21070E-06
  7.78000E-01  1.00000E+00  1.00000E-04  2.73828E-08
  7.79000E-01  1.00000E+00  1.00000E-04  6.73880E-11
  7.80000E-01  1.00000E+00  1.00000E-04 -2.18310E-10
  7.81000E-01  1.00000E+00  1.00000E-04  7.27654E-11
  7.82000E-01  1.00000E+00  1.00000E-04  0.00000E+00
  7.83000E-01  1.00000E+00  1.00000E-04 -7.27512E-11
  7.84000E-01  1.00000E+00  1.00000E-04  2.18415E-10
  7.85000E-01  1.00000E+00  1.00000E-04  0.00000E+00
  7.86000E-01  1.00000E+00  1.00000E-04 -2.18368E-10
  7.87000E-01  1.00000E+00  1.00000E-04  0.00000E+00
  7.88000E-01  1.00000E+00  1.00000E-04  0.00000E+00
  7.89000E-01  1.00000E+00  1.00000E-04  0.00000E+00
  7.90000E-01  1.00000E+00  1.00000E-04  0.00000E+00
  7.91000E-01  1.00000E+00  1.00000E-04  0.00000E+00
  7.92000E-01  1.00000E+00  1.00000E-04 -7.27403E-11
  7.93000E-01  1.00000E+00  1.00000E-04  0.00000E+00
  7.94000E-01  1.00000E+00  1.00000E-04  7.27394E-11
  7.95000E-01  1.00000E+00  1.00000E-04 -7.27916E-11
  7.96000E-01  1.00000E+00  1.00000E-04  0.00000E+00
  7.97000E-01  1.00000E+00  1.00000E-04  7.27664E-11
  7.98000E-01  1.00000E+00  1.00000E-04  2.91056E-10
  7.99000E-01  9.99999E-01  9.99999E-05  0.00000E+00
  8.00000E-01  1.00000E+00  1.00000E-04 -2.88733E-10
  8.01000E-01  1.00000E+00  1.00000E-04  2.88891E-10
  8.02000E-01  9.99999E-01  9.99999E-05  0.00000E+00
  8.03000E-01  1.00000E+00  1.00000E-04 -2.90962E-10
  8.04000E-01  1.00000E+00  1.00000E-04 -5.95133E-11
  8.05000E-01  1.00000E+00  1.00000E-04 -2.14049E-08
  8.06000E-01  1.00000E+00  1.00000E-04 -9.53251E-07
  8.07000E-01  1.00000E+00  1.00346E-04 -1.89002E-10
  8.08000E-01  1.00000E+00  1.00000E-04  9.31082E-07
  8.09000E-01  1.00000E+00  1.00000E-04 -9.30857E-07
  8.10000E-01  1.00000E+00  1.00346E-04  1.91294E-10
  8.11000E-01  1.00000E+00  1.00000E-04  9.53321E-07
  8.12000E-01  1.00000E+00  1.00000E-04  2.16158E-08
  8.13000E-01  1.00000E+00  1.00000E-04  5.12277E-11
  8.14000E-01  1.00000E+00  1.00000E-04 -2.18307E-10
  8.15000E-01  1.00000E+00  1.00000E-04  2.18410E-10
  8.16000E-01  1.00000E+00  1.00000E-04  7.27611E-11
  8.17000E-01  1.00000E+00  1.00000E-04 -4.36575E-10
  8.18000E-01  1.00000E+00  1.00000E-04  7.27971E-11
  8.19000E-01  1.00000E+00  1.00000E-04  7.27658E-11
  8.20000E-01  1.00000E+00  1.00000E-04  0.00000E+00
  8.21000E-01  1.00000E+00  1.00000E-04  0.00000E+00
  8.22000E-01  1.00000E+00  1.00000E-04  0.00000E+00
  8.23000E-01  1.00000E+00  1.00000E-04  1.45531E-10
  8.24000E-01  1.00000E+00  1.00000E-04  2.47443E-16
  8.25000E-01  1.00000E+00  1.00000E-04 -7.28125E-11
  8.26000E-01  1.00000E+00  1.00000E-04  7.76995E-17
  8.27000E-01  1.00000E+00  1.00000E-04 -7.27752E-11
  8.28000E-01  1.00000E+00  1.00000E-04  0.00000E+00
  8.29000E-01  1.00000E+00  1.00000E-04  7.27714E-11
  8.30000E-01  1.00000E+00  1.00000E-04  0.00000E+00
  8.31000E-01  1.00000E+00  1.00000E-04 -7.27936E-11
  8.32000E-01  1.00000E+00  1.00000E-04  0.00000E+00
  8.33000E-01  1.00000E+00  1.00000E-04  0.00000E+00
  8.34000E-01  1.00000E+00  1.00000E-04  1.45626E-10
  8.35000E-01  1.00000E+00  1.00000E-04  0.00000E+00
  8.36000E-01  1.00000E+00  1.00000E-04 -1.45574E-10
  8.37000E-01  1.00000E+00  1.00000E-04 -7.43892E-11
  8.38000E-01  1.00000E+00  1.00000E-04 -2.64866E-08
  8.39000E-01  1.00000E+00  1.00000E-04 -1.18070E-06
  8.40000E-01  1.00000E+00  1.00429E-04 -2.84722E-10
  8.41000E-01  1.00000E+00  1.00000E-04  1.18147E-06
  8.42000E-01  1.00000E+00  1.00000E-04  2.66430E-08
  8.43000E-01  1.00000E+00  1.00000E-04  6.78778E-11
  8.44000E-01  1.00000E+00  1.00000E-04 -1.45563E-10
  8.45000E-01  1.00000E+00  1.00000E-04  7.27917E-11
  8.46000E-01  1.00000E+00  1.00000E-04  0.00000E+00
  8.47000E-01  1.00000E+00  1.00000E-04 -1.45539E-10
  8.48000E-01  1.00000E+00  1.00000E-04  7.28343E-11
  8.49000E-01  1.00000E+00  1.00000E-04  0.00000E+00
  8.50000E-01  1.00000E+00  1.00000E-04  0.00000E+00
  8.51000E-01  1.00000E+00  1.00000E-04 -3.63918E-11
  8.52000E-01  1.00000E+00  1.00000E-04 -3.63899E-11
  8.53000E-01  1.00000E+00  1.00000E-04  1.45506E-10
  8.54000E-01  1.00000E+00  1.00000E-04  9.42822E-11
  8.55000E-01  1.00000E+00  1.00000E-04  3.00098E-09
  8.56000E-01  9.99994E-01  9.99994E-05 -1.06089E-12
  8.57000E-01  1.00000E+00  1.00000E-04 -3.04978E-09
  8.58000E-01  1.00000E+00  1.00000E-04  5.35809E-10
  8.59000E-01  9.99999E-01  9.99999E-05  8.54695E-17
  8.60000E-01  1.00000E+00  1.00000E-04 -6.44859E-10
  8.61000E-01  1.00000E+00  1.00000E-04 -1.01526E-11
  8.62000E-01  1.00000E+00  1.00000E-04  0.00000E+00
  8.63000E-01  1.00000E+00  1.00000E-04  0.00000E+00
  8.64000E-01  1.00000E+00  1.00000E-04  0.00000E+00
  8.65000E-01  1.00000E+00  1.00000E-04  0.00000E+00
  8.66000E-01  1.00000E+00  1.00000E-04  7.27817E-11
  8.67000E-01  1.00000E+00  1.00000E-04  1.45566E-10
  8.68000E-01  1.00000E+00  1.00000E-04 -2.18384E-10
  8.69000E-01  1.00000E+00  1.00000E-04  0.00000E+00
  8.70000E-01  1.00000E+00  1.00000E-04  0.00000E+00
  8.71000E-01  1.00000E+00  1.00000E-04  7.28102E-11
  8.72000E-01  1.00000E+00  1.00000E-04  2.18280E-10
  8.73000E-01  1.00000E+00  1.00000E-04 -4.36643E-10
  8.74000E-01  1.00000E+00  1.00000E-04  7.28049E-11
  8.75000E-01  1.00000E+00  1.00000E-04  7.27637E-11
  8.76000E-01  1.00000E+00  1.00000E-04  1.45495E-10
  8.77000E-01  1.00000E+00  1.00000E-04  0.00000E+00
  8.78000E-01  1.00000E+00  1.00000E-04 -2.18336E-10
  8.79000E-01  1.00000E+00  1.00000E-04  2.18409E-10
  8.80000E-01  1.00000E+00  1.00000E-04  7.50908E-11
  8.81000E-01  1.00000E+00  1.00000E-04  6.52368E-10
  8.82000E-01  9.99998E-01  9.99998E-05  7.76995E-17
  8.83000E-01  1.00000E+00  1.00000E-04 -8.43444E-10
  8.84000E-01  1.00000E+00  1.00000E-04  4.33661E-11
  8.85000E-01  1.00000E+00  1.00000E-04  0.00000E+00
  8.86000E-01  1.00000E+00  1.00000E-04 -7.28138E-11
  8.87000E-01  1.00000E+00  1.00000E-04  0.00000E+00
  8.88000E-01  1.00000E+00  1.00000E-04  0.00000E+00
  8.89000E-01  1.00000E+00  1.00000E-04  7.27847E-11
  8.90000E-01  1.00000E+00  1.00000E-04  0.00000E+00
  8.91000E-01  1.00000E+00  1.00000E-04 -7.27388E-11
  8.92000E-01  1.00000E+00  1.00000E-04  0.00000E+00
  8.93000E-01  1.00000E+00  1.00000E-04  0.00000E+00
  8.94000E-01  1.00000E+00  1.00000E-04  0.00000E+00
  8.95000E-01  1.00000E+00  1.00000E-04  7.27816E-11
  8.96000E-01  1.00000E+00  1.00000E-04 -7.27988E-11
  8.97000E-01  1.00000E+00  1.00000E-04  0.00000E+00
  8.98000E-01  1.00000E+00  1.00000E-04  0.00000E+00
  8.99000E-01  1.00000E+00  1.00000E-04 -2.44871E-16
  9.00000E-01  1.00000E+00  1.00000E-04  1.14794E-16
  9.01000E-01  1.00000E+00  1.00000E-04  1.30077E-16
  9.02000E-01  1.00000E+00  1.00000E-04  0.00000E+00
  9.03000E-01  1.00000E+00  1.00000E-04 -3.63870E-11
  9.04000E-01  1.00000E+00  1.00000E-04 -3.63857E-11
  9.05000E-01  1.00000E+00  1.00000E-04  8.54695E-17
  9.06000E-01  1.00000E+00  1.00000E-04 -1.45575E-10
  9.07000E-01  1.00000E+00  1.00000E-04  1.45640E-10
  9.08000E-01  1.00000E+00  1.00000E-04  7.27380E-11
  9.09000E-01  1.00000E+00  1.00000E-04  7.27750E-11
  9.10000E-01  1.00000E+00  1.00000E-04 -3.63818E-11
  9.11000E-01  1.00000E+00  1.00000E-04 -3.63824E-11
  9.12000E-01  1.00000E+00  1.00000E-04  7.76995E-17
  9.13000E-01  1.00000E+00  1.00000E-04  0.00000E+00
  9.14000E-01  1.00000E+00  1.00000E-04  0.00000E+00
  9.15000E-01  1.00000E+00  1.00000E-04  0.00000E+00
  9.16000E-01  1.00000E+00  1.00000E-04  2.91065E-10
  9.17000E-01  9.99999E-01  9.99999E-05  0.00000E+00
  9.18000E-01  1.00000E+00  1.00000E-04 -2.91198E-10
  9.19000E-01  1.00000E+00  1.00000E-04  0.00000E+00
  9.20000E-01  1.00000E+00  1.00000E-04  0.00000E+00
  9.21000E-01  1.00000E+00  1.00000E-04  3.63965E-10
  9.22000E-01  9.99999E-01  9.99999E-05  3.02648E-16
  9.23000E-01  1.00000E+00  1.00000E-04 -2.18188E-10
  9.24000E-01  1.00000E+00  1.00000E-04  2.18142E-10
  9.25000E-01  1.00000E+00  1.00000E-04 -2.18147E-10
  9.26000E-01  1.00000E+00  1.00000E-04 -1.45509E-10
  9.27000E-01  1.00000E+00  1.00000E-04  0.00000E+00
  9.28000E-01  1.00000E+00  1.00000E-04 -2.33099E-16
  9.29000E-01  1.00000E+00  1.00000E-04  7.76995E-17
  9.30000E-01  1.00000E+00  1.00000E-04  7.76995E-17
  9.31000E-01  1.00000E+00  1.00000E-04  7.27489E-11
  9.32000E-01  1.00000E+00  1.00000E-04  1.90293E-11
  9.33000E-01  1.00000E+00  1.00000E-04 -1.90292E-11
  9.34000E-01  1.00000E+00  1.00000E-04 -7.27991E-11
  9.35000E-01  1.00000E+00  1.00000E-04  0.00000E+00
  9.36000E-01  1.00000E+00  1.00000E-04 -1.45499E-10
  9.37000E-01  1.00000E+00  1.00000E-04  0.00000E+00
  9.38000E-01  1.00000E+00  1.00000E-04  4.36408E-10
  9.39000E-01  1.00000E+00  1.00000E-04  0.00000E+00
  9.40000E-01  1.00000E+00  1.00000E-04 -4.36773E-10
  9.41000E-01  1.00000E+00  1.00000E-04  0.00000E+00
  9.42000E-01  1.00000E+00  1.00000E-04  5.06882E-10
  9.43000E-01  1.00000E+00  1.00000E-04 -7.04373E-11
  9.44000E-01  1.00000E+00  1.00000E-04 -4.02828E-11
  9.45000E-01  1.00000E+00  1.00000E-04  1.93121E-09
  9.46000E-01  9.99996E-01  9.99996E-05  5.40783E-10
  9.47000E-01  1.00000E+00  1.00000E-04 -2.73525E-09
  9.48000E-01  1.00000E+00  1.00000E-04  4.31827E-11
  9.49000E-01  1.00000E+00  1.00000E-04  4.31872E-11
  9.50000E-01  1.00000E+00  1.00000E-04  2.18126E-10
  9.51000E-01  1.00000E+00  1.00000E-04  7.27811E-11
  9.52000E-01  1.00000E+00  1.00000E-04 -1.30291E-11
  9.53000E-01  1.00000E+00  1.00000E-04 -5.97595E-11
  9.54000E-01  1.00000E+00  1.00000E-04 -6.54584E-10
  9.55000E-01  1.00000E+00  1.00000E-04  2.18413E-10
  9.56000E-01  1.00000E+00  1.00000E-04  2.18464E-10
  9.57000E-01  1.00000E+00  1.00000E-04  7.28126E-11
  9.58000E-01  1.00000E+00  1.00000E-04  1.45510E-10
  9.59000E-01  1.00000E+00  1.00000E-04 -4.36253E-10
  9.60000E-01  1.00000E+00  1.00000E-04  7.27233E-11
  9.61000E-01  1.00000E+00  1.00000E-04  7.27834E-11
  9.62000E-01  1.00000E+00  1.00000E-04 -1.45497E-10
  9.63000E-01  1.00000E+00  1.00000E-04 -2.91274E-10
  9.64000E-01  1.00000E+00  1.00000E-04  7.27872E-10
  9.65000E-01  1.00000E+00  1.00000E-04  7.27466E-11
  9.66000E-01  1.00000E+00  1.00000E-04 -8.70208E-10
  9.67000E-01  1.00000E+00  1.00000E-04  2.89029E-10
  9.68000E-01  1.00000E+00  1.00000E-04 -1.21530E-16
  9.69000E-01  1.00000E+00  1.00000E-04 -7.28149E-11
  9.70000E-01  1.00000E+00  1.00000E-04  7.27860E-11
  9.71000E-01  1.00000E+00  1.00000E-04  5.08941E-10
  9.72000E-01  9.99999E-01  9.99999E-05  1.80778E-10
  9.73000E-01  1.00000E+00  1.00000E-04  2.28354E-09
  9.74000E-01  9.99995E-01  9.99995E-05  1.19207E-10
  9.75000E-01  1.00000E+00  1.00000E-04 -2.91664E-09
  9.76000E-01  1.00000E+00  1.00000E-04  1.88959E-10
  9.77000E-01  1.00000E+00  9.99999E-05  2.18332E-10
  9.78000E-01  1.00000E+00  1.00000E-04 -6.54981E-10
  9.79000E-01  9.99999E-01  1.00000E-04  1.47978E-15
  9.80000E-01  1.00000E+00  1.00000E-04  1.59949E-09
  9.81000E-01  9.99998E-01  9.99998E-05  7.27372E-11
  9.82000E-01  1.00000E+00  1.00000E-04 -2.06785E-09
  9.83000E-01  1.00000E+00  1.00000E-04  2.50276E-10
  9.84000E-01  1.00000E+00  1.00000E-04  7.60393E-11
  9.85000E-01  1.00000E+00  1.00000E-04  2.32168E-09
  9.86000E-01  9.99996E-01  9.99995E-05 -1.96073E-09
  9.87000E-01  1.00001E+00  1.00001E-04 -2.51068E-09
  9.88000E-01  1.00000E+00  1.00000E-04  1.79909E-09
  9.89000E-01  1.00000E+00  1.00000E-04  9.49923E-09
  9.90000E-01  9.99981E-01  9.99981E-05  8.44105E-10
  9.91000E-01  1.00000E+00  1.00000E-04 -9.34662E-09
  9.92000E-01  1.00000E+00  1.00000E-04 -2.88330E-10
  9.93000E-01  1.00000E+00  1.00000E-04  0.00000E+00
  9.94000E-01  1.00000E+00  1.00000E-04 -1.45506E-10
  9.95000E-01  1.00000E+00  1.00000E-04  0.00000E+00
  9.96000E-01  1.00000E+00  1.00000E-04  1.45590E-10
  9.97000E-01  1.00000E+00  1.00000E-04  0.00000E+00
  9.98000E-01  1.00000E+00  1.00000E-04  0.00000E+00
  9.99000E-01  1.00000E+00  1.00000E-04  0.00000E+00
