 -7.34596E-11  2.64094E-05  3.03974E+01  4.06318E-01
  3.35800E-02  2.09766E-04  3.03972E+01  9.13547E-01
  4.14540E-02  3.85106E-04  3.03969E+01  1.10416E+00
  4.94026E-02  6.81661E-04  3.03962E+01  1.27512E+00
  5.59187E-02  1.04547E-03  3.03953E+01  1.41706E+00
  6.15520E-02  1.50465E-03  3.03944E+01  1.53832E+00
  6.64697E-02  2.03257E-03  3.03942E+01  1.64478E+00
  7.08840E-02  2.66626E-03  3.03946E+01  1.74080E+00
  7.48617E-02  3.36528E-03  3.03962E+01  1.82856E+00
  7.85157E-02  4.14888E-03  3.03988E+01  1.91047E+00
  8.18996E-02  4.99257E-03  3.04030E+01  1.98852E+00
  8.50700E-02  5.88574E-03  3.04080E+01  2.06386E+00
  8.80698E-02  6.83439E-03  3.04131E+01  2.13657E+00
  9.09254E-02  7.83475E-03  3.04180E+01  2.20653E+00
  9.36574E-02  8.88424E-03  3.04222E+01  2.27277E+00
  9.62822E-02  9.98888E-03  3.04253E+01  2.33483E+00
  9.88106E-02  1.11562E-02  3.04277E+01  2.39254E+00
  1.01250E-01  1.24021E-02  3.04300E+01  2.44614E+00
  1.03604E-01  1.37149E-02  3.04331E+01  2.49713E+00
  1.05879E-01  1.51213E-02  3.04375E+01  2.54705E+00
  1.08077E-01  1.66134E-02  3.04438E+01  2.59742E+00
  1.10201E-01  1.81636E-02  3.04520E+01  2.64868E+00
  1.12258E-01  1.97276E-02  3.04624E+01  2.69995E+00
  1.14259E-01  2.13408E-02  3.04739E+01  2.75081E+00
  1.16208E-01  2.29712E-02  3.04859E+01  2.79996E+00
  1.18112E-01  2.46270E-02  3.04975E+01  2.84667E+00
  1.19976E-01  2.63716E-02  3.05078E+01  2.89065E+00
  1.21798E-01  2.81707E-02  3.05171E+01  2.93187E+00
  1.23582E-01  3.00940E-02  3.05260E+01  2.97127E+00
  1.25324E-01  3.20574E-02  3.05351E+01  3.00946E+00
  1.27030E-01  3.41255E-02  3.05451E+01  3.04770E+00
  1.28697E-01  3.61777E-02  3.05574E+01  3.08689E+00
  1.30332E-01  3.82981E-02  3.05727E+01  3.12741E+00
  1.31936E-01  4.04087E-02  3.05901E+01  3.16888E+00
  1.33513E-01  4.25733E-02  3.06093E+01  3.21020E+00
  1.35063E-01  4.47981E-02  3.06281E+01  3.25008E+00
  1.36588E-01  4.70818E-02  3.06461E+01  3.28803E+00
  1.38089E-01  4.94714E-02  3.06619E+01  3.32358E+00
  1.39564E-01  5.19298E-02  3.06774E+01  3.35676E+00
  1.41014E-01  5.44259E-02  3.06932E+01  3.38919E+00
  1.42441E-01  5.69507E-02  3.07114E+01  3.42141E+00
  1.43847E-01  5.95389E-02  3.07316E+01  3.45376E+00
  1.45231E-01  6.21454E-02  3.07544E+01  3.48704E+00
  1.46597E-01  6.48043E-02  3.07787E+01  3.52136E+00
  1.47943E-01  6.75321E-02  3.08040E+01  3.55615E+00
  1.49271E-01  7.03316E-02  3.08308E+01  3.59000E+00
  1.50580E-01  7.32043E-02  3.08596E+01  3.62289E+00
  1.51872E-01  7.61245E-02  3.08888E+01  3.65497E+00
  1.53146E-01  7.90814E-02  3.09184E+01  3.68575E+00
  1.54404E-01  8.21231E-02  3.09469E+01  3.71603E+00
  1.55646E-01  8.52041E-02  3.09733E+01  3.74606E+00
  1.56872E-01  8.82517E-02  3.09981E+01  3.77588E+00
  1.58084E-01  9.14153E-02  3.10240E+01  3.80529E+00
  1.59281E-01  9.46771E-02  3.10525E+01  3.83351E+00
  1.60464E-01  9.78621E-02  3.10860E+01  3.86115E+00
  1.61634E-01  1.01283E-01  3.11226E+01  3.88917E+00
  1.62790E-01  1.04594E-01  3.11615E+01  3.91783E+00
  1.63934E-01  1.08138E-01  3.12015E+01  3.94773E+00
  1.65063E-01  1.11523E-01  3.12408E+01  3.97806E+00
  1.66182E-01  1.15108E-01  3.12806E+01  4.00804E+00
  1.67289E-01  1.18795E-01  3.13211E+01  4.03698E+00
  1.68382E-01  1.22345E-01  3.13633E+01  4.06475E+00
  1.69466E-01  1.26042E-01  3.14049E+01  4.09139E+00
  1.70538E-01  1.29931E-01  3.14488E+01  4.11763E+00
  1.71599E-01  1.33770E-01  3.14921E+01  4.14444E+00
  1.72648E-01  1.37551E-01  3.15346E+01  4.17140E+00
  1.73689E-01  1.41484E-01  3.15777E+01  4.19814E+00
  1.74718E-01  1.45472E-01  3.16203E+01  4.22463E+00
  1.75739E-01  1.49528E-01  3.16663E+01  4.25120E+00
  1.76749E-01  1.53644E-01  3.17167E+01  4.27664E+00
  1.77749E-01  1.57787E-01  3.17718E+01  4.30124E+00
  1.78741E-01  1.61985E-01  3.18268E+01  4.32651E+00
  1.79723E-01  1.66261E-01  3.18805E+01  4.35220E+00
  1.80697E-01  1.70605E-01  3.19322E+01  4.37752E+00
  1.81662E-01  1.74938E-01  3.19873E+01  4.40280E+00
  1.82618E-01  1.79425E-01  3.20443E+01  4.42816E+00
  1.83566E-01  1.83837E-01  3.21031E+01  4.45337E+00
  1.84506E-01  1.88447E-01  3.21633E+01  4.47918E+00
  1.85437E-01  1.92981E-01  3.22231E+01  4.50443E+00
  1.86361E-01  1.97790E-01  3.22848E+01  4.52894E+00
  1.87277E-01  2.02506E-01  3.23472E+01  4.55321E+00
  1.88185E-01  2.07271E-01  3.24139E+01  4.57714E+00
  1.89085E-01  2.12170E-01  3.24840E+01  4.60075E+00
  1.89978E-01  2.17123E-01  3.25543E+01  4.62356E+00
  1.90864E-01  2.22073E-01  3.26251E+01  4.64640E+00
  1.91743E-01  2.27163E-01  3.26969E+01  4.67027E+00
  1.92614E-01  2.32092E-01  3.27670E+01  4.69542E+00
  1.93479E-01  2.37479E-01  3.28350E+01  4.72099E+00
  1.94336E-01  2.42471E-01  3.29082E+01  4.74585E+00
  1.95188E-01  2.48002E-01  3.29855E+01  4.76967E+00
  1.96032E-01  2.53231E-01  3.30645E+01  4.79221E+00
  1.96870E-01  2.58822E-01  3.31452E+01  4.81380E+00
  1.97701E-01  2.64237E-01  3.32236E+01  4.83611E+00
  1.98526E-01  2.69743E-01  3.33020E+01  4.85925E+00
  1.99345E-01  2.75590E-01  3.33810E+01  4.88219E+00
  2.00157E-01  2.81027E-01  3.34653E+01  4.90550E+00
  2.00964E-01  2.86770E-01  3.35526E+01  4.92853E+00
  2.01765E-01  2.92843E-01  3.36448E+01  4.95144E+00
  2.02559E-01  2.98751E-01  3.37385E+01  4.97481E+00
  2.03348E-01  3.04584E-01  3.38348E+01  4.99842E+00
  2.04131E-01  3.10718E-01  3.39304E+01  5.02207E+00
  2.04908E-01  3.17008E-01  3.40287E+01  5.04524E+00
  2.05679E-01  3.23058E-01  3.41286E+01  5.06787E+00
  2.06445E-01  3.29420E-01  3.42303E+01  5.09011E+00
  2.07205E-01  3.35766E-01  3.43307E+01  5.11142E+00
  2.07960E-01  3.42161E-01  3.44281E+01  5.13207E+00
  2.08709E-01  3.48520E-01  3.45218E+01  5.15327E+00
  2.09454E-01  3.55106E-01  3.46193E+01  5.17502E+00
  2.10193E-01  3.61636E-01  3.47264E+01  5.19760E+00
  2.10927E-01  3.68463E-01  3.48417E+01  5.22126E+00
  2.11656E-01  3.75282E-01  3.49608E+01  5.24531E+00
  2.12380E-01  3.82194E-01  3.50767E+01  5.26820E+00
  2.13099E-01  3.89159E-01  3.51872E+01  5.28942E+00
  2.13813E-01  3.96003E-01  3.52966E+01  5.30989E+00
  2.14522E-01  4.03176E-01  3.54102E+01  5.33073E+00
  2.15226E-01  4.10423E-01  3.55262E+01  5.35237E+00
  2.15925E-01  4.17659E-01  3.56507E+01  5.37473E+00
  2.16620E-01  4.24912E-01  3.57782E+01  5.39773E+00
  2.17310E-01  4.32360E-01  3.59056E+01  5.42054E+00
  2.17996E-01  4.39990E-01  3.60339E+01  5.44219E+00
  2.18677E-01  4.47615E-01  3.61634E+01  5.46266E+00
  2.19353E-01  4.55308E-01  3.62941E+01  5.48317E+00
  2.20025E-01  4.63159E-01  3.64258E+01  5.50430E+00
  2.20692E-01  4.71058E-01  3.65631E+01  5.52618E+00
  2.21355E-01  4.79013E-01  3.67013E+01  5.54824E+00
  2.22013E-01  4.86877E-01  3.68408E+01  5.57015E+00
  2.22668E-01  4.95204E-01  3.69805E+01  5.59190E+00
  2.23318E-01  5.03377E-01  3.71214E+01  5.61370E+00
  2.23963E-01  5.11573E-01  3.72643E+01  5.63564E+00
  2.24605E-01  5.20264E-01  3.74121E+01  5.65740E+00
  2.25242E-01  5.28584E-01  3.75651E+01  5.67887E+00
  2.25875E-01  5.37443E-01  3.77169E+01  5.69966E+00
  2.26504E-01  5.45962E-01  3.78707E+01  5.72019E+00
  2.27129E-01  5.54959E-01  3.80261E+01  5.74110E+00
  2.27750E-01  5.63810E-01  3.81870E+01  5.76222E+00
  2.28367E-01  5.72930E-01  3.83472E+01  5.78341E+00
  2.28980E-01  5.82017E-01  3.85092E+01  5.80476E+00
  2.29589E-01  5.90843E-01  3.86680E+01  5.82589E+00
  2.30194E-01  6.00307E-01  3.88315E+01  5.84721E+00
  2.30796E-01  6.09674E-01  3.90014E+01  5.86901E+00
  2.31394E-01  6.18864E-01  3.91776E+01  5.89091E+00
  2.31988E-01  6.28954E-01  3.93546E+01  5.91240E+00
  2.32578E-01  6.38677E-01  3.95291E+01  5.93231E+00
  2.33164E-01  6.48752E-01  3.97107E+01  5.95181E+00
  2.33746E-01  6.58610E-01  3.98940E+01  5.97111E+00
  2.34325E-01  6.68730E-01  4.00773E+01  5.99200E+00
  2.34900E-01  6.79086E-01  4.02610E+01  6.01478E+00
  2.35472E-01  6.88837E-01  4.04460E+01  6.03779E+00
  2.36040E-01  6.99322E-01  4.06326E+01  6.05968E+00
  2.36605E-01  7.09923E-01  4.08285E+01  6.07981E+00
  2.37166E-01  7.20912E-01  4.10206E+01  6.09931E+00
  2.37723E-01  7.30849E-01  4.12143E+01  6.11912E+00
  2.38277E-01  7.41907E-01  4.14158E+01  6.14030E+00
  2.38828E-01  7.53255E-01  4.16166E+01  6.16284E+00
  2.39375E-01  7.64041E-01  4.18274E+01  6.18453E+00
  2.39919E-01  7.75873E-01  4.20499E+01  6.20438E+00
  2.40460E-01  7.86709E-01  4.22655E+01  6.22293E+00
  2.40997E-01  7.98378E-01  4.24773E+01  6.24241E+00
  2.41531E-01  8.10356E-01  4.26832E+01  6.26310E+00
  2.42061E-01  8.21445E-01  4.28876E+01  6.28461E+00
  2.42588E-01  8.33215E-01  4.30959E+01  6.30732E+00
  2.43113E-01  8.45470E-01  4.33207E+01  6.32944E+00
  2.43633E-01  8.57333E-01  4.35548E+01  6.34930E+00
  2.44151E-01  8.70293E-01  4.38033E+01  6.36925E+00
  2.44665E-01  8.82734E-01  4.40370E+01  6.38933E+00
  2.45176E-01  8.94960E-01  4.42760E+01  6.40907E+00
  2.45685E-01  9.08048E-01  4.45066E+01  6.42955E+00
  2.46189E-01  9.19990E-01  4.47452E+01  6.44927E+00
  2.46691E-01  9.32885E-01  4.49832E+01  6.46928E+00
  2.47190E-01  9.46158E-01  4.52186E+01  6.49048E+00
  2.47686E-01  9.59129E-01  4.54525E+01  6.51305E+00
  2.48180E-01  9.72542E-01  4.56967E+01  6.53475E+00
  2.48670E-01  9.85815E-01  4.59596E+01  6.55362E+00
  2.49157E-01  9.99945E-01  4.62387E+01  6.57195E+00
  2.49641E-01  1.01450E+00  4.65207E+01  6.59240E+00
  2.50121E-01  1.02807E+00  4.67809E+01  6.61352E+00
  2.50599E-01  1.04231E+00  4.70302E+01  6.63368E+00
  2.51074E-01  1.05575E+00  4.72795E+01  6.65468E+00
  2.51547E-01  1.07078E+00  4.75412E+01  6.67565E+00
  2.52016E-01  1.08506E+00  4.78270E+01  6.69590E+00
  2.52483E-01  1.09946E+00  4.81123E+01  6.71499E+00
  2.52947E-01  1.11478E+00  4.84016E+01  6.73356E+00
  2.53408E-01  1.12982E+00  4.86830E+01  6.75228E+00
  2.53866E-01  1.14505E+00  4.89694E+01  6.77266E+00
  2.54322E-01  1.16028E+00  4.92343E+01  6.79464E+00
  2.54774E-01  1.17500E+00  4.95142E+01  6.81653E+00
  2.55225E-01  1.19134E+00  4.97997E+01  6.83664E+00
  2.55672E-01  1.20630E+00  5.01125E+01  6.85452E+00
  2.56117E-01  1.22375E+00  5.04422E+01  6.87257E+00
  2.56559E-01  1.23921E+00  5.07686E+01  6.89110E+00
  2.56999E-01  1.25684E+00  5.10770E+01  6.91149E+00
  2.57435E-01  1.27187E+00  5.13789E+01  6.93340E+00
  2.57869E-01  1.29017E+00  5.16728E+01  6.95498E+00
  2.58301E-01  1.30496E+00  5.19685E+01  6.97573E+00
  2.58730E-01  1.32276E+00  5.22886E+01  6.99434E+00
  2.59157E-01  1.33959E+00  5.26174E+01  7.01216E+00
  2.59581E-01  1.35675E+00  5.29489E+01  7.03156E+00
  2.60002E-01  1.37599E+00  5.32823E+01  7.05128E+00
  2.60421E-01  1.39186E+00  5.36128E+01  7.07169E+00
  2.60838E-01  1.41093E+00  5.39465E+01  7.09211E+00
  2.61252E-01  1.42884E+00  5.42791E+01  7.11137E+00
  2.61663E-01  1.44689E+00  5.46403E+01  7.12978E+00
  2.62073E-01  1.46560E+00  5.49994E+01  7.14833E+00
  2.62479E-01  1.48545E+00  5.53499E+01  7.16740E+00
  2.62883E-01  1.50281E+00  5.56911E+01  7.18831E+00
  2.63285E-01  1.52195E+00  5.60332E+01  7.20934E+00
  2.63685E-01  1.54216E+00  5.63886E+01  7.22826E+00
  2.64082E-01  1.56068E+00  5.67730E+01  7.24656E+00
  2.64477E-01  1.58097E+00  5.71513E+01  7.26458E+00
  2.64870E-01  1.60021E+00  5.75247E+01  7.28382E+00
  2.65260E-01  1.62081E+00  5.78774E+01  7.30410E+00
  2.65648E-01  1.64158E+00  5.82339E+01  7.32402E+00
  2.66034E-01  1.66069E+00  5.86176E+01  7.34305E+00
  2.66417E-01  1.68161E+00  5.90279E+01  7.35982E+00
  2.66799E-01  1.70336E+00  5.94194E+01  7.37647E+00
  2.67177E-01  1.72377E+00  5.97853E+01  7.39599E+00
  2.67554E-01  1.74444E+00  6.01511E+01  7.41694E+00
  2.67929E-01  1.76566E+00  6.05378E+01  7.43604E+00
  2.68302E-01  1.78830E+00  6.09616E+01  7.45305E+00
  2.68672E-01  1.81127E+00  6.14083E+01  7.47027E+00
  2.69040E-01  1.83367E+00  6.18176E+01  7.48991E+00
  2.69406E-01  1.85561E+00  6.22082E+01  7.51148E+00
  2.69770E-01  1.87738E+00  6.26079E+01  7.53169E+00
  2.70132E-01  1.89908E+00  6.30268E+01  7.54880E+00
  2.70492E-01  1.92330E+00  6.34739E+01  7.56461E+00
  2.70849E-01  1.94770E+00  6.39354E+01  7.58192E+00
  2.71205E-01  1.96996E+00  6.43283E+01  7.60108E+00
  2.71558E-01  1.99418E+00  6.47295E+01  7.62182E+00
  2.71910E-01  2.01579E+00  6.51400E+01  7.64127E+00
  2.72260E-01  2.03991E+00  6.55976E+01  7.65876E+00
  2.72608E-01  2.06560E+00  6.60720E+01  7.67498E+00
  2.72953E-01  2.09111E+00  6.65421E+01  7.69149E+00
  2.73297E-01  2.11567E+00  6.69947E+01  7.70999E+00
  2.73639E-01  2.14149E+00  6.74326E+01  7.72870E+00
  2.73978E-01  2.16537E+00  6.78852E+01  7.74869E+00
  2.74316E-01  2.19167E+00  6.83171E+01  7.76817E+00
  2.74652E-01  2.21891E+00  6.87859E+01  7.78498E+00
  2.74986E-01  2.24111E+00  6.92997E+01  7.80036E+00
  2.75318E-01  2.27026E+00  6.98110E+01  7.81637E+00
  2.75648E-01  2.29777E+00  7.02866E+01  7.83391E+00
  2.75976E-01  2.32290E+00  7.07439E+01  7.85280E+00
  2.76303E-01  2.35156E+00  7.11749E+01  7.87295E+00
  2.76627E-01  2.37513E+00  7.16423E+01  7.89261E+00
  2.76951E-01  2.40293E+00  7.21448E+01  7.91031E+00
  2.77272E-01  2.43336E+00  7.26630E+01  7.92661E+00
  2.77591E-01  2.46380E+00  7.32046E+01  7.94212E+00
  2.77908E-01  2.48737E+00  7.37418E+01  7.95653E+00
  2.78224E-01  2.51927E+00  7.42705E+01  7.97252E+00
  2.78538E-01  2.54850E+00  7.47589E+01  7.99091E+00
  2.78850E-01  2.57439E+00  7.52227E+01  8.01076E+00
  2.79161E-01  2.60405E+00  7.57084E+01  8.02955E+00
  2.79469E-01  2.63642E+00  7.62251E+01  8.04752E+00
  2.79776E-01  2.66220E+00  7.67608E+01  8.06428E+00
  2.80082E-01  2.69458E+00  7.73364E+01  8.07947E+00
  2.80386E-01  2.72877E+00  7.78998E+01  8.09451E+00
  2.80687E-01  2.75389E+00  7.84662E+01  8.11029E+00
  2.80988E-01  2.78838E+00  7.90148E+01  8.12725E+00
  2.81286E-01  2.81828E+00  7.95522E+01  8.14555E+00
  2.81583E-01  2.85026E+00  8.00558E+01  8.16377E+00
  2.81879E-01  2.88235E+00  8.05952E+01  8.18125E+00
  2.82172E-01  2.91159E+00  8.11175E+01  8.19953E+00
  2.82465E-01  2.94746E+00  8.16876E+01  8.21589E+00
  2.82755E-01  2.97618E+00  8.22886E+01  8.23008E+00
  2.83045E-01  3.01421E+00  8.29197E+01  8.24397E+00
  2.83332E-01  3.04554E+00  8.35471E+01  8.25850E+00
  2.83618E-01  3.08108E+00  8.41292E+01  8.27438E+00
  2.83902E-01  3.11185E+00  8.46649E+01  8.29301E+00
  2.84185E-01  3.14593E+00  8.52057E+01  8.31242E+00
  2.84466E-01  3.18076E+00  8.57808E+01  8.32986E+00
  2.84746E-01  3.21363E+00  8.63861E+01  8.34512E+00
  2.85024E-01  3.25421E+00  8.70245E+01  8.35999E+00
  2.85301E-01  3.28543E+00  8.76458E+01  8.37507E+00
  2.85576E-01  3.32382E+00  8.82433E+01  8.39132E+00
  2.85850E-01  3.35430E+00  8.88042E+01  8.40943E+00
  2.86123E-01  3.39173E+00  8.94050E+01  8.42607E+00
  2.86394E-01  3.43535E+00  9.00762E+01  8.43928E+00
  2.86663E-01  3.46730E+00  9.08052E+01  8.45160E+00
  2.86931E-01  3.50658E+00  9.14907E+01  8.46528E+00
  2.87197E-01  3.54799E+00  9.20868E+01  8.48083E+00
  2.87462E-01  3.57539E+00  9.25997E+01  8.50213E+00
  2.87726E-01  3.61565E+00  9.31690E+01  8.52180E+00
  2.87989E-01  3.66145E+00  9.39722E+01  8.53062E+00
  2.88250E-01  3.69268E+00  9.46029E+01  8.54810E+00
  2.88510E-01  3.72973E+00  9.50474E+01  8.57002E+00
  2.88768E-01  3.77768E+00  9.60577E+01  8.57173E+00
  2.89025E-01  3.82598E+00  9.68523E+01  8.59048E+00
  2.89280E-01  3.83751E+00  9.67848E+01  8.62495E+00
  2.89535E-01  3.89438E+00  9.79659E+01  8.63832E+00
  2.89788E-01  3.94726E+00  9.90822E+01  8.56929E+00
  2.90039E-01  3.19529E+00  6.82159E+01  7.25993E+00
  2.90350E-01  1.45031E+00  6.59303E+00  1.73072E+00
  2.91039E-01  1.03989E+00  2.37707E-02  3.84659E-02
  2.92001E-01  1.00049E+00  1.00259E-04  1.38677E-05
  2.93000E-01  1.00001E+00  1.00001E-04  1.39214E-08
  2.94000E-01  9.99983E-01  9.99983E-05  3.76712E-10
  2.95000E-01  1.00001E+00  1.00001E-04  4.40775E-11
  2.96000E-01  9.99983E-01  9.99983E-05  0.00000E+00
  2.97000E-01  1.00001E+00  1.00001E-04  0.00000E+00
  2.98000E-01  9.99983E-01  9.99983E-05  6.31161E-12
  2.99000E-01  1.00001E+00  1.00001E-04 -4.26766E-11
  3.00000E-01  9.99983E-01  9.99983E-05 -4.63744E-10
  3.01000E-01  1.00001E+00  1.00001E-04 -1.35999E-08
  3.02000E-01  1.00001E+00  1.00001E-04  1.36735E-08
  3.03000E-01  9.99983E-01  9.99983E-05  4.30504E-10
  3.04000E-01  1.00001E+00  1.00001E-04 -7.69225E-11
  3.05000E-01  9.99983E-01  9.99983E-05  0.00000E+00
  3.06000E-01  1.00001E+00  1.00001E-04  1.45673E-11
  3.07000E-01  9.99983E-01  9.99983E-05 -2.77014E-10
  3.08000E-01  1.00001E+00  1.00001E-04 -1.37250E-08
  3.09000E-01  1.00001E+00  1.00001E-04  1.36320E-08
  3.10000E-01  9.99983E-01  9.99983E-05  4.33918E-10
  3.11000E-01  1.00001E+00  1.00001E-04 -5.16364E-12
  3.12000E-01  9.99983E-01  9.99983E-05  0.00000E+00
  3.13000E-01  1.00001E+00  1.00001E-04 -4.71941E-11
  3.14000E-01  9.99983E-01  9.99983E-05 -4.54181E-10
  3.15000E-01  1.00001E+00  1.00001E-04 -1.35984E-08
  3.16000E-01  1.00001E+00  1.00001E-04  1.36728E-08
  3.17000E-01  9.99983E-01  9.99983E-05  4.44702E-10
  3.18000E-01  1.00001E+00  1.00001E-04 -3.91131E-11
  3.19000E-01  9.99983E-01  9.99983E-05 -5.14613E-11
  3.20000E-01  1.00001E+00  1.00001E-04  1.46101E-10
  3.21000E-01  9.99983E-01  9.99983E-05 -4.25928E-10
  3.22000E-01  1.00001E+00  1.00001E-04 -1.37393E-08
  3.23000E-01  1.00001E+00  1.00001E-04  1.37602E-08
  3.24000E-01  9.99983E-01  9.99983E-05  2.59415E-10
  3.25000E-01  1.00001E+00  1.00001E-04 -1.46104E-10
  3.26000E-01  9.99983E-01  9.99983E-05  1.46098E-10
  3.27000E-01  1.00001E+00  1.00001E-04  0.00000E+00
  3.28000E-01  9.99983E-01  9.99983E-05  0.00000E+00
  3.29000E-01  1.00001E+00  1.00001E-04  7.64488E-12
  3.30000E-01  9.99983E-01  9.99983E-05 -3.74321E-10
  3.31000E-01  1.00001E+00  1.00001E-04 -1.38212E-08
  3.32000E-01  1.00001E+00  1.00001E-04  1.41225E-08
  3.33000E-01  9.99983E-01  9.99983E-05  4.30321E-10
  3.34000E-01  1.00001E+00  1.00001E-04 -2.92192E-10
  3.35000E-01  9.99983E-01  9.99983E-05  0.00000E+00
  3.36000E-01  1.00001E+00  1.00001E-04 -4.44824E-11
  3.37000E-01  9.99983E-01  9.99983E-05 -4.23222E-10
  3.38000E-01  1.00001E+00  1.00001E-04 -1.36094E-08
  3.39000E-01  1.00001E+00  1.00001E-04  1.32785E-08
  3.40000E-01  9.99983E-01  9.99984E-05  4.32592E-10
  3.41000E-01  1.00001E+00  1.00001E-04  2.72824E-10
  3.42000E-01  9.99983E-01  9.99983E-05 -4.91969E-10
  3.43000E-01  1.00001E+00  1.00001E-04  1.46101E-10
  3.44000E-01  9.99983E-01  9.99983E-05  1.43810E-09
  3.45000E-01  1.00001E+00  1.00001E-04 -1.65891E-08
  3.46000E-01  1.00001E+00  1.00001E-04  1.42032E-08
  3.47000E-01  9.99983E-01  9.99983E-05  1.33922E-09
  3.48000E-01  1.00001E+00  1.00001E-04  1.99157E-09
  3.49000E-01  9.99983E-01  9.99979E-05 -4.10981E-10
  3.50000E-01  1.00001E+00  1.00001E-04 -1.97556E-09
  3.51000E-01  9.99983E-01  9.99983E-05 -1.93248E-11
  3.52000E-01  1.00001E+00  1.00001E-04 -1.36401E-08
  3.53000E-01  1.00001E+00  1.00001E-04  1.35989E-08
  3.54000E-01  9.99983E-01  9.99983E-05  4.29025E-10
  3.55000E-01  1.00001E+00  1.00001E-04  0.00000E+00
  3.56000E-01  9.99983E-01  9.99983E-05  0.00000E+00
  3.57000E-01  1.00001E+00  1.00001E-04  0.00000E+00
  3.58000E-01  9.99983E-01  9.99983E-05  0.00000E+00
  3.59000E-01  1.00001E+00  1.00001E-04  7.30492E-11
  3.60000E-01  9.99983E-01  9.99983E-05 -1.71780E-10
  3.61000E-01  1.00001E+00  1.00001E-04 -1.40894E-08
  3.62000E-01  1.00001E+00  1.00001E-04  1.38345E-08
  3.63000E-01  9.99983E-01  9.99983E-05  4.99776E-10
  3.64000E-01  1.00001E+00  1.00001E-04 -7.30490E-11
  3.65000E-01  9.99983E-01  9.99983E-05  6.30305E-12
  3.66000E-01  1.00001E+00  1.00001E-04 -6.30310E-12
  3.67000E-01  9.99983E-01  9.99983E-05 -3.65423E-10
  3.68000E-01  1.00001E+00  1.00001E-04 -1.36974E-08
  3.69000E-01  1.00001E+00  1.00001E-04  1.35947E-08
  3.70000E-01  9.99983E-01  9.99983E-05  3.95420E-10
  3.71000E-01  1.00001E+00  1.00001E-04  0.00000E+00
  3.72000E-01  9.99983E-01  9.99983E-05  0.00000E+00
  3.73000E-01  1.00001E+00  1.00001E-04  0.00000E+00
  3.74000E-01  9.99983E-01  9.99983E-05 -3.96663E-10
  3.75000E-01  1.00001E+00  1.00001E-04 -1.36331E-08
  3.76000E-01  1.00001E+00  1.00001E-04  1.35632E-08
  3.77000E-01  9.99983E-01  9.99983E-05  4.66406E-10
  3.78000E-01  1.00001E+00  1.00001E-04  7.30479E-11
  3.79000E-01  9.99983E-01  9.99983E-05 -1.29078E-12
  3.80000E-01  1.00001E+00  1.00001E-04 -7.17583E-11
  3.81000E-01  9.99983E-01  9.99983E-05 -4.38450E-10
  3.82000E-01  1.00001E+00  1.00001E-04 -1.37525E-08
  3.83000E-01  1.00001E+00  1.00001E-04  1.40969E-08
  3.84000E-01  9.99983E-01  9.99983E-05  2.39377E-10
  3.85000E-01  1.00001E+00  1.00001E-04 -7.30484E-11
  3.86000E-01  9.99983E-01  9.99983E-05  0.00000E+00
  3.87000E-01  1.00001E+00  1.00001E-04  0.00000E+00
  3.88000E-01  9.99983E-01  9.99983E-05  2.12000E-11
  3.89000E-01  1.00001E+00  1.00001E-04  8.51687E-12
  3.90000E-01  9.99983E-01  9.99983E-05 -4.55978E-10
  3.91000E-01  1.00001E+00  1.00001E-04 -1.36391E-08
  3.92000E-01  1.00001E+00  1.00001E-04  1.35964E-08
  3.93000E-01  9.99983E-01  9.99983E-05  4.68310E-10
  3.94000E-01  1.00001E+00  1.00001E-04  7.30480E-11
  3.95000E-01  9.99983E-01  9.99983E-05 -7.30477E-11
  3.96000E-01  1.00001E+00  1.00001E-04 -4.14086E-11
  3.97000E-01  9.99983E-01  9.99983E-05 -2.34933E-10
  3.98000E-01  1.00001E+00  1.00001E-04 -1.39884E-08
  3.99000E-01  1.00001E+00  1.00001E-04  1.38291E-08
  4.00000E-01  9.99983E-01  9.99983E-05  4.36085E-10
  4.01000E-01  1.00001E+00  1.00001E-04  0.00000E+00
  4.02000E-01  9.99983E-01  9.99983E-05  0.00000E+00
  4.03000E-01  1.00001E+00  1.00001E-04 -4.45635E-11
  4.04000E-01  9.99983E-01  9.99983E-05 -4.23938E-10
  4.05000E-01  1.00001E+00  1.00001E-04 -1.36305E-08
  4.06000E-01  1.00001E+00  1.00001E-04  1.36718E-08
  4.07000E-01  9.99983E-01  9.99983E-05  4.27507E-10
  4.08000E-01  1.00001E+00  1.00001E-04 -7.30501E-11
  4.09000E-01  9.99983E-01  9.99983E-05  0.00000E+00
  4.10000E-01  1.00001E+00  1.00001E-04  1.03325E-12
  4.11000E-01  9.99983E-01  9.99983E-05 -1.03325E-12
  4.12000E-01  1.00001E+00  1.00001E-04  0.00000E+00
  4.13000E-01  9.99983E-01  9.99983E-05 -3.95373E-10
  4.14000E-01  1.00001E+00  1.00001E-04 -1.35943E-08
  4.15000E-01  1.00001E+00  1.00001E-04  1.37015E-08
  4.16000E-01  9.99983E-01  9.99983E-05  3.61211E-10
  4.17000E-01  1.00001E+00  1.00001E-04 -7.30501E-11
  4.18000E-01  9.99983E-01  9.99983E-05 -1.48266E-11
  4.19000E-01  1.00001E+00  1.00001E-04 -2.74922E-11
  4.20000E-01  9.99983E-01  9.99983E-05 -3.56985E-10
  4.21000E-01  1.00001E+00  1.00001E-04 -1.35938E-08
  4.22000E-01  1.00001E+00  1.00001E-04  1.35979E-08
  4.23000E-01  9.99983E-01  9.99983E-05  4.17742E-10
  4.24000E-01  1.00001E+00  1.00001E-04  5.07081E-11
  4.25000E-01  9.99983E-01  9.99983E-05  0.00000E+00
  4.26000E-01  1.00001E+00  1.00001E-04 -5.07428E-11
  4.27000E-01  9.99983E-01  9.99983E-05 -4.18793E-10
  4.28000E-01  1.00001E+00  1.00001E-04 -1.36294E-08
  4.29000E-01  1.00001E+00  1.00001E-04  1.36680E-08
  4.30000E-01  9.99983E-01  9.99983E-05  4.31124E-10
  4.31000E-01  1.00001E+00  1.00001E-04  0.00000E+00
  4.32000E-01  9.99983E-01  9.99983E-05  0.00000E+00
  4.33000E-01  1.00001E+00  1.00001E-04 -4.44848E-11
  4.34000E-01  9.99983E-01  9.99983E-05 -4.22947E-10
  4.35000E-01  1.00001E+00  1.00001E-04 -1.36002E-08
  4.36000E-01  1.00001E+00  1.00001E-04  1.35596E-08
  4.37000E-01  9.99983E-01  9.99983E-05  3.73405E-10
  4.38000E-01  1.00001E+00  1.00001E-04  6.12264E-11
  4.39000E-01  9.99983E-01  9.99983E-05  4.96743E-11
  4.40000E-01  1.00001E+00  1.00001E-04  2.33745E-11
  4.41000E-01  9.99983E-01  9.99983E-05  0.00000E+00
  4.42000E-01  1.00001E+00  1.00001E-04  0.00000E+00
  4.43000E-01  9.99983E-01  9.99983E-05 -4.30153E-10
  4.44000E-01  1.00001E+00  1.00001E-04 -1.36355E-08
  4.45000E-01  1.00001E+00  1.00001E-04  1.35925E-08
  4.46000E-01  9.99983E-01  9.99983E-05  3.99320E-10
  4.47000E-01  1.00001E+00  1.00001E-04  5.95240E-11
  4.48000E-01  9.99983E-01  9.99983E-05  1.35262E-11
  4.49000E-01  1.00001E+00  1.00001E-04  5.16367E-12
  4.50000E-01  9.99983E-01  9.99983E-05 -4.34094E-10
  4.51000E-01  1.00001E+00  1.00001E-04 -1.36310E-08
  4.52000E-01  1.00001E+00  1.00001E-04  1.37608E-08
  4.53000E-01  9.99983E-01  9.99983E-05  2.98788E-10
  4.54000E-01  1.00001E+00  1.00001E-04  0.00000E+00
  4.55000E-01  9.99983E-01  9.99983E-05  0.00000E+00
  4.56000E-01  1.00001E+00  1.00001E-04 -7.30478E-11
  4.57000E-01  9.99983E-01  9.99983E-05 -4.32791E-10
  4.58000E-01  1.00001E+00  1.00001E-04 -1.35618E-08
  4.59000E-01  1.00001E+00  1.00001E-04  1.36066E-08
  4.60000E-01  9.99983E-01  9.99983E-05  3.90338E-10
  4.61000E-01  1.00001E+00  1.00001E-04 -1.49186E-10
  4.62000E-01  9.99983E-01  9.99983E-05  0.00000E+00
  4.63000E-01  1.00001E+00  1.00001E-04  2.19151E-10
  4.64000E-01  9.99983E-01  9.99983E-05 -3.21425E-10
  4.65000E-01  1.00001E+00  1.00001E-04 -1.37390E-08
  4.66000E-01  1.00001E+00  1.00001E-04  1.36285E-08
  4.67000E-01  9.99983E-01  9.99983E-05  3.59107E-10
  4.68000E-01  1.00001E+00  1.00001E-04 -7.30513E-11
  4.69000E-01  9.99983E-01  9.99983E-05  7.30498E-11
  4.70000E-01  1.00001E+00  1.00001E-04  0.00000E+00
  4.71000E-01  9.99983E-01  9.99983E-05  3.44226E-13
  4.72000E-01  1.00001E+00  1.00001E-04 -2.92536E-10
  4.73000E-01  9.99983E-01  9.99984E-05 -4.33732E-10
  4.74000E-01  1.00001E+00  1.00001E-04 -1.33132E-08
  4.75000E-01  1.00001E+00  1.00001E-04  1.36166E-08
  4.76000E-01  9.99983E-01  9.99983E-05  4.21768E-10
  4.77000E-01  1.00001E+00  1.00001E-04 -1.46099E-10
  4.78000E-01  9.99983E-01  9.99983E-05  7.30515E-11
  4.79000E-01  1.00001E+00  1.00001E-04  7.71566E-11
  4.80000E-01  9.99983E-01  9.99983E-05 -3.95719E-10
  4.81000E-01  1.00001E+00  1.00001E-04 -1.36371E-08
  4.82000E-01  1.00001E+00  1.00001E-04  1.36006E-08
  4.83000E-01  9.99983E-01  9.99983E-05  4.32897E-10
  4.84000E-01  1.00001E+00  1.00001E-04 -5.11449E-12
  4.85000E-01  9.99983E-01  9.99983E-05  4.26922E-11
  4.86000E-01  1.00001E+00  1.00001E-04  3.03573E-11
  4.87000E-01  9.99983E-01  9.99983E-05 -6.39865E-10
  4.88000E-01  1.00001E+00  1.00001E-04 -1.39538E-08
  4.89000E-01  1.00001E+00  1.00001E-04  1.27783E-08
  4.90000E-01  9.99983E-01  9.99986E-05  1.84921E-10
  4.91000E-01  1.00001E+00  1.00001E-04  1.58165E-09
  4.92000E-01  9.99983E-01  9.99983E-05  4.77113E-11
  4.93000E-01  1.00001E+00  1.00001E-04 -5.14971E-11
  4.94000E-01  9.99983E-01  9.99983E-05 -4.84966E-10
  4.95000E-01  1.00001E+00  1.00001E-04 -1.35972E-08
  4.96000E-01  1.00001E+00  1.00001E-04  1.38703E-08
  4.97000E-01  9.99983E-01  9.99983E-05  7.58970E-11
  4.98000E-01  1.00001E+00  1.00001E-04 -1.34401E-08
  4.99000E-01  1.00001E+00  1.00001E-04  2.82550E-08
  5.00000E-01  9.99953E-01  9.99953E-05 -5.36359E-12
  5.01000E-01  1.00001E+00  1.00001E-04 -2.87512E-08
  5.02000E-01  1.00001E+00  1.00001E-04 -9.19201E-10
  5.03000E-01  1.00001E+00  1.00001E-04  8.87171E-10
  5.04000E-01  1.00001E+00  1.00001E-04  2.88557E-08
  5.05000E-01  9.99953E-01  9.99953E-05 -7.44512E-11
  5.06000E-01  1.00001E+00  1.00001E-04 -2.92780E-08
  5.07000E-01  1.00001E+00  1.00001E-04  1.90757E-12
  5.08000E-01  1.00001E+00  1.00001E-04  2.93850E-08
  5.09000E-01  9.99953E-01  9.99953E-05  3.64302E-11
  5.10000E-01  1.00001E+00  1.00001E-04 -2.90590E-08
  5.11000E-01  1.00001E+00  1.00001E-04 -7.55093E-10
  5.12000E-01  1.00001E+00  1.00001E-04  9.58930E-10
  5.13000E-01  1.00001E+00  1.00001E-04  2.87876E-08
  5.14000E-01  9.99953E-01  9.99953E-05  6.26847E-11
  5.15000E-01  1.00001E+00  1.00001E-04 -2.94887E-08
  5.16000E-01  1.00001E+00  1.00001E-04 -1.20286E-12
  5.17000E-01  1.00001E+00  1.00001E-04  2.94166E-08
  5.18000E-01  9.99953E-01  9.99953E-05 -1.32864E-10
  5.19000E-01  1.00001E+00  1.00001E-04 -2.86857E-08
  5.20000E-01  1.00001E+00  1.00001E-04 -9.17087E-10
  5.21000E-01  1.00001E+00  1.00001E-04  8.87183E-10
  5.22000E-01  1.00001E+00  1.00001E-04  2.88541E-08
  5.23000E-01  9.99953E-01  9.99953E-05 -1.39324E-10
  5.24000E-01  1.00001E+00  1.00001E-04 -2.87193E-08
  5.25000E-01  1.00001E+00  1.00001E-04 -8.81789E-10
  5.26000E-01  1.00001E+00  1.00001E-04  9.52654E-10
  5.27000E-01  1.00001E+00  1.00001E-04  2.87205E-08
  5.28000E-01  9.99953E-01  9.99953E-05 -5.92548E-12
  5.29000E-01  1.00001E+00  1.00001E-04 -2.92763E-08
  5.30000E-01  1.00001E+00  1.00001E-04  1.90757E-12
  5.31000E-01  1.00001E+00  1.00001E-04  2.93812E-08
  5.32000E-01  9.99953E-01  9.99953E-05 -1.33764E-10
  5.33000E-01  1.00001E+00  1.00001E-04 -2.87559E-08
  5.34000E-01  1.00001E+00  1.00001E-04 -8.84129E-10
  5.35000E-01  1.00001E+00  1.00001E-04  9.17139E-10
  5.36000E-01  1.00001E+00  1.00001E-04  2.86838E-08
  5.37000E-01  9.99953E-01  9.99953E-05 -6.00438E-12
  5.38000E-01  1.00001E+00  1.00001E-04 -2.92393E-08
  5.39000E-01  1.00001E+00  1.00001E-04  1.08639E-12
  5.40000E-01  1.00001E+00  1.00001E-04  2.93104E-08
  5.41000E-01  9.99953E-01  9.99953E-05  4.17934E-11
  5.42000E-01  1.00001E+00  1.00001E-04 -2.88503E-08
  5.43000E-01  1.00001E+00  1.00001E-04 -7.88733E-10
  5.44000E-01  1.00001E+00  1.00001E-04  8.64839E-10
  5.45000E-01  1.00001E+00  1.00001E-04  2.90199E-08
  5.46000E-01  9.99953E-01  9.99953E-05 -2.42968E-10
  5.47000E-01  1.00001E+00  1.00001E-04 -2.88262E-08
  5.48000E-01  1.00001E+00  1.00001E-04 -8.86343E-10
  5.49000E-01  1.00001E+00  1.00001E-04  9.18284E-10
  5.50000E-01  1.00001E+00  1.00001E-04  2.87206E-08
  5.51000E-01  9.99953E-01  9.99953E-05 -5.97692E-12
  5.52000E-01  1.00001E+00  1.00001E-04 -2.92412E-08
  5.53000E-01  1.00001E+00  1.00001E-04  2.84922E-12
  5.54000E-01  1.00001E+00  1.00001E-04  2.94134E-08
  5.55000E-01  9.99953E-01  9.99953E-05 -2.37295E-10
  5.56000E-01  1.00001E+00  1.00001E-04 -2.86545E-08
  5.57000E-01  1.00001E+00  1.00001E-04 -9.16003E-10
  5.58000E-01  1.00001E+00  1.00001E-04  8.87242E-10
  5.59000E-01  1.00001E+00  1.00001E-04  2.88563E-08
  5.60000E-01  9.99953E-01  9.99953E-05  5.28518E-14
  5.61000E-01  1.00001E+00  1.00001E-04 -2.88526E-08
  5.62000E-01  1.00001E+00  1.00001E-04 -8.91237E-10
  5.63000E-01  1.00001E+00  1.00001E-04  7.87847E-10
  5.64000E-01  1.00001E+00  1.00001E-04  2.89222E-08
  5.65000E-01  9.99953E-01  9.99953E-05  2.95844E-11
  5.66000E-01  1.00001E+00  1.00001E-04 -2.93471E-08
  5.67000E-01  1.00001E+00  1.00001E-04 -1.31286E-12
  5.68000E-01  1.00001E+00  1.00001E-04  2.92750E-08
  5.69000E-01  9.99953E-01  9.99953E-05 -6.41880E-11
  5.70000E-01  1.00001E+00  1.00001E-04 -2.86852E-08
  5.71000E-01  1.00001E+00  1.00001E-04 -9.17092E-10
  5.72000E-01  1.00001E+00  1.00001E-04  8.89430E-10
  5.73000E-01  1.00001E+00  1.00001E-04  2.89270E-08
  5.74000E-01  9.99953E-01  9.99953E-05 -5.91866E-12
  5.75000E-01  1.00001E+00  1.00001E-04 -2.94904E-08
  5.76000E-01  1.00001E+00  1.00001E-04  0.00000E+00
  5.77000E-01  1.00001E+00  1.00001E-04  2.94901E-08
  5.78000E-01  9.99953E-01  9.99953E-05  5.91868E-12
  5.79000E-01  1.00001E+00  1.00001E-04 -2.89284E-08
  5.80000E-01  1.00001E+00  1.00001E-04 -8.88360E-10
  5.81000E-01  1.00001E+00  1.00001E-04  9.54652E-10
  5.82000E-01  1.00001E+00  1.00001E-04  2.87878E-08
  5.83000E-01  9.99953E-01  9.99953E-05 -7.02512E-11
  5.84000E-01  1.00001E+00  1.00001E-04 -2.87532E-08
  5.85000E-01  1.00001E+00  1.00001E-04 -9.19205E-10
  5.86000E-01  1.00001E+00  1.00001E-04  8.87163E-10
  5.87000E-01  1.00001E+00  1.00001E-04  2.88578E-08
  5.88000E-01  9.99953E-01  9.99953E-05 -5.92168E-12
  5.89000E-01  1.00001E+00  1.00001E-04 -2.94189E-08
  5.90000E-01  1.00001E+00  1.00001E-04  1.20286E-12
  5.91000E-01  1.00001E+00  1.00001E-04  2.94869E-08
  5.92000E-01  9.99953E-01  9.99953E-05 -1.32963E-10
  5.93000E-01  1.00001E+00  1.00001E-04 -2.87566E-08
  5.94000E-01  1.00001E+00  1.00001E-04 -9.19270E-10
  5.95000E-01  1.00001E+00  1.00001E-04  8.89360E-10
  5.96000E-01  1.00001E+00  1.00001E-04  2.89270E-08
  5.97000E-01  9.99953E-01  9.99953E-05 -5.91867E-12
  5.98000E-01  1.00001E+00  1.00001E-04 -2.94909E-08
  5.99000E-01  1.00001E+00  1.00001E-04 -1.71803E-12
  6.00000E-01  1.00001E+00  1.00001E-04  2.93851E-08
  6.01000E-01  9.99953E-01  9.99953E-05  3.75209E-11
  6.02000E-01  1.00001E+00  1.00001E-04 -2.89897E-08
  6.03000E-01  1.00001E+00  1.00001E-04 -7.52931E-10
  6.04000E-01  1.00001E+00  1.00001E-04  9.58943E-10
  6.05000E-01  1.00001E+00  1.00001E-04  2.87860E-08
  6.06000E-01  9.99953E-01  9.99953E-05  4.48423E-14
  6.07000E-01  1.00001E+00  1.00001E-04 -2.87853E-08
  6.08000E-01  1.00001E+00  1.00001E-04 -8.86142E-10
  6.09000E-01  1.00001E+00  1.00001E-04  8.83841E-10
  6.10000E-01  1.00001E+00  1.00001E-04  2.87150E-08
  6.11000E-01  9.99953E-01  9.99953E-05 -6.07270E-12
  6.12000E-01  1.00001E+00  1.00001E-04 -2.92764E-08
  6.13000E-01  1.00001E+00  1.00001E-04 -5.43373E-14
  6.14000E-01  1.00001E+00  1.00001E-04  2.92748E-08
  6.15000E-01  9.99953E-01  9.99953E-05  6.03267E-12
  6.16000E-01  1.00001E+00  1.00001E-04 -2.87153E-08
  6.17000E-01  1.00001E+00  1.00001E-04 -8.83931E-10
  6.18000E-01  1.00001E+00  1.00001E-04  8.86117E-10
  6.19000E-01  1.00001E+00  1.00001E-04  2.87852E-08
  6.20000E-01  9.99953E-01  9.99953E-05 -4.48423E-14
  6.21000E-01  1.00001E+00  1.00001E-04 -2.87886E-08
  6.22000E-01  1.00001E+00  1.00001E-04 -9.54791E-10
  6.23000E-01  1.00001E+00  1.00001E-04  8.80947E-10
  6.24000E-01  1.00001E+00  1.00001E-04  2.86910E-08
  6.25000E-01  9.99953E-01  9.99953E-05  3.04185E-10
  6.26000E-01  1.00001E+00  1.00001E-04 -2.97356E-08
  6.27000E-01  1.00001E+00  1.00001E-04 -3.55490E-11
  6.28000E-01  1.00001E+00  1.00001E-04  2.97714E-08
  6.29000E-01  9.99953E-01  9.99953E-05 -1.63248E-10
  6.30000E-01  1.00001E+00  1.00001E-04 -2.87938E-08
  6.31000E-01  1.00001E+00  1.00001E-04 -9.20521E-10
  6.32000E-01  1.00001E+00  1.00001E-04  8.90434E-10
  6.33000E-01  1.00001E+00  1.00001E-04  2.89633E-08
  6.34000E-01  9.99953E-01  9.99953E-05 -5.84745E-12
  6.35000E-01  1.00001E+00  1.00001E-04 -2.94571E-08
  6.36000E-01  1.00001E+00  1.00001E-04 -1.44798E-10
  6.37000E-01  1.00001E+00  1.00001E-04  2.92434E-08
  6.38000E-01  9.99953E-01  9.99953E-05  1.81621E-10
  6.39000E-01  1.00001E+00  1.00001E-04 -2.86642E-08
  6.40000E-01  1.00001E+00  1.00001E-04 -7.13648E-10
  6.41000E-01  1.00001E+00  1.00001E-04  8.15201E-10
  6.42000E-01  1.00001E+00  1.00001E-04  2.85339E-08
  6.43000E-01  9.99953E-01  9.99953E-05  9.73101E-11
  6.44000E-01  1.00001E+00  1.00001E-04 -2.89953E-08
  6.45000E-01  1.00001E+00  1.00001E-04 -8.17393E-10
  6.46000E-01  1.00001E+00  1.00001E-04  1.09980E-09
  6.47000E-01  1.00001E+00  1.00001E-04  2.89793E-08
  6.48000E-01  9.99953E-01  9.99953E-05  3.05484E-10
  6.49000E-01  1.00001E+00  1.00001E-04 -2.99111E-08
  6.50000E-01  1.00001E+00  1.00001E-04 -4.52237E-11
  6.51000E-01  1.00001E+00  1.00001E-04  2.92393E-08
  6.52000E-01  9.99953E-01  9.99953E-05  6.19469E-12
  6.53000E-01  1.00001E+00  1.00001E-04 -2.86664E-08
  6.54000E-01  1.00001E+00  1.00001E-04 -8.60387E-10
  6.55000E-01  1.00001E+00  1.00001E-04  5.05386E-10
  6.56000E-01  1.00001E+00  1.00001E-04  2.86261E-08
  6.57000E-01  9.99953E-01  9.99954E-05  2.08107E-10
  6.58000E-01  1.00001E+00  1.00001E-04 -2.90577E-08
  6.59000E-01  1.00001E+00  1.00001E-04  3.43204E-12
  6.60000E-01  1.00001E+00  1.00001E-04  2.92765E-08
  6.61000E-01  9.99953E-01  9.99953E-05  7.57191E-11
  6.62000E-01  1.00001E+00  1.00001E-04 -2.88229E-08
  6.63000E-01  1.00001E+00  1.00001E-04 -8.86077E-10
  6.64000E-01  1.00001E+00  1.00001E-04  9.21631E-10
  6.65000E-01  1.00001E+00  1.00001E-04  2.88236E-08
  6.66000E-01  9.99953E-01  9.99953E-05  7.02288E-11
  6.67000E-01  1.00001E+00  1.00001E-04 -2.88520E-08
  6.68000E-01  1.00001E+00  1.00001E-04 -8.89503E-10
  6.69000E-01  1.00001E+00  1.00001E-04  8.38498E-10
  6.70000E-01  1.00001E+00  1.00001E-04  2.83628E-08
  6.71000E-01  9.99953E-01  9.99954E-05 -1.53380E-10
  6.72000E-01  1.00001E+00  1.00001E-04 -2.92734E-08
  6.73000E-01  1.00001E+00  1.00001E-04  3.94299E-10
  6.74000E-01  1.00001E+00  1.00001E-04  2.96716E-08
  6.75000E-01  9.99953E-01  9.99953E-05 -9.32574E-11
  6.76000E-01  1.00001E+00  1.00001E-04 -2.86423E-08
  6.77000E-01  1.00001E+00  1.00001E-04 -9.60015E-10
  6.78000E-01  1.00001E+00  1.00001E-04  5.66670E-10
  6.79000E-01  1.00001E+00  1.00001E-04  2.84904E-08
  6.80000E-01  9.99953E-01  9.99954E-05  1.04089E-10
  6.81000E-01  1.00001E+00  1.00001E-04 -2.87056E-08
  6.82000E-01  1.00001E+00  1.00001E-04 -2.62508E-11
  6.83000E-01  1.00001E+00  1.00001E-04  2.91663E-08
  6.84000E-01  9.99953E-01  9.99953E-05  1.59239E-12
  6.85000E-01  1.00001E+00  1.00001E-04 -2.88881E-08
  6.86000E-01  1.00001E+00  1.00001E-04 -8.55357E-10
  6.87000E-01  1.00001E+00  1.00001E-04  8.84833E-10
  6.88000E-01  1.00001E+00  1.00001E-04  2.87120E-08
  6.89000E-01  9.99953E-01  9.99953E-05 -7.02368E-11
  6.90000E-01  1.00001E+00  1.00001E-04 -2.86832E-08
  6.91000E-01  1.00001E+00  1.00001E-04 -8.43744E-10
  6.92000E-01  1.00001E+00  1.00001E-04  1.05884E-09
  6.93000E-01  1.00001E+00  1.00001E-04  3.09559E-08
  6.94000E-01  9.99953E-01  9.99952E-05 -2.42558E-09
  6.95000E-01  1.00001E+00  1.00001E-04 -3.02955E-08
  6.96000E-01  1.00001E+00  1.00001E-04  2.76945E-09
  6.97000E-01  1.00001E+00  1.00000E-04  3.76914E-08
  6.98000E-01  9.99953E-01  9.99953E-05 -1.00045E-08
  6.99000E-01  1.00001E+00  1.00001E-04 -2.88648E-08
  7.00000E-01  1.00001E+00  1.00001E-04 -8.87834E-10
  7.01000E-01  1.00001E+00  1.00001E-04  8.48583E-10
  7.02000E-01  1.00001E+00  1.00001E-04  2.86789E-08
  7.03000E-01  9.99953E-01  9.99953E-05  7.05896E-11
  7.04000E-01  1.00001E+00  1.00001E-04 -2.86818E-08
  7.05000E-01  1.00001E+00  1.00001E-04 -4.04508E-10
  7.06000E-01  1.00001E+00  1.00001E-04  8.40078E-10
  7.07000E-01  1.00001E+00  1.00001E-04  2.79305E-08
  7.08000E-01  9.99953E-01  9.99954E-05 -1.37023E-11
  7.09000E-01  1.00001E+00  1.00001E-04 -2.89884E-08
  7.10000E-01  1.00001E+00  1.00001E-04  3.79719E-11
  7.11000E-01  1.00001E+00  1.00001E-04  2.92415E-08
  7.12000E-01  9.99953E-01  9.99953E-05  6.54045E-12
  7.13000E-01  1.00001E+00  1.00001E-04 -2.86872E-08
  7.14000E-01  1.00001E+00  1.00001E-04 -9.51588E-10
  7.15000E-01  1.00001E+00  1.00001E-04  8.86081E-10
  7.16000E-01  1.00001E+00  1.00001E-04  2.88521E-08
  7.17000E-01  9.99953E-01  9.99953E-05 -3.19287E-10
  7.18000E-01  1.00001E+00  1.00001E-04 -2.92086E-08
  7.19000E-01  1.00001E+00  1.00001E-04  1.76476E-10
  7.20000E-01  1.00001E+00  1.00001E-04  2.92778E-08
  7.21000E-01  9.99953E-01  9.99953E-05 -6.40817E-11
  7.22000E-01  1.00001E+00  1.00001E-04 -2.86722E-08
  7.23000E-01  1.00001E+00  1.00001E-04 -8.56143E-10
  7.24000E-01  1.00001E+00  1.00001E-04  6.45025E-10
  7.25000E-01  1.00001E+00  1.00001E-04  2.87044E-08
  7.26000E-01  9.99953E-01  9.99953E-05  2.45934E-10
  7.27000E-01  1.00001E+00  1.00001E-04 -2.87157E-08
  7.28000E-01  1.00001E+00  1.00001E-04 -9.52452E-10
  7.29000E-01  1.00001E+00  1.00001E-04  8.86142E-10
  7.30000E-01  1.00001E+00  1.00001E-04  2.88555E-08
  7.31000E-01  9.99953E-01  9.99953E-05 -1.45354E-10
  7.32000E-01  1.00001E+00  1.00001E-04 -2.92781E-08
  7.33000E-01  1.00001E+00  1.00001E-04 -5.43373E-14
  7.34000E-01  1.00001E+00  1.00001E-04  2.92754E-08
  7.35000E-01  9.99953E-01  9.99953E-05  6.03264E-12
  7.36000E-01  1.00001E+00  1.00001E-04 -2.87175E-08
  7.37000E-01  1.00001E+00  1.00001E-04 -8.82962E-10
  7.38000E-01  1.00001E+00  1.00001E-04  9.17128E-10
  7.39000E-01  1.00001E+00  1.00001E-04  2.86862E-08
  7.40000E-01  9.99953E-01  9.99953E-05  1.32861E-10
  7.41000E-01  1.00001E+00  1.00001E-04 -2.94187E-08
  7.42000E-01  1.00001E+00  1.00001E-04 -1.41671E-10
  7.43000E-01  1.00001E+00  1.00001E-04  2.93846E-08
  7.44000E-01  9.99953E-01  9.99953E-05  1.48088E-10
  7.45000E-01  1.00001E+00  1.00001E-04 -2.88207E-08
  7.46000E-01  1.00001E+00  1.00001E-04 -8.87140E-10
  7.47000E-01  1.00001E+00  1.00001E-04  8.87270E-10
  7.48000E-01  1.00001E+00  1.00001E-04  2.88240E-08
  7.49000E-01  9.99953E-01  9.99953E-05  1.00610E-10
  7.50000E-01  1.00001E+00  1.00001E-04 -2.90514E-08
  7.51000E-01  1.00001E+00  1.00001E-04 -6.87735E-10
  7.52000E-01  1.00001E+00  1.00001E-04  9.25721E-10
  7.53000E-01  1.00001E+00  1.00001E-04  2.87446E-08
  7.54000E-01  9.99953E-01  9.99953E-05 -7.57228E-11
  7.55000E-01  1.00001E+00  1.00001E-04 -2.92401E-08
  7.56000E-01  1.00001E+00  1.00001E-04 -1.03899E-12
  7.57000E-01  1.00001E+00  1.00001E-04  2.91672E-08
  7.58000E-01  9.99953E-01  9.99953E-05  5.44345E-12
  7.59000E-01  1.00001E+00  1.00001E-04 -2.86502E-08
  7.60000E-01  1.00001E+00  1.00001E-04 -9.50374E-10
  7.61000E-01  1.00001E+00  1.00001E-04  8.88359E-10
  7.62000E-01  1.00001E+00  1.00001E-04  2.89264E-08
  7.63000E-01  9.99953E-01  9.99953E-05 -6.85091E-11
  7.64000E-01  1.00001E+00  1.00001E-04 -2.87859E-08
  7.65000E-01  1.00001E+00  1.00001E-04 -8.86124E-10
  7.66000E-01  1.00001E+00  1.00001E-04  8.83824E-10
  7.67000E-01  1.00001E+00  1.00001E-04  2.87141E-08
  7.68000E-01  9.99953E-01  9.99953E-05 -7.67879E-11
  7.69000E-01  1.00001E+00  1.00001E-04 -2.92776E-08
  7.70000E-01  1.00001E+00  1.00001E-04  2.41558E-12
  7.71000E-01  1.00001E+00  1.00001E-04  2.94158E-08
  7.72000E-01  9.99953E-01  9.99953E-05 -1.32804E-10
  7.73000E-01  1.00001E+00  1.00001E-04 -2.86800E-08
  7.74000E-01  1.00001E+00  1.00001E-04 -8.49821E-10
  7.75000E-01  1.00001E+00  1.00001E-04  8.49706E-10
  7.76000E-01  1.00001E+00  1.00001E-04  2.86787E-08
  7.77000E-01  9.99953E-01  9.99953E-05  6.41869E-11
  7.78000E-01  1.00001E+00  1.00001E-04 -2.92753E-08
  7.79000E-01  1.00001E+00  1.00001E-04  5.43373E-14
  7.80000E-01  1.00001E+00  1.00001E-04  2.92759E-08
  7.81000E-01  9.99953E-01  9.99953E-05  5.92548E-12
  7.82000E-01  1.00001E+00  1.00001E-04 -2.87198E-08
  7.83000E-01  1.00001E+00  1.00001E-04 -9.52481E-10
  7.84000E-01  1.00001E+00  1.00001E-04  8.86227E-10
  7.85000E-01  1.00001E+00  1.00001E-04  2.88563E-08
  7.86000E-01  9.99953E-01  9.99953E-05 -6.85023E-11
  7.87000E-01  1.00001E+00  1.00001E-04 -2.87159E-08
  7.88000E-01  1.00001E+00  1.00001E-04 -8.85115E-10
  7.89000E-01  1.00001E+00  1.00001E-04  8.48653E-10
  7.90000E-01  1.00001E+00  1.00001E-04  2.86811E-08
  7.91000E-01  9.99953E-01  9.99953E-05  1.32859E-10
  7.92000E-01  1.00001E+00  1.00001E-04 -2.94156E-08
  7.93000E-01  1.00001E+00  1.00001E-04  0.00000E+00
  7.94000E-01  1.00001E+00  1.00001E-04  2.94158E-08
  7.95000E-01  9.99953E-01  9.99953E-05 -1.33467E-10
  7.96000E-01  1.00001E+00  1.00001E-04 -2.87210E-08
  7.97000E-01  1.00001E+00  1.00001E-04 -8.81856E-10
  7.98000E-01  1.00001E+00  1.00001E-04  9.52647E-10
  7.99000E-01  1.00001E+00  1.00001E-04  2.87184E-08
  8.00000E-01  9.99953E-01  9.99953E-05 -7.61787E-11
  8.01000E-01  1.00001E+00  1.00001E-04 -2.92401E-08
  8.02000E-01  1.00001E+00  1.00001E-04  3.45598E-11
  8.03000E-01  1.00001E+00  1.00001E-04  2.92758E-08
  8.04000E-01  9.99953E-01  9.99953E-05  5.92548E-12
  8.05000E-01  1.00001E+00  1.00001E-04 -2.87205E-08
  8.06000E-01  1.00001E+00  1.00001E-04 -9.52538E-10
  8.07000E-01  1.00001E+00  1.00001E-04  8.86137E-10
  8.08000E-01  1.00001E+00  1.00001E-04  2.88549E-08
  8.09000E-01  9.99953E-01  9.99953E-05 -1.38751E-10
  8.10000E-01  1.00001E+00  1.00001E-04 -2.86853E-08
  8.11000E-01  1.00001E+00  1.00001E-04 -9.16967E-10
  8.12000E-01  1.00001E+00  1.00001E-04  8.91463E-10
  8.13000E-01  1.00001E+00  1.00001E-04  2.89920E-08
  8.14000E-01  9.99953E-01  9.99953E-05 -2.47048E-10
  8.15000E-01  1.00001E+00  1.00001E-04 -2.92472E-08
  8.16000E-01  1.00001E+00  1.00001E-04  0.00000E+00
  8.17000E-01  1.00001E+00  1.00001E-04  2.92415E-08
  8.18000E-01  9.99953E-01  9.99953E-05  5.50753E-12
  8.19000E-01  1.00001E+00  1.00001E-04 -2.87524E-08
  8.20000E-01  1.00001E+00  1.00001E-04 -8.85131E-10
  8.21000E-01  1.00001E+00  1.00001E-04  8.88342E-10
  8.22000E-01  1.00001E+00  1.00001E-04  2.88551E-08
  8.23000E-01  9.99953E-01  9.99953E-05 -5.92168E-12
  8.24000E-01  1.00001E+00  1.00001E-04 -2.94189E-08
  8.25000E-01  1.00001E+00  1.00001E-04  0.00000E+00
  8.26000E-01  1.00001E+00  1.00001E-04  2.94155E-08
  8.27000E-01  9.99953E-01  9.99953E-05 -1.32861E-10
  8.28000E-01  1.00001E+00  1.00001E-04 -2.86811E-08
  8.29000E-01  1.00001E+00  1.00001E-04 -8.40582E-10
  8.30000E-01  1.00001E+00  1.00001E-04  8.75854E-10
  8.31000E-01  1.00001E+00  1.00001E-04  2.86803E-08
  8.32000E-01  9.99953E-01  9.99953E-05 -4.70762E-14
  8.33000E-01  1.00001E+00  1.00001E-04 -2.86813E-08
  8.34000E-01  1.00001E+00  1.00001E-04 -8.82928E-10
  8.35000E-01  1.00001E+00  1.00001E-04  8.83966E-10
  8.36000E-01  1.00001E+00  1.00001E-04  2.87176E-08
  8.37000E-01  9.99953E-01  9.99953E-05  6.27080E-11
  8.38000E-01  1.00001E+00  1.00001E-04 -2.94170E-08
  8.39000E-01  1.00001E+00  1.00001E-04 -1.73671E-12
  8.40000E-01  1.00001E+00  1.00001E-04  2.93139E-08
  8.41000E-01  9.99953E-01  9.99953E-05  7.75844E-12
  8.42000E-01  1.00001E+00  1.00001E-04 -2.86821E-08
  8.43000E-01  1.00001E+00  1.00001E-04 -8.82920E-10
  8.44000E-01  1.00001E+00  1.00001E-04  8.86141E-10
  8.45000E-01  1.00001E+00  1.00001E-04  2.87842E-08
  8.46000E-01  9.99953E-01  9.99953E-05 -7.08121E-11
  8.47000E-01  1.00001E+00  1.00001E-04 -2.87870E-08
  8.48000E-01  1.00001E+00  1.00001E-04 -8.85102E-10
  8.49000E-01  1.00001E+00  1.00001E-04  9.17095E-10
  8.50000E-01  1.00001E+00  1.00001E-04  2.86836E-08
  8.51000E-01  9.99953E-01  9.99953E-05 -6.04444E-12
  8.52000E-01  1.00001E+00  1.00001E-04 -2.92391E-08
  8.53000E-01  1.00001E+00  1.00001E-04  3.45997E-11
  8.54000E-01  1.00001E+00  1.00001E-04  2.92765E-08
  8.55000E-01  9.99953E-01  9.99953E-05  5.92547E-12
  8.56000E-01  1.00001E+00  1.00001E-04 -2.87207E-08
  8.57000E-01  1.00001E+00  1.00001E-04 -9.52656E-10
  8.58000E-01  1.00001E+00  1.00001E-04  8.85216E-10
  8.59000E-01  1.00001E+00  1.00001E-04  2.88232E-08
  8.60000E-01  9.99953E-01  9.99953E-05 -7.57207E-11
  8.61000E-01  1.00001E+00  1.00001E-04 -2.92775E-08
  8.62000E-01  1.00001E+00  1.00001E-04  0.00000E+00
  8.63000E-01  1.00001E+00  1.00001E-04  2.92799E-08
  8.64000E-01  9.99953E-01  9.99953E-05  2.11971E-10
  8.65000E-01  1.00001E+00  1.00001E-04 -2.90905E-08
  8.66000E-01  1.00001E+00  1.00001E-04 -7.57529E-10
  8.67000E-01  1.00001E+00  1.00001E-04  9.21267E-10
  8.68000E-01  1.00001E+00  1.00001E-04  2.86812E-08
  8.69000E-01  9.99953E-01  9.99953E-05  1.38651E-10
  8.70000E-01  1.00001E+00  1.00001E-04 -2.88543E-08
  8.71000E-01  1.00001E+00  1.00001E-04 -8.86118E-10
  8.72000E-01  1.00001E+00  1.00001E-04  9.51587E-10
  8.73000E-01  1.00001E+00  1.00001E-04  2.86884E-08
  8.74000E-01  9.99953E-01  9.99953E-05  6.19452E-11
  8.75000E-01  1.00001E+00  1.00001E-04 -2.93821E-08
  8.76000E-01  1.00001E+00  1.00001E-04 -1.90756E-12
  8.77000E-01  1.00001E+00  1.00001E-04  2.92765E-08
  8.78000E-01  9.99953E-01  9.99953E-05  7.12526E-12
  8.79000E-01  1.00001E+00  1.00001E-04 -2.86441E-08
  8.80000E-01  1.00001E+00  1.00001E-04 -8.74341E-10
  8.81000E-01  1.00001E+00  1.00001E-04  8.80913E-10
  8.82000E-01  1.00001E+00  1.00001E-04  2.88498E-08
  8.83000E-01  9.99953E-01  9.99953E-05 -2.48625E-10
  8.84000E-01  1.00001E+00  1.00001E-04 -2.92097E-08
  8.85000E-01  1.00001E+00  1.00001E-04  5.28509E-13
  8.86000E-01  1.00001E+00  1.00001E-04  2.92422E-08
  8.87000E-01  9.99953E-01  9.99953E-05  1.44898E-10
  8.88000E-01  1.00001E+00  1.00001E-04 -2.88507E-08
  8.89000E-01  1.00001E+00  1.00001E-04 -8.18477E-10
  8.90000E-01  1.00001E+00  1.00001E-04  9.18094E-10
  8.91000E-01  1.00001E+00  1.00001E-04  2.86476E-08
  8.92000E-01  9.99953E-01  9.99953E-05  6.80051E-11
  8.93000E-01  1.00001E+00  1.00001E-04 -2.88225E-08
  8.94000E-01  1.00001E+00  1.00001E-04 -8.85208E-10
  8.95000E-01  1.00001E+00  1.00001E-04  9.52536E-10
  8.96000E-01  1.00001E+00  1.00001E-04  2.87198E-08
  8.97000E-01  9.99953E-01  9.99953E-05 -7.67327E-11
  8.98000E-01  1.00001E+00  1.00001E-04 -2.92774E-08
  8.99000E-01  1.00001E+00  1.00001E-04  2.41558E-12
  9.00000E-01  1.00001E+00  1.00001E-04  2.94158E-08
  9.01000E-01  9.99953E-01  9.99953E-05 -1.32707E-10
  9.02000E-01  1.00001E+00  1.00001E-04 -2.86754E-08
  9.03000E-01  1.00001E+00  1.00001E-04 -8.54055E-10
  9.04000E-01  1.00001E+00  1.00001E-04  7.15997E-10
  9.05000E-01  1.00001E+00  1.00001E-04  2.87762E-08
  9.06000E-01  9.99953E-01  9.99953E-05 -6.81586E-12
  9.07000E-01  1.00001E+00  1.00001E-04 -2.93464E-08
  9.08000E-01  1.00001E+00  1.00001E-04  1.04824E-10
  9.09000E-01  1.00001E+00  1.00001E-04  2.93498E-08
  9.10000E-01  9.99953E-01  9.99953E-05  6.63376E-12
  9.11000E-01  1.00001E+00  1.00001E-04 -2.87540E-08
  9.12000E-01  1.00001E+00  1.00001E-04 -9.19466E-10
  9.13000E-01  1.00001E+00  1.00001E-04  8.82931E-10
  9.14000E-01  1.00001E+00  1.00001E-04  2.87172E-08
  9.15000E-01  9.99953E-01  9.99953E-05  7.07270E-11
  9.16000E-01  1.00001E+00  1.00001E-04 -2.87136E-08
  9.17000E-01  1.00001E+00  1.00001E-04 -8.83831E-10
  9.18000E-01  1.00001E+00  1.00001E-04  8.87520E-10
  9.19000E-01  1.00001E+00  1.00001E-04  2.88261E-08
  9.20000E-01  9.99953E-01  9.99953E-05  2.37852E-10
  9.21000E-01  1.00001E+00  1.00001E-04 -2.95564E-08
  9.22000E-01  1.00001E+00  1.00001E-04 -1.13628E-12
  9.23000E-01  1.00001E+00  1.00001E-04  2.94893E-08
  9.24000E-01  9.99953E-01  9.99953E-05 -2.81136E-11
  9.25000E-01  1.00001E+00  1.00001E-04 -2.89640E-08
  9.26000E-01  1.00001E+00  1.00001E-04 -8.91611E-10
  9.27000E-01  1.00001E+00  1.00001E-04  8.82809E-10
  9.28000E-01  1.00001E+00  1.00001E-04  2.86837E-08
  9.29000E-01  9.99953E-01  9.99953E-05  6.86101E-11
  9.30000E-01  1.00001E+00  1.00001E-04 -2.88214E-08
  9.31000E-01  1.00001E+00  1.00001E-04 -8.86235E-10
  9.32000E-01  1.00001E+00  1.00001E-04  9.17142E-10
  9.33000E-01  1.00001E+00  1.00001E-04  2.86859E-08
  9.34000E-01  9.99953E-01  9.99953E-05  1.32862E-10
  9.35000E-01  1.00001E+00  1.00001E-04 -2.94171E-08
  9.36000E-01  1.00001E+00  1.00001E-04  0.00000E+00
  9.37000E-01  1.00001E+00  1.00001E-04  2.94190E-08
  9.38000E-01  9.99953E-01  9.99953E-05  6.02735E-12
  9.39000E-01  1.00001E+00  1.00001E-04 -2.88505E-08
  9.40000E-01  1.00001E+00  1.00001E-04 -8.93408E-10
  9.41000E-01  1.00001E+00  1.00001E-04  7.14899E-10
  9.42000E-01  1.00001E+00  1.00001E-04  2.87831E-08
  9.43000E-01  9.99953E-01  9.99953E-05  3.44200E-10
  9.44000E-01  1.00001E+00  1.00001E-04 -2.95214E-08
  9.45000E-01  1.00001E+00  1.00001E-04  4.18344E-12
  9.46000E-01  1.00001E+00  1.00001E-04  2.97679E-08
  9.47000E-01  9.99953E-01  9.99953E-05 -3.75756E-10
  9.48000E-01  1.00001E+00  1.00001E-04 -2.87878E-08
  9.49000E-01  1.00001E+00  1.00001E-04 -7.83206E-10
  9.50000E-01  1.00001E+00  1.00001E-04  8.99687E-10
  9.51000E-01  1.00001E+00  1.00001E-04  2.91255E-08
  9.52000E-01  9.99953E-01  9.99953E-05 -3.82665E-10
  9.53000E-01  1.00001E+00  1.00001E-04 -2.87956E-08
  9.54000E-01  1.00001E+00  1.00001E-04 -1.06691E-09
  9.55000E-01  1.00001E+00  1.00001E-04  5.97216E-10
  9.56000E-01  1.00001E+00  1.00001E-04  2.95704E-08
  9.57000E-01  9.99953E-01  9.99953E-05 -3.81964E-10
  9.58000E-01  1.00001E+00  1.00001E-04 -2.93941E-08
  9.59000E-01  1.00001E+00  1.00001E-04  1.09985E-11
  9.60000E-01  1.00001E+00  1.00001E-04  3.00455E-08
  9.61000E-01  9.99953E-01  9.99953E-05 -7.23116E-10
  9.62000E-01  1.00001E+00  1.00001E-04 -2.86994E-08
  9.63000E-01  1.00001E+00  1.00001E-04 -9.51767E-10
  9.64000E-01  1.00001E+00  1.00001E-04  8.86089E-10
  9.65000E-01  1.00001E+00  1.00001E-04  2.88519E-08
  9.66000E-01  9.99953E-01  9.99953E-05 -3.20450E-10
  9.67000E-01  1.00001E+00  1.00001E-04 -2.92783E-08
  9.68000E-01  1.00001E+00  1.00001E-04  3.18507E-10
  9.69000E-01  1.00001E+00  1.00001E-04  2.93842E-08
  9.70000E-01  9.99953E-01  9.99953E-05 -2.03864E-10
  9.71000E-01  1.00001E+00  1.00001E-04 -2.87180E-08
  9.72000E-01  1.00001E+00  1.00001E-04 -8.49961E-10
  9.73000E-01  1.00001E+00  1.00001E-04  8.84961E-10
  9.74000E-01  1.00001E+00  1.00001E-04  2.87110E-08
  9.75000E-01  9.99953E-01  9.99953E-05 -6.31943E-11
  9.76000E-01  1.00001E+00  1.00001E-04 -2.82471E-08
  9.77000E-01  1.00001E+00  1.00001E-04 -8.47877E-10
  9.78000E-01  1.00001E+00  1.00001E-04  4.75450E-10
  9.79000E-01  1.00001E+00  1.00001E-04  2.87602E-08
  9.80000E-01  9.99953E-01  9.99953E-05  6.23807E-11
  9.81000E-01  1.00001E+00  1.00001E-04 -2.94873E-08
  9.82000E-01  1.00001E+00  1.00001E-04 -3.72787E-12
  9.83000E-01  1.00001E+00  1.00001E-04  2.92735E-08
  9.84000E-01  9.99953E-01  9.99953E-05  2.83074E-11
  9.85000E-01  1.00001E+00  1.00001E-04 -2.73592E-08
  9.86000E-01  1.00001E+00  1.00001E-04 -9.21229E-10
  9.87000E-01  1.00001E+00  1.00001E-04 -3.99991E-10
  9.88000E-01  1.00001E+00  1.00001E-04  2.80479E-08
  9.89000E-01  9.99953E-01  9.99955E-05 -7.10249E-13
  9.90000E-01  1.00001E+00  1.00001E-04 -2.81227E-08
  9.91000E-01  1.00001E+00  1.00001E-04 -8.62887E-10
  9.92000E-01  1.00001E+00  1.00001E-04  9.52959E-10
  9.93000E-01  1.00001E+00  1.00001E-04  2.87162E-08
  9.94000E-01  9.99953E-01  9.99953E-05 -2.50854E-10
  9.95000E-01  1.00001E+00  1.00001E-04 -2.92073E-08
  9.96000E-01  1.00001E+00  1.00001E-04  1.44818E-10
  9.97000E-01  1.00001E+00  1.00001E-04  2.95220E-08
  9.98000E-01  9.99953E-01  9.99953E-05  2.90660E-08
  9.99000E-01  9.99953E-01  9.99953E-05  8.10621E-10
