 n 1.000 0 1 0.5 8.071
 p 1.000 1 0 0.5 7.289
 d 2.000 1 1 1.0 13.136
he3 3.000 2 1 0.5 14.931
he4 4.000 2 2 0.0 2.425
li6 6.000 3 3 1.0 14.087
li7 7.000 3 4 1.5 14.907
be7 7.000 4 3 1.5 15.769
be9 9.000 4 5 1.5 11.348
b8 8.000 5 3 2.0 22.922
b10 10.000 5 5 3.0 12.051
b11 11.000 5 6 1.5 8.668
c12 12.000 6 6 0.0 0.000
c13 13.000 6 7 0.5 3.125
c14 14.000 6 8 0.0 3.020
n13 13.000 7 6 0.5 5.345
n14 14.000 7 7 1.0 2.863
n15 15.000 7 8 0.5 0.101
o14 14.000 8 6 0.0 8.007
o15 15.000 8 7 0.5 2.856
o16 16.000 8 8 0.0 -4.737
o17 17.000 8 9 2.5 -0.809
o18 18.000 8 10 0.0 -0.783
f17 17.000 9 8 2.5 1.952
f18 18.000 9 9 1.0 0.873
f19 19.000 9 10 0.5 -1.487
ne18 18.000 10 8 0.0 5.318
ne19 19.000 10 9 0.5 1.752
ne20 20.000 10 10 0.0 -7.042
ne21 21.000 10 11 1.5 -5.732
ne22 22.000 10 12 0.0 -8.025
na21 21.000 11 10 1.5 -2.185
na22 22.000 11 11 3.0 -5.182
na23 23.000 11 12 1.5 -9.530
mg23 23.000 12 11 1.5 -5.473
mg24 24.000 12 12 0.0 -13.934
mg25 25.000 12 13 2.5 -13.193
mg26 26.000 12 14 0.0 -16.215
al24 24.000 13 11 4.0 -0.049
al25 25.000 13 12 2.5 -8.916
al26 26.000 13 13 5.0 -12.210
al27 27.000 13 14 2.5 -17.197
si28 28.000 14 14 0.0 -21.493 
si29 29.000 14 15 0.5 -21.895
si30 30.000 14 16 0.0 -24.433
si31 31.000 14 17 1.5 -22.949
si32 32.000 14 18 0.0 -24.078
p29 29.000 15 14 0.5 -16.953
p30 30.000 15 15 1.0 -20.201
p31 31.000 15 16 0.5 -24.441
p32 32.000 15 17 1.0 -24.305
p33 33.000 15 18 0.5 -26.337
s32 32.000 16 16 0.0 -26.016
s33 33.000 16 17 1.5 -26.586
s34 34.000 16 18 0.0 -29.932
s35 35.000 16 19 1.5 -28.846
s36 36.000 16 20 0.0 -30.664
cl33 33.000 17 16 1.5 -21.003
cl34 34.000 17 17 0.0 -24.440
cl35 35.000 17 18 1.5 -29.014
cl36 36.000 17 19 2.0 -29.522
cl37 37.000 17 20 1.5 -31.762
ar36 36.000 18 18 0.0 -30.232
ar37 37.000 18 19 1.5 -30.948
ar38 38.000 18 20 0.0 -34.715
ar39 39.000 18 21 3.5 -33.242
ar40 40.000 18 22 0.0 -35.040
k37 37.000 19 18 1.5 -24.800
k38 38.000 19 19 3.0 -28.801
k39 39.000 19 20 1.5 -33.807
k40 40.000 19 21 4.0 -33.535
k41 41.000 19 22 1.5 -35.560
ca40 40.000 20 20 0.0 -34.846
ca41 41.000 20 21 3.5 -35.138
ca42 42.000 20 22 0.0 -38.547
ca43 43.000 20 23 3.5 -38.409
ca44 44.000 20 24 0.0 -41.469
ca45 45.000 20 25 3.5 -40.812
ca46 46.000 20 26 0.0 -43.140
ca47 47.000 20 27 3.5 -42.345
ca48 48.000 20 28 0.0 -44.223
sc43 43.000 21 22 3.5 -36.188
sc44 44.000 21 23 2.0 -37.816
sc45 45.000 21 24 3.5 -41.070
sc46 46.000 21 25 4.0 -41.760
sc47 47.000 21 26 3.5 -44.337
sc48 48.000 21 27 6.0 -44.503
sc49 49.000 21 28 3.5 -46.560
ti44 44.000 22 22 0.0 -37.549
ti45 45.000 22 23 3.5 -39.008
ti46 46.000 22 24 0.0 -44.127
ti47 47.000 22 25 2.5 -44.936
ti48 48.000 22 26 0.0 -48.492
ti49 49.000 22 27 3.5 -48.563
ti50 50.000 22 28 0.0 -51.431
v46 46.000 23 23 0.0 -37.074
v47 47.000 23 24 1.5 -42.006
v48 48.000 23 25 4.0 -44.476
v49 49.000 23 26 3.5 -47.961
v50 50.000 23 27 6.0 -49.224
v51 51.000 23 28 3.5 -52.204
cr48 48.000 24 24 0.0 -42.822
cr49 49.000 24 25 2.5 -45.333
cr50 50.000 24 26 0.0 -50.262
cr51 51.000 24 27 3.5 -51.451
cr52 52.000 24 28 0.0 -55.418
cr53 53.000 24 29 1.5 -55.286
cr54 54.000 24 30 0.0 -56.934
mn50 50.000 25 25 0.0 -42.627
mn51 51.000 25 26 2.5 -48.244
mn52 52.000 25 27 6.0 -50.707
mn53 53.000 25 28 3.5 -54.689
mn54 54.000 25 29 3.0 -55.557
mn55 55.000 25 30 2.5 -57.712
fe52 52.000 26 26 0.0 -48.333
fe53 53.000 26 27 3.5 -50.947
fe54 54.000 26 28 0.0 -56.254
fe55 55.000 26 29 1.5 -57.481
fe56 56.000 26 30 0.0 -60.606
fe57 57.000 26 31 0.5 -60.181
fe58 58.000 26 32 0.0 -62.154
co53 53.000 27 26 3.5 -42.659
co54 54.000 27 27 0.0 -48.009
co55 55.000 27 28 3.5 -54.029
co56 56.000 27 29 4.0 -56.040
co57 57.000 27 30 3.5 -59.345
co58 58.000 27 31 2.0 -59.847
co59 59.000 27 32 3.5 -62.229
ni56 56.000 28 28 0.0 -53.907
ni57 57.000 28 29 1.5 -56.083
ni58 58.000 28 30 0.0 -60.228
ni59 59.000 28 31 1.5 -61.156
ni60 60.000 28 32 0.0 -64.472
ni61 61.000 28 33 1.5 -64.221
ni62 62.000 28 34 0.0 -66.746
cu57 57.000 29 28 1.5 -47.308
cu58 58.000 29 29 1.0 -51.667
cu59 59.000 29 30 1.5 -56.358
cu60 60.000 29 31 2.0 -58.345
cu61 61.000 29 32 1.5 -61.984
cu62 62.000 29 33 1.0 -62.787
cu63 63.000 29 34 1.5 -65.579
zn59 59.000 30 29 1.5 -47.215
zn60 60.000 30 30 0.0 -54.174
zn61 61.000 30 31 1.5 -56.343
zn62 62.000 30 32 0.0 -61.167
zn63 63.000 30 33 1.5 -62.213
zn64 64.000 30 34 0.0 -66.004
zn65 65.000 30 35 2.5 -65.912
zn66 66.000 30 36 0.0 -68.899
