  0.00000E+00  2.81083E-04  1.46362E+03  3.05346E-01
  1.00000E-03  2.81089E-04  1.46362E+03  9.15009E-01
  2.00000E-03  2.81153E-04  1.46363E+03  1.52728E+00
  3.00000E-03  2.81550E-04  1.46363E+03  2.14202E+00
  4.00000E-03  2.82117E-04  1.46364E+03  2.75475E+00
  5.00000E-03  2.82719E-04  1.46364E+03  3.36428E+00
  6.00000E-03  2.83947E-04  1.46364E+03  3.97189E+00
  7.00000E-03  2.91249E-04  1.46365E+03  4.58435E+00
  8.00000E-03  3.18744E-04  1.46365E+03  5.19641E+00
  9.00000E-03  3.60157E-04  1.46365E+03  5.80550E+00
  1.00000E-02  4.10813E-04  1.46366E+03  6.41822E+00
  1.10000E-02  4.70195E-04  1.46367E+03  7.02932E+00
  1.20000E-02  5.41236E-04  1.46367E+03  7.63955E+00
  1.30000E-02  6.28304E-04  1.46368E+03  8.24968E+00
  1.40000E-02  7.38933E-04  1.46370E+03  8.86503E+00
  1.50000E-02  8.84205E-04  1.46371E+03  9.47712E+00
  1.60000E-02  1.08363E-03  1.46373E+03  1.00880E+01
  1.70000E-02  1.35757E-03  1.46375E+03  1.07005E+01
  1.80000E-02  1.73555E-03  1.46377E+03  1.13107E+01
  1.90000E-02  2.24676E-03  1.46381E+03  1.19210E+01
  2.00000E-02  2.91135E-03  1.46387E+03  1.25313E+01
  2.10000E-02  3.73393E-03  1.46395E+03  1.31350E+01
  2.20000E-02  4.70915E-03  1.46406E+03  1.37404E+01
  2.30000E-02  5.82480E-03  1.46418E+03  1.43373E+01
  2.40000E-02  7.07927E-03  1.46440E+03  1.49473E+01
  2.50000E-02  8.46989E-03  1.46457E+03  1.55439E+01
  2.60000E-02  1.00099E-02  1.46492E+03  1.61656E+01
  2.70000E-02  1.17146E-02  1.46519E+03  1.67564E+01
  2.80000E-02  1.36144E-02  1.46570E+03  1.73834E+01
  2.90000E-02  1.57535E-02  1.46609E+03  1.79722E+01
  3.00000E-02  1.81709E-02  1.46678E+03  1.85998E+01
  3.10000E-02  2.09171E-02  1.46747E+03  1.92003E+01
  3.20000E-02  2.40423E-02  1.46832E+03  1.98130E+01
  3.30000E-02  2.75917E-02  1.46955E+03  2.04451E+01
  3.40000E-02  3.15624E-02  1.47043E+03  2.10236E+01
  3.50000E-02  3.59818E-02  1.47236E+03  2.16991E+01
  3.60000E-02  4.08058E-02  1.47339E+03  2.22530E+01
  3.70000E-02  4.60747E-02  1.47583E+03  2.29292E+01
  3.80000E-02  5.17497E-02  1.47757E+03  2.34895E+01
  3.90000E-02  5.78973E-02  1.48016E+03  2.41264E+01
  4.00000E-02  6.45424E-02  1.48344E+03  2.47733E+01
  4.10000E-02  7.17295E-02  1.48567E+03  2.53122E+01
  4.20000E-02  7.96309E-02  1.49107E+03  2.60782E+01
  4.30000E-02  8.81494E-02  1.49372E+03  2.65885E+01
  4.40000E-02  9.75228E-02  1.49945E+03  2.73108E+01
  4.50000E-02  1.07740E-01  1.50549E+03  2.79570E+01
  4.60000E-02  1.18778E-01  1.50969E+03  2.84767E+01
  4.70000E-02  1.31064E-01  1.51982E+03  2.93266E+01
  4.80000E-02  1.44123E-01  1.52461E+03  2.97913E+01
  4.90000E-02  1.58613E-01  1.53450E+03  3.05259E+01
  5.00000E-02  1.74597E-01  1.54741E+03  3.13095E+01
  5.10000E-02  1.91493E-01  1.55327E+03  3.17450E+01
  5.20000E-02  2.10828E-01  1.57119E+03  3.26834E+01
  5.30000E-02  2.31420E-01  1.58454E+03  3.33121E+01
  5.40000E-02  2.53500E-01  1.59541E+03  3.38210E+01
  5.50000E-02  2.79063E-01  1.62272E+03  3.48951E+01
  5.60000E-02  3.05346E-01  1.63711E+03  3.54106E+01
  5.70000E-02  3.34443E-01  1.65667E+03  3.60563E+01
  5.80000E-02  3.68327E-01  1.69498E+03  3.72159E+01
  5.90000E-02  4.02428E-01  1.71301E+03  3.76867E+01
  6.00000E-02  4.41054E-01  1.74309E+03  3.84267E+01
  6.10000E-02  4.87097E-01  1.79713E+03  3.97126E+01
  6.20000E-02  5.32214E-01  1.82269E+03  4.01954E+01
  6.30000E-02  5.84248E-01  1.86511E+03  4.09565E+01
  6.40000E-02  6.48606E-01  1.94380E+03  4.24401E+01
  6.50000E-02  7.10663E-01  1.98357E+03  4.30076E+01
  6.60000E-02  7.81160E-01  2.03815E+03  4.36798E+01
  6.70000E-02  8.74615E-01  2.15396E+03  4.54320E+01
  6.80000E-02  9.65194E-01  2.22385E+03  4.62385E+01
  6.90000E-02  1.06218E+00  2.28997E+03  4.67239E+01
  7.00000E-02  1.19960E+00  2.45351E+03  4.86171E+01
  7.10000E-02  1.34315E+00  2.58922E+03  4.99144E+01
  7.20000E-02  1.48487E+00  2.67467E+03  5.03567E+01
  7.30000E-02  1.68016E+00  2.88461E+03  5.19489E+01
  7.40000E-02  1.90451E+00  3.12862E+03  5.36749E+01
  7.50000E-02  2.12352E+00  3.25308E+03  5.41620E+01
  7.60000E-02  2.45818E+00  3.55717E+03  5.55437E+01
  7.70000E-02  2.87717E+00  3.97702E+03  5.84567E+01
  7.80000E-02  3.10624E+00  4.12834E+03  5.81536E+01
  7.90000E-02  2.95123E+00  3.20961E+03  5.11890E+01
  8.00000E-02  1.86573E+00  1.03363E+03  2.59795E+01
  8.10000E-02  1.16152E+00  5.49369E+01  3.19392E+00
  8.20000E-02  1.00879E+00  4.91077E-02  1.63297E-02
  8.30000E-02  1.00012E+00  1.00640E-04  6.17624E-06
  8.40000E-02  9.99999E-01  9.99999E-05  7.39015E-11
  8.50000E-02  1.00000E+00  1.00000E-04 -2.54154E-11
  8.60000E-02  1.00000E+00  1.00000E-04  3.68154E-11
  8.70000E-02  1.00000E+00  9.99998E-05 -1.41456E-16
  8.80000E-02  1.00000E+00  1.00000E-04 -3.68179E-11
  8.90000E-02  1.00000E+00  1.00000E-04  0.00000E+00
  9.00000E-02  1.00000E+00  1.00000E-04  2.83347E-12
  9.10000E-02  1.00000E+00  1.00000E-04  0.00000E+00
  9.20000E-02  1.00000E+00  1.00000E-04 -2.83352E-12
  9.30000E-02  1.00000E+00  1.00000E-04  0.00000E+00
  9.40000E-02  1.00000E+00  1.00000E-04  0.00000E+00
  9.50000E-02  1.00000E+00  1.00000E-04  0.00000E+00
  9.60000E-02  1.00000E+00  1.00000E-04  0.00000E+00
  9.70000E-02  1.00000E+00  1.00000E-04  0.00000E+00
  9.80000E-02  1.00000E+00  1.00000E-04  0.00000E+00
  9.90000E-02  1.00000E+00  1.00000E-04  0.00000E+00
  1.00000E-01  1.00000E+00  1.00000E-04  0.00000E+00
  1.01000E-01  1.00000E+00  1.00000E-04  0.00000E+00
  1.02000E-01  1.00000E+00  1.00000E-04 -2.26614E-11
  1.03000E-01  1.00000E+00  1.00000E-04  0.00000E+00
  1.04000E-01  1.00000E+00  1.00000E-04  2.26607E-11
  1.05000E-01  1.00000E+00  1.00000E-04  2.83349E-12
  1.06000E-01  1.00000E+00  1.00000E-04  0.00000E+00
  1.07000E-01  1.00000E+00  1.00000E-04 -2.83349E-12
  1.08000E-01  1.00000E+00  1.00000E-04 -7.77006E-17
  1.09000E-01  1.00000E+00  1.00000E-04 -8.50068E-12
  1.10000E-01  1.00000E+00  1.00000E-04  2.83317E-12
  1.11000E-01  1.00000E+00  1.00000E-04  2.83388E-12
  1.12000E-01  1.00000E+00  1.00000E-04  0.00000E+00
  1.13000E-01  1.00000E+00  1.00000E-04  0.00000E+00
  1.14000E-01  1.00000E+00  1.00000E-04  6.98910E-13
  1.15000E-01  1.00000E+00  1.00000E-04  2.13460E-12
  1.16000E-01  1.00000E+00  1.00000E-04  5.66680E-12
  1.17000E-01  1.00000E+00  1.00000E-04  8.54705E-18
  1.18000E-01  1.00000E+00  1.00000E-04 -5.66682E-12
  1.19000E-01  1.00000E+00  1.00000E-04  0.00000E+00
  1.20000E-01  1.00000E+00  1.00000E-04  2.54946E-11
  1.21000E-01  1.00000E+00  9.99999E-05  2.83291E-12
  1.22000E-01  1.00000E+00  1.00000E-04 -2.54934E-11
  1.23000E-01  1.00000E+00  1.00000E-04 -1.98322E-11
  1.24000E-01  1.00000E+00  1.00000E-04  2.83344E-12
  1.25000E-01  1.00000E+00  1.00000E-04  1.41654E-11
  1.26000E-01  1.00000E+00  1.00000E-04  0.00000E+00
  1.27000E-01  1.00000E+00  1.00000E-04  0.00000E+00
  1.28000E-01  1.00000E+00  1.00000E-04  0.00000E+00
  1.29000E-01  1.00000E+00  1.00000E-04  0.00000E+00
  1.30000E-01  1.00000E+00  1.00000E-04  0.00000E+00
  1.31000E-01  1.00000E+00  1.00000E-04  0.00000E+00
  1.32000E-01  1.00000E+00  1.00000E-04  2.83334E-12
  1.33000E-01  1.00000E+00  1.00000E-04 -1.41627E-12
  1.34000E-01  1.00000E+00  1.00000E-04 -1.41726E-12
  1.35000E-01  1.00000E+00  1.00000E-04  7.77002E-17
  1.36000E-01  1.00000E+00  1.00000E-04  0.00000E+00
  1.37000E-01  1.00000E+00  1.00000E-04  0.00000E+00
  1.38000E-01  1.00000E+00  1.00000E-04  0.00000E+00
  1.39000E-01  1.00000E+00  1.00000E-04 -5.66701E-12
  1.40000E-01  1.00000E+00  1.00000E-04 -2.83356E-12
  1.41000E-01  1.00000E+00  1.00000E-04  8.50042E-12
  1.42000E-01  1.00000E+00  1.00000E-04  7.77001E-17
  1.43000E-01  1.00000E+00  1.00000E-04  0.00000E+00
  1.44000E-01  1.00000E+00  1.00000E-04  0.00000E+00
  1.45000E-01  1.00000E+00  1.00000E-04  2.54971E-11
  1.46000E-01  9.99999E-01  9.99999E-05  2.83315E-12
  1.47000E-01  1.00000E+00  1.00000E-04 -2.54963E-11
  1.48000E-01  1.00000E+00  1.00000E-04 -2.83331E-12
  1.49000E-01  1.00000E+00  1.00000E-04 -7.67482E-16
  1.50000E-01  1.00000E+00  1.00000E-04  3.42958E-16
  1.51000E-01  1.00000E+00  1.00000E-04  4.24524E-16
  1.52000E-01  1.00000E+00  1.00000E-04  0.00000E+00
  1.53000E-01  1.00000E+00  1.00000E-04 -7.77001E-17
  1.54000E-01  1.00000E+00  1.00000E-04  0.00000E+00
  1.55000E-01  1.00000E+00  1.00000E-04  7.77001E-17
  1.56000E-01  1.00000E+00  1.00000E-04  0.00000E+00
  1.57000E-01  1.00000E+00  1.00000E-04  0.00000E+00
  1.58000E-01  1.00000E+00  1.00000E-04  0.00000E+00
  1.59000E-01  1.00000E+00  1.00000E-04  0.00000E+00
  1.60000E-01  1.00000E+00  1.00000E-04  2.83361E-12
  1.61000E-01  1.00000E+00  1.00000E-04  0.00000E+00
  1.62000E-01  1.00000E+00  1.00000E-04 -2.83350E-12
  1.63000E-01  1.00000E+00  1.00000E-04  0.00000E+00
  1.64000E-01  1.00000E+00  1.00000E-04  2.83350E-12
  1.65000E-01  1.00000E+00  1.00000E-04  0.00000E+00
  1.66000E-01  1.00000E+00  1.00000E-04 -2.83356E-12
  1.67000E-01  1.00000E+00  1.00000E-04  0.00000E+00
  1.68000E-01  1.00000E+00  1.00000E-04  5.66680E-12
  1.69000E-01  1.00000E+00  1.00000E-04  5.66622E-12
  1.70000E-01  1.00000E+00  1.00000E-04 -1.70004E-11
  1.71000E-01  1.00000E+00  1.00000E-04  1.63170E-16
  1.72000E-01  1.00000E+00  1.00000E-04  5.66704E-12
  1.73000E-01  1.00000E+00  1.00000E-04  0.00000E+00
  1.74000E-01  1.00000E+00  1.00000E-04  8.50030E-12
  1.75000E-01  1.00000E+00  1.00000E-04  0.00000E+00
  1.76000E-01  1.00000E+00  1.00000E-04 -8.50037E-12
  1.77000E-01  1.00000E+00  1.00000E-04 -4.43905E-16
  1.78000E-01  1.00000E+00  1.00000E-04  1.01030E-16
  1.79000E-01  1.00000E+00  1.00000E-04  3.42876E-16
  1.80000E-01  1.00000E+00  1.00000E-04  0.00000E+00
  1.81000E-01  1.00000E+00  1.00000E-04  0.00000E+00
  1.82000E-01  1.00000E+00  1.00000E-04  0.00000E+00
  1.83000E-01  1.00000E+00  1.00000E-04  0.00000E+00
  1.84000E-01  1.00000E+00  1.00000E-04  0.00000E+00
  1.85000E-01  1.00000E+00  1.00000E-04  0.00000E+00
  1.86000E-01  1.00000E+00  1.00000E-04  0.00000E+00
  1.87000E-01  1.00000E+00  1.00000E-04  0.00000E+00
  1.88000E-01  1.00000E+00  1.00000E-04  0.00000E+00
  1.89000E-01  1.00000E+00  1.00000E-04  0.00000E+00
  1.90000E-01  1.00000E+00  1.00000E-04  0.00000E+00
  1.91000E-01  1.00000E+00  1.00000E-04  0.00000E+00
  1.92000E-01  1.00000E+00  1.00000E-04  2.83353E-12
  1.93000E-01  1.00000E+00  1.00000E-04  0.00000E+00
  1.94000E-01  1.00000E+00  1.00000E-04 -2.83336E-12
  1.95000E-01  1.00000E+00  1.00000E-04  0.00000E+00
  1.96000E-01  1.00000E+00  1.00000E-04  0.00000E+00
  1.97000E-01  1.00000E+00  1.00000E-04  0.00000E+00
  1.98000E-01  1.00000E+00  1.00000E-04  0.00000E+00
  1.99000E-01  1.00000E+00  1.00000E-04  0.00000E+00
  2.00000E-01  1.00000E+00  1.00000E-04  0.00000E+00
  2.01000E-01  1.00000E+00  1.00000E-04  0.00000E+00
  2.02000E-01  1.00000E+00  1.00000E-04  0.00000E+00
  2.03000E-01  1.00000E+00  1.00000E-04  0.00000E+00
  2.04000E-01  1.00000E+00  1.00000E-04  0.00000E+00
  2.05000E-01  1.00000E+00  1.00000E-04  0.00000E+00
  2.06000E-01  1.00000E+00  1.00000E-04  0.00000E+00
  2.07000E-01  1.00000E+00  1.00000E-04  0.00000E+00
  2.08000E-01  1.00000E+00  1.00000E-04  0.00000E+00
  2.09000E-01  1.00000E+00  1.00000E-04  0.00000E+00
  2.10000E-01  1.00000E+00  1.00000E-04  0.00000E+00
  2.11000E-01  1.00000E+00  1.00000E-04  0.00000E+00
  2.12000E-01  1.00000E+00  1.00000E-04  0.00000E+00
  2.13000E-01  1.00000E+00  1.00000E-04  4.24876E-11
  2.14000E-01  9.99998E-01  9.99998E-05  0.00000E+00
  2.15000E-01  1.00000E+00  1.00000E-04 -4.24856E-11
  2.16000E-01  1.00000E+00  1.00000E-04  0.00000E+00
  2.17000E-01  1.00000E+00  1.00000E-04  0.00000E+00
  2.18000E-01  1.00000E+00  1.00000E-04  0.00000E+00
  2.19000E-01  1.00000E+00  1.00000E-04 -7.76998E-17
  2.20000E-01  1.00000E+00  1.00000E-04  0.00000E+00
  2.21000E-01  1.00000E+00  1.00000E-04  7.76998E-17
  2.22000E-01  1.00000E+00  1.00000E-04  0.00000E+00
  2.23000E-01  1.00000E+00  1.00000E-04  0.00000E+00
  2.24000E-01  1.00000E+00  1.00000E-04  0.00000E+00
  2.25000E-01  1.00000E+00  1.00000E-04  0.00000E+00
  2.26000E-01  1.00000E+00  1.00000E-04  0.00000E+00
  2.27000E-01  1.00000E+00  1.00000E-04  0.00000E+00
  2.28000E-01  1.00000E+00  1.00000E-04  0.00000E+00
  2.29000E-01  1.00000E+00  1.00000E-04  5.66672E-12
  2.30000E-01  1.00000E+00  1.00000E-04  0.00000E+00
  2.31000E-01  1.00000E+00  1.00000E-04 -5.66666E-12
  2.32000E-01  1.00000E+00  1.00000E-04 -4.36673E-16
  2.33000E-01  1.00000E+00  1.00000E-04 -1.70004E-11
  2.34000E-01  1.00000E+00  1.00000E-04  1.13337E-11
  2.35000E-01  1.00000E+00  1.00000E-04  5.66652E-12
  2.36000E-01  1.00000E+00  1.00000E-04  0.00000E+00
  2.37000E-01  1.00000E+00  1.00000E-04  0.00000E+00
  2.38000E-01  1.00000E+00  1.00000E-04  0.00000E+00
  2.39000E-01  1.00000E+00  1.00000E-04  0.00000E+00
  2.40000E-01  1.00000E+00  1.00000E-04  0.00000E+00
  2.41000E-01  1.00000E+00  1.00000E-04  0.00000E+00
  2.42000E-01  1.00000E+00  1.00000E-04  0.00000E+00
  2.43000E-01  1.00000E+00  1.00000E-04  0.00000E+00
  2.44000E-01  1.00000E+00  1.00000E-04  0.00000E+00
  2.45000E-01  1.00000E+00  1.00000E-04  0.00000E+00
  2.46000E-01  1.00000E+00  1.00000E-04  0.00000E+00
  2.47000E-01  1.00000E+00  1.00000E-04 -3.11561E-11
  2.48000E-01  1.00000E+00  1.00000E-04  0.00000E+00
  2.49000E-01  1.00000E+00  1.00000E-04  3.11538E-11
  2.50000E-01  1.00000E+00  1.00000E-04  0.00000E+00
  2.51000E-01  1.00000E+00  1.00000E-04  0.00000E+00
  2.52000E-01  1.00000E+00  1.00000E-04  8.49995E-12
  2.53000E-01  1.00000E+00  1.00000E-04 -5.66655E-12
  2.54000E-01  1.00000E+00  1.00000E-04 -5.66664E-12
  2.55000E-01  1.00000E+00  1.00000E-04 -2.83326E-12
  2.56000E-01  1.00000E+00  1.00000E-04  8.54697E-17
  2.57000E-01  1.00000E+00  1.00000E-04  5.66668E-12
  2.58000E-01  1.00000E+00  1.00000E-04  0.00000E+00
  2.59000E-01  1.00000E+00  1.00000E-04  0.00000E+00
  2.60000E-01  1.00000E+00  1.00000E-04  0.00000E+00
  2.61000E-01  1.00000E+00  1.00000E-04  0.00000E+00
  2.62000E-01  1.00000E+00  1.00000E-04  2.83333E-12
  2.63000E-01  1.00000E+00  1.00000E-04  0.00000E+00
  2.64000E-01  1.00000E+00  1.00000E-04 -2.83349E-12
  2.65000E-01  1.00000E+00  1.00000E-04  0.00000E+00
  2.66000E-01  1.00000E+00  1.00000E-04  0.00000E+00
  2.67000E-01  1.00000E+00  1.00000E-04  0.00000E+00
  2.68000E-01  1.00000E+00  1.00000E-04  0.00000E+00
  2.69000E-01  1.00000E+00  1.00000E-04  0.00000E+00
  2.70000E-01  1.00000E+00  1.00000E-04  8.50031E-12
  2.71000E-01  1.00000E+00  1.00000E-04  5.66610E-12
  2.72000E-01  1.00000E+00  1.00000E-04 -2.83335E-12
  2.73000E-01  1.00000E+00  1.00000E-04 -2.83331E-11
  2.74000E-01  1.00000E+00  1.00000E-04  8.50062E-12
  2.75000E-01  1.00000E+00  1.00000E-04  2.83416E-12
  2.76000E-01  1.00000E+00  1.00000E-04  2.83230E-12
  2.77000E-01  1.00000E+00  1.00000E-04  2.83333E-12
  2.78000E-01  1.00000E+00  1.00000E-04 -2.83334E-12
  2.79000E-01  1.00000E+00  1.00000E-04 -7.76997E-17
  2.80000E-01  1.00000E+00  1.00000E-04  1.47532E-15
  2.81000E-01  1.00000E+00  1.00000E-04  1.43821E-15
  2.82000E-01  1.00000E+00  1.00000E-04  1.03793E-15
  2.83000E-01  1.00000E+00  1.00000E-04 -3.45423E-15
  2.84000E-01  1.00000E+00  1.00000E-04 -2.73522E-09
  2.85000E-01  1.00000E+00  1.00029E-04 -4.18972E-09
  2.86000E-01  1.00000E+00  1.00032E-04  3.43912E-09
  2.87000E-01  1.00000E+00  1.00000E-04  1.15189E-10
  2.88000E-01  1.00000E+00  1.00031E-04 -2.98227E-12
  2.89000E-01  1.00000E+00  1.00000E-04  3.38466E-09
  2.90000E-01  1.00000E+00  1.00000E-04  8.93649E-14
  2.91000E-01  1.00000E+00  1.00000E-04  8.61253E-14
  2.92000E-01  1.00000E+00  1.00000E-04  2.83327E-12
  2.93000E-01  1.00000E+00  1.00000E-04 -2.83336E-12
  2.94000E-01  1.00000E+00  1.00000E-04 -8.49955E-12
  2.95000E-01  1.00000E+00  1.00000E-04  0.00000E+00
  2.96000E-01  1.00000E+00  1.00000E-04  0.00000E+00
  2.97000E-01  1.00000E+00  1.00000E-04  0.00000E+00
  2.98000E-01  1.00000E+00  1.00000E-04  0.00000E+00
  2.99000E-01  1.00000E+00  1.00000E-04  0.00000E+00
  3.00000E-01  1.00000E+00  1.00000E-04  0.00000E+00
  3.01000E-01  1.00000E+00  1.00000E-04  0.00000E+00
  3.02000E-01  1.00000E+00  1.00000E-04  0.00000E+00
  3.03000E-01  1.00000E+00  1.00000E-04  0.00000E+00
  3.04000E-01  1.00000E+00  1.00000E-04  0.00000E+00
  3.05000E-01  1.00000E+00  1.00000E-04  0.00000E+00
  3.06000E-01  1.00000E+00  1.00000E-04  0.00000E+00
  3.07000E-01  1.00000E+00  1.00000E-04  8.50020E-12
  3.08000E-01  1.00000E+00  1.00000E-04  5.66682E-12
  3.09000E-01  1.00000E+00  1.00000E-04 -8.50058E-12
  3.10000E-01  1.00000E+00  1.00000E-04 -5.66695E-12
  3.11000E-01  1.00000E+00  1.00000E-04  2.83336E-12
  3.12000E-01  1.00000E+00  1.00000E-04 -2.83270E-12
  3.13000E-01  1.00000E+00  1.00000E-04 -2.83413E-12
  3.14000E-01  1.00000E+00  1.00000E-04  1.41699E-12
  3.15000E-01  1.00000E+00  1.00000E-04  1.41645E-12
  3.16000E-01  1.00000E+00  1.00000E-04  7.76997E-17
  3.17000E-01  1.00000E+00  1.00000E-04  2.83329E-12
  3.18000E-01  1.00000E+00  1.00000E-04 -8.50009E-12
  3.19000E-01  1.00000E+00  1.00000E-04 -2.83355E-12
  3.20000E-01  1.00000E+00  1.00000E-04  1.13340E-11
  3.21000E-01  1.00000E+00  1.00000E-04 -2.83321E-12
  3.22000E-01  1.00000E+00  1.00000E-04 -1.13338E-11
  3.23000E-01  1.00000E+00  1.00000E-04  1.70001E-11
  3.24000E-01  1.00000E+00  1.00000E-04 -1.41656E-11
  3.25000E-01  1.00000E+00  1.00000E-04  1.42095E-12
  3.26000E-01  1.00000E+00  1.00000E-04  1.41984E-12
  3.27000E-01  1.00000E+00  1.00000E-04  9.47236E-13
  3.28000E-01  1.00000E+00  1.00000E-04  9.40229E-13
  3.29000E-01  1.00000E+00  1.00000E-04  9.38096E-13
  3.30000E-01  1.00000E+00  1.00000E-04  2.83315E-12
  3.31000E-01  1.00000E+00  1.00000E-04  0.00000E+00
  3.32000E-01  1.00000E+00  1.00000E-04  8.49998E-12
  3.33000E-01  1.00000E+00  1.00000E-04  2.83290E-12
  3.34000E-01  1.00000E+00  1.00000E-04 -8.49969E-12
  3.35000E-01  1.00000E+00  1.00000E-04  2.39237E-16
  3.36000E-01  1.00000E+00  1.00000E-04  1.03418E-16
  3.37000E-01  1.00000E+00  1.00000E-04 -2.83361E-12
  3.38000E-01  1.00000E+00  1.00000E-04  0.00000E+00
  3.39000E-01  1.00000E+00  1.00000E-04 -1.13321E-11
  3.40000E-01  1.00000E+00  1.00000E-04 -2.83298E-12
  3.41000E-01  1.00000E+00  1.00000E-04  1.13318E-11
  3.42000E-01  1.00000E+00  1.00000E-04 -2.83352E-12
  3.43000E-01  1.00000E+00  1.00000E-04  2.83380E-12
  3.44000E-01  1.00000E+00  1.00000E-04  3.68271E-11
  3.45000E-01  9.99999E-01  9.99999E-05 -4.53183E-11
  3.46000E-01  1.00000E+00  1.00000E-04 -2.26584E-11
  3.47000E-01  1.00000E+00  1.00000E-04 -1.29497E-10
  3.48000E-01  1.00000E+00  1.00001E-04  8.20391E-11
  3.49000E-01  1.00000E+00  9.99996E-05  1.40823E-10
  3.50000E-01  1.00000E+00  1.00000E-04 -7.92104E-11
  3.51000E-01  1.00000E+00  1.00000E-04  1.98293E-11
  3.52000E-01  1.00000E+00  1.00000E-04  0.00000E+00
  3.53000E-01  1.00000E+00  1.00000E-04  0.00000E+00
  3.54000E-01  1.00000E+00  1.00000E-04  0.00000E+00
  3.55000E-01  1.00000E+00  1.00000E-04  0.00000E+00
  3.56000E-01  1.00000E+00  1.00000E-04  0.00000E+00
  3.57000E-01  1.00000E+00  1.00000E-04  0.00000E+00
  3.58000E-01  1.00000E+00  1.00000E-04  0.00000E+00
  3.59000E-01  1.00000E+00  1.00000E-04  0.00000E+00
  3.60000E-01  1.00000E+00  1.00000E-04  0.00000E+00
  3.61000E-01  1.00000E+00  1.00000E-04 -7.76996E-17
  3.62000E-01  1.00000E+00  1.00000E-04  0.00000E+00
  3.63000E-01  1.00000E+00  1.00000E-04  7.76996E-17
  3.64000E-01  1.00000E+00  1.00000E-04  0.00000E+00
  3.65000E-01  1.00000E+00  1.00000E-04  0.00000E+00
  3.66000E-01  1.00000E+00  1.00000E-04  0.00000E+00
  3.67000E-01  1.00000E+00  1.00000E-04  0.00000E+00
  3.68000E-01  1.00000E+00  1.00000E-04  0.00000E+00
  3.69000E-01  1.00000E+00  1.00000E-04  0.00000E+00
  3.70000E-01  1.00000E+00  1.00000E-04  0.00000E+00
  3.71000E-01  1.00000E+00  1.00000E-04  0.00000E+00
  3.72000E-01  1.00000E+00  1.00000E-04 -5.66659E-12
  3.73000E-01  1.00000E+00  1.00000E-04 -5.66680E-12
  3.74000E-01  1.00000E+00  1.00000E-04  8.50031E-12
  3.75000E-01  1.00000E+00  1.00000E-04 -3.11528E-11
  3.76000E-01  1.00000E+00  1.00000E-04  7.77194E-17
  3.77000E-01  1.00000E+00  1.00000E-04  3.39873E-11
  3.78000E-01  1.00000E+00  1.00000E-04  0.00000E+00
  3.79000E-01  1.00000E+00  1.00000E-04  0.00000E+00
  3.80000E-01  1.00000E+00  1.00000E-04  0.00000E+00
  3.81000E-01  1.00000E+00  1.00000E-04  8.49984E-12
  3.82000E-01  1.00000E+00  1.00000E-04  2.83314E-12
  3.83000E-01  1.00000E+00  1.00000E-04 -8.49924E-12
  3.84000E-01  1.00000E+00  1.00000E-04  5.66707E-12
  3.85000E-01  1.00000E+00  1.00000E-04 -1.59962E-16
  3.86000E-01  1.00000E+00  1.00000E-04 -8.50030E-12
  3.87000E-01  1.00000E+00  1.00000E-04  0.00000E+00
  3.88000E-01  1.00000E+00  1.00000E-04  0.00000E+00
  3.89000E-01  1.00000E+00  1.00000E-04  0.00000E+00
  3.90000E-01  1.00000E+00  1.00000E-04  0.00000E+00
  3.91000E-01  1.00000E+00  1.00000E-04  0.00000E+00
  3.92000E-01  1.00000E+00  1.00000E-04  0.00000E+00
  3.93000E-01  1.00000E+00  1.00000E-04  0.00000E+00
  3.94000E-01  1.00000E+00  1.00000E-04  0.00000E+00
  3.95000E-01  1.00000E+00  1.00000E-04  0.00000E+00
  3.96000E-01  1.00000E+00  1.00000E-04  0.00000E+00
  3.97000E-01  1.00000E+00  1.00000E-04  8.49984E-12
  3.98000E-01  1.00000E+00  1.00000E-04 -8.50013E-12
  3.99000E-01  1.00000E+00  1.00000E-04 -2.83340E-12
  4.00000E-01  1.00000E+00  1.00000E-04  2.83337E-12
  4.01000E-01  1.00000E+00  1.00000E-04  0.00000E+00
  4.02000E-01  1.00000E+00  1.00000E-04  0.00000E+00
  4.03000E-01  1.00000E+00  1.00000E-04  0.00000E+00
  4.04000E-01  1.00000E+00  1.00000E-04  5.65047E-12
  4.05000E-01  1.00000E+00  1.00000E-04 -3.20902E-09
  4.06000E-01  1.00000E+00  1.00029E-04 -3.13374E-12
  4.07000E-01  1.00000E+00  1.00000E-04  3.20369E-09
  4.08000E-01  1.00000E+00  1.00000E-04  2.82721E-12
  4.09000E-01  1.00000E+00  1.00000E-04  0.00000E+00
  4.10000E-01  1.00000E+00  1.00000E-04  0.00000E+00
  4.11000E-01  1.00000E+00  1.00000E-04  0.00000E+00
  4.12000E-01  1.00000E+00  1.00000E-04  0.00000E+00
  4.13000E-01  1.00000E+00  1.00000E-04  0.00000E+00
  4.14000E-01  1.00000E+00  1.00000E-04  0.00000E+00
  4.15000E-01  1.00000E+00  1.00000E-04 -2.82713E-12
  4.16000E-01  1.00000E+00  1.00000E-04 -3.20375E-09
  4.17000E-01  1.00000E+00  1.00029E-04 -1.20639E-15
  4.18000E-01  1.00000E+00  1.00000E-04  3.20093E-09
  4.19000E-01  1.00000E+00  1.00000E-04  3.92138E-12
  4.20000E-01  1.00000E+00  1.00000E-04  1.73499E-12
  4.21000E-01  1.00000E+00  1.00000E-04  0.00000E+00
  4.22000E-01  1.00000E+00  1.00000E-04  0.00000E+00
  4.23000E-01  1.00000E+00  1.00000E-04  1.13332E-11
  4.24000E-01  1.00000E+00  9.99999E-05  0.00000E+00
  4.25000E-01  1.00000E+00  1.00000E-04 -8.50013E-12
  4.26000E-01  1.00000E+00  1.00000E-04 -1.01786E-16
  4.27000E-01  1.00000E+00  1.00000E-04  6.22665E-11
  4.28000E-01  9.99996E-01  9.99996E-05  2.83794E-12
  4.29000E-01  1.00000E+00  1.00000E-04 -6.79329E-11
  4.30000E-01  1.00000E+00  1.00000E-04  0.00000E+00
  4.31000E-01  1.00000E+00  1.00000E-04  0.00000E+00
  4.32000E-01  1.00000E+00  1.00000E-04  5.66665E-12
  4.33000E-01  1.00000E+00  1.00000E-04  0.00000E+00
  4.34000E-01  1.00000E+00  1.00000E-04 -5.66650E-12
  4.35000E-01  1.00000E+00  1.00000E-04  0.00000E+00
  4.36000E-01  1.00000E+00  1.00000E-04 -7.76996E-17
  4.37000E-01  1.00000E+00  1.00000E-04 -8.50052E-12
  4.38000E-01  1.00000E+00  1.00000E-04  2.83356E-12
  4.39000E-01  1.00000E+00  1.00000E-04  5.66670E-12
  4.40000E-01  1.00000E+00  1.00000E-04  0.00000E+00
  4.41000E-01  1.00000E+00  1.00000E-04  2.83361E-12
  4.42000E-01  1.00000E+00  1.00000E-04  0.00000E+00
  4.43000E-01  1.00000E+00  1.00000E-04 -2.83355E-12
  4.44000E-01  1.00000E+00  1.00000E-04  2.83352E-12
  4.45000E-01  1.00000E+00  1.00000E-04  0.00000E+00
  4.46000E-01  1.00000E+00  1.00000E-04 -2.83329E-12
  4.47000E-01  1.00000E+00  1.00000E-04  0.00000E+00
  4.48000E-01  1.00000E+00  1.00000E-04  0.00000E+00
  4.49000E-01  1.00000E+00  1.00000E-04  0.00000E+00
  4.50000E-01  1.00000E+00  1.00000E-04  2.83343E-12
  4.51000E-01  1.00000E+00  1.00000E-04 -1.13332E-11
  4.52000E-01  1.00000E+00  1.00000E-04 -2.83376E-12
  4.53000E-01  1.00000E+00  1.00000E-04  1.13322E-11
  4.54000E-01  1.00000E+00  1.00000E-04  2.83334E-12
  4.55000E-01  1.00000E+00  1.00000E-04  0.00000E+00
  4.56000E-01  1.00000E+00  1.00000E-04 -1.41599E-12
  4.57000E-01  1.00000E+00  1.00000E-04 -1.41756E-12
  4.58000E-01  1.00000E+00  1.00000E-04  7.76996E-17
  4.59000E-01  1.00000E+00  1.00000E-04  0.00000E+00
  4.60000E-01  1.00000E+00  1.00000E-04  2.83330E-12
  4.61000E-01  1.00000E+00  1.00000E-04 -5.66624E-12
  4.62000E-01  1.00000E+00  1.00000E-04 -2.83363E-12
  4.63000E-01  1.00000E+00  1.00000E-04  5.66678E-12
  4.64000E-01  1.00000E+00  1.00000E-04  2.83341E-12
  4.65000E-01  1.00000E+00  1.00000E-04  0.00000E+00
  4.66000E-01  1.00000E+00  1.00000E-04 -2.83337E-12
  4.67000E-01  1.00000E+00  1.00000E-04  2.83344E-12
  4.68000E-01  1.00000E+00  1.00000E-04  2.83308E-12
  4.69000E-01  1.00000E+00  1.00000E-04 -1.41669E-11
  4.70000E-01  1.00000E+00  1.00000E-04  5.66678E-12
  4.71000E-01  1.00000E+00  1.00000E-04  2.83336E-12
  4.72000E-01  1.00000E+00  1.00000E-04 -1.13324E-11
  4.73000E-01  1.00000E+00  1.00000E-04  2.83405E-12
  4.74000E-01  1.00000E+00  1.00000E-04  8.49885E-12
  4.75000E-01  1.00000E+00  1.00000E-04 -6.59449E-16
  4.76000E-01  1.00000E+00  1.00000E-04  8.54695E-17
  4.77000E-01  1.00000E+00  1.00000E-04 -5.66633E-12
  4.78000E-01  1.00000E+00  1.00000E-04  2.83368E-12
  4.79000E-01  1.00000E+00  1.00000E-04  5.66637E-12
  4.80000E-01  1.00000E+00  1.00000E-04  5.66671E-12
  4.81000E-01  1.00000E+00  1.00000E-04  2.83346E-12
  4.82000E-01  1.00000E+00  1.00000E-04 -8.50149E-12
  4.83000E-01  1.00000E+00  1.00000E-04 -1.98305E-11
  4.84000E-01  1.00000E+00  1.00000E-04 -1.13333E-11
  4.85000E-01  1.00000E+00  1.00000E-04  5.66628E-11
  4.86000E-01  1.00000E+00  9.99999E-05 -8.49873E-12
  4.87000E-01  1.00000E+00  1.00000E-04 -9.67478E-16
  4.88000E-01  9.99999E-01  9.99999E-05 -1.01526E-14
  4.89000E-01  1.00000E+00  1.00000E-04 -1.33053E-10
  4.90000E-01  1.00000E+00  1.00000E-04  4.81319E-11
  4.91000E-01  1.00000E+00  1.00000E-04  6.50919E-11
  4.92000E-01  1.00000E+00  1.00000E-04  1.98298E-11
  4.93000E-01  9.99999E-01  9.99999E-05 -2.83049E-12
  4.94000E-01  1.00000E+00  1.00000E-04 -1.70001E-11
  4.95000E-01  1.00000E+00  1.00000E-04  0.00000E+00
  4.96000E-01  1.00000E+00  1.00000E-04  0.00000E+00
  4.97000E-01  1.00000E+00  1.00000E-04  0.00000E+00
  4.98000E-01  1.00000E+00  1.00000E-04  0.00000E+00
  4.99000E-01  1.00000E+00  1.00000E-04  0.00000E+00
  5.00000E-01  1.00000E+00  1.00000E-04  0.00000E+00
  5.01000E-01  1.00000E+00  1.00000E-04  0.00000E+00
  5.02000E-01  1.00000E+00  1.00000E-04  0.00000E+00
  5.03000E-01  1.00000E+00  1.00000E-04  0.00000E+00
  5.04000E-01  1.00000E+00  1.00000E-04  0.00000E+00
  5.05000E-01  1.00000E+00  1.00000E-04  3.39908E-11
  5.06000E-01  9.99998E-01  9.99998E-05  0.00000E+00
  5.07000E-01  1.00000E+00  1.00000E-04 -3.39920E-11
  5.08000E-01  1.00000E+00  1.00000E-04  0.00000E+00
  5.09000E-01  1.00000E+00  1.00000E-04  0.00000E+00
  5.10000E-01  1.00000E+00  1.00000E-04 -7.76996E-17
  5.11000E-01  1.00000E+00  1.00000E-04  0.00000E+00
  5.12000E-01  1.00000E+00  1.00000E-04  7.76995E-17
  5.13000E-01  1.00000E+00  1.00000E-04  0.00000E+00
  5.14000E-01  1.00000E+00  1.00000E-04  0.00000E+00
  5.15000E-01  1.00000E+00  1.00000E-04  0.00000E+00
  5.16000E-01  1.00000E+00  1.00000E-04  2.26652E-11
  5.17000E-01  9.99999E-01  9.99999E-05  0.00000E+00
  5.18000E-01  1.00000E+00  1.00000E-04 -2.26655E-11
  5.19000E-01  1.00000E+00  1.00000E-04  0.00000E+00
  5.20000E-01  1.00000E+00  1.00000E-04 -7.76996E-17
  5.21000E-01  1.00000E+00  1.00000E-04  0.00000E+00
  5.22000E-01  1.00000E+00  1.00000E-04  7.76996E-17
  5.23000E-01  1.00000E+00  1.00000E-04  0.00000E+00
  5.24000E-01  1.00000E+00  1.00000E-04  0.00000E+00
  5.25000E-01  1.00000E+00  1.00000E-04  0.00000E+00
  5.26000E-01  1.00000E+00  1.00000E-04  0.00000E+00
  5.27000E-01  1.00000E+00  1.00000E-04  0.00000E+00
  5.28000E-01  1.00000E+00  1.00000E-04  0.00000E+00
  5.29000E-01  1.00000E+00  1.00000E-04  1.13336E-11
  5.30000E-01  9.99999E-01  9.99999E-05  0.00000E+00
  5.31000E-01  1.00000E+00  1.00000E-04 -1.13336E-11
  5.32000E-01  1.00000E+00  1.00000E-04  0.00000E+00
  5.33000E-01  1.00000E+00  1.00000E-04 -2.83334E-12
  5.34000E-01  1.00000E+00  1.00000E-04 -2.83334E-12
  5.35000E-01  1.00000E+00  1.00000E-04  0.00000E+00
  5.36000E-01  1.00000E+00  1.00000E-04  2.83337E-12
  5.37000E-01  1.00000E+00  1.00000E-04  2.83334E-12
  5.38000E-01  1.00000E+00  1.00000E-04  0.00000E+00
  5.39000E-01  1.00000E+00  1.00000E-04  0.00000E+00
  5.40000E-01  1.00000E+00  1.00000E-04  0.00000E+00
  5.41000E-01  1.00000E+00  1.00000E-04 -2.83343E-12
  5.42000E-01  1.00000E+00  1.00000E-04  0.00000E+00
  5.43000E-01  1.00000E+00  1.00000E-04  2.83341E-12
  5.44000E-01  1.00000E+00  1.00000E-04  2.83349E-12
  5.45000E-01  1.00000E+00  1.00000E-04  0.00000E+00
  5.46000E-01  1.00000E+00  1.00000E-04 -2.83346E-12
  5.47000E-01  1.00000E+00  1.00000E-04  0.00000E+00
  5.48000E-01  1.00000E+00  1.00000E-04  0.00000E+00
  5.49000E-01  1.00000E+00  1.00000E-04  0.00000E+00
  5.50000E-01  1.00000E+00  1.00000E-04 -1.04927E-15
  5.51000E-01  1.00000E+00  1.00000E-04 -8.61812E-16
  5.52000E-01  1.00000E+00  1.00000E-04  1.91108E-15
  5.53000E-01  1.00000E+00  1.00000E-04  2.83341E-12
  5.54000E-01  1.00000E+00  1.00000E-04  0.00000E+00
  5.55000E-01  1.00000E+00  1.00000E-04 -2.83332E-12
  5.56000E-01  1.00000E+00  1.00000E-04  8.50018E-12
  5.57000E-01  1.00000E+00  1.00000E-04 -9.40165E-17
  5.58000E-01  1.00000E+00  1.00000E-04  0.00000E+00
  5.59000E-01  1.00000E+00  1.00000E-04  0.00000E+00
  5.60000E-01  1.00000E+00  1.00000E-04  0.00000E+00
  5.61000E-01  1.00000E+00  1.00000E-04  9.40165E-17
  5.62000E-01  1.00000E+00  1.00000E-04 -4.24896E-12
  5.63000E-01  1.00000E+00  1.00000E-04 -4.25102E-12
  5.64000E-01  1.00000E+00  1.00000E-04 -2.01170E-12
  5.65000E-01  1.00000E+00  1.00000E-04  2.01160E-12
  5.66000E-01  1.00000E+00  1.00000E-04  5.66688E-12
  5.67000E-01  1.00000E+00  1.00000E-04  0.00000E+00
  5.68000E-01  1.00000E+00  1.00000E-04 -5.66685E-12
  5.69000E-01  1.00000E+00  1.00000E-04  0.00000E+00
  5.70000E-01  1.00000E+00  1.00000E-04  5.66700E-12
  5.71000E-01  1.00000E+00  1.00000E-04 -9.40165E-17
  5.72000E-01  1.00000E+00  1.00000E-04  0.00000E+00
  5.73000E-01  1.00000E+00  1.00000E-04  9.40165E-17
  5.74000E-01  1.00000E+00  1.00000E-04 -5.66652E-12
  5.75000E-01  1.00000E+00  1.00000E-04  0.00000E+00
  5.76000E-01  1.00000E+00  1.00000E-04  0.00000E+00
  5.77000E-01  1.00000E+00  1.00000E-04  0.00000E+00
  5.78000E-01  1.00000E+00  1.00000E-04  0.00000E+00
  5.79000E-01  1.00000E+00  1.00000E-04  0.00000E+00
  5.80000E-01  1.00000E+00  1.00000E-04  0.00000E+00
  5.81000E-01  1.00000E+00  1.00000E-04  2.83335E-12
  5.82000E-01  1.00000E+00  1.00000E-04  0.00000E+00
  5.83000E-01  1.00000E+00  1.00000E-04 -8.49988E-12
  5.84000E-01  1.00000E+00  1.00000E-04  1.88902E-12
  5.85000E-01  1.00000E+00  1.00000E-04  1.88883E-12
  5.86000E-01  1.00000E+00  1.00000E-04  1.88921E-12
  5.87000E-01  1.00000E+00  1.00000E-04  0.00000E+00
  5.88000E-01  1.00000E+00  1.00000E-04  0.00000E+00
  5.89000E-01  1.00000E+00  1.00000E-04  0.00000E+00
  5.90000E-01  1.00000E+00  1.00000E-04  0.00000E+00
  5.91000E-01  1.00000E+00  1.00000E-04  0.00000E+00
  5.92000E-01  1.00000E+00  1.00000E-04  0.00000E+00
  5.93000E-01  1.00000E+00  1.00000E-04  8.50033E-12
  5.94000E-01  1.00000E+00  1.00000E-04 -1.03418E-16
  5.95000E-01  1.00000E+00  1.00000E-04 -9.40164E-17
  5.96000E-01  1.00000E+00  1.00000E-04  0.00000E+00
  5.97000E-01  1.00000E+00  1.00000E-04  3.58972E-16
  5.98000E-01  1.00000E+00  1.00000E-04  1.03418E-16
  5.99000E-01  1.00000E+00  1.00000E-04 -8.49999E-12
  6.00000E-01  1.00000E+00  1.00000E-04  0.00000E+00
  6.01000E-01  1.00000E+00  1.00000E-04 -2.84496E-12
  6.02000E-01  1.00000E+00  1.00000E-04 -3.21708E-09
  6.03000E-01  1.00000E+00  1.00029E-04  1.16164E-11
  6.04000E-01  1.00000E+00  1.00000E-04  3.20541E-09
  6.05000E-01  1.00000E+00  1.00000E-04  2.83413E-12
  6.06000E-01  1.00000E+00  1.00000E-04  2.54970E-11
  6.07000E-01  9.99999E-01  9.99999E-05  1.91415E-15
  6.08000E-01  1.00000E+00  1.00000E-04 -1.13328E-11
  6.09000E-01  9.99999E-01  9.99999E-05  2.83318E-12
  6.10000E-01  1.00000E+00  1.00000E-04 -1.41649E-11
  6.11000E-01  1.00000E+00  1.00000E-04 -2.83347E-12
  6.12000E-01  1.00000E+00  1.00000E-04  8.50026E-12
  6.13000E-01  1.00000E+00  1.00000E-04  0.00000E+00
  6.14000E-01  1.00000E+00  1.00000E-04 -8.50028E-12
  6.15000E-01  1.00000E+00  1.00000E-04  0.00000E+00
  6.16000E-01  1.00000E+00  1.00000E-04  0.00000E+00
  6.17000E-01  1.00000E+00  1.00000E-04  0.00000E+00
  6.18000E-01  1.00000E+00  1.00000E-04  0.00000E+00
  6.19000E-01  1.00000E+00  1.00000E-04  0.00000E+00
  6.20000E-01  1.00000E+00  1.00000E-04  0.00000E+00
  6.21000E-01  1.00000E+00  1.00000E-04  8.49957E-12
  6.22000E-01  1.00000E+00  1.00000E-04 -5.66642E-12
  6.23000E-01  1.00000E+00  1.00000E-04 -8.50023E-12
  6.24000E-01  1.00000E+00  1.00000E-04  2.83352E-12
  6.25000E-01  1.00000E+00  1.00000E-04  2.83350E-12
  6.26000E-01  1.00000E+00  1.00000E-04  0.00000E+00
  6.27000E-01  1.00000E+00  1.00000E-04 -2.83349E-12
  6.28000E-01  1.00000E+00  1.00000E-04  5.66665E-12
  6.29000E-01  1.00000E+00  1.00000E-04  0.00000E+00
  6.30000E-01  1.00000E+00  1.00000E-04 -1.13760E-16
  6.31000E-01  1.00000E+00  1.00000E-04  1.03418E-17
  6.32000E-01  1.00000E+00  1.00000E-04 -6.82979E-17
  6.33000E-01  1.00000E+00  1.00000E-04  8.62465E-17
  6.34000E-01  1.00000E+00  1.00000E-04  8.54695E-17
  6.35000E-01  1.00000E+00  1.00000E-04  0.00000E+00
  6.36000E-01  1.00000E+00  1.00000E-04 -2.83319E-12
  6.37000E-01  1.00000E+00  1.00000E-04 -2.83364E-12
  6.38000E-01  1.00000E+00  1.00000E-04  2.83349E-12
  6.39000E-01  1.00000E+00  1.00000E-04  2.83343E-12
  6.40000E-01  1.00000E+00  1.00000E-04  5.66666E-12
  6.41000E-01  1.00000E+00  1.00000E-04 -1.63169E-16
  6.42000E-01  1.00000E+00  1.00000E-04 -8.49984E-12
  6.43000E-01  1.00000E+00  1.00000E-04 -7.76996E-17
  6.44000E-01  1.00000E+00  1.00000E-04 -7.76995E-18
  6.45000E-01  1.00000E+00  1.00000E-04  8.54695E-17
  6.46000E-01  1.00000E+00  1.00000E-04  2.83357E-12
  6.47000E-01  1.00000E+00  1.00000E-04 -7.76996E-17
  6.48000E-01  1.00000E+00  1.00000E-04  2.83336E-12
  6.49000E-01  1.00000E+00  1.00000E-04  1.69978E-11
  6.50000E-01  9.99999E-01  9.99999E-05 -1.13328E-11
  6.51000E-01  1.00000E+00  1.00000E-04 -1.13336E-11
  6.52000E-01  1.00000E+00  1.00000E-04 -2.83311E-12
  6.53000E-01  1.00000E+00  1.00000E-04  2.83342E-12
  6.54000E-01  1.00000E+00  1.00000E-04 -1.01786E-16
  6.55000E-01  1.00000E+00  1.00000E-04 -1.69998E-11
  6.56000E-01  1.00000E+00  1.00000E-04 -9.40165E-17
  6.57000E-01  1.00000E+00  1.00000E-04  2.83350E-12
  6.58000E-01  1.00000E+00  1.00000E-04  1.70002E-11
  6.59000E-01  1.00000E+00  1.00000E-04 -5.66661E-12
  6.60000E-01  1.00000E+00  1.00000E-04 -2.83343E-12
  6.61000E-01  1.00000E+00  1.00000E-04  1.69994E-11
  6.62000E-01  1.00000E+00  1.00000E-04 -1.13336E-11
  6.63000E-01  1.00000E+00  1.00000E-04  8.54695E-17
  6.64000E-01  1.00000E+00  1.00000E-04  7.76996E-17
  6.65000E-01  1.00000E+00  1.00000E-04 -2.83247E-12
  6.66000E-01  1.00000E+00  1.00000E-04  6.23148E-11
  6.67000E-01  9.99998E-01  9.99998E-05 -1.69978E-11
  6.68000E-01  1.00000E+00  1.00000E-04 -3.68204E-11
  6.69000E-01  1.00000E+00  1.00000E-04  2.83296E-12
  6.70000E-01  1.00000E+00  1.00000E-04 -3.40000E-11
  6.71000E-01  1.00000E+00  1.00000E-04  0.00000E+00
  6.72000E-01  1.00000E+00  1.00000E-04  3.11662E-11
  6.73000E-01  1.00000E+00  1.00000E-04  8.49946E-12
  6.74000E-01  1.00000E+00  1.00000E-04 -5.66598E-12
  6.75000E-01  1.00000E+00  1.00000E-04 -3.77836E-12
  6.76000E-01  1.00000E+00  1.00000E-04 -3.77716E-12
  6.77000E-01  1.00000E+00  1.00000E-04 -3.77765E-12
  6.78000E-01  1.00000E+00  1.00000E-04  8.49993E-12
  6.79000E-01  1.00000E+00  1.00000E-04 -1.41664E-11
  6.80000E-01  1.00000E+00  1.00000E-04  5.66655E-12
  6.81000E-01  1.00000E+00  9.99999E-05  3.11628E-11
  6.82000E-01  9.99999E-01  9.99999E-05 -2.26626E-11
  6.83000E-01  1.00000E+00  1.00000E-04  1.41604E-12
  6.84000E-01  1.00000E+00  1.00000E-04  1.41604E-12
  6.85000E-01  1.00000E+00  1.00000E-04 -5.66637E-12
  6.86000E-01  1.00000E+00  1.00000E-04  1.41666E-11
  6.87000E-01  9.99999E-01  9.99999E-05 -2.83275E-12
  6.88000E-01  1.00000E+00  1.00000E-04 -1.41660E-11
  6.89000E-01  1.00000E+00  1.00000E-04  8.49132E-12
  6.90000E-01  1.00000E+00  1.00000E-04 -2.05458E-15
  6.91000E-01  1.00000E+00  1.00000E-04  5.09555E-11
  6.92000E-01  9.99999E-01  9.99997E-05 -2.26598E-11
  6.93000E-01  1.00000E+00  1.00000E-04 -3.96150E-11
  6.94000E-01  1.00000E+00  9.99999E-05 -5.65294E-12
  6.95000E-01  1.00000E+00  1.00000E-04 -3.68172E-11
  6.96000E-01  1.00000E+00  1.00000E-04  1.81125E-10
  6.97000E-01  9.99995E-01  9.99994E-05 -1.98020E-11
  6.98000E-01  1.00000E+00  1.00000E-04 -1.16024E-10
  6.99000E-01  1.00000E+00  1.00000E-04  0.00000E+00
  7.00000E-01  1.00000E+00  1.00000E-04  0.00000E+00
  7.01000E-01  1.00000E+00  1.00000E-04  0.00000E+00
  7.02000E-01  1.00000E+00  1.00000E-04  0.00000E+00
  7.03000E-01  1.00000E+00  1.00000E-04  0.00000E+00
  7.04000E-01  1.00000E+00  1.00000E-04  0.00000E+00
  7.05000E-01  1.00000E+00  1.00000E-04  1.98312E-11
  7.06000E-01  1.00000E+00  9.99999E-05  1.13311E-11
  7.07000E-01  1.00000E+00  1.00000E-04 -5.38270E-11
  7.08000E-01  1.00000E+00  1.00000E-04  8.49997E-12
  7.09000E-01  1.00000E+00  1.00000E-04  1.41651E-11
  7.10000E-01  1.00000E+00  1.00000E-04  0.00000E+00
  7.11000E-01  1.00000E+00  1.00000E-04  0.00000E+00
  7.12000E-01  1.00000E+00  1.00000E-04  0.00000E+00
  7.13000E-01  1.00000E+00  1.00000E-04  0.00000E+00
  7.14000E-01  1.00000E+00  1.00000E-04  0.00000E+00
  7.15000E-01  1.00000E+00  1.00000E-04  0.00000E+00
  7.16000E-01  1.00000E+00  1.00000E-04  0.00000E+00
  7.17000E-01  1.00000E+00  1.00000E-04 -2.83347E-12
  7.18000E-01  1.00000E+00  1.00000E-04  0.00000E+00
  7.19000E-01  1.00000E+00  1.00000E-04  2.83362E-12
  7.20000E-01  1.00000E+00  1.00000E-04 -3.55937E-12
  7.21000E-01  1.00000E+00  1.00000E-04 -4.04469E-09
  7.22000E-01  1.00000E+00  1.00037E-04  0.00000E+00
  7.23000E-01  1.00000E+00  1.00000E-04  4.04465E-09
  7.24000E-01  1.00000E+00  1.00000E-04 -2.08810E-12
  7.25000E-01  1.00000E+00  1.00000E-04  0.00000E+00
  7.26000E-01  1.00000E+00  1.00000E-04  5.66647E-12
  7.27000E-01  1.00000E+00  1.00000E-04  0.00000E+00
  7.28000E-01  1.00000E+00  1.00000E-04  0.00000E+00
  7.29000E-01  1.00000E+00  1.00000E-04  0.00000E+00
  7.30000E-01  1.00000E+00  1.00000E-04  0.00000E+00
  7.31000E-01  1.00000E+00  1.00000E-04  0.00000E+00
  7.32000E-01  1.00000E+00  1.00000E-04  0.00000E+00
  7.33000E-01  1.00000E+00  1.00000E-04  0.00000E+00
  7.34000E-01  1.00000E+00  1.00000E-04  0.00000E+00
  7.35000E-01  1.00000E+00  1.00000E-04  0.00000E+00
  7.36000E-01  1.00000E+00  1.00000E-04  0.00000E+00
  7.37000E-01  1.00000E+00  1.00000E-04  0.00000E+00
  7.38000E-01  1.00000E+00  1.00000E-04  0.00000E+00
  7.39000E-01  1.00000E+00  1.00000E-04  0.00000E+00
  7.40000E-01  1.00000E+00  1.00000E-04  0.00000E+00
  7.41000E-01  1.00000E+00  1.00000E-04  0.00000E+00
  7.42000E-01  1.00000E+00  1.00000E-04 -5.66680E-12
  7.43000E-01  1.00000E+00  1.00000E-04 -2.83349E-12
  7.44000E-01  1.00000E+00  1.00000E-04  8.50024E-12
  7.45000E-01  1.00000E+00  1.00000E-04  7.76995E-17
  7.46000E-01  1.00000E+00  1.00000E-04  0.00000E+00
  7.47000E-01  1.00000E+00  1.00000E-04  0.00000E+00
  7.48000E-01  1.00000E+00  1.00000E-04  0.00000E+00
  7.49000E-01  1.00000E+00  1.00000E-04 -2.83346E-12
  7.50000E-01  1.00000E+00  1.00000E-04 -2.83345E-12
  7.51000E-01  1.00000E+00  1.00000E-04  5.66689E-12
  7.52000E-01  1.00000E+00  1.00000E-04  2.83330E-12
  7.53000E-01  1.00000E+00  1.00000E-04 -2.83330E-12
  7.54000E-01  1.00000E+00  1.00000E-04  0.00000E+00
  7.55000E-01  1.00000E+00  1.00000E-04  2.83346E-12
  7.56000E-01  1.00000E+00  1.00000E-04  0.00000E+00
  7.57000E-01  1.00000E+00  1.00000E-04 -2.83341E-12
  7.58000E-01  1.00000E+00  1.00000E-04  0.00000E+00
  7.59000E-01  1.00000E+00  1.00000E-04  0.00000E+00
  7.60000E-01  1.00000E+00  1.00000E-04  0.00000E+00
  7.61000E-01  1.00000E+00  1.00000E-04  0.00000E+00
  7.62000E-01  1.00000E+00  1.00000E-04  0.00000E+00
  7.63000E-01  1.00000E+00  1.00000E-04  0.00000E+00
  7.64000E-01  1.00000E+00  1.00000E-04  0.00000E+00
  7.65000E-01  1.00000E+00  1.00000E-04  0.00000E+00
  7.66000E-01  1.00000E+00  1.00000E-04  2.83340E-12
  7.67000E-01  1.00000E+00  1.00000E-04  0.00000E+00
  7.68000E-01  1.00000E+00  1.00000E-04 -2.83346E-12
  7.69000E-01  1.00000E+00  1.00000E-04 -1.69982E-11
  7.70000E-01  1.00000E+00  1.00000E-04  0.00000E+00
  7.71000E-01  1.00000E+00  1.00000E-04  1.36747E-11
  7.72000E-01  1.00000E+00  1.00000E-04 -3.73608E-09
  7.73000E-01  1.00000E+00  1.00034E-04  0.00000E+00
  7.74000E-01  1.00000E+00  1.00000E-04  3.73252E-09
  7.75000E-01  1.00000E+00  1.00000E-04 -4.05769E-09
  7.76000E-01  1.00000E+00  1.00037E-04  0.00000E+00
  7.77000E-01  1.00000E+00  1.00000E-04  4.06117E-09
  7.78000E-01  1.00000E+00  1.00000E-04  1.20537E-11
  7.79000E-01  1.00000E+00  1.00000E-04  0.00000E+00
  7.80000E-01  1.00000E+00  1.00000E-04 -8.50004E-12
  7.81000E-01  1.00000E+00  1.00000E-04  2.83341E-12
  7.82000E-01  1.00000E+00  1.00000E-04  0.00000E+00
  7.83000E-01  1.00000E+00  1.00000E-04 -2.83337E-12
  7.84000E-01  1.00000E+00  1.00000E-04  8.50035E-12
  7.85000E-01  1.00000E+00  1.00000E-04  0.00000E+00
  7.86000E-01  1.00000E+00  1.00000E-04 -8.50016E-12
  7.87000E-01  1.00000E+00  1.00000E-04  0.00000E+00
  7.88000E-01  1.00000E+00  1.00000E-04  0.00000E+00
  7.89000E-01  1.00000E+00  1.00000E-04  0.00000E+00
  7.90000E-01  1.00000E+00  1.00000E-04  0.00000E+00
  7.91000E-01  1.00000E+00  1.00000E-04  0.00000E+00
  7.92000E-01  1.00000E+00  1.00000E-04 -2.83327E-12
  7.93000E-01  1.00000E+00  1.00000E-04  0.00000E+00
  7.94000E-01  1.00000E+00  1.00000E-04  2.83326E-12
  7.95000E-01  1.00000E+00  1.00000E-04 -2.83339E-12
  7.96000E-01  1.00000E+00  1.00000E-04  0.00000E+00
  7.97000E-01  1.00000E+00  1.00000E-04  2.83333E-12
  7.98000E-01  1.00000E+00  1.00000E-04  1.13331E-11
  7.99000E-01  9.99999E-01  9.99999E-05  0.00000E+00
  8.00000E-01  1.00000E+00  1.00000E-04 -1.13331E-11
  8.01000E-01  1.00000E+00  1.00000E-04  1.13338E-11
  8.02000E-01  9.99999E-01  9.99999E-05  0.00000E+00
  8.03000E-01  1.00000E+00  1.00000E-04 -1.13330E-11
  8.04000E-01  1.00000E+00  1.00000E-04  0.00000E+00
  8.05000E-01  1.00000E+00  1.00000E-04 -2.82720E-12
  8.06000E-01  1.00000E+00  1.00000E-04 -3.20375E-09
  8.07000E-01  1.00000E+00  1.00029E-04 -1.12866E-15
  8.08000E-01  1.00000E+00  1.00000E-04  3.20089E-09
  8.09000E-01  1.00000E+00  1.00000E-04 -3.20084E-09
  8.10000E-01  1.00000E+00  1.00029E-04  1.12866E-15
  8.11000E-01  1.00000E+00  1.00000E-04  3.20378E-09
  8.12000E-01  1.00000E+00  1.00000E-04  1.13007E-11
  8.13000E-01  1.00000E+00  1.00000E-04  0.00000E+00
  8.14000E-01  1.00000E+00  1.00000E-04 -8.50019E-12
  8.15000E-01  1.00000E+00  1.00000E-04  8.50028E-12
  8.16000E-01  1.00000E+00  1.00000E-04  2.83315E-12
  8.17000E-01  1.00000E+00  1.00000E-04 -1.69998E-11
  8.18000E-01  1.00000E+00  1.00000E-04  2.83349E-12
  8.19000E-01  1.00000E+00  1.00000E-04  2.83332E-12
  8.20000E-01  1.00000E+00  1.00000E-04  0.00000E+00
  8.21000E-01  1.00000E+00  1.00000E-04  0.00000E+00
  8.22000E-01  1.00000E+00  1.00000E-04  0.00000E+00
  8.23000E-01  1.00000E+00  1.00000E-04  5.66683E-12
  8.24000E-01  1.00000E+00  1.00000E-04  2.47443E-16
  8.25000E-01  1.00000E+00  1.00000E-04 -2.83389E-12
  8.26000E-01  1.00000E+00  1.00000E-04  7.76995E-17
  8.27000E-01  1.00000E+00  1.00000E-04 -2.83344E-12
  8.28000E-01  1.00000E+00  1.00000E-04  0.00000E+00
  8.29000E-01  1.00000E+00  1.00000E-04  2.83343E-12
  8.30000E-01  1.00000E+00  1.00000E-04  0.00000E+00
  8.31000E-01  1.00000E+00  1.00000E-04 -2.83349E-12
  8.32000E-01  1.00000E+00  1.00000E-04  0.00000E+00
  8.33000E-01  1.00000E+00  1.00000E-04  0.00000E+00
  8.34000E-01  1.00000E+00  1.00000E-04  5.66721E-12
  8.35000E-01  1.00000E+00  1.00000E-04  0.00000E+00
  8.36000E-01  1.00000E+00  1.00000E-04 -5.66705E-12
  8.37000E-01  1.00000E+00  1.00000E-04  0.00000E+00
  8.38000E-01  1.00000E+00  1.00000E-04 -3.46756E-12
  8.39000E-01  1.00000E+00  1.00000E-04 -3.95614E-09
  8.40000E-01  1.00000E+00  1.00036E-04 -1.15946E-11
  8.41000E-01  1.00000E+00  1.00000E-04  3.96787E-09
  8.42000E-01  1.00000E+00  1.00000E-04  9.13214E-12
  8.43000E-01  1.00000E+00  1.00000E-04  8.54695E-17
  8.44000E-01  1.00000E+00  1.00000E-04 -5.66673E-12
  8.45000E-01  1.00000E+00  1.00000E-04  2.83349E-12
  8.46000E-01  1.00000E+00  1.00000E-04  0.00000E+00
  8.47000E-01  1.00000E+00  1.00000E-04 -5.66683E-12
  8.48000E-01  1.00000E+00  1.00000E-04  2.83364E-12
  8.49000E-01  1.00000E+00  1.00000E-04  0.00000E+00
  8.50000E-01  1.00000E+00  1.00000E-04  0.00000E+00
  8.51000E-01  1.00000E+00  1.00000E-04 -1.41732E-12
  8.52000E-01  1.00000E+00  1.00000E-04 -1.41620E-12
  8.53000E-01  1.00000E+00  1.00000E-04  5.66681E-12
  8.54000E-01  1.00000E+00  1.00000E-04  0.00000E+00
  8.55000E-01  1.00000E+00  1.00000E-04  1.21571E-10
  8.56000E-01  9.99994E-01  9.99994E-05 -5.81046E-16
  8.57000E-01  1.00000E+00  1.00000E-04 -1.24409E-10
  8.58000E-01  1.00000E+00  1.00000E-04  2.54950E-11
  8.59000E-01  9.99999E-01  9.99999E-05  8.54695E-17
  8.60000E-01  1.00000E+00  1.00000E-04 -2.54964E-11
  8.61000E-01  1.00000E+00  1.00000E-04  0.00000E+00
  8.62000E-01  1.00000E+00  1.00000E-04  0.00000E+00
  8.63000E-01  1.00000E+00  1.00000E-04  0.00000E+00
  8.64000E-01  1.00000E+00  1.00000E-04  0.00000E+00
  8.65000E-01  1.00000E+00  1.00000E-04  0.00000E+00
  8.66000E-01  1.00000E+00  1.00000E-04  2.83347E-12
  8.67000E-01  1.00000E+00  1.00000E-04  5.66658E-12
  8.68000E-01  1.00000E+00  1.00000E-04 -8.50013E-12
  8.69000E-01  1.00000E+00  1.00000E-04  0.00000E+00
  8.70000E-01  1.00000E+00  1.00000E-04  0.00000E+00
  8.71000E-01  1.00000E+00  1.00000E-04  2.83355E-12
  8.72000E-01  1.00000E+00  1.00000E-04  8.49968E-12
  8.73000E-01  1.00000E+00  1.00000E-04 -1.70001E-11
  8.74000E-01  1.00000E+00  1.00000E-04  2.83352E-12
  8.75000E-01  1.00000E+00  1.00000E-04  2.83331E-12
  8.76000E-01  1.00000E+00  1.00000E-04  5.66637E-12
  8.77000E-01  1.00000E+00  1.00000E-04  0.00000E+00
  8.78000E-01  1.00000E+00  1.00000E-04 -8.49992E-12
  8.79000E-01  1.00000E+00  1.00000E-04  8.50040E-12
  8.80000E-01  1.00000E+00  1.00000E-04  2.83337E-12
  8.81000E-01  1.00000E+00  1.00000E-04  2.54930E-11
  8.82000E-01  9.99998E-01  9.99998E-05  7.76995E-17
  8.83000E-01  1.00000E+00  1.00000E-04 -3.39930E-11
  8.84000E-01  1.00000E+00  1.00000E-04  2.83343E-12
  8.85000E-01  1.00000E+00  1.00000E-04  0.00000E+00
  8.86000E-01  1.00000E+00  1.00000E-04 -2.83356E-12
  8.87000E-01  1.00000E+00  1.00000E-04  0.00000E+00
  8.88000E-01  1.00000E+00  1.00000E-04  0.00000E+00
  8.89000E-01  1.00000E+00  1.00000E-04  2.83355E-12
  8.90000E-01  1.00000E+00  1.00000E-04  0.00000E+00
  8.91000E-01  1.00000E+00  1.00000E-04 -2.83339E-12
  8.92000E-01  1.00000E+00  1.00000E-04  0.00000E+00
  8.93000E-01  1.00000E+00  1.00000E-04  0.00000E+00
  8.94000E-01  1.00000E+00  1.00000E-04  0.00000E+00
  8.95000E-01  1.00000E+00  1.00000E-04  2.83346E-12
  8.96000E-01  1.00000E+00  1.00000E-04 -2.83352E-12
  8.97000E-01  1.00000E+00  1.00000E-04  0.00000E+00
  8.98000E-01  1.00000E+00  1.00000E-04  0.00000E+00
  8.99000E-01  1.00000E+00  1.00000E-04 -2.44871E-16
  9.00000E-01  1.00000E+00  1.00000E-04  1.14794E-16
  9.01000E-01  1.00000E+00  1.00000E-04  1.30077E-16
  9.02000E-01  1.00000E+00  1.00000E-04  0.00000E+00
  9.03000E-01  1.00000E+00  1.00000E-04 -1.41649E-12
  9.04000E-01  1.00000E+00  1.00000E-04 -1.41694E-12
  9.05000E-01  1.00000E+00  1.00000E-04  8.54695E-17
  9.06000E-01  1.00000E+00  1.00000E-04 -5.66688E-12
  9.07000E-01  1.00000E+00  1.00000E-04  5.66709E-12
  9.08000E-01  1.00000E+00  1.00000E-04  2.83324E-12
  9.09000E-01  1.00000E+00  1.00000E-04  2.83344E-12
  9.10000E-01  1.00000E+00  1.00000E-04 -1.41621E-12
  9.11000E-01  1.00000E+00  1.00000E-04 -1.41727E-12
  9.12000E-01  1.00000E+00  1.00000E-04  7.76995E-17
  9.13000E-01  1.00000E+00  1.00000E-04  0.00000E+00
  9.14000E-01  1.00000E+00  1.00000E-04  0.00000E+00
  9.15000E-01  1.00000E+00  1.00000E-04  0.00000E+00
  9.16000E-01  1.00000E+00  1.00000E-04  1.13331E-11
  9.17000E-01  9.99999E-01  9.99999E-05  0.00000E+00
  9.18000E-01  1.00000E+00  1.00000E-04 -1.13335E-11
  9.19000E-01  1.00000E+00  1.00000E-04  0.00000E+00
  9.20000E-01  1.00000E+00  1.00000E-04  0.00000E+00
  9.21000E-01  1.00000E+00  1.00000E-04  1.41668E-11
  9.22000E-01  9.99999E-01  9.99999E-05  3.02648E-16
  9.23000E-01  1.00000E+00  1.00000E-04 -8.49961E-12
  9.24000E-01  1.00000E+00  1.00000E-04  8.49913E-12
  9.25000E-01  1.00000E+00  1.00000E-04 -8.49917E-12
  9.26000E-01  1.00000E+00  1.00000E-04 -5.66661E-12
  9.27000E-01  1.00000E+00  1.00000E-04  0.00000E+00
  9.28000E-01  1.00000E+00  1.00000E-04 -2.33099E-16
  9.29000E-01  1.00000E+00  1.00000E-04  7.76995E-17
  9.30000E-01  1.00000E+00  1.00000E-04  7.76995E-17
  9.31000E-01  1.00000E+00  1.00000E-04  2.83344E-12
  9.32000E-01  1.00000E+00  1.00000E-04  1.70034E-12
  9.33000E-01  1.00000E+00  1.00000E-04 -1.70050E-12
  9.34000E-01  1.00000E+00  1.00000E-04 -2.83344E-12
  9.35000E-01  1.00000E+00  1.00000E-04  0.00000E+00
  9.36000E-01  1.00000E+00  1.00000E-04 -5.66630E-12
  9.37000E-01  1.00000E+00  1.00000E-04  0.00000E+00
  9.38000E-01  1.00000E+00  1.00000E-04  1.69992E-11
  9.39000E-01  1.00000E+00  1.00000E-04  0.00000E+00
  9.40000E-01  1.00000E+00  1.00000E-04 -1.70004E-11
  9.41000E-01  1.00000E+00  1.00000E-04  0.00000E+00
  9.42000E-01  1.00000E+00  1.00000E-04  1.98324E-11
  9.43000E-01  1.00000E+00  1.00000E-04 -2.83302E-12
  9.44000E-01  1.00000E+00  1.00000E-04 -2.83344E-12
  9.45000E-01  1.00000E+00  1.00000E-04  7.64184E-11
  9.46000E-01  9.99996E-01  9.99996E-05  2.26552E-11
  9.47000E-01  1.00000E+00  1.00000E-04 -1.10403E-10
  9.48000E-01  1.00000E+00  1.00000E-04  2.83350E-12
  9.49000E-01  1.00000E+00  1.00000E-04  2.83291E-12
  9.50000E-01  1.00000E+00  1.00000E-04  8.49918E-12
  9.51000E-01  1.00000E+00  1.00000E-04  2.83362E-12
  9.52000E-01  1.00000E+00  1.00000E-04 -4.23095E-14
  9.53000E-01  1.00000E+00  1.00000E-04 -2.79128E-12
  9.54000E-01  1.00000E+00  1.00000E-04 -2.54982E-11
  9.55000E-01  1.00000E+00  1.00000E-04  8.49983E-12
  9.56000E-01  1.00000E+00  1.00000E-04  8.50049E-12
  9.57000E-01  1.00000E+00  1.00000E-04  2.83349E-12
  9.58000E-01  1.00000E+00  1.00000E-04  5.66634E-12
  9.59000E-01  1.00000E+00  1.00000E-04 -1.69987E-11
  9.60000E-01  1.00000E+00  1.00000E-04  2.83320E-12
  9.61000E-01  1.00000E+00  1.00000E-04  2.83337E-12
  9.62000E-01  1.00000E+00  1.00000E-04 -5.66530E-12
  9.63000E-01  1.00000E+00  1.00000E-04 -1.13313E-11
  9.64000E-01  1.00000E+00  1.00000E-04  2.83282E-11
  9.65000E-01  1.00000E+00  1.00000E-04  2.83493E-12
  9.66000E-01  1.00000E+00  1.00000E-04 -3.39965E-11
  9.67000E-01  1.00000E+00  1.00000E-04  1.13336E-11
  9.68000E-01  1.00000E+00  1.00000E-04 -1.21530E-16
  9.69000E-01  1.00000E+00  1.00000E-04 -2.83365E-12
  9.70000E-01  1.00000E+00  1.00000E-04  2.83302E-12
  9.71000E-01  1.00000E+00  1.00000E-04  1.98309E-11
  9.72000E-01  9.99999E-01  9.99999E-05  5.66668E-12
  9.73000E-01  1.00000E+00  1.00000E-04  9.04942E-11
  9.74000E-01  9.99995E-01  9.99995E-05  5.66240E-12
  9.75000E-01  1.00000E+00  1.00000E-04 -1.18816E-10
  9.76000E-01  1.00000E+00  1.00000E-04  1.13330E-11
  9.77000E-01  1.00000E+00  9.99999E-05  8.49527E-12
  9.78000E-01  1.00000E+00  1.00000E-04 -2.54637E-11
  9.79000E-01  9.99999E-01  1.00000E-04  1.47978E-15
  9.80000E-01  1.00000E+00  1.00000E-04  6.22676E-11
  9.81000E-01  9.99998E-01  9.99998E-05  2.84314E-12
  9.82000E-01  1.00000E+00  1.00000E-04 -8.21247E-11
  9.83000E-01  1.00000E+00  1.00000E-04  1.13269E-11
  9.84000E-01  1.00000E+00  1.00000E-04  2.75202E-15
  9.85000E-01  1.00000E+00  1.00000E-04  9.62451E-11
  9.86000E-01  9.99996E-01  9.99995E-05 -7.90910E-11
  9.87000E-01  1.00001E+00  1.00001E-04 -9.90575E-11
  9.88000E-01  1.00000E+00  1.00000E-04  6.77326E-11
  9.89000E-01  1.00000E+00  1.00000E-04  3.73160E-10
  9.90000E-01  9.99981E-01  9.99981E-05  3.39700E-11
  9.91000E-01  1.00000E+00  1.00000E-04 -3.75984E-10
  9.92000E-01  1.00000E+00  1.00000E-04  0.00000E+00
  9.93000E-01  1.00000E+00  1.00000E-04  0.00000E+00
  9.94000E-01  1.00000E+00  1.00000E-04 -5.66656E-12
  9.95000E-01  1.00000E+00  1.00000E-04  0.00000E+00
  9.96000E-01  1.00000E+00  1.00000E-04  5.66685E-12
  9.97000E-01  1.00000E+00  1.00000E-04  0.00000E+00
  9.98000E-01  1.00000E+00  1.00000E-04  0.00000E+00
  9.99000E-01  1.00000E+00  1.00000E-04  0.00000E+00
