  0.00000E+00  4.64119E-05  7.27311E-02  6.91192E-05
  1.00000E-02  4.64124E-05  7.27310E-02  2.24060E-04
  2.00000E-02  4.64125E-05  7.27310E-02  4.22644E-04
  3.00000E-02  4.64131E-05  7.27309E-02  6.70922E-04
  4.00000E-02  4.64176E-05  7.27309E-02  9.14585E-04
  5.00000E-02  4.64402E-05  7.27308E-02  1.10877E-03
  6.00000E-02  4.64826E-05  7.27307E-02  1.28520E-03
  7.00000E-02  4.65454E-05  7.27307E-02  1.45006E-03
  8.00000E-02  4.66094E-05  7.27308E-02  1.58097E-03
  9.00000E-02  4.66651E-05  7.27311E-02  1.67110E-03
  1.00000E-01  4.67052E-05  7.27313E-02  1.82242E-03
  1.10000E-01  4.67346E-05  7.27313E-02  2.07164E-03
  1.20000E-01  4.68487E-05  7.27314E-02  2.28005E-03
  1.30000E-01  4.75148E-05  7.27312E-02  2.48411E-03
  1.40000E-01  4.93688E-05  7.27313E-02  2.68761E-03
  1.50000E-01  5.22145E-05  7.27315E-02  2.82550E-03
  1.60000E-01  5.57690E-05  7.27315E-02  3.02828E-03
  1.70000E-01  5.98557E-05  7.27314E-02  3.21225E-03
  1.80000E-01  6.42615E-05  7.27314E-02  3.43593E-03
  1.90000E-01  6.91571E-05  7.27315E-02  3.65848E-03
  2.00000E-01  7.45086E-05  7.27315E-02  3.85182E-03
  2.10000E-01  8.03263E-05  7.27316E-02  4.09216E-03
  2.20000E-01  8.68384E-05  7.27317E-02  4.28554E-03
  2.30000E-01  9.38546E-05  7.27318E-02  4.49929E-03
  2.40000E-01  1.01950E-04  7.27321E-02  4.65798E-03
  2.50000E-01  1.10952E-04  7.27320E-02  4.86068E-03
  2.60000E-01  1.21375E-04  7.27323E-02  5.13841E-03
  2.70000E-01  1.33496E-04  7.27324E-02  5.28435E-03
  2.80000E-01  1.47962E-04  7.27325E-02  5.48477E-03
  2.90000E-01  1.64709E-04  7.27327E-02  5.79398E-03
  3.00000E-01  1.84764E-04  7.27325E-02  5.96361E-03
  3.10000E-01  2.08864E-04  7.27334E-02  6.10140E-03
  3.20000E-01  2.37686E-04  7.27331E-02  6.38578E-03
  3.30000E-01  2.72293E-04  7.27332E-02  6.64552E-03
  3.40000E-01  3.13295E-04  7.27339E-02  6.76093E-03
  3.50000E-01  3.61712E-04  7.27343E-02  6.99290E-03
  3.60000E-01  4.18045E-04  7.27341E-02  7.28033E-03
  3.70000E-01  4.82417E-04  7.27344E-02  7.42336E-03
  3.80000E-01  5.54646E-04  7.27356E-02  7.61893E-03
  3.90000E-01  6.35717E-04  7.27351E-02  7.91795E-03
  4.00000E-01  7.21738E-04  7.27355E-02  8.20146E-03
  4.10000E-01  8.18702E-04  7.27356E-02  8.33741E-03
  4.20000E-01  9.17497E-04  7.27366E-02  8.51491E-03
  4.30000E-01  1.03174E-03  7.27368E-02  8.84672E-03
  4.40000E-01  1.13600E-03  7.27362E-02  9.03068E-03
  4.50000E-01  1.27776E-03  7.27372E-02  9.16749E-03
  4.60000E-01  1.37539E-03  7.27371E-02  9.43790E-03
  4.70000E-01  1.55420E-03  7.27371E-02  9.72722E-03
  4.80000E-01  1.64500E-03  7.27376E-02  9.86426E-03
  4.90000E-01  1.85221E-03  7.27378E-02  9.95064E-03
  5.00000E-01  1.96107E-03  7.27384E-02  1.02054E-02
  5.10000E-01  2.18570E-03  7.27401E-02  1.05627E-02
  5.20000E-01  2.30478E-03  7.27388E-02  1.06540E-02
  5.30000E-01  2.56934E-03  7.27416E-02  1.08047E-02
  5.40000E-01  2.70416E-03  7.27429E-02  1.11910E-02
  5.50000E-01  2.99886E-03  7.27418E-02  1.12659E-02
  5.60000E-01  3.15659E-03  7.27438E-02  1.13378E-02
  5.70000E-01  3.50147E-03  7.27458E-02  1.17460E-02
  5.80000E-01  3.67856E-03  7.27427E-02  1.18619E-02
  5.90000E-01  4.07606E-03  7.27469E-02  1.21365E-02
  6.00000E-01  4.28051E-03  7.27468E-02  1.24624E-02
  6.10000E-01  4.73360E-03  7.27461E-02  1.25032E-02
  6.20000E-01  4.96973E-03  7.27501E-02  1.27349E-02
  6.30000E-01  5.47676E-03  7.27521E-02  1.30580E-02
  6.40000E-01  5.74101E-03  7.27507E-02  1.30936E-02
  6.50000E-01  6.29823E-03  7.27579E-02  1.33616E-02
  6.60000E-01  6.59443E-03  7.27609E-02  1.36748E-02
  6.70000E-01  7.21861E-03  7.27595E-02  1.36954E-02
  6.80000E-01  7.53006E-03  7.27658E-02  1.39853E-02
  6.90000E-01  8.19218E-03  7.27692E-02  1.42835E-02
  7.00000E-01  8.53925E-03  7.27681E-02  1.43252E-02
  7.10000E-01  9.27604E-03  7.27729E-02  1.46953E-02
  7.20000E-01  9.64783E-03  7.27688E-02  1.49643E-02
  7.30000E-01  1.04278E-02  7.27777E-02  1.51864E-02
  7.40000E-01  1.08263E-02  7.27735E-02  1.57034E-02
  7.50000E-01  1.16938E-02  7.27866E-02  1.58783E-02
  7.60000E-01  1.21339E-02  7.27867E-02  1.61464E-02
  7.70000E-01  1.30727E-02  7.28046E-02  1.62827E-02
  7.80000E-01  1.35627E-02  7.28135E-02  1.65853E-02
  7.90000E-01  1.45860E-02  7.28125E-02  1.66921E-02
  8.00000E-01  1.51105E-02  7.28222E-02  1.71353E-02
  8.10000E-01  1.62218E-02  7.28173E-02  1.73326E-02
  8.20000E-01  1.68135E-02  7.28275E-02  1.76920E-02
  8.30000E-01  1.80275E-02  7.28245E-02  1.79935E-02
  8.40000E-01  1.86573E-02  7.28360E-02  1.80042E-02
  8.50000E-01  1.99897E-02  7.28501E-02  1.82967E-02
  8.60000E-01  2.06830E-02  7.28610E-02  1.84342E-02
  8.70000E-01  2.21231E-02  7.28613E-02  1.85182E-02
  8.80000E-01  2.28714E-02  7.28724E-02  1.89618E-02
  8.90000E-01  2.44390E-02  7.28676E-02  1.91698E-02
  9.00000E-01  2.52608E-02  7.28767E-02  1.94461E-02
  9.10000E-01  2.69683E-02  7.28704E-02  1.99056E-02
  9.20000E-01  2.78529E-02  7.28958E-02  2.00112E-02
  9.30000E-01  2.97076E-02  7.29058E-02  2.02563E-02
  9.40000E-01  3.06662E-02  7.29244E-02  2.02127E-02
  9.50000E-01  3.26951E-02  7.29294E-02  2.05736E-02
  9.60000E-01  3.37279E-02  7.29331E-02  2.07974E-02
  9.70000E-01  3.60064E-02  7.29476E-02  2.12505E-02
  9.80000E-01  3.70520E-02  7.29576E-02  2.14179E-02
  9.90000E-01  4.00591E-02  7.29870E-02  2.17038E-02
