  0.00000E+00  8.34139E-05  1.93227E+02  5.23230E-02
  1.00000E-03  8.34135E-05  1.93226E+02  1.59927E-01
  2.00000E-03  8.34147E-05  1.93226E+02  2.74987E-01
  3.00000E-03  8.34222E-05  1.93225E+02  3.94389E-01
  4.00000E-03  8.34641E-05  1.93223E+02  5.12505E-01
  5.00000E-03  8.35616E-05  1.93223E+02  6.24981E-01
  6.00000E-03  8.36996E-05  1.93223E+02  7.33590E-01
  7.00000E-03  8.38276E-05  1.93223E+02  8.41966E-01
  8.00000E-03  8.39215E-05  1.93222E+02  9.53782E-01
  9.00000E-03  8.40245E-05  1.93222E+02  1.06715E+00
  1.00000E-02  8.44573E-05  1.93221E+02  1.17525E+00
  1.10000E-02  8.68983E-05  1.93221E+02  1.28583E+00
  1.20000E-02  9.22997E-05  1.93221E+02  1.39875E+00
  1.30000E-02  9.97676E-05  1.93220E+02  1.51005E+00
  1.40000E-02  1.08721E-04  1.93220E+02  1.62126E+00
  1.50000E-02  1.18672E-04  1.93220E+02  1.73033E+00
  1.60000E-02  1.29609E-04  1.93219E+02  1.83862E+00
  1.70000E-02  1.42216E-04  1.93219E+02  1.95058E+00
  1.80000E-02  1.56113E-04  1.93219E+02  2.06331E+00
  1.90000E-02  1.71967E-04  1.93219E+02  2.17371E+00
  2.00000E-02  1.90097E-04  1.93219E+02  2.28404E+00
  2.10000E-02  2.11602E-04  1.93219E+02  2.39457E+00
  2.20000E-02  2.37168E-04  1.93219E+02  2.50429E+00
  2.30000E-02  2.68512E-04  1.93218E+02  2.61356E+00
  2.40000E-02  3.06880E-04  1.93219E+02  2.72505E+00
  2.50000E-02  3.54216E-04  1.93218E+02  2.83897E+00
  2.60000E-02  4.13351E-04  1.93218E+02  2.95127E+00
  2.70000E-02  4.86819E-04  1.93218E+02  3.06490E+00
  2.80000E-02  5.77571E-04  1.93218E+02  3.17832E+00
  2.90000E-02  6.88278E-04  1.93219E+02  3.28998E+00
  3.00000E-02  8.18758E-04  1.93221E+02  3.40758E+00
  3.10000E-02  9.72564E-04  1.93221E+02  3.52232E+00
  3.20000E-02  1.14574E-03  1.93222E+02  3.63614E+00
  3.30000E-02  1.33988E-03  1.93222E+02  3.74469E+00
  3.40000E-02  1.55139E-03  1.93223E+02  3.85756E+00
  3.50000E-02  1.78172E-03  1.93221E+02  3.96913E+00
  3.60000E-02  2.03146E-03  1.93228E+02  4.07718E+00
  3.70000E-02  2.29611E-03  1.93226E+02  4.19424E+00
  3.80000E-02  2.58118E-03  1.93226E+02  4.30707E+00
  3.90000E-02  2.88436E-03  1.93234E+02  4.41642E+00
  4.00000E-02  3.20822E-03  1.93232E+02  4.52741E+00
  4.10000E-02  3.55727E-03  1.93236E+02  4.63798E+00
  4.20000E-02  3.93203E-03  1.93246E+02  4.74720E+00
  4.30000E-02  4.33570E-03  1.93249E+02  4.86299E+00
  4.40000E-02  4.77297E-03  1.93267E+02  4.97662E+00
  4.50000E-02  5.24775E-03  1.93276E+02  5.09280E+00
  4.60000E-02  5.76688E-03  1.93278E+02  5.19901E+00
  4.70000E-02  6.32771E-03  1.93279E+02  5.31164E+00
  4.80000E-02  6.94579E-03  1.93299E+02  5.42715E+00
  4.90000E-02  7.61600E-03  1.93326E+02  5.54666E+00
  5.00000E-02  8.34000E-03  1.93344E+02  5.65738E+00
  5.10000E-02  9.12439E-03  1.93349E+02  5.76255E+00
  5.20000E-02  9.96026E-03  1.93376E+02  5.87674E+00
  5.30000E-02  1.08563E-02  1.93404E+02  5.99250E+00
  5.40000E-02  1.18031E-02  1.93419E+02  6.10219E+00
  5.50000E-02  1.28037E-02  1.93455E+02  6.21983E+00
  5.60000E-02  1.38635E-02  1.93485E+02  6.33117E+00
  5.70000E-02  1.49687E-02  1.93518E+02  6.44303E+00
  5.80000E-02  1.61332E-02  1.93547E+02  6.55010E+00
  5.90000E-02  1.73504E-02  1.93605E+02  6.66697E+00
  6.00000E-02  1.86447E-02  1.93638E+02  6.77452E+00
  6.10000E-02  1.99925E-02  1.93687E+02  6.88689E+00
  6.20000E-02  2.14274E-02  1.93729E+02  6.99421E+00
  6.30000E-02  2.29336E-02  1.93784E+02  7.10699E+00
  6.40000E-02  2.45243E-02  1.93853E+02  7.21980E+00
  6.50000E-02  2.62136E-02  1.93911E+02  7.32706E+00
  6.60000E-02  2.79860E-02  1.94001E+02  7.44385E+00
  6.70000E-02  2.98581E-02  1.94052E+02  7.54752E+00
  6.80000E-02  3.18473E-02  1.94168E+02  7.66858E+00
  6.90000E-02  3.39333E-02  1.94238E+02  7.77478E+00
  7.00000E-02  3.61365E-02  1.94360E+02  7.89533E+00
  7.10000E-02  3.84594E-02  1.94456E+02  8.01116E+00
  7.20000E-02  4.08917E-02  1.94565E+02  8.12449E+00
  7.30000E-02  4.34728E-02  1.94722E+02  8.24764E+00
  7.40000E-02  4.61744E-02  1.94810E+02  8.35032E+00
  7.50000E-02  4.90449E-02  1.95004E+02  8.47905E+00
  7.60000E-02  5.20494E-02  1.95119E+02  8.58330E+00
  7.70000E-02  5.52277E-02  1.95311E+02  8.70371E+00
  7.80000E-02  5.85708E-02  1.95496E+02  8.81801E+00
  7.90000E-02  6.20737E-02  1.95650E+02  8.92244E+00
  8.00000E-02  6.57690E-02  1.95920E+02  9.05043E+00
  8.10000E-02  6.96102E-02  1.96050E+02  9.14552E+00
  8.20000E-02  7.36761E-02  1.96356E+02  9.27507E+00
  8.30000E-02  7.79062E-02  1.96577E+02  9.38464E+00
  8.40000E-02  8.23323E-02  1.96800E+02  9.49321E+00
  8.50000E-02  8.69843E-02  1.97197E+02  9.62749E+00
  8.60000E-02  9.18219E-02  1.97387E+02  9.72119E+00
  8.70000E-02  9.69163E-02  1.97817E+02  9.85651E+00
  8.80000E-02  1.02217E-01  1.98141E+02  9.96694E+00
  8.90000E-02  1.07736E-01  1.98441E+02  1.00733E+01
  9.00000E-02  1.13591E-01  1.99003E+02  1.02196E+01
  9.10000E-02  1.19614E-01  1.99256E+02  1.03109E+01
  9.20000E-02  1.25978E-01  1.99826E+02  1.04482E+01
  9.30000E-02  1.32598E-01  2.00332E+02  1.05690E+01
  9.40000E-02  1.39454E-01  2.00705E+02  1.06643E+01
  9.50000E-02  1.46764E-01  2.01475E+02  1.08192E+01
  9.60000E-02  1.54224E-01  2.01853E+02  1.09098E+01
  9.70000E-02  1.62112E-01  2.02527E+02  1.10398E+01
  9.80000E-02  1.70431E-01  2.03345E+02  1.11810E+01
  9.90000E-02  1.78840E-01  2.03749E+02  1.12674E+01
  1.00000E-01  1.88030E-01  2.04782E+02  1.14316E+01
  1.01000E-01  1.97319E-01  2.05490E+02  1.15434E+01
  1.02000E-01  2.07027E-01  2.06117E+02  1.16456E+01
  1.03000E-01  2.17492E-01  2.07425E+02  1.18226E+01
  1.04000E-01  2.28053E-01  2.08079E+02  1.19124E+01
  1.05000E-01  2.39236E-01  2.09059E+02  1.20375E+01
  1.06000E-01  2.51251E-01  2.10537E+02  1.22126E+01
  1.07000E-01  2.63143E-01  2.11183E+02  1.22898E+01
  1.08000E-01  2.76039E-01  2.12521E+02  1.24380E+01
  1.09000E-01  2.89713E-01  2.14239E+02  1.26148E+01
  1.10000E-01  3.03243E-01  2.14982E+02  1.26890E+01
  1.11000E-01  3.18034E-01  2.16723E+02  1.28513E+01
  1.12000E-01  3.33716E-01  2.18634E+02  1.30231E+01
  1.13000E-01  3.49004E-01  2.19521E+02  1.30968E+01
  1.14000E-01  3.66202E-01  2.21718E+02  1.32771E+01
  1.15000E-01  3.84076E-01  2.23854E+02  1.34485E+01
  1.16000E-01  4.01636E-01  2.24948E+02  1.35225E+01
  1.17000E-01  4.21627E-01  2.27657E+02  1.37178E+01
  1.18000E-01  4.42513E-01  2.30173E+02  1.38945E+01
  1.19000E-01  4.62687E-01  2.31528E+02  1.39687E+01
  1.20000E-01  4.86022E-01  2.34625E+02  1.41665E+01
  1.21000E-01  5.10707E-01  2.37864E+02  1.43620E+01
  1.22000E-01  5.33567E-01  2.39358E+02  1.44341E+01
  1.23000E-01  5.60864E-01  2.42934E+02  1.46280E+01
  1.24000E-01  5.89613E-01  2.46942E+02  1.48542E+01
  1.25000E-01  6.16860E-01  2.48994E+02  1.49350E+01
  1.26000E-01  6.47650E-01  2.52614E+02  1.51117E+01
  1.27000E-01  6.82933E-01  2.58000E+02  1.53676E+01
  1.28000E-01  7.14966E-01  2.60574E+02  1.54636E+01
  1.29000E-01  7.50841E-01  2.64510E+02  1.56069E+01
  1.30000E-01  7.92858E-01  2.71006E+02  1.58970E+01
  1.31000E-01  8.32714E-01  2.74939E+02  1.60331E+01
  1.32000E-01  8.73422E-01  2.78737E+02  1.61476E+01
  1.33000E-01  9.24736E-01  2.86558E+02  1.64452E+01
  1.34000E-01  9.74182E-01  2.92432E+02  1.66387E+01
  1.35000E-01  1.02202E+00  2.96369E+02  1.67228E+01
  1.36000E-01  1.08191E+00  3.04824E+02  1.69980E+01
  1.37000E-01  1.14587E+00  3.13765E+02  1.72748E+01
  1.38000E-01  1.20412E+00  3.18598E+02  1.73688E+01
  1.39000E-01  1.27287E+00  3.26952E+02  1.75751E+01
  1.40000E-01  1.35447E+00  3.38886E+02  1.79107E+01
  1.41000E-01  1.43125E+00  3.46951E+02  1.80723E+01
  1.42000E-01  1.50987E+00  3.54522E+02  1.82141E+01
  1.43000E-01  1.61029E+00  3.68521E+02  1.85364E+01
  1.44000E-01  1.71265E+00  3.81576E+02  1.87982E+01
  1.45000E-01  1.81148E+00  3.90601E+02  1.89380E+01
  1.46000E-01  1.92993E+00  4.05166E+02  1.91995E+01
  1.47000E-01  2.06320E+00  4.23089E+02  1.95173E+01
  1.48000E-01  2.19220E+00  4.35975E+02  1.96966E+01
  1.49000E-01  2.33887E+00  4.51576E+02  1.99139E+01
  1.50000E-01  2.51397E+00  4.74261E+02  2.02721E+01
  1.51000E-01  2.67845E+00  4.95344E+02  2.04937E+01
  1.52000E-01  2.85107E+00  5.08073E+02  2.06054E+01
  1.53000E-01  3.11431E+00  5.37488E+02  2.10070E+01
  1.54000E-01  3.36184E+00  5.71259E+02  2.14595E+01
  1.55000E-01  3.45573E+00  5.72023E+02  2.12812E+01
  1.56000E-01  3.20830E+00  4.52608E+02  1.89383E+01
  1.57000E-01  1.92396E+00  1.41168E+02  9.67460E+00
  1.58000E-01  1.15932E+00  6.40750E+00  1.08223E+00
  1.59000E-01  1.00941E+00  7.43008E-03  6.55563E-03
  1.60000E-01  1.00000E+00  1.00028E-04  2.59427E-06
  1.61000E-01  1.00000E+00  1.00000E-04  2.01987E-11
  1.62000E-01  1.00000E+00  1.00000E-04 -1.55333E-11
  1.63000E-01  1.00000E+00  1.00000E-04  0.00000E+00
  1.64000E-01  1.00000E+00  1.00000E-04  1.55333E-11
  1.65000E-01  1.00000E+00  1.00000E-04  0.00000E+00
  1.66000E-01  1.00000E+00  1.00000E-04 -1.55345E-11
  1.67000E-01  1.00000E+00  1.00000E-04  0.00000E+00
  1.68000E-01  1.00000E+00  1.00000E-04  3.10639E-11
  1.69000E-01  1.00000E+00  1.00000E-04  3.10591E-11
  1.70000E-01  1.00000E+00  1.00000E-04 -9.31970E-11
  1.71000E-01  1.00000E+00  1.00000E-04  1.63170E-16
  1.72000E-01  1.00000E+00  1.00000E-04  3.10703E-11
  1.73000E-01  1.00000E+00  1.00000E-04  0.00000E+00
  1.74000E-01  1.00000E+00  1.00000E-04  4.66001E-11
  1.75000E-01  1.00000E+00  1.00000E-04  0.00000E+00
  1.76000E-01  1.00000E+00  1.00000E-04 -4.66020E-11
  1.77000E-01  1.00000E+00  1.00000E-04 -4.43905E-16
  1.78000E-01  1.00000E+00  1.00000E-04  1.01030E-16
  1.79000E-01  1.00000E+00  1.00000E-04  3.42876E-16
  1.80000E-01  1.00000E+00  1.00000E-04  0.00000E+00
  1.81000E-01  1.00000E+00  1.00000E-04  0.00000E+00
  1.82000E-01  1.00000E+00  1.00000E-04  0.00000E+00
  1.83000E-01  1.00000E+00  1.00000E-04  0.00000E+00
  1.84000E-01  1.00000E+00  1.00000E-04  0.00000E+00
  1.85000E-01  1.00000E+00  1.00000E-04  0.00000E+00
  1.86000E-01  1.00000E+00  1.00000E-04  0.00000E+00
  1.87000E-01  1.00000E+00  1.00000E-04  0.00000E+00
  1.88000E-01  1.00000E+00  1.00000E-04  0.00000E+00
  1.89000E-01  1.00000E+00  1.00000E-04  0.00000E+00
  1.90000E-01  1.00000E+00  1.00000E-04  0.00000E+00
  1.91000E-01  1.00000E+00  1.00000E-04  0.00000E+00
  1.92000E-01  1.00000E+00  1.00000E-04  1.55343E-11
  1.93000E-01  1.00000E+00  1.00000E-04  0.00000E+00
  1.94000E-01  1.00000E+00  1.00000E-04 -1.55300E-11
  1.95000E-01  1.00000E+00  1.00000E-04  0.00000E+00
  1.96000E-01  1.00000E+00  1.00000E-04  0.00000E+00
  1.97000E-01  1.00000E+00  1.00000E-04  0.00000E+00
  1.98000E-01  1.00000E+00  1.00000E-04  0.00000E+00
  1.99000E-01  1.00000E+00  1.00000E-04  0.00000E+00
  2.00000E-01  1.00000E+00  1.00000E-04  0.00000E+00
  2.01000E-01  1.00000E+00  1.00000E-04  0.00000E+00
  2.02000E-01  1.00000E+00  1.00000E-04  0.00000E+00
  2.03000E-01  1.00000E+00  1.00000E-04  0.00000E+00
  2.04000E-01  1.00000E+00  1.00000E-04  0.00000E+00
  2.05000E-01  1.00000E+00  1.00000E-04  0.00000E+00
  2.06000E-01  1.00000E+00  1.00000E-04  0.00000E+00
  2.07000E-01  1.00000E+00  1.00000E-04  0.00000E+00
  2.08000E-01  1.00000E+00  1.00000E-04  0.00000E+00
  2.09000E-01  1.00000E+00  1.00000E-04  0.00000E+00
  2.10000E-01  1.00000E+00  1.00000E-04  0.00000E+00
  2.11000E-01  1.00000E+00  1.00000E-04  0.00000E+00
  2.12000E-01  1.00000E+00  1.00000E-04  0.00000E+00
  2.13000E-01  1.00000E+00  1.00000E-04  2.33003E-10
  2.14000E-01  9.99998E-01  9.99998E-05  0.00000E+00
  2.15000E-01  1.00000E+00  1.00000E-04 -2.32961E-10
  2.16000E-01  1.00000E+00  1.00000E-04  0.00000E+00
  2.17000E-01  1.00000E+00  1.00000E-04  0.00000E+00
  2.18000E-01  1.00000E+00  1.00000E-04  0.00000E+00
  2.19000E-01  1.00000E+00  1.00000E-04 -7.76998E-17
  2.20000E-01  1.00000E+00  1.00000E-04  0.00000E+00
  2.21000E-01  1.00000E+00  1.00000E-04  7.76998E-17
  2.22000E-01  1.00000E+00  1.00000E-04  0.00000E+00
  2.23000E-01  1.00000E+00  1.00000E-04  0.00000E+00
  2.24000E-01  1.00000E+00  1.00000E-04  0.00000E+00
  2.25000E-01  1.00000E+00  1.00000E-04  0.00000E+00
  2.26000E-01  1.00000E+00  1.00000E-04  0.00000E+00
  2.27000E-01  1.00000E+00  1.00000E-04  0.00000E+00
  2.28000E-01  1.00000E+00  1.00000E-04  0.00000E+00
  2.29000E-01  1.00000E+00  1.00000E-04  3.10609E-11
  2.30000E-01  1.00000E+00  1.00000E-04  0.00000E+00
  2.31000E-01  1.00000E+00  1.00000E-04 -3.10598E-11
  2.32000E-01  1.00000E+00  1.00000E-04 -4.36673E-16
  2.33000E-01  1.00000E+00  1.00000E-04 -9.32106E-11
  2.34000E-01  1.00000E+00  1.00000E-04  6.21399E-11
  2.35000E-01  1.00000E+00  1.00000E-04  3.10582E-11
  2.36000E-01  1.00000E+00  1.00000E-04  0.00000E+00
  2.37000E-01  1.00000E+00  1.00000E-04  0.00000E+00
  2.38000E-01  1.00000E+00  1.00000E-04  0.00000E+00
  2.39000E-01  1.00000E+00  1.00000E-04  0.00000E+00
  2.40000E-01  1.00000E+00  1.00000E-04  0.00000E+00
  2.41000E-01  1.00000E+00  1.00000E-04  0.00000E+00
  2.42000E-01  1.00000E+00  1.00000E-04  0.00000E+00
  2.43000E-01  1.00000E+00  1.00000E-04  0.00000E+00
  2.44000E-01  1.00000E+00  1.00000E-04  0.00000E+00
  2.45000E-01  1.00000E+00  1.00000E-04  0.00000E+00
  2.46000E-01  1.00000E+00  1.00000E-04  0.00000E+00
  2.47000E-01  1.00000E+00  1.00000E-04 -1.70860E-10
  2.48000E-01  1.00000E+00  1.00000E-04  0.00000E+00
  2.49000E-01  1.00000E+00  1.00000E-04  1.70814E-10
  2.50000E-01  1.00000E+00  1.00000E-04  0.00000E+00
  2.51000E-01  1.00000E+00  1.00000E-04  0.00000E+00
  2.52000E-01  1.00000E+00  1.00000E-04  4.65952E-11
  2.53000E-01  1.00000E+00  1.00000E-04 -3.10590E-11
  2.54000E-01  1.00000E+00  1.00000E-04 -3.10650E-11
  2.55000E-01  1.00000E+00  1.00000E-04 -1.55299E-11
  2.56000E-01  1.00000E+00  1.00000E-04  8.54697E-17
  2.57000E-01  1.00000E+00  1.00000E-04  3.10632E-11
  2.58000E-01  1.00000E+00  1.00000E-04  0.00000E+00
  2.59000E-01  1.00000E+00  1.00000E-04  0.00000E+00
  2.60000E-01  1.00000E+00  1.00000E-04  0.00000E+00
  2.61000E-01  1.00000E+00  1.00000E-04  0.00000E+00
  2.62000E-01  1.00000E+00  1.00000E-04  1.55298E-11
  2.63000E-01  1.00000E+00  1.00000E-04  0.00000E+00
  2.64000E-01  1.00000E+00  1.00000E-04 -1.55337E-11
  2.65000E-01  1.00000E+00  1.00000E-04  0.00000E+00
  2.66000E-01  1.00000E+00  1.00000E-04  0.00000E+00
  2.67000E-01  1.00000E+00  1.00000E-04  0.00000E+00
  2.68000E-01  1.00000E+00  1.00000E-04  0.00000E+00
  2.69000E-01  1.00000E+00  1.00000E-04  0.00000E+00
  2.70000E-01  1.00000E+00  1.00000E-04  4.66028E-11
  2.71000E-01  1.00000E+00  1.00000E-04  3.10581E-11
  2.72000E-01  1.00000E+00  1.00000E-04 -1.55338E-11
  2.73000E-01  1.00000E+00  1.00000E-04 -1.55329E-10
  2.74000E-01  1.00000E+00  1.00000E-04  4.66119E-11
  2.75000E-01  1.00000E+00  1.00000E-04  1.55338E-11
  2.76000E-01  1.00000E+00  1.00000E-04  1.55313E-11
  2.77000E-01  1.00000E+00  1.00000E-04  1.55314E-11
  2.78000E-01  1.00000E+00  1.00000E-04 -1.55317E-11
  2.79000E-01  1.00000E+00  1.00000E-04 -7.76997E-17
  2.80000E-01  1.00000E+00  1.00000E-04  1.47532E-15
  2.81000E-01  1.00000E+00  1.00000E-04  1.43821E-15
  2.82000E-01  1.00000E+00  1.00000E-04  1.03793E-15
  2.83000E-01  1.00000E+00  1.00000E-04 -9.39184E-11
  2.84000E-01  1.00000E+00  1.00000E-04 -5.48057E-08
  2.85000E-01  1.00000E+00  1.00107E-04 -8.42008E-08
  2.86000E-01  1.00000E+00  1.00116E-04  6.84179E-08
  2.87000E-01  1.00000E+00  1.00000E-04  2.37029E-09
  2.88000E-01  1.00000E+00  1.00113E-04  3.06731E-10
  2.89000E-01  1.00000E+00  1.00000E-04  6.77413E-08
  2.90000E-01  1.00000E+00  1.00000E-04  3.07403E-10
  2.91000E-01  1.00000E+00  1.00000E-04  1.27851E-11
  2.92000E-01  1.00000E+00  1.00000E-04  1.55299E-11
  2.93000E-01  1.00000E+00  1.00000E-04 -1.55320E-11
  2.94000E-01  1.00000E+00  1.00000E-04 -4.65863E-11
  2.95000E-01  1.00000E+00  1.00000E-04  0.00000E+00
  2.96000E-01  1.00000E+00  1.00000E-04  0.00000E+00
  2.97000E-01  1.00000E+00  1.00000E-04  0.00000E+00
  2.98000E-01  1.00000E+00  1.00000E-04  0.00000E+00
  2.99000E-01  1.00000E+00  1.00000E-04  0.00000E+00
  3.00000E-01  1.00000E+00  1.00000E-04  0.00000E+00
  3.01000E-01  1.00000E+00  1.00000E-04  0.00000E+00
  3.02000E-01  1.00000E+00  1.00000E-04  0.00000E+00
  3.03000E-01  1.00000E+00  1.00000E-04  0.00000E+00
  3.04000E-01  1.00000E+00  1.00000E-04  0.00000E+00
  3.05000E-01  1.00000E+00  1.00000E-04  0.00000E+00
  3.06000E-01  1.00000E+00  1.00000E-04  0.00000E+00
  3.07000E-01  1.00000E+00  1.00000E-04  4.65979E-11
  3.08000E-01  1.00000E+00  1.00000E-04  3.10664E-11
  3.09000E-01  1.00000E+00  1.00000E-04 -4.66049E-11
  3.10000E-01  1.00000E+00  1.00000E-04 -3.10693E-11
  3.11000E-01  1.00000E+00  1.00000E-04  1.55305E-11
  3.12000E-01  1.00000E+00  1.00000E-04 -1.55280E-11
  3.13000E-01  1.00000E+00  1.00000E-04 -1.55355E-11
  3.14000E-01  1.00000E+00  1.00000E-04  7.76603E-12
  3.15000E-01  1.00000E+00  1.00000E-04  7.76638E-12
  3.16000E-01  1.00000E+00  1.00000E-04  7.76997E-17
  3.17000E-01  1.00000E+00  1.00000E-04  1.55306E-11
  3.18000E-01  1.00000E+00  1.00000E-04 -4.65920E-11
  3.19000E-01  1.00000E+00  1.00000E-04 -1.55345E-11
  3.20000E-01  1.00000E+00  1.00000E-04  6.21364E-11
  3.21000E-01  1.00000E+00  1.00000E-04 -1.55293E-11
  3.22000E-01  1.00000E+00  1.00000E-04 -6.21394E-11
  3.23000E-01  1.00000E+00  1.00000E-04  9.31978E-11
  3.24000E-01  1.00000E+00  1.00000E-04 -7.76453E-11
  3.25000E-01  1.00000E+00  1.00000E-04  7.77167E-12
  3.26000E-01  1.00000E+00  1.00000E-04  7.76915E-12
  3.27000E-01  1.00000E+00  1.00000E-04  5.18425E-12
  3.28000E-01  1.00000E+00  1.00000E-04  5.16893E-12
  3.29000E-01  1.00000E+00  1.00000E-04  5.17095E-12
  3.30000E-01  1.00000E+00  1.00000E-04  1.55281E-11
  3.31000E-01  1.00000E+00  1.00000E-04  0.00000E+00
  3.32000E-01  1.00000E+00  1.00000E-04  4.65942E-11
  3.33000E-01  1.00000E+00  1.00000E-04  1.55279E-11
  3.34000E-01  1.00000E+00  1.00000E-04 -4.65878E-11
  3.35000E-01  1.00000E+00  1.00000E-04  2.39237E-16
  3.36000E-01  1.00000E+00  1.00000E-04  1.03418E-16
  3.37000E-01  1.00000E+00  1.00000E-04 -1.55356E-11
  3.38000E-01  1.00000E+00  1.00000E-04  0.00000E+00
  3.39000E-01  1.00000E+00  1.00000E-04 -6.21201E-11
  3.40000E-01  1.00000E+00  1.00000E-04 -1.55340E-11
  3.41000E-01  1.00000E+00  1.00000E-04  6.21186E-11
  3.42000E-01  1.00000E+00  1.00000E-04 -1.55338E-11
  3.43000E-01  1.00000E+00  1.00000E-04  1.55325E-11
  3.44000E-01  1.00000E+00  1.00000E-04  2.01890E-10
  3.45000E-01  9.99999E-01  9.99999E-05 -2.48440E-10
  3.46000E-01  1.00000E+00  1.00000E-04 -1.24912E-10
  3.47000E-01  1.00000E+00  1.00000E-04 -7.11237E-10
  3.48000E-01  1.00000E+00  1.00001E-04  4.48641E-10
  3.49000E-01  1.00000E+00  9.99996E-05  7.67403E-10
  3.50000E-01  1.00000E+00  1.00000E-04 -4.26504E-10
  3.51000E-01  1.00000E+00  1.00000E-04  1.08710E-10
  3.52000E-01  1.00000E+00  1.00000E-04  0.00000E+00
  3.53000E-01  1.00000E+00  1.00000E-04  0.00000E+00
  3.54000E-01  1.00000E+00  1.00000E-04  0.00000E+00
  3.55000E-01  1.00000E+00  1.00000E-04  0.00000E+00
  3.56000E-01  1.00000E+00  1.00000E-04  0.00000E+00
  3.57000E-01  1.00000E+00  1.00000E-04  0.00000E+00
  3.58000E-01  1.00000E+00  1.00000E-04  0.00000E+00
  3.59000E-01  1.00000E+00  1.00000E-04  0.00000E+00
  3.60000E-01  1.00000E+00  1.00000E-04  0.00000E+00
  3.61000E-01  1.00000E+00  1.00000E-04 -7.76996E-17
  3.62000E-01  1.00000E+00  1.00000E-04  0.00000E+00
  3.63000E-01  1.00000E+00  1.00000E-04  7.76996E-17
  3.64000E-01  1.00000E+00  1.00000E-04  0.00000E+00
  3.65000E-01  1.00000E+00  1.00000E-04  0.00000E+00
  3.66000E-01  1.00000E+00  1.00000E-04  0.00000E+00
  3.67000E-01  1.00000E+00  1.00000E-04  0.00000E+00
  3.68000E-01  1.00000E+00  1.00000E-04  0.00000E+00
  3.69000E-01  1.00000E+00  1.00000E-04  0.00000E+00
  3.70000E-01  1.00000E+00  1.00000E-04  0.00000E+00
  3.71000E-01  1.00000E+00  1.00000E-04  0.00000E+00
  3.72000E-01  1.00000E+00  1.00000E-04 -3.10632E-11
  3.73000E-01  1.00000E+00  1.00000E-04 -3.10647E-11
  3.74000E-01  1.00000E+00  1.00000E-04  4.66010E-11
  3.75000E-01  1.00000E+00  1.00000E-04 -1.70835E-10
  3.76000E-01  1.00000E+00  1.00000E-04  7.77724E-17
  3.77000E-01  1.00000E+00  1.00000E-04  1.86392E-10
  3.78000E-01  1.00000E+00  1.00000E-04  0.00000E+00
  3.79000E-01  1.00000E+00  1.00000E-04  0.00000E+00
  3.80000E-01  1.00000E+00  1.00000E-04  0.00000E+00
  3.81000E-01  1.00000E+00  1.00000E-04  4.65968E-11
  3.82000E-01  1.00000E+00  1.00000E-04  1.55315E-11
  3.83000E-01  1.00000E+00  1.00000E-04 -4.65876E-11
  3.84000E-01  1.00000E+00  1.00000E-04  3.10635E-11
  3.85000E-01  1.00000E+00  1.00000E-04 -1.59962E-16
  3.86000E-01  1.00000E+00  1.00000E-04 -4.65958E-11
  3.87000E-01  1.00000E+00  1.00000E-04  0.00000E+00
  3.88000E-01  1.00000E+00  1.00000E-04  0.00000E+00
  3.89000E-01  1.00000E+00  1.00000E-04  0.00000E+00
  3.90000E-01  1.00000E+00  1.00000E-04  0.00000E+00
  3.91000E-01  1.00000E+00  1.00000E-04  0.00000E+00
  3.92000E-01  1.00000E+00  1.00000E-04  0.00000E+00
  3.93000E-01  1.00000E+00  1.00000E-04  0.00000E+00
  3.94000E-01  1.00000E+00  1.00000E-04  0.00000E+00
  3.95000E-01  1.00000E+00  1.00000E-04  0.00000E+00
  3.96000E-01  1.00000E+00  1.00000E-04  0.00000E+00
  3.97000E-01  1.00000E+00  1.00000E-04  4.65948E-11
  3.98000E-01  1.00000E+00  1.00000E-04 -4.66019E-11
  3.99000E-01  1.00000E+00  1.00000E-04 -1.55310E-11
  4.00000E-01  1.00000E+00  1.00000E-04  1.55304E-11
  4.01000E-01  1.00000E+00  1.00000E-04  0.00000E+00
  4.02000E-01  1.00000E+00  1.00000E-04  0.00000E+00
  4.03000E-01  1.00000E+00  1.00000E-04  0.00000E+00
  4.04000E-01  1.00000E+00  1.00000E-04 -2.71538E-10
  4.05000E-01  1.00000E+00  1.00000E-04 -6.41764E-08
  4.06000E-01  1.00000E+00  1.00107E-04 -1.78620E-11
  4.07000E-01  1.00000E+00  1.00000E-04  6.41492E-08
  4.08000E-01  1.00000E+00  1.00000E-04  3.17161E-10
  4.09000E-01  1.00000E+00  1.00000E-04  0.00000E+00
  4.10000E-01  1.00000E+00  1.00000E-04  0.00000E+00
  4.11000E-01  1.00000E+00  1.00000E-04  0.00000E+00
  4.12000E-01  1.00000E+00  1.00000E-04  0.00000E+00
  4.13000E-01  1.00000E+00  1.00000E-04  0.00000E+00
  4.14000E-01  1.00000E+00  1.00000E-04  0.00000E+00
  4.15000E-01  1.00000E+00  1.00000E-04 -3.17133E-10
  4.16000E-01  1.00000E+00  1.00000E-04 -6.41538E-08
  4.17000E-01  1.00000E+00  1.00107E-04 -4.90873E-14
  4.18000E-01  1.00000E+00  1.00000E-04  6.41392E-08
  4.19000E-01  1.00000E+00  1.00000E-04  3.19020E-10
  4.20000E-01  1.00000E+00  1.00000E-04  1.37379E-11
  4.21000E-01  1.00000E+00  1.00000E-04  0.00000E+00
  4.22000E-01  1.00000E+00  1.00000E-04  0.00000E+00
  4.23000E-01  1.00000E+00  1.00000E-04  6.21251E-11
  4.24000E-01  1.00000E+00  9.99999E-05  0.00000E+00
  4.25000E-01  1.00000E+00  1.00000E-04 -4.65999E-11
  4.26000E-01  1.00000E+00  1.00000E-04 -1.01786E-16
  4.27000E-01  1.00000E+00  1.00000E-04  3.41679E-10
  4.28000E-01  9.99996E-01  9.99996E-05  1.55363E-11
  4.29000E-01  1.00000E+00  1.00000E-04 -3.72644E-10
  4.30000E-01  1.00000E+00  1.00000E-04  0.00000E+00
  4.31000E-01  1.00000E+00  1.00000E-04  0.00000E+00
  4.32000E-01  1.00000E+00  1.00000E-04  3.10653E-11
  4.33000E-01  1.00000E+00  1.00000E-04  0.00000E+00
  4.34000E-01  1.00000E+00  1.00000E-04 -3.10612E-11
  4.35000E-01  1.00000E+00  1.00000E-04  0.00000E+00
  4.36000E-01  1.00000E+00  1.00000E-04 -7.76996E-17
  4.37000E-01  1.00000E+00  1.00000E-04 -4.66052E-11
  4.38000E-01  1.00000E+00  1.00000E-04  1.55347E-11
  4.39000E-01  1.00000E+00  1.00000E-04  3.10640E-11
  4.40000E-01  1.00000E+00  1.00000E-04  0.00000E+00
  4.41000E-01  1.00000E+00  1.00000E-04  1.55344E-11
  4.42000E-01  1.00000E+00  1.00000E-04  0.00000E+00
  4.43000E-01  1.00000E+00  1.00000E-04 -1.55330E-11
  4.44000E-01  1.00000E+00  1.00000E-04  1.55340E-11
  4.45000E-01  1.00000E+00  1.00000E-04  0.00000E+00
  4.46000E-01  1.00000E+00  1.00000E-04 -1.55292E-11
  4.47000E-01  1.00000E+00  1.00000E-04  0.00000E+00
  4.48000E-01  1.00000E+00  1.00000E-04  0.00000E+00
  4.49000E-01  1.00000E+00  1.00000E-04  0.00000E+00
  4.50000E-01  1.00000E+00  1.00000E-04  1.55323E-11
  4.51000E-01  1.00000E+00  1.00000E-04 -6.21355E-11
  4.52000E-01  1.00000E+00  1.00000E-04 -1.55387E-11
  4.53000E-01  1.00000E+00  1.00000E-04  6.21154E-11
  4.54000E-01  1.00000E+00  1.00000E-04  1.55303E-11
  4.55000E-01  1.00000E+00  1.00000E-04  0.00000E+00
  4.56000E-01  1.00000E+00  1.00000E-04 -7.76691E-12
  4.57000E-01  1.00000E+00  1.00000E-04 -7.76625E-12
  4.58000E-01  1.00000E+00  1.00000E-04  7.76996E-17
  4.59000E-01  1.00000E+00  1.00000E-04  0.00000E+00
  4.60000E-01  1.00000E+00  1.00000E-04  1.55295E-11
  4.61000E-01  1.00000E+00  1.00000E-04 -3.10580E-11
  4.62000E-01  1.00000E+00  1.00000E-04 -1.55348E-11
  4.63000E-01  1.00000E+00  1.00000E-04  3.10673E-11
  4.64000E-01  1.00000E+00  1.00000E-04  1.55317E-11
  4.65000E-01  1.00000E+00  1.00000E-04  0.00000E+00
  4.66000E-01  1.00000E+00  1.00000E-04 -1.55307E-11
  4.67000E-01  1.00000E+00  1.00000E-04  1.55338E-11
  4.68000E-01  1.00000E+00  1.00000E-04  1.55283E-11
  4.69000E-01  1.00000E+00  1.00000E-04 -7.76660E-11
  4.70000E-01  1.00000E+00  1.00000E-04  3.10671E-11
  4.71000E-01  1.00000E+00  1.00000E-04  1.55323E-11
  4.72000E-01  1.00000E+00  1.00000E-04 -6.21240E-11
  4.73000E-01  1.00000E+00  1.00000E-04  1.55360E-11
  4.74000E-01  1.00000E+00  1.00000E-04  4.65874E-11
  4.75000E-01  1.00000E+00  1.00000E-04 -6.59449E-16
  4.76000E-01  1.00000E+00  1.00000E-04  8.54695E-17
  4.77000E-01  1.00000E+00  1.00000E-04 -3.10588E-11
  4.78000E-01  1.00000E+00  1.00000E-04  1.55355E-11
  4.79000E-01  1.00000E+00  1.00000E-04  3.10593E-11
  4.80000E-01  1.00000E+00  1.00000E-04  3.10599E-11
  4.81000E-01  1.00000E+00  1.00000E-04  1.55339E-11
  4.82000E-01  1.00000E+00  1.00000E-04 -4.65925E-11
  4.83000E-01  1.00000E+00  1.00000E-04 -1.08721E-10
  4.84000E-01  1.00000E+00  1.00000E-04 -6.21390E-11
  4.85000E-01  1.00000E+00  1.00000E-04  3.10652E-10
  4.86000E-01  1.00000E+00  9.99999E-05 -4.65832E-11
  4.87000E-01  1.00000E+00  1.00000E-04 -9.67478E-16
  4.88000E-01  9.99999E-01  9.99999E-05 -1.01526E-14
  4.89000E-01  1.00000E+00  1.00000E-04 -7.30061E-10
  4.90000E-01  1.00000E+00  1.00000E-04  2.64060E-10
  4.91000E-01  1.00000E+00  1.00000E-04  3.57121E-10
  4.92000E-01  1.00000E+00  1.00000E-04  1.08715E-10
  4.93000E-01  9.99999E-01  9.99999E-05 -1.55328E-11
  4.94000E-01  1.00000E+00  1.00000E-04 -9.31984E-11
  4.95000E-01  1.00000E+00  1.00000E-04  0.00000E+00
  4.96000E-01  1.00000E+00  1.00000E-04  0.00000E+00
  4.97000E-01  1.00000E+00  1.00000E-04  0.00000E+00
  4.98000E-01  1.00000E+00  1.00000E-04  0.00000E+00
  4.99000E-01  1.00000E+00  1.00000E-04  0.00000E+00
  5.00000E-01  1.00000E+00  1.00000E-04  0.00000E+00
  5.01000E-01  1.00000E+00  1.00000E-04  0.00000E+00
  5.02000E-01  1.00000E+00  1.00000E-04  0.00000E+00
  5.03000E-01  1.00000E+00  1.00000E-04  0.00000E+00
  5.04000E-01  1.00000E+00  1.00000E-04  0.00000E+00
  5.05000E-01  1.00000E+00  1.00000E-04  1.86371E-10
  5.06000E-01  9.99998E-01  9.99998E-05  0.00000E+00
  5.07000E-01  1.00000E+00  1.00000E-04 -1.86396E-10
  5.08000E-01  1.00000E+00  1.00000E-04  0.00000E+00
  5.09000E-01  1.00000E+00  1.00000E-04  0.00000E+00
  5.10000E-01  1.00000E+00  1.00000E-04 -7.76996E-17
  5.11000E-01  1.00000E+00  1.00000E-04  0.00000E+00
  5.12000E-01  1.00000E+00  1.00000E-04  7.76995E-17
  5.13000E-01  1.00000E+00  1.00000E-04  0.00000E+00
  5.14000E-01  1.00000E+00  1.00000E-04  0.00000E+00
  5.15000E-01  1.00000E+00  1.00000E-04  0.00000E+00
  5.16000E-01  1.00000E+00  1.00000E-04  1.24266E-10
  5.17000E-01  9.99999E-01  9.99999E-05  0.00000E+00
  5.18000E-01  1.00000E+00  1.00000E-04 -1.24271E-10
  5.19000E-01  1.00000E+00  1.00000E-04  0.00000E+00
  5.20000E-01  1.00000E+00  1.00000E-04 -7.76996E-17
  5.21000E-01  1.00000E+00  1.00000E-04  0.00000E+00
  5.22000E-01  1.00000E+00  1.00000E-04  7.76996E-17
  5.23000E-01  1.00000E+00  1.00000E-04  0.00000E+00
  5.24000E-01  1.00000E+00  1.00000E-04  0.00000E+00
  5.25000E-01  1.00000E+00  1.00000E-04  0.00000E+00
  5.26000E-01  1.00000E+00  1.00000E-04  0.00000E+00
  5.27000E-01  1.00000E+00  1.00000E-04  0.00000E+00
  5.28000E-01  1.00000E+00  1.00000E-04  0.00000E+00
  5.29000E-01  1.00000E+00  1.00000E-04  6.21280E-11
  5.30000E-01  9.99999E-01  9.99999E-05  0.00000E+00
  5.31000E-01  1.00000E+00  1.00000E-04 -6.21268E-11
  5.32000E-01  1.00000E+00  1.00000E-04  0.00000E+00
  5.33000E-01  1.00000E+00  1.00000E-04 -1.55318E-11
  5.34000E-01  1.00000E+00  1.00000E-04 -1.55300E-11
  5.35000E-01  1.00000E+00  1.00000E-04  0.00000E+00
  5.36000E-01  1.00000E+00  1.00000E-04  1.55309E-11
  5.37000E-01  1.00000E+00  1.00000E-04  1.55316E-11
  5.38000E-01  1.00000E+00  1.00000E-04  0.00000E+00
  5.39000E-01  1.00000E+00  1.00000E-04  0.00000E+00
  5.40000E-01  1.00000E+00  1.00000E-04  0.00000E+00
  5.41000E-01  1.00000E+00  1.00000E-04 -1.55323E-11
  5.42000E-01  1.00000E+00  1.00000E-04  0.00000E+00
  5.43000E-01  1.00000E+00  1.00000E-04  1.55318E-11
  5.44000E-01  1.00000E+00  1.00000E-04  1.55317E-11
  5.45000E-01  1.00000E+00  1.00000E-04  0.00000E+00
  5.46000E-01  1.00000E+00  1.00000E-04 -1.55309E-11
  5.47000E-01  1.00000E+00  1.00000E-04  0.00000E+00
  5.48000E-01  1.00000E+00  1.00000E-04  0.00000E+00
  5.49000E-01  1.00000E+00  1.00000E-04  0.00000E+00
  5.50000E-01  1.00000E+00  1.00000E-04 -1.04927E-15
  5.51000E-01  1.00000E+00  1.00000E-04 -8.61812E-16
  5.52000E-01  1.00000E+00  1.00000E-04  1.91108E-15
  5.53000E-01  1.00000E+00  1.00000E-04  1.55317E-11
  5.54000E-01  1.00000E+00  1.00000E-04  0.00000E+00
  5.55000E-01  1.00000E+00  1.00000E-04 -1.55294E-11
  5.56000E-01  1.00000E+00  1.00000E-04  4.66009E-11
  5.57000E-01  1.00000E+00  1.00000E-04 -9.40165E-17
  5.58000E-01  1.00000E+00  1.00000E-04  0.00000E+00
  5.59000E-01  1.00000E+00  1.00000E-04  0.00000E+00
  5.60000E-01  1.00000E+00  1.00000E-04  0.00000E+00
  5.61000E-01  1.00000E+00  1.00000E-04  9.40165E-17
  5.62000E-01  1.00000E+00  1.00000E-04 -2.32966E-11
  5.63000E-01  1.00000E+00  1.00000E-04 -2.32996E-11
  5.64000E-01  1.00000E+00  1.00000E-04 -8.70059E-12
  5.65000E-01  1.00000E+00  1.00000E-04  8.69909E-12
  5.66000E-01  1.00000E+00  1.00000E-04  3.10647E-11
  5.67000E-01  1.00000E+00  1.00000E-04  0.00000E+00
  5.68000E-01  1.00000E+00  1.00000E-04 -3.10638E-11
  5.69000E-01  1.00000E+00  1.00000E-04  0.00000E+00
  5.70000E-01  1.00000E+00  1.00000E-04  3.10687E-11
  5.71000E-01  1.00000E+00  1.00000E-04 -9.40165E-17
  5.72000E-01  1.00000E+00  1.00000E-04  0.00000E+00
  5.73000E-01  1.00000E+00  1.00000E-04  9.40165E-17
  5.74000E-01  1.00000E+00  1.00000E-04 -3.10581E-11
  5.75000E-01  1.00000E+00  1.00000E-04  0.00000E+00
  5.76000E-01  1.00000E+00  1.00000E-04  0.00000E+00
  5.77000E-01  1.00000E+00  1.00000E-04  0.00000E+00
  5.78000E-01  1.00000E+00  1.00000E-04  0.00000E+00
  5.79000E-01  1.00000E+00  1.00000E-04  0.00000E+00
  5.80000E-01  1.00000E+00  1.00000E-04  0.00000E+00
  5.81000E-01  1.00000E+00  1.00000E-04  1.55301E-11
  5.82000E-01  1.00000E+00  1.00000E-04  0.00000E+00
  5.83000E-01  1.00000E+00  1.00000E-04 -4.65882E-11
  5.84000E-01  1.00000E+00  1.00000E-04  1.03561E-11
  5.85000E-01  1.00000E+00  1.00000E-04  1.03584E-11
  5.86000E-01  1.00000E+00  1.00000E-04  1.03554E-11
  5.87000E-01  1.00000E+00  1.00000E-04  0.00000E+00
  5.88000E-01  1.00000E+00  1.00000E-04  0.00000E+00
  5.89000E-01  1.00000E+00  1.00000E-04  0.00000E+00
  5.90000E-01  1.00000E+00  1.00000E-04  0.00000E+00
  5.91000E-01  1.00000E+00  1.00000E-04  0.00000E+00
  5.92000E-01  1.00000E+00  1.00000E-04  0.00000E+00
  5.93000E-01  1.00000E+00  1.00000E-04  4.66020E-11
  5.94000E-01  1.00000E+00  1.00000E-04 -1.03418E-16
  5.95000E-01  1.00000E+00  1.00000E-04 -9.40164E-17
  5.96000E-01  1.00000E+00  1.00000E-04  0.00000E+00
  5.97000E-01  1.00000E+00  1.00000E-04  3.58972E-16
  5.98000E-01  1.00000E+00  1.00000E-04  1.03418E-16
  5.99000E-01  1.00000E+00  1.00000E-04 -4.65881E-11
  6.00000E-01  1.00000E+00  1.00000E-04  0.00000E+00
  6.01000E-01  1.00000E+00  1.00000E-04 -3.17652E-10
  6.02000E-01  1.00000E+00  1.00000E-04 -6.42354E-08
  6.03000E-01  1.00000E+00  1.00107E-04  6.38372E-11
  6.04000E-01  1.00000E+00  1.00000E-04  6.41659E-08
  6.05000E-01  1.00000E+00  1.00000E-04  3.18704E-10
  6.06000E-01  1.00000E+00  1.00000E-04  1.42136E-10
  6.07000E-01  9.99999E-01  9.99999E-05 -2.34499E-12
  6.08000E-01  1.00000E+00  1.00000E-04 -6.21306E-11
  6.09000E-01  9.99999E-01  9.99999E-05  1.55301E-11
  6.10000E-01  1.00000E+00  1.00000E-04 -7.76412E-11
  6.11000E-01  1.00000E+00  1.00000E-04 -1.55332E-11
  6.12000E-01  1.00000E+00  1.00000E-04  4.66005E-11
  6.13000E-01  1.00000E+00  1.00000E-04  0.00000E+00
  6.14000E-01  1.00000E+00  1.00000E-04 -4.66019E-11
  6.15000E-01  1.00000E+00  1.00000E-04  0.00000E+00
  6.16000E-01  1.00000E+00  1.00000E-04  0.00000E+00
  6.17000E-01  1.00000E+00  1.00000E-04  0.00000E+00
  6.18000E-01  1.00000E+00  1.00000E-04  0.00000E+00
  6.19000E-01  1.00000E+00  1.00000E-04  0.00000E+00
  6.20000E-01  1.00000E+00  1.00000E-04  0.00000E+00
  6.21000E-01  1.00000E+00  1.00000E-04  4.65884E-11
  6.22000E-01  1.00000E+00  1.00000E-04 -3.10582E-11
  6.23000E-01  1.00000E+00  1.00000E-04 -4.66003E-11
  6.24000E-01  1.00000E+00  1.00000E-04  1.55340E-11
  6.25000E-01  1.00000E+00  1.00000E-04  1.55335E-11
  6.26000E-01  1.00000E+00  1.00000E-04  0.00000E+00
  6.27000E-01  1.00000E+00  1.00000E-04 -1.55334E-11
  6.28000E-01  1.00000E+00  1.00000E-04  3.10597E-11
  6.29000E-01  1.00000E+00  1.00000E-04  0.00000E+00
  6.30000E-01  1.00000E+00  1.00000E-04 -1.13760E-16
  6.31000E-01  1.00000E+00  1.00000E-04  1.03418E-17
  6.32000E-01  1.00000E+00  1.00000E-04 -6.82979E-17
  6.33000E-01  1.00000E+00  1.00000E-04  8.62465E-17
  6.34000E-01  1.00000E+00  1.00000E-04  8.54695E-17
  6.35000E-01  1.00000E+00  1.00000E-04  0.00000E+00
  6.36000E-01  1.00000E+00  1.00000E-04 -1.55286E-11
  6.37000E-01  1.00000E+00  1.00000E-04 -1.55349E-11
  6.38000E-01  1.00000E+00  1.00000E-04  1.55333E-11
  6.39000E-01  1.00000E+00  1.00000E-04  1.55305E-11
  6.40000E-01  1.00000E+00  1.00000E-04  3.10650E-11
  6.41000E-01  1.00000E+00  1.00000E-04 -1.63169E-16
  6.42000E-01  1.00000E+00  1.00000E-04 -4.65919E-11
  6.43000E-01  1.00000E+00  1.00000E-04 -7.76996E-17
  6.44000E-01  1.00000E+00  1.00000E-04 -7.76995E-18
  6.45000E-01  1.00000E+00  1.00000E-04  8.54695E-17
  6.46000E-01  1.00000E+00  1.00000E-04  1.55335E-11
  6.47000E-01  1.00000E+00  1.00000E-04 -7.76996E-17
  6.48000E-01  1.00000E+00  1.00000E-04  1.55335E-11
  6.49000E-01  1.00000E+00  1.00000E-04  9.31685E-11
  6.50000E-01  9.99999E-01  9.99999E-05 -6.21225E-11
  6.51000E-01  1.00000E+00  1.00000E-04 -6.21405E-11
  6.52000E-01  1.00000E+00  1.00000E-04 -1.55329E-11
  6.53000E-01  1.00000E+00  1.00000E-04  1.55353E-11
  6.54000E-01  1.00000E+00  1.00000E-04 -1.01786E-16
  6.55000E-01  1.00000E+00  1.00000E-04 -9.32011E-11
  6.56000E-01  1.00000E+00  1.00000E-04 -9.40165E-17
  6.57000E-01  1.00000E+00  1.00000E-04  1.55349E-11
  6.58000E-01  1.00000E+00  1.00000E-04  9.32029E-11
  6.59000E-01  1.00000E+00  1.00000E-04 -3.10671E-11
  6.60000E-01  1.00000E+00  1.00000E-04 -1.55306E-11
  6.61000E-01  1.00000E+00  1.00000E-04  9.31803E-11
  6.62000E-01  1.00000E+00  1.00000E-04 -6.21330E-11
  6.63000E-01  1.00000E+00  1.00000E-04  8.54695E-17
  6.64000E-01  1.00000E+00  1.00000E-04  7.76996E-17
  6.65000E-01  1.00000E+00  1.00000E-04 -1.55301E-11
  6.66000E-01  1.00000E+00  1.00000E-04  3.41600E-10
  6.67000E-01  9.99998E-01  9.99998E-05 -9.31772E-11
  6.68000E-01  1.00000E+00  1.00000E-04 -2.01878E-10
  6.69000E-01  1.00000E+00  1.00000E-04  1.55339E-11
  6.70000E-01  1.00000E+00  1.00000E-04 -1.86423E-10
  6.71000E-01  1.00000E+00  1.00000E-04  0.00000E+00
  6.72000E-01  1.00000E+00  1.00000E-04  1.70880E-10
  6.73000E-01  1.00000E+00  1.00000E-04  4.65876E-11
  6.74000E-01  1.00000E+00  1.00000E-04 -3.10636E-11
  6.75000E-01  1.00000E+00  1.00000E-04 -2.07076E-11
  6.76000E-01  1.00000E+00  1.00000E-04 -2.07047E-11
  6.77000E-01  1.00000E+00  1.00000E-04 -2.07070E-11
  6.78000E-01  1.00000E+00  1.00000E-04  4.65972E-11
  6.79000E-01  1.00000E+00  1.00000E-04 -7.76720E-11
  6.80000E-01  1.00000E+00  1.00000E-04  3.10687E-11
  6.81000E-01  1.00000E+00  9.99999E-05  1.70817E-10
  6.82000E-01  9.99999E-01  9.99999E-05 -1.24232E-10
  6.83000E-01  1.00000E+00  1.00000E-04  7.76540E-12
  6.84000E-01  1.00000E+00  1.00000E-04  7.76309E-12
  6.85000E-01  1.00000E+00  1.00000E-04 -3.10607E-11
  6.86000E-01  1.00000E+00  1.00000E-04  7.76707E-11
  6.87000E-01  9.99999E-01  9.99999E-05 -1.55295E-11
  6.88000E-01  1.00000E+00  1.00000E-04 -7.76484E-11
  6.89000E-01  1.00000E+00  1.00000E-04  4.65762E-11
  6.90000E-01  1.00000E+00  1.00000E-04 -2.05458E-15
  6.91000E-01  1.00000E+00  1.00000E-04  2.79535E-10
  6.92000E-01  9.99999E-01  9.99997E-05 -1.24215E-10
  6.93000E-01  1.00000E+00  1.00000E-04 -2.17430E-10
  6.94000E-01  1.00000E+00  9.99999E-05 -3.10437E-11
  6.95000E-01  1.00000E+00  1.00000E-04 -2.01028E-10
  6.96000E-01  1.00000E+00  1.00000E-04  9.92916E-10
  6.97000E-01  9.99995E-01  9.99994E-05 -1.08689E-10
  6.98000E-01  1.00000E+00  1.00000E-04 -6.34857E-10
  6.99000E-01  1.00000E+00  1.00000E-04 -1.78144E-12
  7.00000E-01  1.00000E+00  1.00000E-04  0.00000E+00
  7.01000E-01  1.00000E+00  1.00000E-04  0.00000E+00
  7.02000E-01  1.00000E+00  1.00000E-04  0.00000E+00
  7.03000E-01  1.00000E+00  1.00000E-04  0.00000E+00
  7.04000E-01  1.00000E+00  1.00000E-04  0.00000E+00
  7.05000E-01  1.00000E+00  1.00000E-04  1.08729E-10
  7.06000E-01  1.00000E+00  9.99999E-05  6.21182E-11
  7.07000E-01  1.00000E+00  1.00000E-04 -2.95094E-10
  7.08000E-01  1.00000E+00  1.00000E-04  4.65995E-11
  7.09000E-01  1.00000E+00  1.00000E-04  7.76538E-11
  7.10000E-01  1.00000E+00  1.00000E-04  0.00000E+00
  7.11000E-01  1.00000E+00  1.00000E-04  0.00000E+00
  7.12000E-01  1.00000E+00  1.00000E-04  0.00000E+00
  7.13000E-01  1.00000E+00  1.00000E-04  0.00000E+00
  7.14000E-01  1.00000E+00  1.00000E-04  0.00000E+00
  7.15000E-01  1.00000E+00  1.00000E-04  0.00000E+00
  7.16000E-01  1.00000E+00  1.00000E-04  0.00000E+00
  7.17000E-01  1.00000E+00  1.00000E-04 -1.55311E-11
  7.18000E-01  1.00000E+00  1.00000E-04  0.00000E+00
  7.19000E-01  1.00000E+00  1.00000E-04  1.55342E-11
  7.20000E-01  1.00000E+00  1.00000E-04 -4.00061E-10
  7.21000E-01  1.00000E+00  1.00000E-04 -8.09426E-08
  7.22000E-01  1.00000E+00  1.00135E-04 -8.15511E-15
  7.23000E-01  1.00000E+00  1.00000E-04  8.09398E-08
  7.24000E-01  1.00000E+00  1.00000E-04  3.58102E-10
  7.25000E-01  1.00000E+00  1.00000E-04  1.18856E-11
  7.26000E-01  1.00000E+00  1.00000E-04  3.10591E-11
  7.27000E-01  1.00000E+00  1.00000E-04  0.00000E+00
  7.28000E-01  1.00000E+00  1.00000E-04  0.00000E+00
  7.29000E-01  1.00000E+00  1.00000E-04  0.00000E+00
  7.30000E-01  1.00000E+00  1.00000E-04  0.00000E+00
  7.31000E-01  1.00000E+00  1.00000E-04  0.00000E+00
  7.32000E-01  1.00000E+00  1.00000E-04  0.00000E+00
  7.33000E-01  1.00000E+00  1.00000E-04  0.00000E+00
  7.34000E-01  1.00000E+00  1.00000E-04  0.00000E+00
  7.35000E-01  1.00000E+00  1.00000E-04  0.00000E+00
  7.36000E-01  1.00000E+00  1.00000E-04  0.00000E+00
  7.37000E-01  1.00000E+00  1.00000E-04  0.00000E+00
  7.38000E-01  1.00000E+00  1.00000E-04  0.00000E+00
  7.39000E-01  1.00000E+00  1.00000E-04  0.00000E+00
  7.40000E-01  1.00000E+00  1.00000E-04  0.00000E+00
  7.41000E-01  1.00000E+00  1.00000E-04  0.00000E+00
  7.42000E-01  1.00000E+00  1.00000E-04 -3.10646E-11
  7.43000E-01  1.00000E+00  1.00000E-04 -1.55334E-11
  7.44000E-01  1.00000E+00  1.00000E-04  4.65985E-11
  7.45000E-01  1.00000E+00  1.00000E-04  7.76995E-17
  7.46000E-01  1.00000E+00  1.00000E-04  0.00000E+00
  7.47000E-01  1.00000E+00  1.00000E-04  0.00000E+00
  7.48000E-01  1.00000E+00  1.00000E-04  0.00000E+00
  7.49000E-01  1.00000E+00  1.00000E-04 -1.55330E-11
  7.50000E-01  1.00000E+00  1.00000E-04 -1.55327E-11
  7.51000E-01  1.00000E+00  1.00000E-04  3.10652E-11
  7.52000E-01  1.00000E+00  1.00000E-04  1.55294E-11
  7.53000E-01  1.00000E+00  1.00000E-04 -1.55294E-11
  7.54000E-01  1.00000E+00  1.00000E-04  0.00000E+00
  7.55000E-01  1.00000E+00  1.00000E-04  1.55331E-11
  7.56000E-01  1.00000E+00  1.00000E-04  0.00000E+00
  7.57000E-01  1.00000E+00  1.00000E-04 -1.55316E-11
  7.58000E-01  1.00000E+00  1.00000E-04  0.00000E+00
  7.59000E-01  1.00000E+00  1.00000E-04  0.00000E+00
  7.60000E-01  1.00000E+00  1.00000E-04  0.00000E+00
  7.61000E-01  1.00000E+00  1.00000E-04  0.00000E+00
  7.62000E-01  1.00000E+00  1.00000E-04  0.00000E+00
  7.63000E-01  1.00000E+00  1.00000E-04  0.00000E+00
  7.64000E-01  1.00000E+00  1.00000E-04  0.00000E+00
  7.65000E-01  1.00000E+00  1.00000E-04  0.00000E+00
  7.66000E-01  1.00000E+00  1.00000E-04  1.55315E-11
  7.67000E-01  1.00000E+00  1.00000E-04  0.00000E+00
  7.68000E-01  1.00000E+00  1.00000E-04 -1.55330E-11
  7.69000E-01  1.00000E+00  1.00000E-04 -9.31920E-11
  7.70000E-01  1.00000E+00  1.00000E-04  0.00000E+00
  7.71000E-01  1.00000E+00  1.00000E-04 -2.78336E-10
  7.72000E-01  1.00000E+00  1.00000E-04 -7.48338E-08
  7.73000E-01  1.00000E+00  1.00125E-04 -7.35414E-13
  7.74000E-01  1.00000E+00  1.00000E-04  7.44402E-08
  7.75000E-01  1.00000E+00  1.00000E-04 -8.09374E-08
  7.76000E-01  1.00000E+00  1.00135E-04  7.09847E-13
  7.77000E-01  1.00000E+00  1.00000E-04  8.13119E-08
  7.78000E-01  1.00000E+00  1.00000E-04  4.47948E-10
  7.79000E-01  1.00000E+00  1.00000E-04  0.00000E+00
  7.80000E-01  1.00000E+00  1.00000E-04 -4.65955E-11
  7.81000E-01  1.00000E+00  1.00000E-04  1.55315E-11
  7.82000E-01  1.00000E+00  1.00000E-04  0.00000E+00
  7.83000E-01  1.00000E+00  1.00000E-04 -1.55306E-11
  7.84000E-01  1.00000E+00  1.00000E-04  4.66023E-11
  7.85000E-01  1.00000E+00  1.00000E-04  0.00000E+00
  7.86000E-01  1.00000E+00  1.00000E-04 -4.65987E-11
  7.87000E-01  1.00000E+00  1.00000E-04  0.00000E+00
  7.88000E-01  1.00000E+00  1.00000E-04  0.00000E+00
  7.89000E-01  1.00000E+00  1.00000E-04  0.00000E+00
  7.90000E-01  1.00000E+00  1.00000E-04  0.00000E+00
  7.91000E-01  1.00000E+00  1.00000E-04  0.00000E+00
  7.92000E-01  1.00000E+00  1.00000E-04 -1.55297E-11
  7.93000E-01  1.00000E+00  1.00000E-04  0.00000E+00
  7.94000E-01  1.00000E+00  1.00000E-04  1.55298E-11
  7.95000E-01  1.00000E+00  1.00000E-04 -1.55333E-11
  7.96000E-01  1.00000E+00  1.00000E-04  0.00000E+00
  7.97000E-01  1.00000E+00  1.00000E-04  1.55315E-11
  7.98000E-01  1.00000E+00  1.00000E-04  6.21251E-11
  7.99000E-01  9.99999E-01  9.99999E-05  0.00000E+00
  8.00000E-01  1.00000E+00  1.00000E-04 -6.21259E-11
  8.01000E-01  1.00000E+00  1.00000E-04  6.21363E-11
  8.02000E-01  9.99999E-01  9.99999E-05  0.00000E+00
  8.03000E-01  1.00000E+00  1.00000E-04 -6.21197E-11
  8.04000E-01  1.00000E+00  1.00000E-04  0.00000E+00
  8.05000E-01  1.00000E+00  1.00000E-04 -3.17170E-10
  8.06000E-01  1.00000E+00  1.00000E-04 -6.41537E-08
  8.07000E-01  1.00000E+00  1.00107E-04 -5.62123E-13
  8.08000E-01  1.00000E+00  1.00000E-04  6.38388E-08
  8.09000E-01  1.00000E+00  1.00000E-04 -6.38347E-08
  8.10000E-01  1.00000E+00  1.00107E-04  5.78568E-13
  8.11000E-01  1.00000E+00  1.00000E-04  6.41553E-08
  8.12000E-01  1.00000E+00  1.00000E-04  3.63110E-10
  8.13000E-01  1.00000E+00  1.00000E-04  0.00000E+00
  8.14000E-01  1.00000E+00  1.00000E-04 -4.65954E-11
  8.15000E-01  1.00000E+00  1.00000E-04  4.66017E-11
  8.16000E-01  1.00000E+00  1.00000E-04  1.55309E-11
  8.17000E-01  1.00000E+00  1.00000E-04 -9.31886E-11
  8.18000E-01  1.00000E+00  1.00000E-04  1.55337E-11
  8.19000E-01  1.00000E+00  1.00000E-04  1.55314E-11
  8.20000E-01  1.00000E+00  1.00000E-04  0.00000E+00
  8.21000E-01  1.00000E+00  1.00000E-04  0.00000E+00
  8.22000E-01  1.00000E+00  1.00000E-04  0.00000E+00
  8.23000E-01  1.00000E+00  1.00000E-04  3.10630E-11
  8.24000E-01  1.00000E+00  1.00000E-04  2.47443E-16
  8.25000E-01  1.00000E+00  1.00000E-04 -1.55349E-11
  8.26000E-01  1.00000E+00  1.00000E-04  7.76995E-17
  8.27000E-01  1.00000E+00  1.00000E-04 -1.55324E-11
  8.28000E-01  1.00000E+00  1.00000E-04  0.00000E+00
  8.29000E-01  1.00000E+00  1.00000E-04  1.55321E-11
  8.30000E-01  1.00000E+00  1.00000E-04  0.00000E+00
  8.31000E-01  1.00000E+00  1.00000E-04 -1.55335E-11
  8.32000E-01  1.00000E+00  1.00000E-04  0.00000E+00
  8.33000E-01  1.00000E+00  1.00000E-04  0.00000E+00
  8.34000E-01  1.00000E+00  1.00000E-04  3.10692E-11
  8.35000E-01  1.00000E+00  1.00000E-04  0.00000E+00
  8.36000E-01  1.00000E+00  1.00000E-04 -3.10662E-11
  8.37000E-01  1.00000E+00  1.00000E-04  0.00000E+00
  8.38000E-01  1.00000E+00  1.00000E-04 -3.91787E-10
  8.39000E-01  1.00000E+00  1.00000E-04 -7.92655E-08
  8.40000E-01  1.00000E+00  1.00132E-04 -6.38926E-11
  8.41000E-01  1.00000E+00  1.00000E-04  7.93384E-08
  8.42000E-01  1.00000E+00  1.00000E-04  4.22874E-10
  8.43000E-01  1.00000E+00  1.00000E-04  8.54695E-17
  8.44000E-01  1.00000E+00  1.00000E-04 -3.10656E-11
  8.45000E-01  1.00000E+00  1.00000E-04  1.55334E-11
  8.46000E-01  1.00000E+00  1.00000E-04  0.00000E+00
  8.47000E-01  1.00000E+00  1.00000E-04 -3.10636E-11
  8.48000E-01  1.00000E+00  1.00000E-04  1.55360E-11
  8.49000E-01  1.00000E+00  1.00000E-04  0.00000E+00
  8.50000E-01  1.00000E+00  1.00000E-04  0.00000E+00
  8.51000E-01  1.00000E+00  1.00000E-04 -7.76653E-12
  8.52000E-01  1.00000E+00  1.00000E-04 -7.76620E-12
  8.53000E-01  1.00000E+00  1.00000E-04  3.10612E-11
  8.54000E-01  1.00000E+00  1.00000E-04  2.41632E-12
  8.55000E-01  1.00000E+00  1.00000E-04  6.65134E-10
  8.56000E-01  9.99994E-01  9.99994E-05 -5.81046E-16
  8.57000E-01  1.00000E+00  1.00000E-04 -6.78286E-10
  8.58000E-01  1.00000E+00  1.00000E-04  1.34870E-10
  8.59000E-01  9.99999E-01  9.99999E-05  8.54695E-17
  8.60000E-01  1.00000E+00  1.00000E-04 -1.39788E-10
  8.61000E-01  1.00000E+00  1.00000E-04  0.00000E+00
  8.62000E-01  1.00000E+00  1.00000E-04  0.00000E+00
  8.63000E-01  1.00000E+00  1.00000E-04  0.00000E+00
  8.64000E-01  1.00000E+00  1.00000E-04  0.00000E+00
  8.65000E-01  1.00000E+00  1.00000E-04  0.00000E+00
  8.66000E-01  1.00000E+00  1.00000E-04  1.55328E-11
  8.67000E-01  1.00000E+00  1.00000E-04  3.10656E-11
  8.68000E-01  1.00000E+00  1.00000E-04 -4.65998E-11
  8.69000E-01  1.00000E+00  1.00000E-04  0.00000E+00
  8.70000E-01  1.00000E+00  1.00000E-04  0.00000E+00
  8.71000E-01  1.00000E+00  1.00000E-04  1.55344E-11
  8.72000E-01  1.00000E+00  1.00000E-04  4.65935E-11
  8.73000E-01  1.00000E+00  1.00000E-04 -9.31926E-11
  8.74000E-01  1.00000E+00  1.00000E-04  1.55342E-11
  8.75000E-01  1.00000E+00  1.00000E-04  1.55312E-11
  8.76000E-01  1.00000E+00  1.00000E-04  3.10602E-11
  8.77000E-01  1.00000E+00  1.00000E-04  0.00000E+00
  8.78000E-01  1.00000E+00  1.00000E-04 -4.65969E-11
  8.79000E-01  1.00000E+00  1.00000E-04  4.66021E-11
  8.80000E-01  1.00000E+00  1.00000E-04  1.55343E-11
  8.81000E-01  1.00000E+00  1.00000E-04  1.39763E-10
  8.82000E-01  9.99998E-01  9.99998E-05  7.76995E-17
  8.83000E-01  1.00000E+00  1.00000E-04 -1.86353E-10
  8.84000E-01  1.00000E+00  1.00000E-04  1.55320E-11
  8.85000E-01  1.00000E+00  1.00000E-04  0.00000E+00
  8.86000E-01  1.00000E+00  1.00000E-04 -1.55348E-11
  8.87000E-01  1.00000E+00  1.00000E-04  0.00000E+00
  8.88000E-01  1.00000E+00  1.00000E-04  0.00000E+00
  8.89000E-01  1.00000E+00  1.00000E-04  1.55332E-11
  8.90000E-01  1.00000E+00  1.00000E-04  0.00000E+00
  8.91000E-01  1.00000E+00  1.00000E-04 -1.55299E-11
  8.92000E-01  1.00000E+00  1.00000E-04  0.00000E+00
  8.93000E-01  1.00000E+00  1.00000E-04  0.00000E+00
  8.94000E-01  1.00000E+00  1.00000E-04  0.00000E+00
  8.95000E-01  1.00000E+00  1.00000E-04  1.55327E-11
  8.96000E-01  1.00000E+00  1.00000E-04 -1.55339E-11
  8.97000E-01  1.00000E+00  1.00000E-04  0.00000E+00
  8.98000E-01  1.00000E+00  1.00000E-04  0.00000E+00
  8.99000E-01  1.00000E+00  1.00000E-04 -2.44871E-16
  9.00000E-01  1.00000E+00  1.00000E-04  1.14794E-16
  9.01000E-01  1.00000E+00  1.00000E-04  1.30077E-16
  9.02000E-01  1.00000E+00  1.00000E-04  0.00000E+00
  9.03000E-01  1.00000E+00  1.00000E-04 -7.76695E-12
  9.04000E-01  1.00000E+00  1.00000E-04 -7.76522E-12
  9.05000E-01  1.00000E+00  1.00000E-04  8.54695E-17
  9.06000E-01  1.00000E+00  1.00000E-04 -3.10661E-11
  9.07000E-01  1.00000E+00  1.00000E-04  3.10702E-11
  9.08000E-01  1.00000E+00  1.00000E-04  1.55297E-11
  9.09000E-01  1.00000E+00  1.00000E-04  1.55324E-11
  9.10000E-01  1.00000E+00  1.00000E-04 -7.76567E-12
  9.11000E-01  1.00000E+00  1.00000E-04 -7.76598E-12
  9.12000E-01  1.00000E+00  1.00000E-04  7.76995E-17
  9.13000E-01  1.00000E+00  1.00000E-04  0.00000E+00
  9.14000E-01  1.00000E+00  1.00000E-04  0.00000E+00
  9.15000E-01  1.00000E+00  1.00000E-04  0.00000E+00
  9.16000E-01  1.00000E+00  1.00000E-04  6.21261E-11
  9.17000E-01  9.99999E-01  9.99999E-05  0.00000E+00
  9.18000E-01  1.00000E+00  1.00000E-04 -6.21344E-11
  9.19000E-01  1.00000E+00  1.00000E-04  0.00000E+00
  9.20000E-01  1.00000E+00  1.00000E-04  0.00000E+00
  9.21000E-01  1.00000E+00  1.00000E-04  7.76655E-11
  9.22000E-01  9.99999E-01  9.99999E-05  3.02648E-16
  9.23000E-01  1.00000E+00  1.00000E-04 -4.65874E-11
  9.24000E-01  1.00000E+00  1.00000E-04  4.65840E-11
  9.25000E-01  1.00000E+00  1.00000E-04 -4.65844E-11
  9.26000E-01  1.00000E+00  1.00000E-04 -3.10618E-11
  9.27000E-01  1.00000E+00  1.00000E-04  0.00000E+00
  9.28000E-01  1.00000E+00  1.00000E-04 -2.33099E-16
  9.29000E-01  1.00000E+00  1.00000E-04  7.76995E-17
  9.30000E-01  1.00000E+00  1.00000E-04  7.76995E-17
  9.31000E-01  1.00000E+00  1.00000E-04  1.55306E-11
  9.32000E-01  1.00000E+00  1.00000E-04  5.59436E-12
  9.33000E-01  1.00000E+00  1.00000E-04 -5.59447E-12
  9.34000E-01  1.00000E+00  1.00000E-04 -1.55337E-11
  9.35000E-01  1.00000E+00  1.00000E-04  0.00000E+00
  9.36000E-01  1.00000E+00  1.00000E-04 -3.10608E-11
  9.37000E-01  1.00000E+00  1.00000E-04  0.00000E+00
  9.38000E-01  1.00000E+00  1.00000E-04  9.31772E-11
  9.39000E-01  1.00000E+00  1.00000E-04  0.00000E+00
  9.40000E-01  1.00000E+00  1.00000E-04 -9.32008E-11
  9.41000E-01  1.00000E+00  1.00000E-04  0.00000E+00
  9.42000E-01  1.00000E+00  1.00000E-04  1.08707E-10
  9.43000E-01  1.00000E+00  1.00000E-04 -1.55287E-11
  9.44000E-01  1.00000E+00  1.00000E-04 -1.55336E-11
  9.45000E-01  1.00000E+00  1.00000E-04  4.19213E-10
  9.46000E-01  9.99996E-01  9.99996E-05  1.24243E-10
  9.47000E-01  1.00000E+00  1.00000E-04 -6.05504E-10
  9.48000E-01  1.00000E+00  1.00000E-04  1.55329E-11
  9.49000E-01  1.00000E+00  1.00000E-04  1.55290E-11
  9.50000E-01  1.00000E+00  1.00000E-04  4.65830E-11
  9.51000E-01  1.00000E+00  1.00000E-04  1.55326E-11
  9.52000E-01  1.00000E+00  1.00000E-04 -1.50477E-12
  9.53000E-01  1.00000E+00  1.00000E-04 -1.40287E-11
  9.54000E-01  1.00000E+00  1.00000E-04 -1.39763E-10
  9.55000E-01  1.00000E+00  1.00000E-04  4.66020E-11
  9.56000E-01  1.00000E+00  1.00000E-04  4.66056E-11
  9.57000E-01  1.00000E+00  1.00000E-04  1.55346E-11
  9.58000E-01  1.00000E+00  1.00000E-04  3.10617E-11
  9.59000E-01  1.00000E+00  1.00000E-04 -9.31662E-11
  9.60000E-01  1.00000E+00  1.00000E-04  1.55288E-11
  9.61000E-01  1.00000E+00  1.00000E-04  1.55325E-11
  9.62000E-01  1.00000E+00  1.00000E-04 -3.10599E-11
  9.63000E-01  1.00000E+00  1.00000E-04 -6.21371E-11
  9.64000E-01  1.00000E+00  1.00000E-04  1.55323E-10
  9.65000E-01  1.00000E+00  1.00000E-04  1.55319E-11
  9.66000E-01  1.00000E+00  1.00000E-04 -1.86332E-10
  9.67000E-01  1.00000E+00  1.00000E-04  6.21420E-11
  9.68000E-01  1.00000E+00  1.00000E-04 -1.21530E-16
  9.69000E-01  1.00000E+00  1.00000E-04 -1.55349E-11
  9.70000E-01  1.00000E+00  1.00000E-04  1.55324E-11
  9.71000E-01  1.00000E+00  1.00000E-04  1.08692E-10
  9.72000E-01  9.99999E-01  9.99999E-05  3.10659E-11
  9.73000E-01  1.00000E+00  1.00000E-04  4.96875E-10
  9.74000E-01  9.99995E-01  9.99995E-05  3.10562E-11
  9.75000E-01  1.00000E+00  1.00000E-04 -6.48819E-10
  9.76000E-01  1.00000E+00  1.00000E-04  5.88479E-11
  9.77000E-01  1.00000E+00  9.99999E-05  4.65925E-11
  9.78000E-01  1.00000E+00  1.00000E-04 -1.39755E-10
  9.79000E-01  9.99999E-01  1.00000E-04  1.47978E-15
  9.80000E-01  1.00000E+00  1.00000E-04  3.41546E-10
  9.81000E-01  9.99998E-01  9.99998E-05  1.55391E-11
  9.82000E-01  1.00000E+00  1.00000E-04 -4.50275E-10
  9.83000E-01  1.00000E+00  1.00000E-04  6.21205E-11
  9.84000E-01  1.00000E+00  1.00000E-04  2.75202E-15
  9.85000E-01  1.00000E+00  1.00000E-04  5.27980E-10
  9.86000E-01  9.99996E-01  9.99995E-05 -4.34625E-10
  9.87000E-01  1.00001E+00  1.00001E-04 -5.43575E-10
  9.88000E-01  1.00000E+00  1.00000E-04  3.74104E-10
  9.89000E-01  1.00000E+00  1.00000E-04  2.05970E-09
  9.90000E-01  9.99981E-01  9.99981E-05  1.82835E-10
  9.91000E-01  1.00000E+00  1.00000E-04 -2.05950E-09
  9.92000E-01  1.00000E+00  1.00000E-04 -1.39339E-11
  9.93000E-01  1.00000E+00  1.00000E-04  0.00000E+00
  9.94000E-01  1.00000E+00  1.00000E-04 -3.10613E-11
  9.95000E-01  1.00000E+00  1.00000E-04  0.00000E+00
  9.96000E-01  1.00000E+00  1.00000E-04  3.10670E-11
  9.97000E-01  1.00000E+00  1.00000E-04  0.00000E+00
  9.98000E-01  1.00000E+00  1.00000E-04  0.00000E+00
  9.99000E-01  1.00000E+00  1.00000E-04  0.00000E+00
