  0.00000E+00  4.75341E-05  7.56841E+01  3.16735E-02
  1.00000E-03  4.75340E-05  7.56847E+01  9.33183E-02
  2.00000E-03  4.75346E-05  7.56855E+01  1.47307E-01
  3.00000E-03  4.75364E-05  7.56860E+01  1.92496E-01
  4.00000E-03  4.75412E-05  7.56863E+01  2.38777E-01
  5.00000E-03  4.75630E-05  7.56867E+01  2.94466E-01
  6.00000E-03  4.76113E-05  7.56876E+01  3.58890E-01
  7.00000E-03  4.76744E-05  7.56887E+01  4.24774E-01
  8.00000E-03  4.77434E-05  7.56898E+01  4.82264E-01
  9.00000E-03  4.77982E-05  7.56904E+01  5.32082E-01
  1.00000E-02  4.78351E-05  7.56905E+01  5.78606E-01
  1.10000E-02  4.78751E-05  7.56904E+01  6.26019E-01
  1.20000E-02  4.80064E-05  7.56904E+01  6.74236E-01
  1.30000E-02  4.88509E-05  7.56904E+01  7.22253E-01
  1.40000E-02  5.08094E-05  7.56905E+01  7.70992E-01
  1.50000E-02  5.39066E-05  7.56904E+01  8.21159E-01
  1.60000E-02  5.76689E-05  7.56903E+01  8.73277E-01
  1.70000E-02  6.19333E-05  7.56903E+01  9.25179E-01
  1.80000E-02  6.65250E-05  7.56905E+01  9.77698E-01
  1.90000E-02  7.16280E-05  7.56906E+01  1.02874E+00
  2.00000E-02  7.72487E-05  7.56904E+01  1.07867E+00
  2.10000E-02  8.34226E-05  7.56904E+01  1.13050E+00
  2.20000E-02  9.00827E-05  7.56904E+01  1.18089E+00
  2.30000E-02  9.78127E-05  7.56904E+01  1.23242E+00
  2.40000E-02  1.05996E-04  7.56903E+01  1.28379E+00
  2.50000E-02  1.15737E-04  7.56903E+01  1.33407E+00
  2.60000E-02  1.26861E-04  7.56902E+01  1.38564E+00
  2.70000E-02  1.39705E-04  7.56904E+01  1.43823E+00
  2.80000E-02  1.55274E-04  7.56904E+01  1.49243E+00
  2.90000E-02  1.73243E-04  7.56907E+01  1.54399E+00
  3.00000E-02  1.94943E-04  7.56909E+01  1.59484E+00
  3.10000E-02  2.20851E-04  7.56910E+01  1.64787E+00
  3.20000E-02  2.52048E-04  7.56915E+01  1.70263E+00
  3.30000E-02  2.89349E-04  7.56915E+01  1.75403E+00
  3.40000E-02  3.33999E-04  7.56918E+01  1.80311E+00
  3.50000E-02  3.85693E-04  7.56923E+01  1.85595E+00
  3.60000E-02  4.46579E-04  7.56926E+01  1.91063E+00
  3.70000E-02  5.15586E-04  7.56925E+01  1.96004E+00
  3.80000E-02  5.92621E-04  7.56933E+01  2.00855E+00
  3.90000E-02  6.78423E-04  7.56958E+01  2.05363E+00
  4.00000E-02  7.70785E-04  7.57006E+01  2.09717E+00
  4.10000E-02  8.71625E-04  7.57052E+01  2.13421E+00
  4.20000E-02  9.79569E-04  7.57091E+01  2.17692E+00
  4.30000E-02  1.09265E-03  7.57126E+01  2.22944E+00
  4.40000E-02  1.21530E-03  7.57136E+01  2.28328E+00
  4.50000E-02  1.34298E-03  7.57133E+01  2.33981E+00
  4.60000E-02  1.47920E-03  7.57147E+01  2.39224E+00
  4.70000E-02  1.62149E-03  7.57154E+01  2.45016E+00
  4.80000E-02  1.77225E-03  7.57163E+01  2.50439E+00
  4.90000E-02  1.93416E-03  7.57191E+01  2.55953E+00
  5.00000E-02  2.10223E-03  7.57192E+01  2.61228E+00
  5.10000E-02  2.28421E-03  7.57211E+01  2.66933E+00
  5.20000E-02  2.47511E-03  7.57221E+01  2.72273E+00
  5.30000E-02  2.68137E-03  7.57237E+01  2.77756E+00
  5.40000E-02  2.90138E-03  7.57212E+01  2.83140E+00
  5.50000E-02  3.13708E-03  7.57258E+01  2.88877E+00
  5.60000E-02  3.39053E-03  7.57326E+01  2.94799E+00
  5.70000E-02  3.66420E-03  7.57354E+01  3.00262E+00
  5.80000E-02  3.95851E-03  7.57432E+01  3.05587E+00
  5.90000E-02  4.26777E-03  7.57494E+01  3.09982E+00
  6.00000E-02  4.60794E-03  7.57478E+01  3.13948E+00
  6.10000E-02  4.96296E-03  7.57571E+01  3.16705E+00
  6.20000E-02  5.35315E-03  7.57767E+01  3.18595E+00
  6.30000E-02  5.74284E-03  7.57788E+01  3.22274E+00
  6.40000E-02  6.17409E-03  7.57837E+01  3.28719E+00
  6.50000E-02  6.62007E-03  7.57797E+01  3.33432E+00
  6.60000E-02  7.08582E-03  7.57798E+01  3.39182E+00
  6.70000E-02  7.57369E-03  7.57907E+01  3.45108E+00
  6.80000E-02  8.07788E-03  7.57909E+01  3.50672E+00
  6.90000E-02  8.60995E-03  7.57926E+01  3.55670E+00
  7.00000E-02  9.15277E-03  7.57921E+01  3.60431E+00
  7.10000E-02  9.72943E-03  7.57928E+01  3.65691E+00
  7.20000E-02  1.03335E-02  7.57969E+01  3.72096E+00
  7.30000E-02  1.09478E-02  7.57980E+01  3.77490E+00
  7.40000E-02  1.15924E-02  7.57994E+01  3.82222E+00
  7.50000E-02  1.22768E-02  7.58025E+01  3.87244E+00
  7.60000E-02  1.29929E-02  7.58044E+01  3.91919E+00
  7.70000E-02  1.37310E-02  7.58258E+01  3.97059E+00
  7.80000E-02  1.45118E-02  7.58521E+01  4.00746E+00
  7.90000E-02  1.53230E-02  7.58606E+01  4.06024E+00
  8.00000E-02  1.61705E-02  7.58599E+01  4.11509E+00
  8.10000E-02  1.70552E-02  7.58578E+01  4.16184E+00
  8.20000E-02  1.80040E-02  7.58637E+01  4.21705E+00
  8.30000E-02  1.89634E-02  7.58751E+01  4.28183E+00
  8.40000E-02  1.99886E-02  7.58873E+01  4.32222E+00
  8.50000E-02  2.10276E-02  7.58965E+01  4.36332E+00
  8.60000E-02  2.21410E-02  7.59211E+01  4.41049E+00
  8.70000E-02  2.33003E-02  7.59558E+01  4.46740E+00
  8.80000E-02  2.44837E-02  7.59594E+01  4.52249E+00
  8.90000E-02  2.57585E-02  7.59654E+01  4.58284E+00
  9.00000E-02  2.70534E-02  7.59873E+01  4.64962E+00
  9.10000E-02  2.84374E-02  7.60387E+01  4.67466E+00
  9.20000E-02  2.98513E-02  7.60749E+01  4.72995E+00
  9.30000E-02  3.13657E-02  7.60823E+01  4.78919E+00
  9.40000E-02  3.28929E-02  7.61130E+01  4.84971E+00
  9.50000E-02  3.45327E-02  7.61343E+01  4.90168E+00
  9.60000E-02  3.61962E-02  7.61887E+01  4.94988E+00
  9.70000E-02  3.79605E-02  7.62396E+01  5.00955E+00
  9.80000E-02  3.97665E-02  7.62431E+01  5.05634E+00
  9.90000E-02  4.16573E-02  7.62591E+01  5.09662E+00
  1.00000E-01  4.35930E-02  7.62998E+01  5.14779E+00
  1.01000E-01  4.56481E-02  7.63333E+01  5.19368E+00
  1.02000E-01  4.77346E-02  7.63516E+01  5.25629E+00
  1.03000E-01  4.99024E-02  7.64016E+01  5.30859E+00
  1.04000E-01  5.21810E-02  7.64321E+01  5.34653E+00
  1.05000E-01  5.45078E-02  7.64817E+01  5.40644E+00
  1.06000E-01  5.69037E-02  7.65283E+01  5.45529E+00
  1.07000E-01  5.94853E-02  7.65985E+01  5.50971E+00
  1.08000E-01  6.20191E-02  7.66354E+01  5.55640E+00
  1.09000E-01  6.47449E-02  7.66996E+01  5.60764E+00
  1.10000E-01  6.75660E-02  7.67820E+01  5.66715E+00
  1.11000E-01  7.03859E-02  7.68276E+01  5.71252E+00
  1.12000E-01  7.34237E-02  7.69170E+01  5.77573E+00
  1.13000E-01  7.64892E-02  7.69690E+01  5.82599E+00
  1.14000E-01  7.96744E-02  7.70506E+01  5.88456E+00
  1.15000E-01  8.30067E-02  7.71440E+01  5.93982E+00
  1.16000E-01  8.63759E-02  7.72105E+01  5.99027E+00
  1.17000E-01  8.99434E-02  7.73121E+01  6.05006E+00
  1.18000E-01  9.35647E-02  7.73627E+01  6.09421E+00
  1.19000E-01  9.72852E-02  7.74783E+01  6.15574E+00
  1.20000E-01  1.01275E-01  7.75884E+01  6.20915E+00
  1.21000E-01  1.05246E-01  7.76662E+01  6.25203E+00
  1.22000E-01  1.09423E-01  7.78289E+01  6.31272E+00
  1.23000E-01  1.13712E-01  7.79213E+01  6.35816E+00
  1.24000E-01  1.18185E-01  7.80565E+01  6.41120E+00
  1.25000E-01  1.22767E-01  7.82017E+01  6.46821E+00
  1.26000E-01  1.27465E-01  7.82957E+01  6.51402E+00
  1.27000E-01  1.32431E-01  7.84688E+01  6.57995E+00
  1.28000E-01  1.37417E-01  7.85699E+01  6.63236E+00
  1.29000E-01  1.42610E-01  7.86836E+01  6.68581E+00
  1.30000E-01  1.48062E-01  7.89151E+01  6.75536E+00
  1.31000E-01  1.53530E-01  7.90266E+01  6.79837E+00
  1.32000E-01  1.59317E-01  7.92222E+01  6.86168E+00
  1.33000E-01  1.65240E-01  7.94220E+01  6.92421E+00
  1.34000E-01  1.71208E-01  7.95510E+01  6.96735E+00
  1.35000E-01  1.77581E-01  7.98238E+01  7.03463E+00
  1.36000E-01  1.84061E-01  8.00162E+01  7.08211E+00
  1.37000E-01  1.90674E-01  8.01844E+01  7.13028E+00
  1.38000E-01  1.97678E-01  8.05184E+01  7.20780E+00
  1.39000E-01  2.04700E-01  8.06754E+01  7.25243E+00
  1.40000E-01  2.12021E-01  8.09327E+01  7.31519E+00
  1.41000E-01  2.19689E-01  8.12816E+01  7.38389E+00
  1.42000E-01  2.27499E-01  8.14398E+01  7.41575E+00
  1.43000E-01  2.35529E-01  8.17965E+01  7.48613E+00
  1.44000E-01  2.44256E-01  8.21538E+01  7.55679E+00
  1.45000E-01  2.52389E-01  8.23123E+01  7.59568E+00
  1.46000E-01  2.61722E-01  8.27310E+01  7.67073E+00
  1.47000E-01  2.71001E-01  8.31123E+01  7.73831E+00
  1.48000E-01  2.80058E-01  8.33412E+01  7.77617E+00
  1.49000E-01  2.90551E-01  8.38490E+01  7.86090E+00
  1.50000E-01  3.00180E-01  8.42255E+01  7.91295E+00
  1.51000E-01  3.10820E-01  8.45154E+01  7.95468E+00
  1.52000E-01  3.21846E-01  8.50876E+01  8.04965E+00
  1.53000E-01  3.32954E-01  8.54759E+01  8.10349E+00
  1.54000E-01  3.44172E-01  8.57816E+01  8.15031E+00
  1.55000E-01  3.56775E-01  8.64576E+01  8.24722E+00
  1.56000E-01  3.68826E-01  8.68796E+01  8.29661E+00
  1.57000E-01  3.81638E-01  8.73391E+01  8.34793E+00
  1.58000E-01  3.95433E-01  8.80815E+01  8.43878E+00
  1.59000E-01  4.08989E-01  8.85419E+01  8.48510E+00
  1.60000E-01  4.22929E-01  8.90286E+01  8.54015E+00
  1.61000E-01  4.38679E-01  8.99370E+01  8.64722E+00
  1.62000E-01  4.53533E-01  9.04004E+01  8.70042E+00
  1.63000E-01  4.69126E-01  9.09233E+01  8.74842E+00
  1.64000E-01  4.86370E-01  9.19232E+01  8.85165E+00
  1.65000E-01  5.03683E-01  9.26260E+01  8.91194E+00
  1.66000E-01  5.20129E-01  9.31218E+01  8.95393E+00
  1.67000E-01  5.40405E-01  9.42967E+01  9.06380E+00
  1.68000E-01  5.58589E-01  9.50564E+01  9.13614E+00
  1.69000E-01  5.78305E-01  9.56764E+01  9.17781E+00
  1.70000E-01  5.99426E-01  9.68921E+01  9.28499E+00
  1.71000E-01  6.22181E-01  9.79952E+01  9.36739E+00
  1.72000E-01  6.42519E-01  9.85594E+01  9.40151E+00
  1.73000E-01  6.67201E-01  9.98800E+01  9.50150E+00
  1.74000E-01  6.92881E-01  1.01250E+02  9.60966E+00
  1.75000E-01  7.15902E-01  1.01973E+02  9.64746E+00
  1.76000E-01  7.43633E-01  1.03282E+02  9.73163E+00
  1.77000E-01  7.72440E-01  1.05001E+02  9.85415E+00
  1.78000E-01  8.00006E-01  1.05935E+02  9.90254E+00
  1.79000E-01  8.29184E-01  1.07102E+02  9.96430E+00
  1.80000E-01  8.63305E-01  1.09214E+02  1.01018E+01
  1.81000E-01  8.96424E-01  1.10552E+02  1.01764E+01
  1.82000E-01  9.27362E-01  1.11648E+02  1.02218E+01
  1.83000E-01  9.66554E-01  1.13849E+02  1.03498E+01
  1.84000E-01  1.00589E+00  1.15863E+02  1.04522E+01
  1.85000E-01  1.04131E+00  1.17022E+02  1.04952E+01
  1.86000E-01  1.08494E+00  1.19173E+02  1.06017E+01
  1.87000E-01  1.13135E+00  1.21879E+02  1.07389E+01
  1.88000E-01  1.17482E+00  1.23437E+02  1.07941E+01
  1.89000E-01  1.22064E+00  1.25343E+02  1.08648E+01
  1.90000E-01  1.27590E+00  1.28514E+02  1.10187E+01
  1.91000E-01  1.33040E+00  1.31037E+02  1.11083E+01
  1.92000E-01  1.38200E+00  1.33016E+02  1.11626E+01
  1.93000E-01  1.44262E+00  1.35941E+02  1.12885E+01
  1.94000E-01  1.51067E+00  1.39598E+02  1.14249E+01
  1.95000E-01  1.57167E+00  1.42074E+02  1.14907E+01
  1.96000E-01  1.64006E+00  1.44923E+02  1.15858E+01
  1.97000E-01  1.71857E+00  1.49128E+02  1.17296E+01
  1.98000E-01  1.79749E+00  1.52831E+02  1.18275E+01
  1.99000E-01  1.87509E+00  1.55752E+02  1.19086E+01
  2.00000E-01  1.96565E+00  1.60195E+02  1.20422E+01
  2.01000E-01  2.06318E+00  1.65115E+02  1.21695E+01
  2.02000E-01  2.15950E+00  1.69015E+02  1.22565E+01
  2.03000E-01  2.25940E+00  1.73298E+02  1.23626E+01
  2.04000E-01  2.37821E+00  1.79126E+02  1.25132E+01
  2.05000E-01  2.49320E+00  1.84331E+02  1.26102E+01
  2.06000E-01  2.61692E+00  1.89132E+02  1.27000E+01
  2.07000E-01  2.76185E+00  1.95850E+02  1.28645E+01
  2.08000E-01  2.90396E+00  2.02954E+02  1.29977E+01
  2.09000E-01  3.03676E+00  2.07840E+02  1.30457E+01
  2.10000E-01  3.22024E+00  2.14740E+02  1.31658E+01
  2.11000E-01  3.44076E+00  2.25246E+02  1.34274E+01
  2.12000E-01  3.55910E+00  2.31395E+02  1.34475E+01
  2.13000E-01  3.52416E+00  2.13802E+02  1.29303E+01
  2.14000E-01  2.61261E+00  1.15482E+02  9.47063E+00
  2.15000E-01  1.42993E+00  1.79627E+01  2.72533E+00
  2.16000E-01  1.05038E+00  2.98022E-01  1.20724E-01
  2.17000E-01  1.00142E+00  1.39985E-04  1.71466E-04
  2.18000E-01  1.00000E+00  1.00000E-04  1.42696E-08
  2.19000E-01  1.00000E+00  1.00000E-04  2.22515E-14
  2.20000E-01  1.00000E+00  1.00000E-04  1.33973E-14
  2.21000E-01  1.00000E+00  1.00000E-04  1.34750E-14
  2.22000E-01  1.00000E+00  1.00000E-04  0.00000E+00
  2.23000E-01  1.00000E+00  1.00000E-04  0.00000E+00
  2.24000E-01  1.00000E+00  1.00000E-04  0.00000E+00
  2.25000E-01  1.00000E+00  1.00000E-04  0.00000E+00
  2.26000E-01  1.00000E+00  1.00000E-04  0.00000E+00
  2.27000E-01  1.00000E+00  1.00000E-04  0.00000E+00
  2.28000E-01  1.00000E+00  1.00000E-04  0.00000E+00
  2.29000E-01  1.00000E+00  1.00000E-04  6.80458E-11
  2.30000E-01  1.00000E+00  1.00000E-04  0.00000E+00
  2.31000E-01  1.00000E+00  1.00000E-04 -6.80410E-11
  2.32000E-01  1.00000E+00  1.00000E-04 -4.36673E-16
  2.33000E-01  1.00000E+00  1.00000E-04 -2.04248E-10
  2.34000E-01  1.00000E+00  1.00000E-04  1.36165E-10
  2.35000E-01  1.00000E+00  1.00000E-04  6.80345E-11
  2.36000E-01  1.00000E+00  1.00000E-04  0.00000E+00
  2.37000E-01  1.00000E+00  1.00000E-04  0.00000E+00
  2.38000E-01  1.00000E+00  1.00000E-04  0.00000E+00
  2.39000E-01  1.00000E+00  1.00000E-04  0.00000E+00
  2.40000E-01  1.00000E+00  1.00000E-04  0.00000E+00
  2.41000E-01  1.00000E+00  1.00000E-04  0.00000E+00
  2.42000E-01  1.00000E+00  1.00000E-04  0.00000E+00
  2.43000E-01  1.00000E+00  1.00000E-04  0.00000E+00
  2.44000E-01  1.00000E+00  1.00000E-04  0.00000E+00
  2.45000E-01  1.00000E+00  1.00000E-04  0.00000E+00
  2.46000E-01  1.00000E+00  1.00000E-04  0.00000E+00
  2.47000E-01  1.00000E+00  1.00000E-04 -3.74387E-10
  2.48000E-01  1.00000E+00  1.00000E-04  0.00000E+00
  2.49000E-01  1.00000E+00  1.00000E-04  3.74202E-10
  2.50000E-01  1.00000E+00  1.00000E-04  0.00000E+00
  2.51000E-01  1.00000E+00  1.00000E-04  0.00000E+00
  2.52000E-01  1.00000E+00  1.00000E-04  1.02084E-10
  2.53000E-01  1.00000E+00  1.00000E-04 -6.80377E-11
  2.54000E-01  1.00000E+00  1.00000E-04 -6.80625E-11
  2.55000E-01  1.00000E+00  1.00000E-04 -3.40208E-11
  2.56000E-01  1.00000E+00  1.00000E-04  8.54697E-17
  2.57000E-01  1.00000E+00  1.00000E-04  6.80549E-11
  2.58000E-01  1.00000E+00  1.00000E-04  0.00000E+00
  2.59000E-01  1.00000E+00  1.00000E-04  0.00000E+00
  2.60000E-01  1.00000E+00  1.00000E-04  0.00000E+00
  2.61000E-01  1.00000E+00  1.00000E-04  0.00000E+00
  2.62000E-01  1.00000E+00  1.00000E-04  3.40200E-11
  2.63000E-01  1.00000E+00  1.00000E-04  0.00000E+00
  2.64000E-01  1.00000E+00  1.00000E-04 -3.40357E-11
  2.65000E-01  1.00000E+00  1.00000E-04  0.00000E+00
  2.66000E-01  1.00000E+00  1.00000E-04  0.00000E+00
  2.67000E-01  1.00000E+00  1.00000E-04  0.00000E+00
  2.68000E-01  1.00000E+00  1.00000E-04  0.00000E+00
  2.69000E-01  1.00000E+00  1.00000E-04  0.00000E+00
  2.70000E-01  1.00000E+00  1.00000E-04  1.02113E-10
  2.71000E-01  1.00000E+00  1.00000E-04  6.80352E-11
  2.72000E-01  1.00000E+00  1.00000E-04 -3.40369E-11
  2.73000E-01  1.00000E+00  1.00000E-04 -3.40330E-10
  2.74000E-01  1.00000E+00  1.00000E-04  1.02150E-10
  2.75000E-01  1.00000E+00  1.00000E-04  3.40362E-11
  2.76000E-01  1.00000E+00  1.00000E-04  3.40269E-11
  2.77000E-01  1.00000E+00  1.00000E-04  3.40268E-11
  2.78000E-01  1.00000E+00  1.00000E-04 -3.40276E-11
  2.79000E-01  1.00000E+00  1.00000E-04 -7.76997E-17
  2.80000E-01  1.00000E+00  1.00000E-04  1.47532E-15
  2.81000E-01  1.00000E+00  1.00000E-04  1.43821E-15
  2.82000E-01  1.00000E+00  1.00000E-04  1.03793E-15
  2.83000E-01  1.00000E+00  1.00000E-04 -8.58471E-10
  2.84000E-01  1.00000E+00  1.00000E-04 -2.17698E-07
  2.85000E-01  1.00000E+00  1.00194E-04 -3.32865E-07
  2.86000E-01  1.00000E+00  1.00212E-04  2.67929E-07
  2.87000E-01  1.00000E+00  1.00000E-04  1.08395E-08
  2.88000E-01  1.00000E+00  1.00206E-04  2.85908E-09
  2.89000E-01  1.00000E+00  1.00000E-04  2.67041E-07
  2.90000E-01  1.00000E+00  1.00000E-04  2.80885E-09
  2.91000E-01  1.00000E+00  1.00000E-04  3.12839E-11
  2.92000E-01  1.00000E+00  1.00000E-04  3.40206E-11
  2.93000E-01  1.00000E+00  1.00000E-04 -3.40286E-11
  2.94000E-01  1.00000E+00  1.00000E-04 -1.02048E-10
  2.95000E-01  1.00000E+00  1.00000E-04  0.00000E+00
  2.96000E-01  1.00000E+00  1.00000E-04  0.00000E+00
  2.97000E-01  1.00000E+00  1.00000E-04  0.00000E+00
  2.98000E-01  1.00000E+00  1.00000E-04  0.00000E+00
  2.99000E-01  1.00000E+00  1.00000E-04  0.00000E+00
  3.00000E-01  1.00000E+00  1.00000E-04  0.00000E+00
  3.01000E-01  1.00000E+00  1.00000E-04  0.00000E+00
  3.02000E-01  1.00000E+00  1.00000E-04  0.00000E+00
  3.03000E-01  1.00000E+00  1.00000E-04  0.00000E+00
  3.04000E-01  1.00000E+00  1.00000E-04  0.00000E+00
  3.05000E-01  1.00000E+00  1.00000E-04  0.00000E+00
  3.06000E-01  1.00000E+00  1.00000E-04  0.00000E+00
  3.07000E-01  1.00000E+00  1.00000E-04  1.02095E-10
  3.08000E-01  1.00000E+00  1.00000E-04  6.80668E-11
  3.09000E-01  1.00000E+00  1.00000E-04 -1.02122E-10
  3.10000E-01  1.00000E+00  1.00000E-04 -6.80785E-11
  3.11000E-01  1.00000E+00  1.00000E-04  3.40234E-11
  3.12000E-01  1.00000E+00  1.00000E-04 -3.40141E-11
  3.13000E-01  1.00000E+00  1.00000E-04 -3.40413E-11
  3.14000E-01  1.00000E+00  1.00000E-04  1.70152E-11
  3.15000E-01  1.00000E+00  1.00000E-04  1.70150E-11
  3.16000E-01  1.00000E+00  1.00000E-04  7.76997E-17
  3.17000E-01  1.00000E+00  1.00000E-04  3.40238E-11
  3.18000E-01  1.00000E+00  1.00000E-04 -1.02069E-10
  3.19000E-01  1.00000E+00  1.00000E-04 -3.40389E-11
  3.20000E-01  1.00000E+00  1.00000E-04  1.36149E-10
  3.21000E-01  1.00000E+00  1.00000E-04 -3.40183E-11
  3.22000E-01  1.00000E+00  1.00000E-04 -1.36161E-10
  3.23000E-01  1.00000E+00  1.00000E-04  2.04198E-10
  3.24000E-01  1.00000E+00  1.00000E-04 -1.70088E-10
  3.25000E-01  1.00000E+00  1.00000E-04  1.70225E-11
  3.26000E-01  1.00000E+00  1.00000E-04  1.70198E-11
  3.27000E-01  1.00000E+00  1.00000E-04  1.13497E-11
  3.28000E-01  1.00000E+00  1.00000E-04  1.13344E-11
  3.29000E-01  1.00000E+00  1.00000E-04  1.13368E-11
  3.30000E-01  1.00000E+00  1.00000E-04  3.40132E-11
  3.31000E-01  1.00000E+00  1.00000E-04  0.00000E+00
  3.32000E-01  1.00000E+00  1.00000E-04  1.02079E-10
  3.33000E-01  1.00000E+00  1.00000E-04  3.40135E-11
  3.34000E-01  1.00000E+00  1.00000E-04 -1.02052E-10
  3.35000E-01  1.00000E+00  1.00000E-04  2.39237E-16
  3.36000E-01  1.00000E+00  1.00000E-04  1.03418E-16
  3.37000E-01  1.00000E+00  1.00000E-04 -3.40431E-11
  3.38000E-01  1.00000E+00  1.00000E-04  0.00000E+00
  3.39000E-01  1.00000E+00  1.00000E-04 -1.36087E-10
  3.40000E-01  1.00000E+00  1.00000E-04 -3.40383E-11
  3.41000E-01  1.00000E+00  1.00000E-04  1.36080E-10
  3.42000E-01  1.00000E+00  1.00000E-04 -3.40363E-11
  3.43000E-01  1.00000E+00  1.00000E-04  3.40299E-11
  3.44000E-01  1.00000E+00  1.00000E-04  4.42286E-10
  3.45000E-01  9.99999E-01  9.99999E-05 -5.44211E-10
  3.46000E-01  1.00000E+00  1.00000E-04 -2.91438E-10
  3.47000E-01  1.00000E+00  1.00000E-04 -1.52504E-09
  3.48000E-01  1.00000E+00  1.00001E-04  9.66776E-10
  3.49000E-01  1.00000E+00  9.99996E-05  1.66162E-09
  3.50000E-01  1.00000E+00  1.00000E-04 -9.13285E-10
  3.51000E-01  1.00000E+00  1.00000E-04  2.37402E-10
  3.52000E-01  1.00000E+00  1.00000E-04  0.00000E+00
  3.53000E-01  1.00000E+00  1.00000E-04  0.00000E+00
  3.54000E-01  1.00000E+00  1.00000E-04  0.00000E+00
  3.55000E-01  1.00000E+00  1.00000E-04  0.00000E+00
  3.56000E-01  1.00000E+00  1.00000E-04  0.00000E+00
  3.57000E-01  1.00000E+00  1.00000E-04  0.00000E+00
  3.58000E-01  1.00000E+00  1.00000E-04  0.00000E+00
  3.59000E-01  1.00000E+00  1.00000E-04  0.00000E+00
  3.60000E-01  1.00000E+00  1.00000E-04  0.00000E+00
  3.61000E-01  1.00000E+00  1.00000E-04 -7.76996E-17
  3.62000E-01  1.00000E+00  1.00000E-04  0.00000E+00
  3.63000E-01  1.00000E+00  1.00000E-04  7.76996E-17
  3.64000E-01  1.00000E+00  1.00000E-04  0.00000E+00
  3.65000E-01  1.00000E+00  1.00000E-04  0.00000E+00
  3.66000E-01  1.00000E+00  1.00000E-04  0.00000E+00
  3.67000E-01  1.00000E+00  1.00000E-04  0.00000E+00
  3.68000E-01  1.00000E+00  1.00000E-04  0.00000E+00
  3.69000E-01  1.00000E+00  1.00000E-04  0.00000E+00
  3.70000E-01  1.00000E+00  1.00000E-04  0.00000E+00
  3.71000E-01  1.00000E+00  1.00000E-04  0.00000E+00
  3.72000E-01  1.00000E+00  1.00000E-04 -6.80551E-11
  3.73000E-01  1.00000E+00  1.00000E-04 -6.80605E-11
  3.74000E-01  1.00000E+00  1.00000E-04  1.02108E-10
  3.75000E-01  1.00000E+00  1.00000E-04 -3.74292E-10
  3.76000E-01  1.00000E+00  1.00000E-04  7.78319E-17
  3.77000E-01  1.00000E+00  1.00000E-04  4.08423E-10
  3.78000E-01  1.00000E+00  1.00000E-04  0.00000E+00
  3.79000E-01  1.00000E+00  1.00000E-04  0.00000E+00
  3.80000E-01  1.00000E+00  1.00000E-04  0.00000E+00
  3.81000E-01  1.00000E+00  1.00000E-04  1.02090E-10
  3.82000E-01  1.00000E+00  1.00000E-04  3.40275E-11
  3.83000E-01  1.00000E+00  1.00000E-04 -1.02054E-10
  3.84000E-01  1.00000E+00  1.00000E-04  6.80549E-11
  3.85000E-01  1.00000E+00  1.00000E-04 -1.59962E-16
  3.86000E-01  1.00000E+00  1.00000E-04 -1.02086E-10
  3.87000E-01  1.00000E+00  1.00000E-04  0.00000E+00
  3.88000E-01  1.00000E+00  1.00000E-04  0.00000E+00
  3.89000E-01  1.00000E+00  1.00000E-04  0.00000E+00
  3.90000E-01  1.00000E+00  1.00000E-04  0.00000E+00
  3.91000E-01  1.00000E+00  1.00000E-04  0.00000E+00
  3.92000E-01  1.00000E+00  1.00000E-04  0.00000E+00
  3.93000E-01  1.00000E+00  1.00000E-04  0.00000E+00
  3.94000E-01  1.00000E+00  1.00000E-04  0.00000E+00
  3.95000E-01  1.00000E+00  1.00000E-04  0.00000E+00
  3.96000E-01  1.00000E+00  1.00000E-04  0.00000E+00
  3.97000E-01  1.00000E+00  1.00000E-04  1.02083E-10
  3.98000E-01  1.00000E+00  1.00000E-04 -1.02112E-10
  3.99000E-01  1.00000E+00  1.00000E-04 -3.40250E-11
  4.00000E-01  1.00000E+00  1.00000E-04  3.40228E-11
  4.01000E-01  1.00000E+00  1.00000E-04  0.00000E+00
  4.02000E-01  1.00000E+00  1.00000E-04  0.00000E+00
  4.03000E-01  1.00000E+00  1.00000E-04  0.00000E+00
  4.04000E-01  1.00000E+00  1.00000E-04 -2.62590E-09
  4.05000E-01  1.00000E+00  1.00000E-04 -2.53734E-07
  4.06000E-01  1.00000E+00  1.00194E-04 -3.93538E-11
  4.07000E-01  1.00000E+00  1.00000E-04  2.53681E-07
  4.08000E-01  1.00000E+00  1.00000E-04  2.72370E-09
  4.09000E-01  1.00000E+00  1.00000E-04  0.00000E+00
  4.10000E-01  1.00000E+00  1.00000E-04  0.00000E+00
  4.11000E-01  1.00000E+00  1.00000E-04  0.00000E+00
  4.12000E-01  1.00000E+00  1.00000E-04  0.00000E+00
  4.13000E-01  1.00000E+00  1.00000E-04  0.00000E+00
  4.14000E-01  1.00000E+00  1.00000E-04  0.00000E+00
  4.15000E-01  1.00000E+00  1.00000E-04 -2.72329E-09
  4.16000E-01  1.00000E+00  1.00000E-04 -2.53713E-07
  4.17000E-01  1.00000E+00  1.00194E-04 -2.07917E-13
  4.18000E-01  1.00000E+00  1.00000E-04  2.53689E-07
  4.19000E-01  1.00000E+00  1.00000E-04  2.72646E-09
  4.20000E-01  1.00000E+00  1.00000E-04  3.22311E-11
  4.21000E-01  1.00000E+00  1.00000E-04  0.00000E+00
  4.22000E-01  1.00000E+00  1.00000E-04  0.00000E+00
  4.23000E-01  1.00000E+00  1.00000E-04  1.36106E-10
  4.24000E-01  1.00000E+00  9.99999E-05  0.00000E+00
  4.25000E-01  1.00000E+00  1.00000E-04 -1.02104E-10
  4.26000E-01  1.00000E+00  1.00000E-04 -1.01786E-16
  4.27000E-01  1.00000E+00  1.00000E-04  7.48752E-10
  4.28000E-01  9.99996E-01  9.99996E-05  3.40321E-11
  4.29000E-01  1.00000E+00  1.00000E-04 -8.05858E-10
  4.30000E-01  1.00000E+00  1.00000E-04 -1.05355E-11
  4.31000E-01  1.00000E+00  1.00000E-04  0.00000E+00
  4.32000E-01  1.00000E+00  1.00000E-04  6.80627E-11
  4.33000E-01  1.00000E+00  1.00000E-04  0.00000E+00
  4.34000E-01  1.00000E+00  1.00000E-04 -6.80479E-11
  4.35000E-01  1.00000E+00  1.00000E-04  0.00000E+00
  4.36000E-01  1.00000E+00  1.00000E-04 -7.76996E-17
  4.37000E-01  1.00000E+00  1.00000E-04 -1.02123E-10
  4.38000E-01  1.00000E+00  1.00000E-04  3.40396E-11
  4.39000E-01  1.00000E+00  1.00000E-04  6.80574E-11
  4.40000E-01  1.00000E+00  1.00000E-04  0.00000E+00
  4.41000E-01  1.00000E+00  1.00000E-04  3.40381E-11
  4.42000E-01  1.00000E+00  1.00000E-04  0.00000E+00
  4.43000E-01  1.00000E+00  1.00000E-04 -3.40320E-11
  4.44000E-01  1.00000E+00  1.00000E-04  3.40363E-11
  4.45000E-01  1.00000E+00  1.00000E-04  0.00000E+00
  4.46000E-01  1.00000E+00  1.00000E-04 -3.40174E-11
  4.47000E-01  1.00000E+00  1.00000E-04  0.00000E+00
  4.48000E-01  1.00000E+00  1.00000E-04  0.00000E+00
  4.49000E-01  1.00000E+00  1.00000E-04  0.00000E+00
  4.50000E-01  1.00000E+00  1.00000E-04  3.40295E-11
  4.51000E-01  1.00000E+00  1.00000E-04 -1.36148E-10
  4.52000E-01  1.00000E+00  1.00000E-04 -3.40559E-11
  4.53000E-01  1.00000E+00  1.00000E-04  1.36067E-10
  4.54000E-01  1.00000E+00  1.00000E-04  3.40230E-11
  4.55000E-01  1.00000E+00  1.00000E-04  0.00000E+00
  4.56000E-01  1.00000E+00  1.00000E-04 -1.70159E-11
  4.57000E-01  1.00000E+00  1.00000E-04 -1.70173E-11
  4.58000E-01  1.00000E+00  1.00000E-04  7.76996E-17
  4.59000E-01  1.00000E+00  1.00000E-04  0.00000E+00
  4.60000E-01  1.00000E+00  1.00000E-04  3.40191E-11
  4.61000E-01  1.00000E+00  1.00000E-04 -6.80348E-11
  4.62000E-01  1.00000E+00  1.00000E-04 -3.40395E-11
  4.63000E-01  1.00000E+00  1.00000E-04  6.80709E-11
  4.64000E-01  1.00000E+00  1.00000E-04  3.40277E-11
  4.65000E-01  1.00000E+00  1.00000E-04  0.00000E+00
  4.66000E-01  1.00000E+00  1.00000E-04 -3.40239E-11
  4.67000E-01  1.00000E+00  1.00000E-04  3.40360E-11
  4.68000E-01  1.00000E+00  1.00000E-04  3.40142E-11
  4.69000E-01  1.00000E+00  1.00000E-04 -1.70171E-10
  4.70000E-01  1.00000E+00  1.00000E-04  6.80705E-11
  4.71000E-01  1.00000E+00  1.00000E-04  3.40303E-11
  4.72000E-01  1.00000E+00  1.00000E-04 -1.36102E-10
  4.73000E-01  1.00000E+00  1.00000E-04  3.40434E-11
  4.74000E-01  1.00000E+00  1.00000E-04  1.02054E-10
  4.75000E-01  1.00000E+00  1.00000E-04 -6.59449E-16
  4.76000E-01  1.00000E+00  1.00000E-04  8.54695E-17
  4.77000E-01  1.00000E+00  1.00000E-04 -6.80368E-11
  4.78000E-01  1.00000E+00  1.00000E-04  3.40425E-11
  4.79000E-01  1.00000E+00  1.00000E-04  6.80394E-11
  4.80000E-01  1.00000E+00  1.00000E-04  6.80401E-11
  4.81000E-01  1.00000E+00  1.00000E-04  3.40365E-11
  4.82000E-01  1.00000E+00  1.00000E-04 -1.02068E-10
  4.83000E-01  1.00000E+00  1.00000E-04 -2.38201E-10
  4.84000E-01  1.00000E+00  1.00000E-04 -1.32075E-10
  4.85000E-01  1.00000E+00  1.00000E-04  6.67045E-10
  4.86000E-01  1.00000E+00  9.99999E-05 -9.25163E-11
  4.87000E-01  1.00000E+00  1.00000E-04 -9.67478E-16
  4.88000E-01  9.99999E-01  9.99999E-05 -9.99366E-12
  4.89000E-01  1.00000E+00  1.00000E-04 -1.57681E-09
  4.90000E-01  1.00000E+00  1.00000E-04  5.65505E-10
  4.91000E-01  1.00000E+00  1.00000E-04  7.82426E-10
  4.92000E-01  1.00000E+00  1.00000E-04  2.38178E-10
  4.93000E-01  9.99999E-01  9.99999E-05 -3.40412E-11
  4.94000E-01  1.00000E+00  1.00000E-04 -2.04200E-10
  4.95000E-01  1.00000E+00  1.00000E-04  0.00000E+00
  4.96000E-01  1.00000E+00  1.00000E-04  0.00000E+00
  4.97000E-01  1.00000E+00  1.00000E-04  0.00000E+00
  4.98000E-01  1.00000E+00  1.00000E-04  0.00000E+00
  4.99000E-01  1.00000E+00  1.00000E-04  0.00000E+00
  5.00000E-01  1.00000E+00  1.00000E-04  0.00000E+00
  5.01000E-01  1.00000E+00  1.00000E-04  0.00000E+00
  5.02000E-01  1.00000E+00  1.00000E-04  0.00000E+00
  5.03000E-01  1.00000E+00  1.00000E-04  0.00000E+00
  5.04000E-01  1.00000E+00  1.00000E-04  0.00000E+00
  5.05000E-01  1.00000E+00  1.00000E-04  4.08325E-10
  5.06000E-01  9.99998E-01  9.99998E-05  0.00000E+00
  5.07000E-01  1.00000E+00  1.00000E-04 -4.08424E-10
  5.08000E-01  1.00000E+00  1.00000E-04  0.00000E+00
  5.09000E-01  1.00000E+00  1.00000E-04  0.00000E+00
  5.10000E-01  1.00000E+00  1.00000E-04 -7.76996E-17
  5.11000E-01  1.00000E+00  1.00000E-04  0.00000E+00
  5.12000E-01  1.00000E+00  1.00000E-04  7.76995E-17
  5.13000E-01  1.00000E+00  1.00000E-04  0.00000E+00
  5.14000E-01  1.00000E+00  1.00000E-04  0.00000E+00
  5.15000E-01  1.00000E+00  1.00000E-04  0.00000E+00
  5.16000E-01  1.00000E+00  1.00000E-04  2.72278E-10
  5.17000E-01  9.99999E-01  9.99999E-05  0.00000E+00
  5.18000E-01  1.00000E+00  1.00000E-04 -2.72299E-10
  5.19000E-01  1.00000E+00  1.00000E-04  0.00000E+00
  5.20000E-01  1.00000E+00  1.00000E-04 -7.76996E-17
  5.21000E-01  1.00000E+00  1.00000E-04  0.00000E+00
  5.22000E-01  1.00000E+00  1.00000E-04  7.76996E-17
  5.23000E-01  1.00000E+00  1.00000E-04  0.00000E+00
  5.24000E-01  1.00000E+00  1.00000E-04  0.00000E+00
  5.25000E-01  1.00000E+00  1.00000E-04  0.00000E+00
  5.26000E-01  1.00000E+00  1.00000E-04  0.00000E+00
  5.27000E-01  1.00000E+00  1.00000E-04  0.00000E+00
  5.28000E-01  1.00000E+00  1.00000E-04  0.00000E+00
  5.29000E-01  1.00000E+00  1.00000E-04  1.36115E-10
  5.30000E-01  9.99999E-01  9.99999E-05  0.00000E+00
  5.31000E-01  1.00000E+00  1.00000E-04 -1.36111E-10
  5.32000E-01  1.00000E+00  1.00000E-04  0.00000E+00
  5.33000E-01  1.00000E+00  1.00000E-04 -3.40281E-11
  5.34000E-01  1.00000E+00  1.00000E-04 -3.40205E-11
  5.35000E-01  1.00000E+00  1.00000E-04  0.00000E+00
  5.36000E-01  1.00000E+00  1.00000E-04  3.40239E-11
  5.37000E-01  1.00000E+00  1.00000E-04  3.40277E-11
  5.38000E-01  1.00000E+00  1.00000E-04  0.00000E+00
  5.39000E-01  1.00000E+00  1.00000E-04  0.00000E+00
  5.40000E-01  1.00000E+00  1.00000E-04  0.00000E+00
  5.41000E-01  1.00000E+00  1.00000E-04 -3.40300E-11
  5.42000E-01  1.00000E+00  1.00000E-04  0.00000E+00
  5.43000E-01  1.00000E+00  1.00000E-04  3.40278E-11
  5.44000E-01  1.00000E+00  1.00000E-04  3.40273E-11
  5.45000E-01  1.00000E+00  1.00000E-04  0.00000E+00
  5.46000E-01  1.00000E+00  1.00000E-04 -3.40244E-11
  5.47000E-01  1.00000E+00  1.00000E-04  0.00000E+00
  5.48000E-01  1.00000E+00  1.00000E-04  0.00000E+00
  5.49000E-01  1.00000E+00  1.00000E-04  0.00000E+00
  5.50000E-01  1.00000E+00  1.00000E-04 -1.04927E-15
  5.51000E-01  1.00000E+00  1.00000E-04 -8.61812E-16
  5.52000E-01  1.00000E+00  1.00000E-04  1.91108E-15
  5.53000E-01  1.00000E+00  1.00000E-04  3.40277E-11
  5.54000E-01  1.00000E+00  1.00000E-04  0.00000E+00
  5.55000E-01  1.00000E+00  1.00000E-04 -3.40183E-11
  5.56000E-01  1.00000E+00  1.00000E-04  1.02108E-10
  5.57000E-01  1.00000E+00  1.00000E-04 -9.40165E-17
  5.58000E-01  1.00000E+00  1.00000E-04  0.00000E+00
  5.59000E-01  1.00000E+00  1.00000E-04  0.00000E+00
  5.60000E-01  1.00000E+00  1.00000E-04  0.00000E+00
  5.61000E-01  1.00000E+00  1.00000E-04  9.40165E-17
  5.62000E-01  1.00000E+00  1.00000E-04 -5.10433E-11
  5.63000E-01  1.00000E+00  1.00000E-04 -5.10447E-11
  5.64000E-01  1.00000E+00  1.00000E-04 -1.64181E-11
  5.65000E-01  1.00000E+00  1.00000E-04  1.64132E-11
  5.66000E-01  1.00000E+00  1.00000E-04  6.80596E-11
  5.67000E-01  1.00000E+00  1.00000E-04  0.00000E+00
  5.68000E-01  1.00000E+00  1.00000E-04 -6.80566E-11
  5.69000E-01  1.00000E+00  1.00000E-04  0.00000E+00
  5.70000E-01  1.00000E+00  1.00000E-04  6.80774E-11
  5.71000E-01  1.00000E+00  1.00000E-04 -9.40165E-17
  5.72000E-01  1.00000E+00  1.00000E-04  0.00000E+00
  5.73000E-01  1.00000E+00  1.00000E-04  9.40165E-17
  5.74000E-01  1.00000E+00  1.00000E-04 -6.80343E-11
  5.75000E-01  1.00000E+00  1.00000E-04  0.00000E+00
  5.76000E-01  1.00000E+00  1.00000E-04  0.00000E+00
  5.77000E-01  1.00000E+00  1.00000E-04  0.00000E+00
  5.78000E-01  1.00000E+00  1.00000E-04  0.00000E+00
  5.79000E-01  1.00000E+00  1.00000E-04  0.00000E+00
  5.80000E-01  1.00000E+00  1.00000E-04  0.00000E+00
  5.81000E-01  1.00000E+00  1.00000E-04  3.40215E-11
  5.82000E-01  1.00000E+00  1.00000E-04  0.00000E+00
  5.83000E-01  1.00000E+00  1.00000E-04 -1.02055E-10
  5.84000E-01  1.00000E+00  1.00000E-04  2.26937E-11
  5.85000E-01  1.00000E+00  1.00000E-04  2.26943E-11
  5.86000E-01  1.00000E+00  1.00000E-04  2.26923E-11
  5.87000E-01  1.00000E+00  1.00000E-04  0.00000E+00
  5.88000E-01  1.00000E+00  1.00000E-04  0.00000E+00
  5.89000E-01  1.00000E+00  1.00000E-04  0.00000E+00
  5.90000E-01  1.00000E+00  1.00000E-04  0.00000E+00
  5.91000E-01  1.00000E+00  1.00000E-04  0.00000E+00
  5.92000E-01  1.00000E+00  1.00000E-04  0.00000E+00
  5.93000E-01  1.00000E+00  1.00000E-04  1.02111E-10
  5.94000E-01  1.00000E+00  1.00000E-04 -1.03418E-16
  5.95000E-01  1.00000E+00  1.00000E-04 -9.40164E-17
  5.96000E-01  1.00000E+00  1.00000E-04  0.00000E+00
  5.97000E-01  1.00000E+00  1.00000E-04  3.58972E-16
  5.98000E-01  1.00000E+00  1.00000E-04  1.03418E-16
  5.99000E-01  1.00000E+00  1.00000E-04 -1.02054E-10
  6.00000E-01  1.00000E+00  1.00000E-04  0.00000E+00
  6.01000E-01  1.00000E+00  1.00000E-04 -2.72614E-09
  6.02000E-01  1.00000E+00  1.00000E-04 -2.53943E-07
  6.03000E-01  1.00000E+00  1.00194E-04  1.38347E-10
  6.04000E-01  1.00000E+00  1.00000E-04  2.53763E-07
  6.05000E-01  1.00000E+00  1.00000E-04  2.73486E-09
  6.06000E-01  1.00000E+00  1.00000E-04  3.27118E-10
  6.07000E-01  9.99999E-01  9.99999E-05 -2.08425E-11
  6.08000E-01  1.00000E+00  1.00000E-04 -1.36126E-10
  6.09000E-01  9.99999E-01  9.99999E-05  3.40219E-11
  6.10000E-01  1.00000E+00  1.00000E-04 -1.70073E-10
  6.11000E-01  1.00000E+00  1.00000E-04 -3.40332E-11
  6.12000E-01  1.00000E+00  1.00000E-04  1.02106E-10
  6.13000E-01  1.00000E+00  1.00000E-04  0.00000E+00
  6.14000E-01  1.00000E+00  1.00000E-04 -1.02112E-10
  6.15000E-01  1.00000E+00  1.00000E-04  0.00000E+00
  6.16000E-01  1.00000E+00  1.00000E-04  0.00000E+00
  6.17000E-01  1.00000E+00  1.00000E-04  0.00000E+00
  6.18000E-01  1.00000E+00  1.00000E-04  0.00000E+00
  6.19000E-01  1.00000E+00  1.00000E-04  0.00000E+00
  6.20000E-01  1.00000E+00  1.00000E-04  0.00000E+00
  6.21000E-01  1.00000E+00  1.00000E-04  1.02056E-10
  6.22000E-01  1.00000E+00  1.00000E-04 -6.80350E-11
  6.23000E-01  1.00000E+00  1.00000E-04 -1.02106E-10
  6.24000E-01  1.00000E+00  1.00000E-04  3.40370E-11
  6.25000E-01  1.00000E+00  1.00000E-04  3.40345E-11
  6.26000E-01  1.00000E+00  1.00000E-04  0.00000E+00
  6.27000E-01  1.00000E+00  1.00000E-04 -3.40342E-11
  6.28000E-01  1.00000E+00  1.00000E-04  6.80409E-11
  6.29000E-01  1.00000E+00  1.00000E-04  0.00000E+00
  6.30000E-01  1.00000E+00  1.00000E-04 -1.13760E-16
  6.31000E-01  1.00000E+00  1.00000E-04  1.03418E-17
  6.32000E-01  1.00000E+00  1.00000E-04 -6.82979E-17
  6.33000E-01  1.00000E+00  1.00000E-04  8.62465E-17
  6.34000E-01  1.00000E+00  1.00000E-04  8.54695E-17
  6.35000E-01  1.00000E+00  1.00000E-04  0.00000E+00
  6.36000E-01  1.00000E+00  1.00000E-04 -3.40155E-11
  6.37000E-01  1.00000E+00  1.00000E-04 -3.40403E-11
  6.38000E-01  1.00000E+00  1.00000E-04  3.40336E-11
  6.39000E-01  1.00000E+00  1.00000E-04  3.40233E-11
  6.40000E-01  1.00000E+00  1.00000E-04  6.80613E-11
  6.41000E-01  1.00000E+00  1.00000E-04 -1.63169E-16
  6.42000E-01  1.00000E+00  1.00000E-04 -1.02069E-10
  6.43000E-01  1.00000E+00  1.00000E-04 -7.76996E-17
  6.44000E-01  1.00000E+00  1.00000E-04 -7.76995E-18
  6.45000E-01  1.00000E+00  1.00000E-04  8.54695E-17
  6.46000E-01  1.00000E+00  1.00000E-04  3.40340E-11
  6.47000E-01  1.00000E+00  1.00000E-04 -7.76996E-17
  6.48000E-01  1.00000E+00  1.00000E-04  3.40344E-11
  6.49000E-01  1.00000E+00  1.00000E-04  2.04084E-10
  6.50000E-01  9.99999E-01  9.99999E-05 -1.36096E-10
  6.51000E-01  1.00000E+00  1.00000E-04 -1.36167E-10
  6.52000E-01  1.00000E+00  1.00000E-04 -3.40329E-11
  6.53000E-01  1.00000E+00  1.00000E-04  3.40420E-11
  6.54000E-01  1.00000E+00  1.00000E-04 -1.01786E-16
  6.55000E-01  1.00000E+00  1.00000E-04 -2.04212E-10
  6.56000E-01  1.00000E+00  1.00000E-04 -9.40165E-17
  6.57000E-01  1.00000E+00  1.00000E-04  3.40407E-11
  6.58000E-01  1.00000E+00  1.00000E-04  2.04219E-10
  6.59000E-01  1.00000E+00  1.00000E-04 -6.80710E-11
  6.60000E-01  1.00000E+00  1.00000E-04 -3.40230E-11
  6.61000E-01  1.00000E+00  1.00000E-04  2.04126E-10
  6.62000E-01  1.00000E+00  1.00000E-04 -1.36136E-10
  6.63000E-01  1.00000E+00  1.00000E-04  8.54695E-17
  6.64000E-01  1.00000E+00  1.00000E-04  7.76996E-17
  6.65000E-01  1.00000E+00  1.00000E-04 -2.45102E-11
  6.66000E-01  1.00000E+00  1.00000E-04  7.38761E-10
  6.67000E-01  9.99998E-01  9.99998E-05 -2.04119E-10
  6.68000E-01  1.00000E+00  1.00000E-04 -4.42258E-10
  6.69000E-01  1.00000E+00  1.00000E-04  3.40382E-11
  6.70000E-01  1.00000E+00  1.00000E-04 -4.08506E-10
  6.71000E-01  1.00000E+00  1.00000E-04  0.00000E+00
  6.72000E-01  1.00000E+00  1.00000E-04  3.74437E-10
  6.73000E-01  1.00000E+00  1.00000E-04  1.02054E-10
  6.74000E-01  1.00000E+00  1.00000E-04 -6.80594E-11
  6.75000E-01  1.00000E+00  1.00000E-04 -4.53601E-11
  6.76000E-01  1.00000E+00  1.00000E-04 -4.53590E-11
  6.77000E-01  1.00000E+00  1.00000E-04 -4.53612E-11
  6.78000E-01  1.00000E+00  1.00000E-04  1.02093E-10
  6.79000E-01  1.00000E+00  1.00000E-04 -1.70197E-10
  6.80000E-01  1.00000E+00  1.00000E-04  6.80784E-11
  6.81000E-01  1.00000E+00  9.99999E-05  3.69829E-10
  6.82000E-01  9.99999E-01  9.99999E-05 -2.67792E-10
  6.83000E-01  1.00000E+00  1.00000E-04  1.70089E-11
  6.84000E-01  1.00000E+00  1.00000E-04  1.70093E-11
  6.85000E-01  1.00000E+00  1.00000E-04 -6.80453E-11
  6.86000E-01  1.00000E+00  1.00000E-04  1.70191E-10
  6.87000E-01  9.99999E-01  9.99999E-05 -3.40203E-11
  6.88000E-01  1.00000E+00  1.00000E-04 -1.70099E-10
  6.89000E-01  1.00000E+00  1.00000E-04  1.02032E-10
  6.90000E-01  1.00000E+00  1.00000E-04 -2.05458E-15
  6.91000E-01  1.00000E+00  1.00000E-04  6.12496E-10
  6.92000E-01  9.99999E-01  9.99997E-05 -2.72086E-10
  6.93000E-01  1.00000E+00  1.00000E-04 -4.76493E-10
  6.94000E-01  1.00000E+00  9.99999E-05 -6.80168E-11
  6.95000E-01  1.00000E+00  1.00000E-04 -4.18690E-10
  6.96000E-01  1.00000E+00  1.00000E-04  2.15377E-09
  6.97000E-01  9.99995E-01  9.99994E-05 -2.38156E-10
  6.98000E-01  1.00000E+00  1.00000E-04 -1.37464E-09
  6.99000E-01  1.00000E+00  1.00000E-04 -2.02780E-11
  7.00000E-01  1.00000E+00  1.00000E-04  0.00000E+00
  7.01000E-01  1.00000E+00  1.00000E-04  0.00000E+00
  7.02000E-01  1.00000E+00  1.00000E-04  0.00000E+00
  7.03000E-01  1.00000E+00  1.00000E-04  0.00000E+00
  7.04000E-01  1.00000E+00  1.00000E-04  0.00000E+00
  7.05000E-01  1.00000E+00  1.00000E-04  2.38233E-10
  7.06000E-01  1.00000E+00  9.99999E-05  1.36082E-10
  7.07000E-01  1.00000E+00  1.00000E-04 -6.46508E-10
  7.08000E-01  1.00000E+00  1.00000E-04  1.02101E-10
  7.09000E-01  1.00000E+00  1.00000E-04  1.70124E-10
  7.10000E-01  1.00000E+00  1.00000E-04  0.00000E+00
  7.11000E-01  1.00000E+00  1.00000E-04  0.00000E+00
  7.12000E-01  1.00000E+00  1.00000E-04  0.00000E+00
  7.13000E-01  1.00000E+00  1.00000E-04  0.00000E+00
  7.14000E-01  1.00000E+00  1.00000E-04  0.00000E+00
  7.15000E-01  1.00000E+00  1.00000E-04  0.00000E+00
  7.16000E-01  1.00000E+00  1.00000E-04  0.00000E+00
  7.17000E-01  1.00000E+00  1.00000E-04 -3.40249E-11
  7.18000E-01  1.00000E+00  1.00000E-04  0.00000E+00
  7.19000E-01  1.00000E+00  1.00000E-04  3.37158E-11
  7.20000E-01  1.00000E+00  1.00000E-04 -3.43542E-09
  7.21000E-01  1.00000E+00  1.00000E-04 -3.20082E-07
  7.22000E-01  1.00000E+00  1.00245E-04 -7.58012E-14
  7.23000E-01  1.00000E+00  1.00000E-04  3.20063E-07
  7.24000E-01  1.00000E+00  1.00000E-04  3.34242E-09
  7.25000E-01  1.00000E+00  1.00000E-04  3.03871E-11
  7.26000E-01  1.00000E+00  1.00000E-04  6.80388E-11
  7.27000E-01  1.00000E+00  1.00000E-04  0.00000E+00
  7.28000E-01  1.00000E+00  1.00000E-04  0.00000E+00
  7.29000E-01  1.00000E+00  1.00000E-04  0.00000E+00
  7.30000E-01  1.00000E+00  1.00000E-04  0.00000E+00
  7.31000E-01  1.00000E+00  1.00000E-04  0.00000E+00
  7.32000E-01  1.00000E+00  1.00000E-04  0.00000E+00
  7.33000E-01  1.00000E+00  1.00000E-04  0.00000E+00
  7.34000E-01  1.00000E+00  1.00000E-04  0.00000E+00
  7.35000E-01  1.00000E+00  1.00000E-04  0.00000E+00
  7.36000E-01  1.00000E+00  1.00000E-04  0.00000E+00
  7.37000E-01  1.00000E+00  1.00000E-04  0.00000E+00
  7.38000E-01  1.00000E+00  1.00000E-04  0.00000E+00
  7.39000E-01  1.00000E+00  1.00000E-04  0.00000E+00
  7.40000E-01  1.00000E+00  1.00000E-04  0.00000E+00
  7.41000E-01  1.00000E+00  1.00000E-04  0.00000E+00
  7.42000E-01  1.00000E+00  1.00000E-04 -6.80605E-11
  7.43000E-01  1.00000E+00  1.00000E-04 -3.40348E-11
  7.44000E-01  1.00000E+00  1.00000E-04  1.02098E-10
  7.45000E-01  1.00000E+00  1.00000E-04  7.76995E-17
  7.46000E-01  1.00000E+00  1.00000E-04  0.00000E+00
  7.47000E-01  1.00000E+00  1.00000E-04  0.00000E+00
  7.48000E-01  1.00000E+00  1.00000E-04  0.00000E+00
  7.49000E-01  1.00000E+00  1.00000E-04 -3.40329E-11
  7.50000E-01  1.00000E+00  1.00000E-04 -3.40318E-11
  7.51000E-01  1.00000E+00  1.00000E-04  6.80625E-11
  7.52000E-01  1.00000E+00  1.00000E-04  3.40180E-11
  7.53000E-01  1.00000E+00  1.00000E-04 -3.40183E-11
  7.54000E-01  1.00000E+00  1.00000E-04  0.00000E+00
  7.55000E-01  1.00000E+00  1.00000E-04  3.40335E-11
  7.56000E-01  1.00000E+00  1.00000E-04  0.00000E+00
  7.57000E-01  1.00000E+00  1.00000E-04 -3.40275E-11
  7.58000E-01  1.00000E+00  1.00000E-04  0.00000E+00
  7.59000E-01  1.00000E+00  1.00000E-04  0.00000E+00
  7.60000E-01  1.00000E+00  1.00000E-04  0.00000E+00
  7.61000E-01  1.00000E+00  1.00000E-04  0.00000E+00
  7.62000E-01  1.00000E+00  1.00000E-04  0.00000E+00
  7.63000E-01  1.00000E+00  1.00000E-04  0.00000E+00
  7.64000E-01  1.00000E+00  1.00000E-04  0.00000E+00
  7.65000E-01  1.00000E+00  1.00000E-04  0.00000E+00
  7.66000E-01  1.00000E+00  1.00000E-04  3.40265E-11
  7.67000E-01  1.00000E+00  1.00000E-04  0.00000E+00
  7.68000E-01  1.00000E+00  1.00000E-04 -3.40328E-11
  7.69000E-01  1.00000E+00  1.00000E-04 -2.04181E-10
  7.70000E-01  1.00000E+00  1.00000E-04  0.00000E+00
  7.71000E-01  1.00000E+00  1.00000E-04 -2.98175E-09
  7.72000E-01  1.00000E+00  1.00000E-04 -2.96108E-07
  7.73000E-01  1.00000E+00  1.00227E-04 -1.37052E-11
  7.74000E-01  1.00000E+00  1.00000E-04  2.92672E-07
  7.75000E-01  1.00000E+00  1.00000E-04 -3.18534E-07
  7.76000E-01  1.00000E+00  1.00246E-04  1.30094E-11
  7.77000E-01  1.00000E+00  1.00000E-04  3.21790E-07
  7.78000E-01  1.00000E+00  1.00000E-04  3.55290E-09
  7.79000E-01  1.00000E+00  1.00000E-04  0.00000E+00
  7.80000E-01  1.00000E+00  1.00000E-04 -1.02085E-10
  7.81000E-01  1.00000E+00  1.00000E-04  3.40272E-11
  7.82000E-01  1.00000E+00  1.00000E-04  0.00000E+00
  7.83000E-01  1.00000E+00  1.00000E-04 -3.40230E-11
  7.84000E-01  1.00000E+00  1.00000E-04  1.02113E-10
  7.85000E-01  1.00000E+00  1.00000E-04  0.00000E+00
  7.86000E-01  1.00000E+00  1.00000E-04 -1.02100E-10
  7.87000E-01  1.00000E+00  1.00000E-04  0.00000E+00
  7.88000E-01  1.00000E+00  1.00000E-04  0.00000E+00
  7.89000E-01  1.00000E+00  1.00000E-04  0.00000E+00
  7.90000E-01  1.00000E+00  1.00000E-04  0.00000E+00
  7.91000E-01  1.00000E+00  1.00000E-04  0.00000E+00
  7.92000E-01  1.00000E+00  1.00000E-04 -3.40204E-11
  7.93000E-01  1.00000E+00  1.00000E-04  0.00000E+00
  7.94000E-01  1.00000E+00  1.00000E-04  3.40198E-11
  7.95000E-01  1.00000E+00  1.00000E-04 -3.40338E-11
  7.96000E-01  1.00000E+00  1.00000E-04  0.00000E+00
  7.97000E-01  1.00000E+00  1.00000E-04  3.40272E-11
  7.98000E-01  1.00000E+00  1.00000E-04  1.36106E-10
  7.99000E-01  9.99999E-01  9.99999E-05  0.00000E+00
  8.00000E-01  1.00000E+00  1.00000E-04 -1.36109E-10
  8.01000E-01  1.00000E+00  1.00000E-04  1.36150E-10
  8.02000E-01  9.99999E-01  9.99999E-05  0.00000E+00
  8.03000E-01  1.00000E+00  1.00000E-04 -1.36082E-10
  8.04000E-01  1.00000E+00  1.00000E-04  0.00000E+00
  8.05000E-01  1.00000E+00  1.00000E-04 -2.72389E-09
  8.06000E-01  1.00000E+00  1.00000E-04 -2.53714E-07
  8.07000E-01  1.00000E+00  1.00194E-04 -1.09590E-11
  8.08000E-01  1.00000E+00  1.00000E-04  2.50971E-07
  8.09000E-01  1.00000E+00  1.00000E-04 -2.50939E-07
  8.10000E-01  1.00000E+00  1.00194E-04  1.11192E-11
  8.11000E-01  1.00000E+00  1.00000E-04  2.53723E-07
  8.12000E-01  1.00000E+00  1.00000E-04  2.82282E-09
  8.13000E-01  1.00000E+00  1.00000E-04  0.00000E+00
  8.14000E-01  1.00000E+00  1.00000E-04 -1.02085E-10
  8.15000E-01  1.00000E+00  1.00000E-04  1.02110E-10
  8.16000E-01  1.00000E+00  1.00000E-04  3.40257E-11
  8.17000E-01  1.00000E+00  1.00000E-04 -2.04159E-10
  8.18000E-01  1.00000E+00  1.00000E-04  3.40355E-11
  8.19000E-01  1.00000E+00  1.00000E-04  3.40267E-11
  8.20000E-01  1.00000E+00  1.00000E-04  0.00000E+00
  8.21000E-01  1.00000E+00  1.00000E-04  0.00000E+00
  8.22000E-01  1.00000E+00  1.00000E-04  0.00000E+00
  8.23000E-01  1.00000E+00  1.00000E-04  6.80535E-11
  8.24000E-01  1.00000E+00  1.00000E-04  2.47443E-16
  8.25000E-01  1.00000E+00  1.00000E-04 -3.40395E-11
  8.26000E-01  1.00000E+00  1.00000E-04  7.76995E-17
  8.27000E-01  1.00000E+00  1.00000E-04 -3.40300E-11
  8.28000E-01  1.00000E+00  1.00000E-04  0.00000E+00
  8.29000E-01  1.00000E+00  1.00000E-04  3.40288E-11
  8.30000E-01  1.00000E+00  1.00000E-04  0.00000E+00
  8.31000E-01  1.00000E+00  1.00000E-04 -3.40346E-11
  8.32000E-01  1.00000E+00  1.00000E-04  0.00000E+00
  8.33000E-01  1.00000E+00  1.00000E-04  0.00000E+00
  8.34000E-01  1.00000E+00  1.00000E-04  6.80780E-11
  8.35000E-01  1.00000E+00  1.00000E-04  0.00000E+00
  8.36000E-01  1.00000E+00  1.00000E-04 -6.80654E-11
  8.37000E-01  1.00000E+00  1.00000E-04  0.00000E+00
  8.38000E-01  1.00000E+00  1.00000E-04 -3.36679E-09
  8.39000E-01  1.00000E+00  1.00000E-04 -3.13758E-07
  8.40000E-01  1.00000E+00  1.00240E-04 -1.38212E-10
  8.41000E-01  1.00000E+00  1.00000E-04  3.13965E-07
  8.42000E-01  1.00000E+00  1.00000E-04  3.43513E-09
  8.43000E-01  1.00000E+00  1.00000E-04  8.54695E-17
  8.44000E-01  1.00000E+00  1.00000E-04 -6.80633E-11
  8.45000E-01  1.00000E+00  1.00000E-04  3.40342E-11
  8.46000E-01  1.00000E+00  1.00000E-04  0.00000E+00
  8.47000E-01  1.00000E+00  1.00000E-04 -6.80560E-11
  8.48000E-01  1.00000E+00  1.00000E-04  3.40449E-11
  8.49000E-01  1.00000E+00  1.00000E-04  0.00000E+00
  8.50000E-01  1.00000E+00  1.00000E-04  0.00000E+00
  8.51000E-01  1.00000E+00  1.00000E-04 -1.70164E-11
  8.52000E-01  1.00000E+00  1.00000E-04 -1.70151E-11
  8.53000E-01  1.00000E+00  1.00000E-04  6.80472E-11
  8.54000E-01  1.00000E+00  1.00000E-04  2.09151E-11
  8.55000E-01  1.00000E+00  1.00000E-04  1.44179E-09
  8.56000E-01  9.99994E-01  9.99994E-05 -5.81046E-16
  8.57000E-01  1.00000E+00  1.00000E-04 -1.47249E-09
  8.58000E-01  1.00000E+00  1.00000E-04  2.81495E-10
  8.59000E-01  9.99999E-01  9.99999E-05  8.54695E-17
  8.60000E-01  1.00000E+00  1.00000E-04 -3.06270E-10
  8.61000E-01  1.00000E+00  1.00000E-04  0.00000E+00
  8.62000E-01  1.00000E+00  1.00000E-04  0.00000E+00
  8.63000E-01  1.00000E+00  1.00000E-04  0.00000E+00
  8.64000E-01  1.00000E+00  1.00000E-04  0.00000E+00
  8.65000E-01  1.00000E+00  1.00000E-04  0.00000E+00
  8.66000E-01  1.00000E+00  1.00000E-04  3.40317E-11
  8.67000E-01  1.00000E+00  1.00000E-04  6.80638E-11
  8.68000E-01  1.00000E+00  1.00000E-04 -1.02103E-10
  8.69000E-01  1.00000E+00  1.00000E-04  0.00000E+00
  8.70000E-01  1.00000E+00  1.00000E-04  0.00000E+00
  8.71000E-01  1.00000E+00  1.00000E-04  3.40382E-11
  8.72000E-01  1.00000E+00  1.00000E-04  1.02077E-10
  8.73000E-01  1.00000E+00  1.00000E-04 -2.04178E-10
  8.74000E-01  1.00000E+00  1.00000E-04  3.40374E-11
  8.75000E-01  1.00000E+00  1.00000E-04  3.40264E-11
  8.76000E-01  1.00000E+00  1.00000E-04  6.80443E-11
  8.77000E-01  1.00000E+00  1.00000E-04  0.00000E+00
  8.78000E-01  1.00000E+00  1.00000E-04 -1.02091E-10
  8.79000E-01  1.00000E+00  1.00000E-04  1.02111E-10
  8.80000E-01  1.00000E+00  1.00000E-04  3.40384E-11
  8.81000E-01  1.00000E+00  1.00000E-04  3.06181E-10
  8.82000E-01  9.99998E-01  9.99998E-05  7.76995E-17
  8.83000E-01  1.00000E+00  1.00000E-04 -4.08238E-10
  8.84000E-01  1.00000E+00  1.00000E-04  3.40285E-11
  8.85000E-01  1.00000E+00  1.00000E-04  0.00000E+00
  8.86000E-01  1.00000E+00  1.00000E-04 -3.40397E-11
  8.87000E-01  1.00000E+00  1.00000E-04  0.00000E+00
  8.88000E-01  1.00000E+00  1.00000E-04  0.00000E+00
  8.89000E-01  1.00000E+00  1.00000E-04  3.40325E-11
  8.90000E-01  1.00000E+00  1.00000E-04  0.00000E+00
  8.91000E-01  1.00000E+00  1.00000E-04 -3.40202E-11
  8.92000E-01  1.00000E+00  1.00000E-04  0.00000E+00
  8.93000E-01  1.00000E+00  1.00000E-04  0.00000E+00
  8.94000E-01  1.00000E+00  1.00000E-04  0.00000E+00
  8.95000E-01  1.00000E+00  1.00000E-04  3.40311E-11
  8.96000E-01  1.00000E+00  1.00000E-04 -3.40360E-11
  8.97000E-01  1.00000E+00  1.00000E-04  0.00000E+00
  8.98000E-01  1.00000E+00  1.00000E-04  0.00000E+00
  8.99000E-01  1.00000E+00  1.00000E-04 -2.44871E-16
  9.00000E-01  1.00000E+00  1.00000E-04  1.14794E-16
  9.01000E-01  1.00000E+00  1.00000E-04  1.30077E-16
  9.02000E-01  1.00000E+00  1.00000E-04  0.00000E+00
  9.03000E-01  1.00000E+00  1.00000E-04 -1.70137E-11
  9.04000E-01  1.00000E+00  1.00000E-04 -1.70155E-11
  9.05000E-01  1.00000E+00  1.00000E-04  8.54695E-17
  9.06000E-01  1.00000E+00  1.00000E-04 -6.80648E-11
  9.07000E-01  1.00000E+00  1.00000E-04  6.80824E-11
  9.08000E-01  1.00000E+00  1.00000E-04  3.40201E-11
  9.09000E-01  1.00000E+00  1.00000E-04  3.40298E-11
  9.10000E-01  1.00000E+00  1.00000E-04 -1.70138E-11
  9.11000E-01  1.00000E+00  1.00000E-04 -1.70131E-11
  9.12000E-01  1.00000E+00  1.00000E-04  7.76995E-17
  9.13000E-01  1.00000E+00  1.00000E-04  0.00000E+00
  9.14000E-01  1.00000E+00  1.00000E-04  0.00000E+00
  9.15000E-01  1.00000E+00  1.00000E-04  0.00000E+00
  9.16000E-01  1.00000E+00  1.00000E-04  1.36109E-10
  9.17000E-01  9.99999E-01  9.99999E-05  0.00000E+00
  9.18000E-01  1.00000E+00  1.00000E-04 -1.36141E-10
  9.19000E-01  1.00000E+00  1.00000E-04  0.00000E+00
  9.20000E-01  1.00000E+00  1.00000E-04  0.00000E+00
  9.21000E-01  1.00000E+00  1.00000E-04  1.70170E-10
  9.22000E-01  9.99999E-01  9.99999E-05  3.02648E-16
  9.23000E-01  1.00000E+00  1.00000E-04 -1.02052E-10
  9.24000E-01  1.00000E+00  1.00000E-04  1.02041E-10
  9.25000E-01  1.00000E+00  1.00000E-04 -1.02042E-10
  9.26000E-01  1.00000E+00  1.00000E-04 -6.80494E-11
  9.27000E-01  1.00000E+00  1.00000E-04  0.00000E+00
  9.28000E-01  1.00000E+00  1.00000E-04 -2.33099E-16
  9.29000E-01  1.00000E+00  1.00000E-04  7.76995E-17
  9.30000E-01  1.00000E+00  1.00000E-04  7.76995E-17
  9.31000E-01  1.00000E+00  1.00000E-04  3.40229E-11
  9.32000E-01  1.00000E+00  1.00000E-04  9.79190E-12
  9.33000E-01  1.00000E+00  1.00000E-04 -9.79189E-12
  9.34000E-01  1.00000E+00  1.00000E-04 -3.40360E-11
  9.35000E-01  1.00000E+00  1.00000E-04  0.00000E+00
  9.36000E-01  1.00000E+00  1.00000E-04 -6.80463E-11
  9.37000E-01  1.00000E+00  1.00000E-04  0.00000E+00
  9.38000E-01  1.00000E+00  1.00000E-04  2.04115E-10
  9.39000E-01  1.00000E+00  1.00000E-04  0.00000E+00
  9.40000E-01  1.00000E+00  1.00000E-04 -2.04211E-10
  9.41000E-01  1.00000E+00  1.00000E-04  0.00000E+00
  9.42000E-01  1.00000E+00  1.00000E-04  2.38138E-10
  9.43000E-01  1.00000E+00  1.00000E-04 -3.40163E-11
  9.44000E-01  1.00000E+00  1.00000E-04 -3.40358E-11
  9.45000E-01  1.00000E+00  1.00000E-04  9.18420E-10
  9.46000E-01  9.99996E-01  9.99996E-05  2.69587E-10
  9.47000E-01  1.00000E+00  1.00000E-04 -1.31796E-09
  9.48000E-01  1.00000E+00  1.00000E-04  3.11081E-11
  9.49000E-01  1.00000E+00  1.00000E-04  3.11071E-11
  9.50000E-01  1.00000E+00  1.00000E-04  1.02037E-10
  9.51000E-01  1.00000E+00  1.00000E-04  3.40308E-11
  9.52000E-01  1.00000E+00  1.00000E-04 -5.10950E-12
  9.53000E-01  1.00000E+00  1.00000E-04 -2.89246E-11
  9.54000E-01  1.00000E+00  1.00000E-04 -3.06164E-10
  9.55000E-01  1.00000E+00  1.00000E-04  1.02112E-10
  9.56000E-01  1.00000E+00  1.00000E-04  1.02126E-10
  9.57000E-01  1.00000E+00  1.00000E-04  3.40393E-11
  9.58000E-01  1.00000E+00  1.00000E-04  6.80493E-11
  9.59000E-01  1.00000E+00  1.00000E-04 -2.04073E-10
  9.60000E-01  1.00000E+00  1.00000E-04  3.40162E-11
  9.61000E-01  1.00000E+00  1.00000E-04  3.40313E-11
  9.62000E-01  1.00000E+00  1.00000E-04 -6.80449E-11
  9.63000E-01  1.00000E+00  1.00000E-04 -1.36161E-10
  9.64000E-01  1.00000E+00  1.00000E-04  3.40321E-10
  9.65000E-01  1.00000E+00  1.00000E-04  3.40234E-11
  9.66000E-01  1.00000E+00  1.00000E-04 -4.08143E-10
  9.67000E-01  1.00000E+00  1.00000E-04  1.36174E-10
  9.68000E-01  1.00000E+00  1.00000E-04 -1.21530E-16
  9.69000E-01  1.00000E+00  1.00000E-04 -3.40402E-11
  9.70000E-01  1.00000E+00  1.00000E-04  3.40321E-11
  9.71000E-01  1.00000E+00  1.00000E-04  2.38081E-10
  9.72000E-01  9.99999E-01  9.99999E-05  6.80663E-11
  9.73000E-01  1.00000E+00  1.00000E-04  1.08887E-09
  9.74000E-01  9.99995E-01  9.99995E-05  6.80390E-11
  9.75000E-01  1.00000E+00  1.00000E-04 -1.40699E-09
  9.76000E-01  1.00000E+00  1.00000E-04  1.14322E-10
  9.77000E-01  1.00000E+00  9.99999E-05  1.02087E-10
  9.78000E-01  1.00000E+00  1.00000E-04 -3.06240E-10
  9.79000E-01  9.99999E-01  1.00000E-04  1.47978E-15
  9.80000E-01  1.00000E+00  1.00000E-04  7.48192E-10
  9.81000E-01  9.99998E-01  9.99998E-05  3.40274E-11
  9.82000E-01  1.00000E+00  1.00000E-04 -9.86341E-10
  9.83000E-01  1.00000E+00  1.00000E-04  1.36106E-10
  9.84000E-01  1.00000E+00  1.00000E-04  1.74532E-11
  9.85000E-01  1.00000E+00  1.00000E-04  1.12788E-09
  9.86000E-01  9.99996E-01  9.99995E-05 -9.40957E-10
  9.87000E-01  1.00001E+00  1.00001E-04 -1.19120E-09
  9.88000E-01  1.00000E+00  1.00000E-04  8.36599E-10
  9.89000E-01  1.00000E+00  1.00000E-04  4.48287E-09
  9.90000E-01  9.99981E-01  9.99981E-05  4.04786E-10
  9.91000E-01  1.00000E+00  1.00000E-04 -4.46804E-09
  9.92000E-01  1.00000E+00  1.00000E-04 -6.60151E-11
  9.93000E-01  1.00000E+00  1.00000E-04  0.00000E+00
  9.94000E-01  1.00000E+00  1.00000E-04 -6.80473E-11
  9.95000E-01  1.00000E+00  1.00000E-04  0.00000E+00
  9.96000E-01  1.00000E+00  1.00000E-04  6.80701E-11
  9.97000E-01  1.00000E+00  1.00000E-04  0.00000E+00
  9.98000E-01  1.00000E+00  1.00000E-04  0.00000E+00
  9.99000E-01  1.00000E+00  1.00000E-04  0.00000E+00
