  0.00000E+00  1.74585E-04  6.61759E+02  1.57944E-01
  1.00000E-03  1.74588E-04  6.61760E+02  4.73297E-01
  2.00000E-03  1.74600E-04  6.61763E+02  7.87184E-01
  3.00000E-03  1.74710E-04  6.61765E+02  1.09868E+00
  4.00000E-03  1.74980E-04  6.61765E+02  1.41228E+00
  5.00000E-03  1.75320E-04  6.61765E+02  1.72829E+00
  6.00000E-03  1.75607E-04  6.61765E+02  2.04407E+00
  7.00000E-03  1.76060E-04  6.61764E+02  2.35930E+00
  8.00000E-03  1.78371E-04  6.61762E+02  2.67451E+00
  9.00000E-03  1.89319E-04  6.61760E+02  2.99209E+00
  1.00000E-02  2.08369E-04  6.61760E+02  3.30904E+00
  1.10000E-02  2.32238E-04  6.61759E+02  3.62161E+00
  1.20000E-02  2.60251E-04  6.61762E+02  3.93140E+00
  1.30000E-02  2.91867E-04  6.61763E+02  4.24290E+00
  1.40000E-02  3.29154E-04  6.61764E+02  4.56031E+00
  1.50000E-02  3.73069E-04  6.61764E+02  4.88062E+00
  1.60000E-02  4.25968E-04  6.61765E+02  5.20062E+00
  1.70000E-02  4.92100E-04  6.61773E+02  5.51498E+00
  1.80000E-02  5.77513E-04  6.61780E+02  5.83563E+00
  1.90000E-02  6.88395E-04  6.61782E+02  6.15085E+00
  2.00000E-02  8.34857E-04  6.61786E+02  6.46407E+00
  2.10000E-02  1.02812E-03  6.61791E+02  6.78106E+00
  2.20000E-02  1.27971E-03  6.61798E+02  7.09389E+00
  2.30000E-02  1.60003E-03  6.61808E+02  7.40604E+00
  2.40000E-02  1.99148E-03  6.61821E+02  7.71592E+00
  2.50000E-02  2.45530E-03  6.61842E+02  8.02679E+00
  2.60000E-02  2.98615E-03  6.61864E+02  8.33640E+00
  2.70000E-02  3.58088E-03  6.61896E+02  8.64651E+00
  2.80000E-02  4.23624E-03  6.61930E+02  8.95582E+00
  2.90000E-02  4.95542E-03  6.61978E+02  9.26916E+00
  3.00000E-02  5.73648E-03  6.62028E+02  9.57952E+00
  3.10000E-02  6.58789E-03  6.62091E+02  9.89243E+00
  3.20000E-02  7.51629E-03  6.62164E+02  1.02038E+01
  3.30000E-02  8.54114E-03  6.62231E+02  1.05112E+01
  3.40000E-02  9.66937E-03  6.62337E+02  1.08267E+01
  3.50000E-02  1.09214E-02  6.62433E+02  1.11331E+01
  3.60000E-02  1.23193E-02  6.62588E+02  1.14532E+01
  3.70000E-02  1.38782E-02  6.62695E+02  1.17524E+01
  3.80000E-02  1.56216E-02  6.62902E+02  1.20770E+01
  3.90000E-02  1.75508E-02  6.63028E+02  1.23780E+01
  4.00000E-02  1.96788E-02  6.63302E+02  1.27054E+01
  4.10000E-02  2.19972E-02  6.63514E+02  1.30102E+01
  4.20000E-02  2.45057E-02  6.63834E+02  1.33323E+01
  4.30000E-02  2.72018E-02  6.64165E+02  1.36470E+01
  4.40000E-02  3.00782E-02  6.64483E+02  1.39554E+01
  4.50000E-02  3.31623E-02  6.65030E+02  1.42883E+01
  4.60000E-02  3.64167E-02  6.65356E+02  1.45755E+01
  4.70000E-02  3.99356E-02  6.66157E+02  1.49255E+01
  4.80000E-02  4.36650E-02  6.66602E+02  1.52118E+01
  4.90000E-02  4.76989E-02  6.67494E+02  1.55516E+01
  5.00000E-02  5.20132E-02  6.68208E+02  1.58595E+01
  5.10000E-02  5.66410E-02  6.69038E+02  1.61699E+01
  5.20000E-02  6.16397E-02  6.70314E+02  1.65272E+01
  5.30000E-02  6.69647E-02  6.70944E+02  1.67958E+01
  5.40000E-02  7.27357E-02  6.72562E+02  1.71768E+01
  5.50000E-02  7.88602E-02  6.73565E+02  1.74610E+01
  5.60000E-02  8.54689E-02  6.75011E+02  1.77926E+01
  5.70000E-02  9.25623E-02  6.77021E+02  1.81522E+01
  5.80000E-02  1.00084E-01  6.78067E+02  1.84114E+01
  5.90000E-02  1.08312E-01  6.80823E+02  1.88264E+01
  6.00000E-02  1.17011E-01  6.82404E+02  1.91025E+01
  6.10000E-02  1.26385E-01  6.84699E+02  1.94378E+01
  6.20000E-02  1.36516E-01  6.88133E+02  1.98354E+01
  6.30000E-02  1.47096E-01  6.89650E+02  2.00706E+01
  6.40000E-02  1.58711E-01  6.93925E+02  2.05092E+01
  6.50000E-02  1.70913E-01  6.97130E+02  2.08221E+01
  6.60000E-02  1.83864E-01  7.00012E+02  2.11063E+01
  6.70000E-02  1.98089E-01  7.05999E+02  2.15942E+01
  6.80000E-02  2.12725E-01  7.08761E+02  2.18281E+01
  6.90000E-02  2.28654E-01  7.13958E+02  2.22071E+01
  7.00000E-02  2.46064E-01  7.21139E+02  2.26751E+01
  7.10000E-02  2.63671E-01  7.24287E+02  2.28855E+01
  7.20000E-02  2.83544E-01  7.32426E+02  2.33527E+01
  7.30000E-02  3.04744E-01  7.40826E+02  2.38005E+01
  7.40000E-02  3.26149E-01  7.44920E+02  2.40021E+01
  7.50000E-02  3.50978E-01  7.56388E+02  2.45326E+01
  7.60000E-02  3.77010E-01  7.66555E+02  2.49792E+01
  7.70000E-02  4.03345E-01  7.72152E+02  2.51800E+01
  7.80000E-02  4.34528E-01  7.87432E+02  2.57677E+01
  7.90000E-02  4.67074E-01  8.00411E+02  2.62397E+01
  8.00000E-02  4.99706E-01  8.07947E+02  2.64412E+01
  8.10000E-02  5.39325E-01  8.27668E+02  2.70658E+01
  8.20000E-02  5.80948E-01  8.45572E+02  2.76015E+01
  8.30000E-02  6.21784E-01  8.55268E+02  2.77965E+01
  8.40000E-02  6.72078E-01  8.79645E+02  2.84249E+01
  8.50000E-02  7.26826E-01  9.05687E+02  2.90766E+01
  8.60000E-02  7.78761E-01  9.18811E+02  2.92841E+01
  8.70000E-02  8.41964E-01  9.47062E+02  2.98552E+01
  8.80000E-02  9.16781E-01  9.86104E+02  3.06691E+01
  8.90000E-02  9.85139E-01  1.00548E+03  3.09392E+01
  9.00000E-02  1.06547E+00  1.03678E+03  3.13873E+01
  9.10000E-02  1.16854E+00  1.09141E+03  3.23560E+01
  9.20000E-02  1.26596E+00  1.12584E+03  3.27968E+01
  9.30000E-02  1.36884E+00  1.15922E+03  3.31056E+01
  9.40000E-02  1.50700E+00  1.22851E+03  3.40817E+01
  9.50000E-02  1.65054E+00  1.29111E+03  3.47697E+01
  9.60000E-02  1.79316E+00  1.33094E+03  3.50842E+01
  9.70000E-02  1.97917E+00  1.41598E+03  3.59285E+01
  9.80000E-02  2.18581E+00  1.51525E+03  3.68138E+01
  9.90000E-02  2.38250E+00  1.57279E+03  3.71014E+01
  1.00000E-01  2.66747E+00  1.67642E+03  3.77759E+01
  1.01000E-01  3.03628E+00  1.83822E+03  3.93417E+01
  1.02000E-01  3.24681E+00  1.92566E+03  3.93844E+01
  1.03000E-01  3.19158E+00  1.65299E+03  3.66207E+01
  1.04000E-01  2.15587E+00  6.63655E+02  2.19525E+01
  1.05000E-01  1.23570E+00  4.86486E+01  3.55729E+00
  1.06000E-01  1.01868E+00  2.09574E-01  5.36709E-02
  1.07000E-01  1.00035E+00  1.05522E-04  2.93552E-05
  1.08000E-01  1.00000E+00  1.00000E-04  5.84720E-10
  1.09000E-01  1.00000E+00  1.00000E-04 -1.64770E-11
  1.10000E-01  1.00000E+00  1.00000E-04  5.52667E-12
  1.11000E-01  1.00000E+00  1.00000E-04  5.52986E-12
  1.12000E-01  1.00000E+00  1.00000E-04  0.00000E+00
  1.13000E-01  1.00000E+00  1.00000E-04  0.00000E+00
  1.14000E-01  1.00000E+00  1.00000E-04  1.38865E-12
  1.15000E-01  1.00000E+00  1.00000E-04  4.13950E-12
  1.16000E-01  1.00000E+00  1.00000E-04  1.10555E-11
  1.17000E-01  1.00000E+00  1.00000E-04  8.54705E-18
  1.18000E-01  1.00000E+00  1.00000E-04 -1.10555E-11
  1.19000E-01  1.00000E+00  1.00000E-04  0.00000E+00
  1.20000E-01  1.00000E+00  1.00000E-04  4.97436E-11
  1.21000E-01  1.00000E+00  9.99999E-05  5.52693E-12
  1.22000E-01  1.00000E+00  1.00000E-04 -4.97405E-11
  1.23000E-01  1.00000E+00  1.00000E-04 -3.86936E-11
  1.24000E-01  1.00000E+00  1.00000E-04  5.52811E-12
  1.25000E-01  1.00000E+00  1.00000E-04  2.76378E-11
  1.26000E-01  1.00000E+00  1.00000E-04  0.00000E+00
  1.27000E-01  1.00000E+00  1.00000E-04  0.00000E+00
  1.28000E-01  1.00000E+00  1.00000E-04  0.00000E+00
  1.29000E-01  1.00000E+00  1.00000E-04  0.00000E+00
  1.30000E-01  1.00000E+00  1.00000E-04  0.00000E+00
  1.31000E-01  1.00000E+00  1.00000E-04  0.00000E+00
  1.32000E-01  1.00000E+00  1.00000E-04  5.52759E-12
  1.33000E-01  1.00000E+00  1.00000E-04 -2.76342E-12
  1.34000E-01  1.00000E+00  1.00000E-04 -2.76462E-12
  1.35000E-01  1.00000E+00  1.00000E-04  7.77002E-17
  1.36000E-01  1.00000E+00  1.00000E-04  0.00000E+00
  1.37000E-01  1.00000E+00  1.00000E-04  0.00000E+00
  1.38000E-01  1.00000E+00  1.00000E-04  0.00000E+00
  1.39000E-01  1.00000E+00  1.00000E-04 -1.10565E-11
  1.40000E-01  1.00000E+00  1.00000E-04 -5.52834E-12
  1.41000E-01  1.00000E+00  1.00000E-04  1.65845E-11
  1.42000E-01  1.00000E+00  1.00000E-04  7.77001E-17
  1.43000E-01  1.00000E+00  1.00000E-04  0.00000E+00
  1.44000E-01  1.00000E+00  1.00000E-04  0.00000E+00
  1.45000E-01  1.00000E+00  1.00000E-04  4.97464E-11
  1.46000E-01  9.99999E-01  9.99999E-05  5.52747E-12
  1.47000E-01  1.00000E+00  1.00000E-04 -4.97444E-11
  1.48000E-01  1.00000E+00  1.00000E-04 -5.52750E-12
  1.49000E-01  1.00000E+00  1.00000E-04 -7.67482E-16
  1.50000E-01  1.00000E+00  1.00000E-04  3.42958E-16
  1.51000E-01  1.00000E+00  1.00000E-04  4.24524E-16
  1.52000E-01  1.00000E+00  1.00000E-04  0.00000E+00
  1.53000E-01  1.00000E+00  1.00000E-04 -7.77001E-17
  1.54000E-01  1.00000E+00  1.00000E-04  0.00000E+00
  1.55000E-01  1.00000E+00  1.00000E-04  7.77001E-17
  1.56000E-01  1.00000E+00  1.00000E-04  0.00000E+00
  1.57000E-01  1.00000E+00  1.00000E-04  0.00000E+00
  1.58000E-01  1.00000E+00  1.00000E-04  0.00000E+00
  1.59000E-01  1.00000E+00  1.00000E-04  0.00000E+00
  1.60000E-01  1.00000E+00  1.00000E-04  5.52848E-12
  1.61000E-01  1.00000E+00  1.00000E-04  0.00000E+00
  1.62000E-01  1.00000E+00  1.00000E-04 -5.52813E-12
  1.63000E-01  1.00000E+00  1.00000E-04  0.00000E+00
  1.64000E-01  1.00000E+00  1.00000E-04  5.52815E-12
  1.65000E-01  1.00000E+00  1.00000E-04  0.00000E+00
  1.66000E-01  1.00000E+00  1.00000E-04 -5.52832E-12
  1.67000E-01  1.00000E+00  1.00000E-04  0.00000E+00
  1.68000E-01  1.00000E+00  1.00000E-04  1.10558E-11
  1.69000E-01  1.00000E+00  1.00000E-04  1.10547E-11
  1.70000E-01  1.00000E+00  1.00000E-04 -3.31679E-11
  1.71000E-01  1.00000E+00  1.00000E-04  1.63170E-16
  1.72000E-01  1.00000E+00  1.00000E-04  1.10568E-11
  1.73000E-01  1.00000E+00  1.00000E-04  0.00000E+00
  1.74000E-01  1.00000E+00  1.00000E-04  1.65842E-11
  1.75000E-01  1.00000E+00  1.00000E-04  0.00000E+00
  1.76000E-01  1.00000E+00  1.00000E-04 -1.65846E-11
  1.77000E-01  1.00000E+00  1.00000E-04 -4.43905E-16
  1.78000E-01  1.00000E+00  1.00000E-04  1.01030E-16
  1.79000E-01  1.00000E+00  1.00000E-04  3.42876E-16
  1.80000E-01  1.00000E+00  1.00000E-04  0.00000E+00
  1.81000E-01  1.00000E+00  1.00000E-04  0.00000E+00
  1.82000E-01  1.00000E+00  1.00000E-04  0.00000E+00
  1.83000E-01  1.00000E+00  1.00000E-04  0.00000E+00
  1.84000E-01  1.00000E+00  1.00000E-04  0.00000E+00
  1.85000E-01  1.00000E+00  1.00000E-04  0.00000E+00
  1.86000E-01  1.00000E+00  1.00000E-04  0.00000E+00
  1.87000E-01  1.00000E+00  1.00000E-04  0.00000E+00
  1.88000E-01  1.00000E+00  1.00000E-04  0.00000E+00
  1.89000E-01  1.00000E+00  1.00000E-04  0.00000E+00
  1.90000E-01  1.00000E+00  1.00000E-04  0.00000E+00
  1.91000E-01  1.00000E+00  1.00000E-04  0.00000E+00
  1.92000E-01  1.00000E+00  1.00000E-04  5.52826E-12
  1.93000E-01  1.00000E+00  1.00000E-04  0.00000E+00
  1.94000E-01  1.00000E+00  1.00000E-04 -5.52764E-12
  1.95000E-01  1.00000E+00  1.00000E-04  0.00000E+00
  1.96000E-01  1.00000E+00  1.00000E-04  0.00000E+00
  1.97000E-01  1.00000E+00  1.00000E-04  0.00000E+00
  1.98000E-01  1.00000E+00  1.00000E-04  0.00000E+00
  1.99000E-01  1.00000E+00  1.00000E-04  0.00000E+00
  2.00000E-01  1.00000E+00  1.00000E-04  0.00000E+00
  2.01000E-01  1.00000E+00  1.00000E-04  0.00000E+00
  2.02000E-01  1.00000E+00  1.00000E-04  0.00000E+00
  2.03000E-01  1.00000E+00  1.00000E-04  0.00000E+00
  2.04000E-01  1.00000E+00  1.00000E-04  0.00000E+00
  2.05000E-01  1.00000E+00  1.00000E-04  0.00000E+00
  2.06000E-01  1.00000E+00  1.00000E-04  0.00000E+00
  2.07000E-01  1.00000E+00  1.00000E-04  0.00000E+00
  2.08000E-01  1.00000E+00  1.00000E-04  0.00000E+00
  2.09000E-01  1.00000E+00  1.00000E-04  0.00000E+00
  2.10000E-01  1.00000E+00  1.00000E-04  0.00000E+00
  2.11000E-01  1.00000E+00  1.00000E-04  0.00000E+00
  2.12000E-01  1.00000E+00  1.00000E-04  0.00000E+00
  2.13000E-01  1.00000E+00  1.00000E-04  8.29093E-11
  2.14000E-01  9.99998E-01  9.99998E-05  0.00000E+00
  2.15000E-01  1.00000E+00  1.00000E-04 -8.29026E-11
  2.16000E-01  1.00000E+00  1.00000E-04  0.00000E+00
  2.17000E-01  1.00000E+00  1.00000E-04  0.00000E+00
  2.18000E-01  1.00000E+00  1.00000E-04  0.00000E+00
  2.19000E-01  1.00000E+00  1.00000E-04 -7.76998E-17
  2.20000E-01  1.00000E+00  1.00000E-04  0.00000E+00
  2.21000E-01  1.00000E+00  1.00000E-04  7.76998E-17
  2.22000E-01  1.00000E+00  1.00000E-04  0.00000E+00
  2.23000E-01  1.00000E+00  1.00000E-04  0.00000E+00
  2.24000E-01  1.00000E+00  1.00000E-04  0.00000E+00
  2.25000E-01  1.00000E+00  1.00000E-04  0.00000E+00
  2.26000E-01  1.00000E+00  1.00000E-04  0.00000E+00
  2.27000E-01  1.00000E+00  1.00000E-04  0.00000E+00
  2.28000E-01  1.00000E+00  1.00000E-04  0.00000E+00
  2.29000E-01  1.00000E+00  1.00000E-04  1.10553E-11
  2.30000E-01  1.00000E+00  1.00000E-04  0.00000E+00
  2.31000E-01  1.00000E+00  1.00000E-04 -1.10552E-11
  2.32000E-01  1.00000E+00  1.00000E-04 -4.36673E-16
  2.33000E-01  1.00000E+00  1.00000E-04 -3.31695E-11
  2.34000E-01  1.00000E+00  1.00000E-04  2.21131E-11
  2.35000E-01  1.00000E+00  1.00000E-04  1.10549E-11
  2.36000E-01  1.00000E+00  1.00000E-04  0.00000E+00
  2.37000E-01  1.00000E+00  1.00000E-04  0.00000E+00
  2.38000E-01  1.00000E+00  1.00000E-04  0.00000E+00
  2.39000E-01  1.00000E+00  1.00000E-04  0.00000E+00
  2.40000E-01  1.00000E+00  1.00000E-04  0.00000E+00
  2.41000E-01  1.00000E+00  1.00000E-04  0.00000E+00
  2.42000E-01  1.00000E+00  1.00000E-04  0.00000E+00
  2.43000E-01  1.00000E+00  1.00000E-04  0.00000E+00
  2.44000E-01  1.00000E+00  1.00000E-04  0.00000E+00
  2.45000E-01  1.00000E+00  1.00000E-04  0.00000E+00
  2.46000E-01  1.00000E+00  1.00000E-04  0.00000E+00
  2.47000E-01  1.00000E+00  1.00000E-04 -6.07978E-11
  2.48000E-01  1.00000E+00  1.00000E-04  0.00000E+00
  2.49000E-01  1.00000E+00  1.00000E-04  6.07904E-11
  2.50000E-01  1.00000E+00  1.00000E-04  0.00000E+00
  2.51000E-01  1.00000E+00  1.00000E-04  0.00000E+00
  2.52000E-01  1.00000E+00  1.00000E-04  1.65833E-11
  2.53000E-01  1.00000E+00  1.00000E-04 -1.10550E-11
  2.54000E-01  1.00000E+00  1.00000E-04 -1.10557E-11
  2.55000E-01  1.00000E+00  1.00000E-04 -5.52752E-12
  2.56000E-01  1.00000E+00  1.00000E-04  8.54697E-17
  2.57000E-01  1.00000E+00  1.00000E-04  1.10556E-11
  2.58000E-01  1.00000E+00  1.00000E-04  0.00000E+00
  2.59000E-01  1.00000E+00  1.00000E-04  0.00000E+00
  2.60000E-01  1.00000E+00  1.00000E-04  0.00000E+00
  2.61000E-01  1.00000E+00  1.00000E-04  0.00000E+00
  2.62000E-01  1.00000E+00  1.00000E-04  5.52760E-12
  2.63000E-01  1.00000E+00  1.00000E-04  0.00000E+00
  2.64000E-01  1.00000E+00  1.00000E-04 -5.52816E-12
  2.65000E-01  1.00000E+00  1.00000E-04  0.00000E+00
  2.66000E-01  1.00000E+00  1.00000E-04  0.00000E+00
  2.67000E-01  1.00000E+00  1.00000E-04  0.00000E+00
  2.68000E-01  1.00000E+00  1.00000E-04  0.00000E+00
  2.69000E-01  1.00000E+00  1.00000E-04  0.00000E+00
  2.70000E-01  1.00000E+00  1.00000E-04  1.65845E-11
  2.71000E-01  1.00000E+00  1.00000E-04  1.10545E-11
  2.72000E-01  1.00000E+00  1.00000E-04 -5.52806E-12
  2.73000E-01  1.00000E+00  1.00000E-04 -5.52791E-11
  2.74000E-01  1.00000E+00  1.00000E-04  1.65859E-11
  2.75000E-01  1.00000E+00  1.00000E-04  5.52875E-12
  2.76000E-01  1.00000E+00  1.00000E-04  5.52682E-12
  2.77000E-01  1.00000E+00  1.00000E-04  5.52778E-12
  2.78000E-01  1.00000E+00  1.00000E-04 -5.52780E-12
  2.79000E-01  1.00000E+00  1.00000E-04 -7.76997E-17
  2.80000E-01  1.00000E+00  1.00000E-04  1.47532E-15
  2.81000E-01  1.00000E+00  1.00000E-04  1.43821E-15
  2.82000E-01  1.00000E+00  1.00000E-04  1.03793E-15
  2.83000E-01  1.00000E+00  1.00000E-04 -3.60462E-12
  2.84000E-01  1.00000E+00  1.00000E-04 -8.89868E-09
  2.85000E-01  1.00000E+00  1.00049E-04 -1.36151E-08
  2.86000E-01  1.00000E+00  1.00053E-04  1.11552E-08
  2.87000E-01  1.00000E+00  1.00000E-04  3.53996E-10
  2.88000E-01  1.00000E+00  1.00051E-04  7.80227E-12
  2.89000E-01  1.00000E+00  1.00000E-04  1.10082E-08
  2.90000E-01  1.00000E+00  1.00000E-04  1.11205E-11
  2.91000E-01  1.00000E+00  1.00000E-04  2.78061E-12
  2.92000E-01  1.00000E+00  1.00000E-04  5.52756E-12
  2.93000E-01  1.00000E+00  1.00000E-04 -5.52784E-12
  2.94000E-01  1.00000E+00  1.00000E-04 -1.65820E-11
  2.95000E-01  1.00000E+00  1.00000E-04  0.00000E+00
  2.96000E-01  1.00000E+00  1.00000E-04  0.00000E+00
  2.97000E-01  1.00000E+00  1.00000E-04  0.00000E+00
  2.98000E-01  1.00000E+00  1.00000E-04  0.00000E+00
  2.99000E-01  1.00000E+00  1.00000E-04  0.00000E+00
  3.00000E-01  1.00000E+00  1.00000E-04  0.00000E+00
  3.01000E-01  1.00000E+00  1.00000E-04  0.00000E+00
  3.02000E-01  1.00000E+00  1.00000E-04  0.00000E+00
  3.03000E-01  1.00000E+00  1.00000E-04  0.00000E+00
  3.04000E-01  1.00000E+00  1.00000E-04  0.00000E+00
  3.05000E-01  1.00000E+00  1.00000E-04  0.00000E+00
  3.06000E-01  1.00000E+00  1.00000E-04  0.00000E+00
  3.07000E-01  1.00000E+00  1.00000E-04  1.65838E-11
  3.08000E-01  1.00000E+00  1.00000E-04  1.10561E-11
  3.09000E-01  1.00000E+00  1.00000E-04 -1.65850E-11
  3.10000E-01  1.00000E+00  1.00000E-04 -1.10565E-11
  3.11000E-01  1.00000E+00  1.00000E-04  5.52769E-12
  3.12000E-01  1.00000E+00  1.00000E-04 -5.52681E-12
  3.13000E-01  1.00000E+00  1.00000E-04 -5.52896E-12
  3.14000E-01  1.00000E+00  1.00000E-04  2.76425E-12
  3.15000E-01  1.00000E+00  1.00000E-04  2.76372E-12
  3.16000E-01  1.00000E+00  1.00000E-04  7.76997E-17
  3.17000E-01  1.00000E+00  1.00000E-04  5.52763E-12
  3.18000E-01  1.00000E+00  1.00000E-04 -1.65831E-11
  3.19000E-01  1.00000E+00  1.00000E-04 -5.52832E-12
  3.20000E-01  1.00000E+00  1.00000E-04  2.21129E-11
  3.21000E-01  1.00000E+00  1.00000E-04 -5.52742E-12
  3.22000E-01  1.00000E+00  1.00000E-04 -2.21131E-11
  3.23000E-01  1.00000E+00  1.00000E-04  3.31675E-11
  3.24000E-01  1.00000E+00  1.00000E-04 -2.76366E-11
  3.25000E-01  1.00000E+00  1.00000E-04  2.76837E-12
  3.26000E-01  1.00000E+00  1.00000E-04  2.76708E-12
  3.27000E-01  1.00000E+00  1.00000E-04  1.84726E-12
  3.28000E-01  1.00000E+00  1.00000E-04  1.83616E-12
  3.29000E-01  1.00000E+00  1.00000E-04  1.83662E-12
  3.30000E-01  1.00000E+00  1.00000E-04  5.52720E-12
  3.31000E-01  1.00000E+00  1.00000E-04  0.00000E+00
  3.32000E-01  1.00000E+00  1.00000E-04  1.65833E-11
  3.33000E-01  1.00000E+00  1.00000E-04  5.52696E-12
  3.34000E-01  1.00000E+00  1.00000E-04 -1.65823E-11
  3.35000E-01  1.00000E+00  1.00000E-04  2.39237E-16
  3.36000E-01  1.00000E+00  1.00000E-04  1.03418E-16
  3.37000E-01  1.00000E+00  1.00000E-04 -5.52849E-12
  3.38000E-01  1.00000E+00  1.00000E-04  0.00000E+00
  3.39000E-01  1.00000E+00  1.00000E-04 -2.21093E-11
  3.40000E-01  1.00000E+00  1.00000E-04 -5.52776E-12
  3.41000E-01  1.00000E+00  1.00000E-04  2.21088E-11
  3.42000E-01  1.00000E+00  1.00000E-04 -5.52822E-12
  3.43000E-01  1.00000E+00  1.00000E-04  5.52830E-12
  3.44000E-01  1.00000E+00  1.00000E-04  7.18533E-11
  3.45000E-01  9.99999E-01  9.99999E-05 -8.84234E-11
  3.46000E-01  1.00000E+00  1.00000E-04 -4.42162E-11
  3.47000E-01  1.00000E+00  1.00000E-04 -2.53442E-10
  3.48000E-01  1.00000E+00  1.00001E-04  1.60188E-10
  3.49000E-01  1.00000E+00  9.99996E-05  2.75540E-10
  3.50000E-01  1.00000E+00  1.00000E-04 -1.54659E-10
  3.51000E-01  1.00000E+00  1.00000E-04  3.86896E-11
  3.52000E-01  1.00000E+00  1.00000E-04  0.00000E+00
  3.53000E-01  1.00000E+00  1.00000E-04  0.00000E+00
  3.54000E-01  1.00000E+00  1.00000E-04  0.00000E+00
  3.55000E-01  1.00000E+00  1.00000E-04  0.00000E+00
  3.56000E-01  1.00000E+00  1.00000E-04  0.00000E+00
  3.57000E-01  1.00000E+00  1.00000E-04  0.00000E+00
  3.58000E-01  1.00000E+00  1.00000E-04  0.00000E+00
  3.59000E-01  1.00000E+00  1.00000E-04  0.00000E+00
  3.60000E-01  1.00000E+00  1.00000E-04  0.00000E+00
  3.61000E-01  1.00000E+00  1.00000E-04 -7.76996E-17
  3.62000E-01  1.00000E+00  1.00000E-04  0.00000E+00
  3.63000E-01  1.00000E+00  1.00000E-04  7.76996E-17
  3.64000E-01  1.00000E+00  1.00000E-04  0.00000E+00
  3.65000E-01  1.00000E+00  1.00000E-04  0.00000E+00
  3.66000E-01  1.00000E+00  1.00000E-04  0.00000E+00
  3.67000E-01  1.00000E+00  1.00000E-04  0.00000E+00
  3.68000E-01  1.00000E+00  1.00000E-04  0.00000E+00
  3.69000E-01  1.00000E+00  1.00000E-04  0.00000E+00
  3.70000E-01  1.00000E+00  1.00000E-04  0.00000E+00
  3.71000E-01  1.00000E+00  1.00000E-04  0.00000E+00
  3.72000E-01  1.00000E+00  1.00000E-04 -1.10555E-11
  3.73000E-01  1.00000E+00  1.00000E-04 -1.10558E-11
  3.74000E-01  1.00000E+00  1.00000E-04  1.65844E-11
  3.75000E-01  1.00000E+00  1.00000E-04 -6.07919E-11
  3.76000E-01  1.00000E+00  1.00000E-04  7.77327E-17
  3.77000E-01  1.00000E+00  1.00000E-04  6.63235E-11
  3.78000E-01  1.00000E+00  1.00000E-04  0.00000E+00
  3.79000E-01  1.00000E+00  1.00000E-04  0.00000E+00
  3.80000E-01  1.00000E+00  1.00000E-04  0.00000E+00
  3.81000E-01  1.00000E+00  1.00000E-04  1.65834E-11
  3.82000E-01  1.00000E+00  1.00000E-04  5.52760E-12
  3.83000E-01  1.00000E+00  1.00000E-04 -1.65818E-11
  3.84000E-01  1.00000E+00  1.00000E-04  1.10560E-11
  3.85000E-01  1.00000E+00  1.00000E-04 -1.59962E-16
  3.86000E-01  1.00000E+00  1.00000E-04 -1.65838E-11
  3.87000E-01  1.00000E+00  1.00000E-04  0.00000E+00
  3.88000E-01  1.00000E+00  1.00000E-04  0.00000E+00
  3.89000E-01  1.00000E+00  1.00000E-04  0.00000E+00
  3.90000E-01  1.00000E+00  1.00000E-04  0.00000E+00
  3.91000E-01  1.00000E+00  1.00000E-04  0.00000E+00
  3.92000E-01  1.00000E+00  1.00000E-04  0.00000E+00
  3.93000E-01  1.00000E+00  1.00000E-04  0.00000E+00
  3.94000E-01  1.00000E+00  1.00000E-04  0.00000E+00
  3.95000E-01  1.00000E+00  1.00000E-04  0.00000E+00
  3.96000E-01  1.00000E+00  1.00000E-04  0.00000E+00
  3.97000E-01  1.00000E+00  1.00000E-04  1.65832E-11
  3.98000E-01  1.00000E+00  1.00000E-04 -1.65842E-11
  3.99000E-01  1.00000E+00  1.00000E-04 -5.52779E-12
  4.00000E-01  1.00000E+00  1.00000E-04  5.52772E-12
  4.01000E-01  1.00000E+00  1.00000E-04  0.00000E+00
  4.02000E-01  1.00000E+00  1.00000E-04  0.00000E+00
  4.03000E-01  1.00000E+00  1.00000E-04  0.00000E+00
  4.04000E-01  1.00000E+00  1.00000E-04 -1.84103E-12
  4.05000E-01  1.00000E+00  1.00000E-04 -1.04227E-08
  4.06000E-01  1.00000E+00  1.00049E-04 -6.23249E-12
  4.07000E-01  1.00000E+00  1.00000E-04  1.04125E-08
  4.08000E-01  1.00000E+00  1.00000E-04  1.83231E-11
  4.09000E-01  1.00000E+00  1.00000E-04  0.00000E+00
  4.10000E-01  1.00000E+00  1.00000E-04  0.00000E+00
  4.11000E-01  1.00000E+00  1.00000E-04  0.00000E+00
  4.12000E-01  1.00000E+00  1.00000E-04  0.00000E+00
  4.13000E-01  1.00000E+00  1.00000E-04  0.00000E+00
  4.14000E-01  1.00000E+00  1.00000E-04  0.00000E+00
  4.15000E-01  1.00000E+00  1.00000E-04 -1.83234E-11
  4.16000E-01  1.00000E+00  1.00000E-04 -1.04128E-08
  4.17000E-01  1.00000E+00  1.00049E-04 -6.58730E-15
  4.18000E-01  1.00000E+00  1.00000E-04  1.04074E-08
  4.19000E-01  1.00000E+00  1.00000E-04  2.00125E-11
  4.20000E-01  1.00000E+00  1.00000E-04  3.83193E-12
  4.21000E-01  1.00000E+00  1.00000E-04  0.00000E+00
  4.22000E-01  1.00000E+00  1.00000E-04  0.00000E+00
  4.23000E-01  1.00000E+00  1.00000E-04  2.21109E-11
  4.24000E-01  1.00000E+00  9.99999E-05  0.00000E+00
  4.25000E-01  1.00000E+00  1.00000E-04 -1.65840E-11
  4.26000E-01  1.00000E+00  1.00000E-04 -1.01786E-16
  4.27000E-01  1.00000E+00  1.00000E-04  1.21550E-10
  4.28000E-01  9.99996E-01  9.99996E-05  5.53240E-12
  4.29000E-01  1.00000E+00  1.00000E-04 -1.32595E-10
  4.30000E-01  1.00000E+00  1.00000E-04  0.00000E+00
  4.31000E-01  1.00000E+00  1.00000E-04  0.00000E+00
  4.32000E-01  1.00000E+00  1.00000E-04  1.10558E-11
  4.33000E-01  1.00000E+00  1.00000E-04  0.00000E+00
  4.34000E-01  1.00000E+00  1.00000E-04 -1.10552E-11
  4.35000E-01  1.00000E+00  1.00000E-04  0.00000E+00
  4.36000E-01  1.00000E+00  1.00000E-04 -7.76996E-17
  4.37000E-01  1.00000E+00  1.00000E-04 -1.65850E-11
  4.38000E-01  1.00000E+00  1.00000E-04  5.52835E-12
  4.39000E-01  1.00000E+00  1.00000E-04  1.10557E-11
  4.40000E-01  1.00000E+00  1.00000E-04  0.00000E+00
  4.41000E-01  1.00000E+00  1.00000E-04  5.52833E-12
  4.42000E-01  1.00000E+00  1.00000E-04  0.00000E+00
  4.43000E-01  1.00000E+00  1.00000E-04 -5.52813E-12
  4.44000E-01  1.00000E+00  1.00000E-04  5.52822E-12
  4.45000E-01  1.00000E+00  1.00000E-04  0.00000E+00
  4.46000E-01  1.00000E+00  1.00000E-04 -5.52746E-12
  4.47000E-01  1.00000E+00  1.00000E-04  0.00000E+00
  4.48000E-01  1.00000E+00  1.00000E-04  0.00000E+00
  4.49000E-01  1.00000E+00  1.00000E-04  0.00000E+00
  4.50000E-01  1.00000E+00  1.00000E-04  5.52796E-12
  4.51000E-01  1.00000E+00  1.00000E-04 -2.21120E-11
  4.52000E-01  1.00000E+00  1.00000E-04 -5.52899E-12
  4.53000E-01  1.00000E+00  1.00000E-04  2.21088E-11
  4.54000E-01  1.00000E+00  1.00000E-04  5.52766E-12
  4.55000E-01  1.00000E+00  1.00000E-04  0.00000E+00
  4.56000E-01  1.00000E+00  1.00000E-04 -2.76458E-12
  4.57000E-01  1.00000E+00  1.00000E-04 -2.76356E-12
  4.58000E-01  1.00000E+00  1.00000E-04  7.76996E-17
  4.59000E-01  1.00000E+00  1.00000E-04  0.00000E+00
  4.60000E-01  1.00000E+00  1.00000E-04  5.52751E-12
  4.61000E-01  1.00000E+00  1.00000E-04 -1.10546E-11
  4.62000E-01  1.00000E+00  1.00000E-04 -5.52841E-12
  4.63000E-01  1.00000E+00  1.00000E-04  1.10562E-11
  4.64000E-01  1.00000E+00  1.00000E-04  5.52786E-12
  4.65000E-01  1.00000E+00  1.00000E-04  0.00000E+00
  4.66000E-01  1.00000E+00  1.00000E-04 -5.52770E-12
  4.67000E-01  1.00000E+00  1.00000E-04  5.52815E-12
  4.68000E-01  1.00000E+00  1.00000E-04  5.52716E-12
  4.69000E-01  1.00000E+00  1.00000E-04 -2.76401E-11
  4.70000E-01  1.00000E+00  1.00000E-04  1.10561E-11
  4.71000E-01  1.00000E+00  1.00000E-04  5.52788E-12
  4.72000E-01  1.00000E+00  1.00000E-04 -2.21100E-11
  4.73000E-01  1.00000E+00  1.00000E-04  5.52894E-12
  4.74000E-01  1.00000E+00  1.00000E-04  1.65815E-11
  4.75000E-01  1.00000E+00  1.00000E-04 -6.59449E-16
  4.76000E-01  1.00000E+00  1.00000E-04  8.54695E-17
  4.77000E-01  1.00000E+00  1.00000E-04 -1.10547E-11
  4.78000E-01  1.00000E+00  1.00000E-04  5.52855E-12
  4.79000E-01  1.00000E+00  1.00000E-04  1.10550E-11
  4.80000E-01  1.00000E+00  1.00000E-04  1.10550E-11
  4.81000E-01  1.00000E+00  1.00000E-04  5.52818E-12
  4.82000E-01  1.00000E+00  1.00000E-04 -1.65844E-11
  4.83000E-01  1.00000E+00  1.00000E-04 -3.86919E-11
  4.84000E-01  1.00000E+00  1.00000E-04 -2.21126E-11
  4.85000E-01  1.00000E+00  1.00000E-04  1.10555E-10
  4.86000E-01  1.00000E+00  9.99999E-05 -1.65808E-11
  4.87000E-01  1.00000E+00  1.00000E-04 -9.67478E-16
  4.88000E-01  9.99999E-01  9.99999E-05 -1.01526E-14
  4.89000E-01  1.00000E+00  1.00000E-04 -2.59714E-10
  4.90000E-01  1.00000E+00  1.00000E-04  9.39444E-11
  4.91000E-01  1.00000E+00  1.00000E-04  1.27061E-10
  4.92000E-01  1.00000E+00  1.00000E-04  3.86906E-11
  4.93000E-01  9.99999E-01  9.99999E-05 -5.52542E-12
  4.94000E-01  1.00000E+00  1.00000E-04 -3.31677E-11
  4.95000E-01  1.00000E+00  1.00000E-04  0.00000E+00
  4.96000E-01  1.00000E+00  1.00000E-04  0.00000E+00
  4.97000E-01  1.00000E+00  1.00000E-04  0.00000E+00
  4.98000E-01  1.00000E+00  1.00000E-04  0.00000E+00
  4.99000E-01  1.00000E+00  1.00000E-04  0.00000E+00
  5.00000E-01  1.00000E+00  1.00000E-04  0.00000E+00
  5.01000E-01  1.00000E+00  1.00000E-04  0.00000E+00
  5.02000E-01  1.00000E+00  1.00000E-04  0.00000E+00
  5.03000E-01  1.00000E+00  1.00000E-04  0.00000E+00
  5.04000E-01  1.00000E+00  1.00000E-04  0.00000E+00
  5.05000E-01  1.00000E+00  1.00000E-04  6.63243E-11
  5.06000E-01  9.99998E-01  9.99998E-05  0.00000E+00
  5.07000E-01  1.00000E+00  1.00000E-04 -6.63283E-11
  5.08000E-01  1.00000E+00  1.00000E-04  0.00000E+00
  5.09000E-01  1.00000E+00  1.00000E-04  0.00000E+00
  5.10000E-01  1.00000E+00  1.00000E-04 -7.76996E-17
  5.11000E-01  1.00000E+00  1.00000E-04  0.00000E+00
  5.12000E-01  1.00000E+00  1.00000E-04  7.76995E-17
  5.13000E-01  1.00000E+00  1.00000E-04  0.00000E+00
  5.14000E-01  1.00000E+00  1.00000E-04  0.00000E+00
  5.15000E-01  1.00000E+00  1.00000E-04  0.00000E+00
  5.16000E-01  1.00000E+00  1.00000E-04  4.42225E-11
  5.17000E-01  9.99999E-01  9.99999E-05  0.00000E+00
  5.18000E-01  1.00000E+00  1.00000E-04 -4.42234E-11
  5.19000E-01  1.00000E+00  1.00000E-04  0.00000E+00
  5.20000E-01  1.00000E+00  1.00000E-04 -7.76996E-17
  5.21000E-01  1.00000E+00  1.00000E-04  0.00000E+00
  5.22000E-01  1.00000E+00  1.00000E-04  7.76996E-17
  5.23000E-01  1.00000E+00  1.00000E-04  0.00000E+00
  5.24000E-01  1.00000E+00  1.00000E-04  0.00000E+00
  5.25000E-01  1.00000E+00  1.00000E-04  0.00000E+00
  5.26000E-01  1.00000E+00  1.00000E-04  0.00000E+00
  5.27000E-01  1.00000E+00  1.00000E-04  0.00000E+00
  5.28000E-01  1.00000E+00  1.00000E-04  0.00000E+00
  5.29000E-01  1.00000E+00  1.00000E-04  2.21115E-11
  5.30000E-01  9.99999E-01  9.99999E-05  0.00000E+00
  5.31000E-01  1.00000E+00  1.00000E-04 -2.21114E-11
  5.32000E-01  1.00000E+00  1.00000E-04  0.00000E+00
  5.33000E-01  1.00000E+00  1.00000E-04 -5.52781E-12
  5.34000E-01  1.00000E+00  1.00000E-04 -5.52762E-12
  5.35000E-01  1.00000E+00  1.00000E-04  0.00000E+00
  5.36000E-01  1.00000E+00  1.00000E-04  5.52774E-12
  5.37000E-01  1.00000E+00  1.00000E-04  5.52779E-12
  5.38000E-01  1.00000E+00  1.00000E-04  0.00000E+00
  5.39000E-01  1.00000E+00  1.00000E-04  0.00000E+00
  5.40000E-01  1.00000E+00  1.00000E-04  0.00000E+00
  5.41000E-01  1.00000E+00  1.00000E-04 -5.52794E-12
  5.42000E-01  1.00000E+00  1.00000E-04  0.00000E+00
  5.43000E-01  1.00000E+00  1.00000E-04  5.52787E-12
  5.44000E-01  1.00000E+00  1.00000E-04  5.52794E-12
  5.45000E-01  1.00000E+00  1.00000E-04  0.00000E+00
  5.46000E-01  1.00000E+00  1.00000E-04 -5.52783E-12
  5.47000E-01  1.00000E+00  1.00000E-04  0.00000E+00
  5.48000E-01  1.00000E+00  1.00000E-04  0.00000E+00
  5.49000E-01  1.00000E+00  1.00000E-04  0.00000E+00
  5.50000E-01  1.00000E+00  1.00000E-04 -1.04927E-15
  5.51000E-01  1.00000E+00  1.00000E-04 -8.61812E-16
  5.52000E-01  1.00000E+00  1.00000E-04  1.91108E-15
  5.53000E-01  1.00000E+00  1.00000E-04  5.52787E-12
  5.54000E-01  1.00000E+00  1.00000E-04  0.00000E+00
  5.55000E-01  1.00000E+00  1.00000E-04 -5.52753E-12
  5.56000E-01  1.00000E+00  1.00000E-04  1.65842E-11
  5.57000E-01  1.00000E+00  1.00000E-04 -9.40165E-17
  5.58000E-01  1.00000E+00  1.00000E-04  0.00000E+00
  5.59000E-01  1.00000E+00  1.00000E-04  0.00000E+00
  5.60000E-01  1.00000E+00  1.00000E-04  0.00000E+00
  5.61000E-01  1.00000E+00  1.00000E-04  9.40165E-17
  5.62000E-01  1.00000E+00  1.00000E-04 -8.29081E-12
  5.63000E-01  1.00000E+00  1.00000E-04 -8.29266E-12
  5.64000E-01  1.00000E+00  1.00000E-04 -3.74142E-12
  5.65000E-01  1.00000E+00  1.00000E-04  3.74111E-12
  5.66000E-01  1.00000E+00  1.00000E-04  1.10559E-11
  5.67000E-01  1.00000E+00  1.00000E-04  0.00000E+00
  5.68000E-01  1.00000E+00  1.00000E-04 -1.10558E-11
  5.69000E-01  1.00000E+00  1.00000E-04  0.00000E+00
  5.70000E-01  1.00000E+00  1.00000E-04  1.10565E-11
  5.71000E-01  1.00000E+00  1.00000E-04 -9.40165E-17
  5.72000E-01  1.00000E+00  1.00000E-04  0.00000E+00
  5.73000E-01  1.00000E+00  1.00000E-04  9.40165E-17
  5.74000E-01  1.00000E+00  1.00000E-04 -1.10549E-11
  5.75000E-01  1.00000E+00  1.00000E-04  0.00000E+00
  5.76000E-01  1.00000E+00  1.00000E-04  0.00000E+00
  5.77000E-01  1.00000E+00  1.00000E-04  0.00000E+00
  5.78000E-01  1.00000E+00  1.00000E-04  0.00000E+00
  5.79000E-01  1.00000E+00  1.00000E-04  0.00000E+00
  5.80000E-01  1.00000E+00  1.00000E-04  0.00000E+00
  5.81000E-01  1.00000E+00  1.00000E-04  5.52764E-12
  5.82000E-01  1.00000E+00  1.00000E-04  0.00000E+00
  5.83000E-01  1.00000E+00  1.00000E-04 -1.65825E-11
  5.84000E-01  1.00000E+00  1.00000E-04  3.68535E-12
  5.85000E-01  1.00000E+00  1.00000E-04  3.68590E-12
  5.86000E-01  1.00000E+00  1.00000E-04  3.68543E-12
  5.87000E-01  1.00000E+00  1.00000E-04  0.00000E+00
  5.88000E-01  1.00000E+00  1.00000E-04  0.00000E+00
  5.89000E-01  1.00000E+00  1.00000E-04  0.00000E+00
  5.90000E-01  1.00000E+00  1.00000E-04  0.00000E+00
  5.91000E-01  1.00000E+00  1.00000E-04  0.00000E+00
  5.92000E-01  1.00000E+00  1.00000E-04  0.00000E+00
  5.93000E-01  1.00000E+00  1.00000E-04  1.65844E-11
  5.94000E-01  1.00000E+00  1.00000E-04 -1.03418E-16
  5.95000E-01  1.00000E+00  1.00000E-04 -9.40164E-17
  5.96000E-01  1.00000E+00  1.00000E-04  0.00000E+00
  5.97000E-01  1.00000E+00  1.00000E-04  3.58972E-16
  5.98000E-01  1.00000E+00  1.00000E-04  1.03418E-16
  5.99000E-01  1.00000E+00  1.00000E-04 -1.65826E-11
  6.00000E-01  1.00000E+00  1.00000E-04  0.00000E+00
  6.01000E-01  1.00000E+00  1.00000E-04 -1.83847E-11
  6.02000E-01  1.00000E+00  1.00000E-04 -1.04392E-08
  6.03000E-01  1.00000E+00  1.00049E-04  2.27377E-11
  6.04000E-01  1.00000E+00  1.00000E-04  1.04161E-08
  6.05000E-01  1.00000E+00  1.00000E-04  1.83701E-11
  6.06000E-01  1.00000E+00  1.00000E-04  4.97481E-11
  6.07000E-01  9.99999E-01  9.99999E-05  1.91415E-15
  6.08000E-01  1.00000E+00  1.00000E-04 -2.21111E-11
  6.09000E-01  9.99999E-01  9.99999E-05  5.52749E-12
  6.10000E-01  1.00000E+00  1.00000E-04 -2.76354E-11
  6.11000E-01  1.00000E+00  1.00000E-04 -5.52807E-12
  6.12000E-01  1.00000E+00  1.00000E-04  1.65842E-11
  6.13000E-01  1.00000E+00  1.00000E-04  0.00000E+00
  6.14000E-01  1.00000E+00  1.00000E-04 -1.65844E-11
  6.15000E-01  1.00000E+00  1.00000E-04  0.00000E+00
  6.16000E-01  1.00000E+00  1.00000E-04  0.00000E+00
  6.17000E-01  1.00000E+00  1.00000E-04  0.00000E+00
  6.18000E-01  1.00000E+00  1.00000E-04  0.00000E+00
  6.19000E-01  1.00000E+00  1.00000E-04  0.00000E+00
  6.20000E-01  1.00000E+00  1.00000E-04  0.00000E+00
  6.21000E-01  1.00000E+00  1.00000E-04  1.65823E-11
  6.22000E-01  1.00000E+00  1.00000E-04 -1.10548E-11
  6.23000E-01  1.00000E+00  1.00000E-04 -1.65841E-11
  6.24000E-01  1.00000E+00  1.00000E-04  5.52821E-12
  6.25000E-01  1.00000E+00  1.00000E-04  5.52815E-12
  6.26000E-01  1.00000E+00  1.00000E-04  0.00000E+00
  6.27000E-01  1.00000E+00  1.00000E-04 -5.52813E-12
  6.28000E-01  1.00000E+00  1.00000E-04  1.10551E-11
  6.29000E-01  1.00000E+00  1.00000E-04  0.00000E+00
  6.30000E-01  1.00000E+00  1.00000E-04 -1.13760E-16
  6.31000E-01  1.00000E+00  1.00000E-04  1.03418E-17
  6.32000E-01  1.00000E+00  1.00000E-04 -6.82979E-17
  6.33000E-01  1.00000E+00  1.00000E-04  8.62465E-17
  6.34000E-01  1.00000E+00  1.00000E-04  8.54695E-17
  6.35000E-01  1.00000E+00  1.00000E-04  0.00000E+00
  6.36000E-01  1.00000E+00  1.00000E-04 -5.52730E-12
  6.37000E-01  1.00000E+00  1.00000E-04 -5.52843E-12
  6.38000E-01  1.00000E+00  1.00000E-04  5.52812E-12
  6.39000E-01  1.00000E+00  1.00000E-04  5.52773E-12
  6.40000E-01  1.00000E+00  1.00000E-04  1.10557E-11
  6.41000E-01  1.00000E+00  1.00000E-04 -1.63169E-16
  6.42000E-01  1.00000E+00  1.00000E-04 -1.65829E-11
  6.43000E-01  1.00000E+00  1.00000E-04 -7.76996E-17
  6.44000E-01  1.00000E+00  1.00000E-04 -7.76995E-18
  6.45000E-01  1.00000E+00  1.00000E-04  8.54695E-17
  6.46000E-01  1.00000E+00  1.00000E-04  5.52823E-12
  6.47000E-01  1.00000E+00  1.00000E-04 -7.76996E-17
  6.48000E-01  1.00000E+00  1.00000E-04  5.52801E-12
  6.49000E-01  1.00000E+00  1.00000E-04  3.31623E-11
  6.50000E-01  9.99999E-01  9.99999E-05 -2.21102E-11
  6.51000E-01  1.00000E+00  1.00000E-04 -2.21130E-11
  6.52000E-01  1.00000E+00  1.00000E-04 -5.52774E-12
  6.53000E-01  1.00000E+00  1.00000E-04  5.52829E-12
  6.54000E-01  1.00000E+00  1.00000E-04 -1.01786E-16
  6.55000E-01  1.00000E+00  1.00000E-04 -3.31676E-11
  6.56000E-01  1.00000E+00  1.00000E-04 -9.40165E-17
  6.57000E-01  1.00000E+00  1.00000E-04  5.52832E-12
  6.58000E-01  1.00000E+00  1.00000E-04  3.31683E-11
  6.59000E-01  1.00000E+00  1.00000E-04 -1.10560E-11
  6.60000E-01  1.00000E+00  1.00000E-04 -5.52774E-12
  6.61000E-01  1.00000E+00  1.00000E-04  3.31653E-11
  6.62000E-01  1.00000E+00  1.00000E-04 -2.21122E-11
  6.63000E-01  1.00000E+00  1.00000E-04  8.54695E-17
  6.64000E-01  1.00000E+00  1.00000E-04  7.76996E-17
  6.65000E-01  1.00000E+00  1.00000E-04 -5.52685E-12
  6.66000E-01  1.00000E+00  1.00000E-04  1.21584E-10
  6.67000E-01  9.99998E-01  9.99998E-05 -3.31635E-11
  6.68000E-01  1.00000E+00  1.00000E-04 -7.18462E-11
  6.69000E-01  1.00000E+00  1.00000E-04  5.52774E-12
  6.70000E-01  1.00000E+00  1.00000E-04 -6.63385E-11
  6.71000E-01  1.00000E+00  1.00000E-04  0.00000E+00
  6.72000E-01  1.00000E+00  1.00000E-04  6.08088E-11
  6.73000E-01  1.00000E+00  1.00000E-04  1.65821E-11
  6.74000E-01  1.00000E+00  1.00000E-04 -1.10550E-11
  6.75000E-01  1.00000E+00  1.00000E-04 -7.36953E-12
  6.76000E-01  1.00000E+00  1.00000E-04 -7.37020E-12
  6.77000E-01  1.00000E+00  1.00000E-04 -7.37043E-12
  6.78000E-01  1.00000E+00  1.00000E-04  1.65835E-11
  6.79000E-01  1.00000E+00  1.00000E-04 -2.76404E-11
  6.80000E-01  1.00000E+00  1.00000E-04  1.10561E-11
  6.81000E-01  1.00000E+00  9.99999E-05  6.07986E-11
  6.82000E-01  9.99999E-01  9.99999E-05 -4.42161E-11
  6.83000E-01  1.00000E+00  1.00000E-04  2.76302E-12
  6.84000E-01  1.00000E+00  1.00000E-04  2.76327E-12
  6.85000E-01  1.00000E+00  1.00000E-04 -1.10550E-11
  6.86000E-01  1.00000E+00  1.00000E-04  2.76403E-11
  6.87000E-01  9.99999E-01  9.99999E-05 -5.52702E-12
  6.88000E-01  1.00000E+00  1.00000E-04 -2.76372E-11
  6.89000E-01  1.00000E+00  1.00000E-04  1.65734E-11
  6.90000E-01  1.00000E+00  1.00000E-04 -2.05458E-15
  6.91000E-01  1.00000E+00  1.00000E-04  9.94568E-11
  6.92000E-01  9.99999E-01  9.99997E-05 -4.42118E-11
  6.93000E-01  1.00000E+00  1.00000E-04 -7.73420E-11
  6.94000E-01  1.00000E+00  9.99999E-05 -1.10411E-11
  6.95000E-01  1.00000E+00  1.00000E-04 -7.18478E-11
  6.96000E-01  1.00000E+00  1.00000E-04  3.53568E-10
  6.97000E-01  9.99995E-01  9.99994E-05 -3.86631E-11
  6.98000E-01  1.00000E+00  1.00000E-04 -2.26494E-10
  6.99000E-01  1.00000E+00  1.00000E-04  0.00000E+00
  7.00000E-01  1.00000E+00  1.00000E-04  0.00000E+00
  7.01000E-01  1.00000E+00  1.00000E-04  0.00000E+00
  7.02000E-01  1.00000E+00  1.00000E-04  0.00000E+00
  7.03000E-01  1.00000E+00  1.00000E-04  0.00000E+00
  7.04000E-01  1.00000E+00  1.00000E-04  0.00000E+00
  7.05000E-01  1.00000E+00  1.00000E-04  3.86935E-11
  7.06000E-01  1.00000E+00  9.99999E-05  2.21082E-11
  7.07000E-01  1.00000E+00  1.00000E-04 -1.05021E-10
  7.08000E-01  1.00000E+00  1.00000E-04  1.65838E-11
  7.09000E-01  1.00000E+00  1.00000E-04  2.76371E-11
  7.10000E-01  1.00000E+00  1.00000E-04  0.00000E+00
  7.11000E-01  1.00000E+00  1.00000E-04  0.00000E+00
  7.12000E-01  1.00000E+00  1.00000E-04  0.00000E+00
  7.13000E-01  1.00000E+00  1.00000E-04  0.00000E+00
  7.14000E-01  1.00000E+00  1.00000E-04  0.00000E+00
  7.15000E-01  1.00000E+00  1.00000E-04  0.00000E+00
  7.16000E-01  1.00000E+00  1.00000E-04  0.00000E+00
  7.17000E-01  1.00000E+00  1.00000E-04 -5.52785E-12
  7.18000E-01  1.00000E+00  1.00000E-04  0.00000E+00
  7.19000E-01  1.00000E+00  1.00000E-04  5.52832E-12
  7.20000E-01  1.00000E+00  1.00000E-04 -2.31222E-11
  7.21000E-01  1.00000E+00  1.00000E-04 -1.31414E-08
  7.22000E-01  1.00000E+00  1.00061E-04 -1.26694E-15
  7.23000E-01  1.00000E+00  1.00000E-04  1.31412E-08
  7.24000E-01  1.00000E+00  1.00000E-04  1.02807E-11
  7.25000E-01  1.00000E+00  1.00000E-04  1.88053E-12
  7.26000E-01  1.00000E+00  1.00000E-04  1.10549E-11
  7.27000E-01  1.00000E+00  1.00000E-04  0.00000E+00
  7.28000E-01  1.00000E+00  1.00000E-04  0.00000E+00
  7.29000E-01  1.00000E+00  1.00000E-04  0.00000E+00
  7.30000E-01  1.00000E+00  1.00000E-04  0.00000E+00
  7.31000E-01  1.00000E+00  1.00000E-04  0.00000E+00
  7.32000E-01  1.00000E+00  1.00000E-04  0.00000E+00
  7.33000E-01  1.00000E+00  1.00000E-04  0.00000E+00
  7.34000E-01  1.00000E+00  1.00000E-04  0.00000E+00
  7.35000E-01  1.00000E+00  1.00000E-04  0.00000E+00
  7.36000E-01  1.00000E+00  1.00000E-04  0.00000E+00
  7.37000E-01  1.00000E+00  1.00000E-04  0.00000E+00
  7.38000E-01  1.00000E+00  1.00000E-04  0.00000E+00
  7.39000E-01  1.00000E+00  1.00000E-04  0.00000E+00
  7.40000E-01  1.00000E+00  1.00000E-04  0.00000E+00
  7.41000E-01  1.00000E+00  1.00000E-04  0.00000E+00
  7.42000E-01  1.00000E+00  1.00000E-04 -1.10558E-11
  7.43000E-01  1.00000E+00  1.00000E-04 -5.52812E-12
  7.44000E-01  1.00000E+00  1.00000E-04  1.65839E-11
  7.45000E-01  1.00000E+00  1.00000E-04  7.76995E-17
  7.46000E-01  1.00000E+00  1.00000E-04  0.00000E+00
  7.47000E-01  1.00000E+00  1.00000E-04  0.00000E+00
  7.48000E-01  1.00000E+00  1.00000E-04  0.00000E+00
  7.49000E-01  1.00000E+00  1.00000E-04 -5.52803E-12
  7.50000E-01  1.00000E+00  1.00000E-04 -5.52801E-12
  7.51000E-01  1.00000E+00  1.00000E-04  1.10560E-11
  7.52000E-01  1.00000E+00  1.00000E-04  5.52750E-12
  7.53000E-01  1.00000E+00  1.00000E-04 -5.52749E-12
  7.54000E-01  1.00000E+00  1.00000E-04  0.00000E+00
  7.55000E-01  1.00000E+00  1.00000E-04  5.52803E-12
  7.56000E-01  1.00000E+00  1.00000E-04  0.00000E+00
  7.57000E-01  1.00000E+00  1.00000E-04 -5.52786E-12
  7.58000E-01  1.00000E+00  1.00000E-04  0.00000E+00
  7.59000E-01  1.00000E+00  1.00000E-04  0.00000E+00
  7.60000E-01  1.00000E+00  1.00000E-04  0.00000E+00
  7.61000E-01  1.00000E+00  1.00000E-04  0.00000E+00
  7.62000E-01  1.00000E+00  1.00000E-04  0.00000E+00
  7.63000E-01  1.00000E+00  1.00000E-04  0.00000E+00
  7.64000E-01  1.00000E+00  1.00000E-04  0.00000E+00
  7.65000E-01  1.00000E+00  1.00000E-04  0.00000E+00
  7.66000E-01  1.00000E+00  1.00000E-04  5.52784E-12
  7.67000E-01  1.00000E+00  1.00000E-04  0.00000E+00
  7.68000E-01  1.00000E+00  1.00000E-04 -5.52804E-12
  7.69000E-01  1.00000E+00  1.00000E-04 -3.31653E-11
  7.70000E-01  1.00000E+00  1.00000E-04  0.00000E+00
  7.71000E-01  1.00000E+00  1.00000E-04  1.16512E-11
  7.72000E-01  1.00000E+00  1.00000E-04 -1.21427E-08
  7.73000E-01  1.00000E+00  1.00057E-04 -1.67287E-14
  7.74000E-01  1.00000E+00  1.00000E-04  1.21202E-08
  7.75000E-01  1.00000E+00  1.00000E-04 -1.31721E-08
  7.76000E-01  1.00000E+00  1.00061E-04  1.24193E-14
  7.77000E-01  1.00000E+00  1.00000E-04  1.31938E-08
  7.78000E-01  1.00000E+00  1.00000E-04  3.97326E-11
  7.79000E-01  1.00000E+00  1.00000E-04  0.00000E+00
  7.80000E-01  1.00000E+00  1.00000E-04 -1.65835E-11
  7.81000E-01  1.00000E+00  1.00000E-04  5.52785E-12
  7.82000E-01  1.00000E+00  1.00000E-04  0.00000E+00
  7.83000E-01  1.00000E+00  1.00000E-04 -5.52772E-12
  7.84000E-01  1.00000E+00  1.00000E-04  1.65845E-11
  7.85000E-01  1.00000E+00  1.00000E-04  0.00000E+00
  7.86000E-01  1.00000E+00  1.00000E-04 -1.65839E-11
  7.87000E-01  1.00000E+00  1.00000E-04  0.00000E+00
  7.88000E-01  1.00000E+00  1.00000E-04  0.00000E+00
  7.89000E-01  1.00000E+00  1.00000E-04  0.00000E+00
  7.90000E-01  1.00000E+00  1.00000E-04  0.00000E+00
  7.91000E-01  1.00000E+00  1.00000E-04  0.00000E+00
  7.92000E-01  1.00000E+00  1.00000E-04 -5.52754E-12
  7.93000E-01  1.00000E+00  1.00000E-04  0.00000E+00
  7.94000E-01  1.00000E+00  1.00000E-04  5.52752E-12
  7.95000E-01  1.00000E+00  1.00000E-04 -5.52799E-12
  7.96000E-01  1.00000E+00  1.00000E-04  0.00000E+00
  7.97000E-01  1.00000E+00  1.00000E-04  5.52778E-12
  7.98000E-01  1.00000E+00  1.00000E-04  2.21108E-11
  7.99000E-01  9.99999E-01  9.99999E-05  0.00000E+00
  8.00000E-01  1.00000E+00  1.00000E-04 -2.21109E-11
  8.01000E-01  1.00000E+00  1.00000E-04  2.21126E-11
  8.02000E-01  9.99999E-01  9.99999E-05  0.00000E+00
  8.03000E-01  1.00000E+00  1.00000E-04 -2.21102E-11
  8.04000E-01  1.00000E+00  1.00000E-04  0.00000E+00
  8.05000E-01  1.00000E+00  1.00000E-04 -1.83242E-11
  8.06000E-01  1.00000E+00  1.00000E-04 -1.04128E-08
  8.07000E-01  1.00000E+00  1.00049E-04 -1.07517E-14
  8.08000E-01  1.00000E+00  1.00000E-04  1.03946E-08
  8.09000E-01  1.00000E+00  1.00000E-04 -1.03944E-08
  8.10000E-01  1.00000E+00  1.00049E-04  1.21891E-14
  8.11000E-01  1.00000E+00  1.00000E-04  1.04129E-08
  8.12000E-01  1.00000E+00  1.00000E-04  3.48182E-11
  8.13000E-01  1.00000E+00  1.00000E-04  0.00000E+00
  8.14000E-01  1.00000E+00  1.00000E-04 -1.65836E-11
  8.15000E-01  1.00000E+00  1.00000E-04  1.65843E-11
  8.16000E-01  1.00000E+00  1.00000E-04  5.52757E-12
  8.17000E-01  1.00000E+00  1.00000E-04 -3.31664E-11
  8.18000E-01  1.00000E+00  1.00000E-04  5.52814E-12
  8.19000E-01  1.00000E+00  1.00000E-04  5.52776E-12
  8.20000E-01  1.00000E+00  1.00000E-04  0.00000E+00
  8.21000E-01  1.00000E+00  1.00000E-04  0.00000E+00
  8.22000E-01  1.00000E+00  1.00000E-04  0.00000E+00
  8.23000E-01  1.00000E+00  1.00000E-04  1.10557E-11
  8.24000E-01  1.00000E+00  1.00000E-04  2.47443E-16
  8.25000E-01  1.00000E+00  1.00000E-04 -5.52867E-12
  8.26000E-01  1.00000E+00  1.00000E-04  7.76995E-17
  8.27000E-01  1.00000E+00  1.00000E-04 -5.52795E-12
  8.28000E-01  1.00000E+00  1.00000E-04  0.00000E+00
  8.29000E-01  1.00000E+00  1.00000E-04  5.52792E-12
  8.30000E-01  1.00000E+00  1.00000E-04  0.00000E+00
  8.31000E-01  1.00000E+00  1.00000E-04 -5.52812E-12
  8.32000E-01  1.00000E+00  1.00000E-04  0.00000E+00
  8.33000E-01  1.00000E+00  1.00000E-04  0.00000E+00
  8.34000E-01  1.00000E+00  1.00000E-04  1.10568E-11
  8.35000E-01  1.00000E+00  1.00000E-04  0.00000E+00
  8.36000E-01  1.00000E+00  1.00000E-04 -1.10562E-11
  8.37000E-01  1.00000E+00  1.00000E-04  0.00000E+00
  8.38000E-01  1.00000E+00  1.00000E-04 -2.26433E-11
  8.39000E-01  1.00000E+00  1.00000E-04 -1.28588E-08
  8.40000E-01  1.00000E+00  1.00060E-04 -2.27757E-11
  8.41000E-01  1.00000E+00  1.00000E-04  1.28823E-08
  8.42000E-01  1.00000E+00  1.00000E-04  3.36972E-11
  8.43000E-01  1.00000E+00  1.00000E-04  8.54695E-17
  8.44000E-01  1.00000E+00  1.00000E-04 -1.10558E-11
  8.45000E-01  1.00000E+00  1.00000E-04  5.52810E-12
  8.46000E-01  1.00000E+00  1.00000E-04  0.00000E+00
  8.47000E-01  1.00000E+00  1.00000E-04 -1.10558E-11
  8.48000E-01  1.00000E+00  1.00000E-04  5.52858E-12
  8.49000E-01  1.00000E+00  1.00000E-04  0.00000E+00
  8.50000E-01  1.00000E+00  1.00000E-04  0.00000E+00
  8.51000E-01  1.00000E+00  1.00000E-04 -2.76460E-12
  8.52000E-01  1.00000E+00  1.00000E-04 -2.76347E-12
  8.53000E-01  1.00000E+00  1.00000E-04  1.10555E-11
  8.54000E-01  1.00000E+00  1.00000E-04  0.00000E+00
  8.55000E-01  1.00000E+00  1.00000E-04  2.37425E-10
  8.56000E-01  9.99994E-01  9.99994E-05 -5.81046E-16
  8.57000E-01  1.00000E+00  1.00000E-04 -2.42971E-10
  8.58000E-01  1.00000E+00  1.00000E-04  4.97431E-11
  8.59000E-01  9.99999E-01  9.99999E-05  8.54695E-17
  8.60000E-01  1.00000E+00  1.00000E-04 -4.97474E-11
  8.61000E-01  1.00000E+00  1.00000E-04  0.00000E+00
  8.62000E-01  1.00000E+00  1.00000E-04  0.00000E+00
  8.63000E-01  1.00000E+00  1.00000E-04  0.00000E+00
  8.64000E-01  1.00000E+00  1.00000E-04  0.00000E+00
  8.65000E-01  1.00000E+00  1.00000E-04  0.00000E+00
  8.66000E-01  1.00000E+00  1.00000E-04  5.52802E-12
  8.67000E-01  1.00000E+00  1.00000E-04  1.10557E-11
  8.68000E-01  1.00000E+00  1.00000E-04 -1.65839E-11
  8.69000E-01  1.00000E+00  1.00000E-04  0.00000E+00
  8.70000E-01  1.00000E+00  1.00000E-04  0.00000E+00
  8.71000E-01  1.00000E+00  1.00000E-04  5.52830E-12
  8.72000E-01  1.00000E+00  1.00000E-04  1.65829E-11
  8.73000E-01  1.00000E+00  1.00000E-04 -3.31670E-11
  8.74000E-01  1.00000E+00  1.00000E-04  5.52824E-12
  8.75000E-01  1.00000E+00  1.00000E-04  5.52772E-12
  8.76000E-01  1.00000E+00  1.00000E-04  1.10549E-11
  8.77000E-01  1.00000E+00  1.00000E-04  0.00000E+00
  8.78000E-01  1.00000E+00  1.00000E-04 -1.65835E-11
  8.79000E-01  1.00000E+00  1.00000E-04  1.65845E-11
  8.80000E-01  1.00000E+00  1.00000E-04  5.52813E-12
  8.81000E-01  1.00000E+00  1.00000E-04  4.97413E-11
  8.82000E-01  9.99998E-01  9.99998E-05  7.76995E-17
  8.83000E-01  1.00000E+00  1.00000E-04 -6.63243E-11
  8.84000E-01  1.00000E+00  1.00000E-04  5.52792E-12
  8.85000E-01  1.00000E+00  1.00000E-04  0.00000E+00
  8.86000E-01  1.00000E+00  1.00000E-04 -5.52835E-12
  8.87000E-01  1.00000E+00  1.00000E-04  0.00000E+00
  8.88000E-01  1.00000E+00  1.00000E-04  0.00000E+00
  8.89000E-01  1.00000E+00  1.00000E-04  5.52815E-12
  8.90000E-01  1.00000E+00  1.00000E-04  0.00000E+00
  8.91000E-01  1.00000E+00  1.00000E-04 -5.52764E-12
  8.92000E-01  1.00000E+00  1.00000E-04  0.00000E+00
  8.93000E-01  1.00000E+00  1.00000E-04  0.00000E+00
  8.94000E-01  1.00000E+00  1.00000E-04  0.00000E+00
  8.95000E-01  1.00000E+00  1.00000E-04  5.52801E-12
  8.96000E-01  1.00000E+00  1.00000E-04 -5.52820E-12
  8.97000E-01  1.00000E+00  1.00000E-04  0.00000E+00
  8.98000E-01  1.00000E+00  1.00000E-04  0.00000E+00
  8.99000E-01  1.00000E+00  1.00000E-04 -2.44871E-16
  9.00000E-01  1.00000E+00  1.00000E-04  1.14794E-16
  9.01000E-01  1.00000E+00  1.00000E-04  1.30077E-16
  9.02000E-01  1.00000E+00  1.00000E-04  0.00000E+00
  9.03000E-01  1.00000E+00  1.00000E-04 -2.76363E-12
  9.04000E-01  1.00000E+00  1.00000E-04 -2.76430E-12
  9.05000E-01  1.00000E+00  1.00000E-04  8.54695E-17
  9.06000E-01  1.00000E+00  1.00000E-04 -1.10561E-11
  9.07000E-01  1.00000E+00  1.00000E-04  1.10568E-11
  9.08000E-01  1.00000E+00  1.00000E-04  5.52748E-12
  9.09000E-01  1.00000E+00  1.00000E-04  5.52796E-12
  9.10000E-01  1.00000E+00  1.00000E-04 -2.76323E-12
  9.11000E-01  1.00000E+00  1.00000E-04 -2.76469E-12
  9.12000E-01  1.00000E+00  1.00000E-04  7.76995E-17
  9.13000E-01  1.00000E+00  1.00000E-04  0.00000E+00
  9.14000E-01  1.00000E+00  1.00000E-04  0.00000E+00
  9.15000E-01  1.00000E+00  1.00000E-04  0.00000E+00
  9.16000E-01  1.00000E+00  1.00000E-04  2.21109E-11
  9.17000E-01  9.99999E-01  9.99999E-05  0.00000E+00
  9.18000E-01  1.00000E+00  1.00000E-04 -2.21122E-11
  9.19000E-01  1.00000E+00  1.00000E-04  0.00000E+00
  9.20000E-01  1.00000E+00  1.00000E-04  0.00000E+00
  9.21000E-01  1.00000E+00  1.00000E-04  2.76399E-11
  9.22000E-01  9.99999E-01  9.99999E-05  3.02648E-16
  9.23000E-01  1.00000E+00  1.00000E-04 -1.65822E-11
  9.24000E-01  1.00000E+00  1.00000E-04  1.65813E-11
  9.25000E-01  1.00000E+00  1.00000E-04 -1.65814E-11
  9.26000E-01  1.00000E+00  1.00000E-04 -1.10554E-11
  9.27000E-01  1.00000E+00  1.00000E-04  0.00000E+00
  9.28000E-01  1.00000E+00  1.00000E-04 -2.33099E-16
  9.29000E-01  1.00000E+00  1.00000E-04  7.76995E-17
  9.30000E-01  1.00000E+00  1.00000E-04  7.76995E-17
  9.31000E-01  1.00000E+00  1.00000E-04  5.52775E-12
  9.32000E-01  1.00000E+00  1.00000E-04  3.43032E-12
  9.33000E-01  1.00000E+00  1.00000E-04 -3.43046E-12
  9.34000E-01  1.00000E+00  1.00000E-04 -5.52813E-12
  9.35000E-01  1.00000E+00  1.00000E-04  0.00000E+00
  9.36000E-01  1.00000E+00  1.00000E-04 -1.10550E-11
  9.37000E-01  1.00000E+00  1.00000E-04  0.00000E+00
  9.38000E-01  1.00000E+00  1.00000E-04  3.31647E-11
  9.39000E-01  1.00000E+00  1.00000E-04  0.00000E+00
  9.40000E-01  1.00000E+00  1.00000E-04 -3.31682E-11
  9.41000E-01  1.00000E+00  1.00000E-04  0.00000E+00
  9.42000E-01  1.00000E+00  1.00000E-04  3.86921E-11
  9.43000E-01  1.00000E+00  1.00000E-04 -5.52715E-12
  9.44000E-01  1.00000E+00  1.00000E-04 -5.52811E-12
  9.45000E-01  1.00000E+00  1.00000E-04  1.49162E-10
  9.46000E-01  9.99996E-01  9.99996E-05  4.42111E-11
  9.47000E-01  1.00000E+00  1.00000E-04 -2.15470E-10
  9.48000E-01  1.00000E+00  1.00000E-04  5.52788E-12
  9.49000E-01  1.00000E+00  1.00000E-04  5.52730E-12
  9.50000E-01  1.00000E+00  1.00000E-04  1.65812E-11
  9.51000E-01  1.00000E+00  1.00000E-04  5.52814E-12
  9.52000E-01  1.00000E+00  1.00000E-04 -1.70250E-13
  9.53000E-01  1.00000E+00  1.00000E-04 -5.35798E-12
  9.54000E-01  1.00000E+00  1.00000E-04 -4.97459E-11
  9.55000E-01  1.00000E+00  1.00000E-04  1.65840E-11
  9.56000E-01  1.00000E+00  1.00000E-04  1.65851E-11
  9.57000E-01  1.00000E+00  1.00000E-04  5.52827E-12
  9.58000E-01  1.00000E+00  1.00000E-04  1.10551E-11
  9.59000E-01  1.00000E+00  1.00000E-04 -3.31628E-11
  9.60000E-01  1.00000E+00  1.00000E-04  5.52731E-12
  9.61000E-01  1.00000E+00  1.00000E-04  5.52793E-12
  9.62000E-01  1.00000E+00  1.00000E-04 -1.10539E-11
  9.63000E-01  1.00000E+00  1.00000E-04 -2.21106E-11
  9.64000E-01  1.00000E+00  1.00000E-04  5.52741E-11
  9.65000E-01  1.00000E+00  1.00000E-04  5.52922E-12
  9.66000E-01  1.00000E+00  1.00000E-04 -6.63247E-11
  9.67000E-01  1.00000E+00  1.00000E-04  2.21132E-11
  9.68000E-01  1.00000E+00  1.00000E-04 -1.21530E-16
  9.69000E-01  1.00000E+00  1.00000E-04 -5.52845E-12
  9.70000E-01  1.00000E+00  1.00000E-04  5.52760E-12
  9.71000E-01  1.00000E+00  1.00000E-04  3.86889E-11
  9.72000E-01  9.99999E-01  9.99999E-05  1.10559E-11
  9.73000E-01  1.00000E+00  1.00000E-04  1.76721E-10
  9.74000E-01  9.99995E-01  9.99995E-05  1.10510E-11
  9.75000E-01  1.00000E+00  1.00000E-04 -2.31977E-10
  9.76000E-01  1.00000E+00  1.00000E-04  2.21102E-11
  9.77000E-01  1.00000E+00  9.99999E-05  1.65789E-11
  9.78000E-01  1.00000E+00  1.00000E-04 -4.97145E-11
  9.79000E-01  9.99999E-01  1.00000E-04  1.47978E-15
  9.80000E-01  1.00000E+00  1.00000E-04  1.21536E-10
  9.81000E-01  9.99998E-01  9.99998E-05  5.53731E-12
  9.82000E-01  1.00000E+00  1.00000E-04 -1.60252E-10
  9.83000E-01  1.00000E+00  1.00000E-04  2.21047E-11
  9.84000E-01  1.00000E+00  1.00000E-04  2.75202E-15
  9.85000E-01  1.00000E+00  1.00000E-04  1.87855E-10
  9.86000E-01  9.99996E-01  9.99995E-05 -1.54534E-10
  9.87000E-01  1.00001E+00  1.00001E-04 -1.93372E-10
  9.88000E-01  1.00000E+00  1.00000E-04  1.32403E-10
  9.89000E-01  1.00000E+00  1.00000E-04  7.31529E-10
  9.90000E-01  9.99981E-01  9.99981E-05  6.63039E-11
  9.91000E-01  1.00000E+00  1.00000E-04 -7.35770E-10
  9.92000E-01  1.00000E+00  1.00000E-04 -1.29439E-12
  9.93000E-01  1.00000E+00  1.00000E-04  0.00000E+00
  9.94000E-01  1.00000E+00  1.00000E-04 -1.10552E-11
  9.95000E-01  1.00000E+00  1.00000E-04  0.00000E+00
  9.96000E-01  1.00000E+00  1.00000E-04  1.10561E-11
  9.97000E-01  1.00000E+00  1.00000E-04  0.00000E+00
  9.98000E-01  1.00000E+00  1.00000E-04  0.00000E+00
  9.99000E-01  1.00000E+00  1.00000E-04  0.00000E+00
