  0.00000E+00  4.51568E-05  6.94825E-02  1.30398E-04
  1.00000E-02  4.51571E-05  6.94824E-02  3.82976E-04
  2.00000E-02  4.51567E-05  6.94823E-02  5.12373E-04
  3.00000E-02  4.51583E-05  6.94825E-02  6.25162E-04
  4.00000E-02  4.51612E-05  6.94829E-02  7.67928E-04
  5.00000E-02  4.51804E-05  6.94831E-02  9.53110E-04
  6.00000E-02  4.52229E-05  6.94831E-02  1.09352E-03
  7.00000E-02  4.52815E-05  6.94831E-02  1.24977E-03
  8.00000E-02  4.53459E-05  6.94832E-02  1.46178E-03
  9.00000E-02  4.53995E-05  6.94833E-02  1.67496E-03
  1.00000E-01  4.54402E-05  6.94832E-02  1.86538E-03
  1.10000E-01  4.54661E-05  6.94831E-02  2.01152E-03
  1.20000E-01  4.55541E-05  6.94832E-02  2.15279E-03
  1.30000E-01  4.60867E-05  6.94832E-02  2.31675E-03
  1.40000E-01  4.77334E-05  6.94832E-02  2.51925E-03
  1.50000E-01  5.03607E-05  6.94832E-02  2.70163E-03
  1.60000E-01  5.36980E-05  6.94832E-02  2.84330E-03
  1.70000E-01  5.75829E-05  6.94832E-02  3.02670E-03
  1.80000E-01  6.17648E-05  6.94833E-02  3.22743E-03
  1.90000E-01  6.64083E-05  6.94834E-02  3.38995E-03
  2.00000E-01  7.14978E-05  6.94834E-02  3.56235E-03
  2.10000E-01  7.69825E-05  6.94833E-02  3.73857E-03
  2.20000E-01  8.31489E-05  6.94833E-02  3.92258E-03
  2.30000E-01  8.97738E-05  6.94834E-02  4.07713E-03
  2.40000E-01  9.73543E-05  6.94832E-02  4.25617E-03
  2.50000E-01  1.05830E-04  6.94833E-02  4.43297E-03
  2.60000E-01  1.15469E-04  6.94834E-02  4.55476E-03
  2.70000E-01  1.26750E-04  6.94835E-02  4.79960E-03
  2.80000E-01  1.40067E-04  6.94833E-02  4.95765E-03
  2.90000E-01  1.55598E-04  6.94837E-02  5.12467E-03
  3.00000E-01  1.73983E-04  6.94833E-02  5.31146E-03
  3.10000E-01  1.96002E-04  6.94835E-02  5.46275E-03
  3.20000E-01  2.22413E-04  6.94837E-02  5.67775E-03
  3.30000E-01  2.53990E-04  6.94835E-02  5.80724E-03
  3.40000E-01  2.91519E-04  6.94840E-02  6.02866E-03
  3.50000E-01  3.35798E-04  6.94835E-02  6.17430E-03
  3.60000E-01  3.87647E-04  6.94842E-02  6.33702E-03
  3.70000E-01  4.47114E-04  6.94834E-02  6.52211E-03
  3.80000E-01  5.13795E-04  6.94842E-02  6.65804E-03
  3.90000E-01  5.89843E-04  6.94841E-02  6.88973E-03
  4.00000E-01  6.69640E-04  6.94840E-02  7.00099E-03
  4.10000E-01  7.61278E-04  6.94846E-02  7.25098E-03
  4.20000E-01  8.52659E-04  6.94836E-02  7.37187E-03
  4.30000E-01  9.62685E-04  6.94848E-02  7.54893E-03
  4.40000E-01  1.05658E-03  6.94835E-02  7.70703E-03
  4.50000E-01  1.19638E-03  6.94846E-02  7.83413E-03
  4.60000E-01  1.28129E-03  6.94839E-02  8.09448E-03
  4.70000E-01  1.45573E-03  6.94838E-02  8.20517E-03
  4.80000E-01  1.54106E-03  6.94843E-02  8.44070E-03
  4.90000E-01  1.72957E-03  6.94844E-02  8.68889E-03
  5.00000E-01  1.83480E-03  6.94835E-02  8.75066E-03
  5.10000E-01  2.05000E-03  6.94850E-02  8.95747E-03
  5.20000E-01  2.15767E-03  6.94848E-02  9.29300E-03
  5.30000E-01  2.40155E-03  6.94850E-02  9.35434E-03
  5.40000E-01  2.53160E-03  6.94852E-02  9.39589E-03
  5.50000E-01  2.80725E-03  6.94863E-02  9.75593E-03
  5.60000E-01  2.95023E-03  6.94856E-02  9.95736E-03
  5.70000E-01  3.27243E-03  6.94857E-02  9.96050E-03
  5.80000E-01  3.43840E-03  6.94868E-02  1.00694E-02
  5.90000E-01  3.80390E-03  6.94880E-02  1.04637E-02
  6.00000E-01  3.99695E-03  6.94873E-02  1.05642E-02
  6.10000E-01  4.41606E-03  6.94880E-02  1.06607E-02
  6.20000E-01  4.63313E-03  6.94877E-02  1.10401E-02
  6.30000E-01  5.11236E-03  6.94860E-02  1.11684E-02
  6.40000E-01  5.35848E-03  6.94875E-02  1.11956E-02
  6.50000E-01  5.87657E-03  6.94885E-02  1.15617E-02
  6.60000E-01  6.15384E-03  6.94862E-02  1.17735E-02
  6.70000E-01  6.73673E-03  6.94878E-02  1.17947E-02
  6.80000E-01  7.03826E-03  6.94882E-02  1.21053E-02
  6.90000E-01  7.66511E-03  6.94865E-02  1.23586E-02
  7.00000E-01  7.97592E-03  6.94870E-02  1.23938E-02
  7.10000E-01  8.66445E-03  6.94889E-02  1.26980E-02
  7.20000E-01  9.02608E-03  6.94860E-02  1.29730E-02
  7.30000E-01  9.74969E-03  6.94863E-02  1.29906E-02
  7.40000E-01  1.01309E-02  6.94877E-02  1.32765E-02
  7.50000E-01  1.09366E-02  6.94864E-02  1.35731E-02
  7.60000E-01  1.13481E-02  6.94857E-02  1.35873E-02
  7.70000E-01  1.22117E-02  6.94886E-02  1.38566E-02
  7.80000E-01  1.26837E-02  6.94852E-02  1.41764E-02
  7.90000E-01  1.36310E-02  6.94851E-02  1.41958E-02
  8.00000E-01  1.41247E-02  6.94883E-02  1.44531E-02
  8.10000E-01  1.51570E-02  6.94867E-02  1.47724E-02
  8.20000E-01  1.57038E-02  6.94860E-02  1.48001E-02
  8.30000E-01  1.68473E-02  6.94907E-02  1.51123E-02
  8.40000E-01  1.74123E-02  6.94843E-02  1.53993E-02
  8.50000E-01  1.86855E-02  6.94879E-02  1.54619E-02
  8.60000E-01  1.93037E-02  6.94884E-02  1.58126E-02
  8.70000E-01  2.06161E-02  6.94852E-02  1.60023E-02
  8.80000E-01  2.13551E-02  6.94894E-02  1.60298E-02
  8.90000E-01  2.28249E-02  6.94911E-02  1.64175E-02
  9.00000E-01  2.35348E-02  6.94814E-02  1.65725E-02
  9.10000E-01  2.51516E-02  6.94905E-02  1.68414E-02
  9.20000E-01  2.59530E-02  6.94900E-02  1.71712E-02
  9.30000E-01  2.76937E-02  6.94904E-02  1.72398E-02
  9.40000E-01  2.86112E-02  6.94936E-02  1.76025E-02
  9.50000E-01  3.04151E-02  6.94892E-02  1.78143E-02
  9.60000E-01  3.13721E-02  6.94938E-02  1.78365E-02
  9.70000E-01  3.36185E-02  6.94951E-02  1.81950E-02
  9.80000E-01  3.44846E-02  6.94920E-02  1.84125E-02
  9.90000E-01  3.70952E-02  6.94918E-02  1.84140E-02
