  0.00000E+00  3.05402E-05  3.62053E+01  2.14871E-02
  1.00000E-03  3.05397E-05  3.62051E+01  6.32204E-02
  2.00000E-03  3.05393E-05  3.62049E+01  9.46027E-02
  3.00000E-03  3.05399E-05  3.62046E+01  1.17486E-01
  4.00000E-03  3.05405E-05  3.62044E+01  1.38280E-01
  5.00000E-03  3.05439E-05  3.62041E+01  1.60698E-01
  6.00000E-03  3.05592E-05  3.62036E+01  1.83957E-01
  7.00000E-03  3.05846E-05  3.62031E+01  2.05872E-01
  8.00000E-03  3.06206E-05  3.62026E+01  2.26559E-01
  9.00000E-03  3.06587E-05  3.62023E+01  2.53070E-01
  1.00000E-02  3.06918E-05  3.62022E+01  2.85374E-01
  1.10000E-02  3.07210E-05  3.62022E+01  3.18391E-01
  1.20000E-02  3.07344E-05  3.62024E+01  3.53284E-01
  1.30000E-02  3.07588E-05  3.62024E+01  3.86159E-01
  1.40000E-02  3.08288E-05  3.62023E+01  4.16755E-01
  1.50000E-02  3.12288E-05  3.62023E+01  4.47463E-01
  1.60000E-02  3.21949E-05  3.62022E+01  4.78343E-01
  1.70000E-02  3.37642E-05  3.62023E+01  5.09592E-01
  1.80000E-02  3.56347E-05  3.62024E+01  5.43439E-01
  1.90000E-02  3.79495E-05  3.62024E+01  5.74020E-01
  2.00000E-02  4.02356E-05  3.62024E+01  6.04677E-01
  2.10000E-02  4.28510E-05  3.62024E+01  6.35177E-01
  2.20000E-02  4.57729E-05  3.62025E+01  6.63753E-01
  2.30000E-02  4.86756E-05  3.62025E+01  6.93087E-01
  2.40000E-02  5.21011E-05  3.62024E+01  7.24083E-01
  2.50000E-02  5.56778E-05  3.62025E+01  7.56353E-01
  2.60000E-02  5.95828E-05  3.62028E+01  7.91733E-01
  2.70000E-02  6.38492E-05  3.62032E+01  8.24150E-01
  2.80000E-02  6.86847E-05  3.62034E+01  8.53328E-01
  2.90000E-02  7.38919E-05  3.62037E+01  8.81993E-01
  3.00000E-02  7.99747E-05  3.62037E+01  9.10668E-01
  3.10000E-02  8.69593E-05  3.62038E+01  9.42339E-01
  3.20000E-02  9.47351E-05  3.62038E+01  9.74272E-01
  3.30000E-02  1.04042E-04  3.62037E+01  1.00190E+00
  3.40000E-02  1.14720E-04  3.62042E+01  1.02613E+00
  3.50000E-02  1.26786E-04  3.62044E+01  1.05704E+00
  3.60000E-02  1.41620E-04  3.62045E+01  1.08848E+00
  3.70000E-02  1.58448E-04  3.62046E+01  1.12022E+00
  3.80000E-02  1.78221E-04  3.62046E+01  1.14954E+00
  3.90000E-02  2.01710E-04  3.62046E+01  1.17658E+00
  4.00000E-02  2.28002E-04  3.62045E+01  1.20527E+00
  4.10000E-02  2.58965E-04  3.62046E+01  1.23616E+00
  4.20000E-02  2.93449E-04  3.62047E+01  1.26706E+00
  4.30000E-02  3.32260E-04  3.62041E+01  1.29216E+00
  4.40000E-02  3.75248E-04  3.62042E+01  1.31982E+00
  4.50000E-02  4.21135E-04  3.62041E+01  1.35015E+00
  4.60000E-02  4.71879E-04  3.62045E+01  1.37534E+00
  4.70000E-02  5.25617E-04  3.62054E+01  1.40260E+00
  4.80000E-02  5.83794E-04  3.62056E+01  1.43094E+00
  4.90000E-02  6.42021E-04  3.62073E+01  1.45204E+00
  5.00000E-02  7.09296E-04  3.62102E+01  1.46796E+00
  5.10000E-02  7.73731E-04  3.62132E+01  1.48433E+00
  5.20000E-02  8.46387E-04  3.62169E+01  1.49589E+00
  5.30000E-02  9.20047E-04  3.62199E+01  1.51781E+00
  5.40000E-02  9.96370E-04  3.62208E+01  1.53826E+00
  5.50000E-02  1.07941E-03  3.62211E+01  1.57185E+00
  5.60000E-02  1.16241E-03  3.62206E+01  1.59951E+00
  5.70000E-02  1.25494E-03  3.62200E+01  1.62839E+00
  5.80000E-02  1.34796E-03  3.62198E+01  1.66083E+00
  5.90000E-02  1.44584E-03  3.62207E+01  1.69091E+00
  6.00000E-02  1.55276E-03  3.62217E+01  1.71954E+00
  6.10000E-02  1.66487E-03  3.62224E+01  1.75894E+00
  6.20000E-02  1.78158E-03  3.62246E+01  1.79332E+00
  6.30000E-02  1.90344E-03  3.62244E+01  1.82660E+00
  6.40000E-02  2.04179E-03  3.62257E+01  1.84804E+00
  6.50000E-02  2.17941E-03  3.62199E+01  1.87841E+00
  6.60000E-02  2.33373E-03  3.62120E+01  1.88232E+00
  6.70000E-02  2.48751E-03  3.62032E+01  1.88637E+00
  6.80000E-02  2.65930E-03  3.61936E+01  1.90789E+00
  6.90000E-02  2.84237E-03  3.61893E+01  1.92442E+00
  7.00000E-02  3.03527E-03  3.61899E+01  1.95746E+00
  7.10000E-02  3.23478E-03  3.61888E+01  1.99594E+00
  7.20000E-02  3.43415E-03  3.61894E+01  2.02063E+00
  7.30000E-02  3.67677E-03  3.61892E+01  2.06389E+00
  7.40000E-02  3.89476E-03  3.61886E+01  2.08912E+00
  7.50000E-02  4.14022E-03  3.61902E+01  2.12603E+00
  7.60000E-02  4.39997E-03  3.61881E+01  2.16131E+00
  7.70000E-02  4.66363E-03  3.61892E+01  2.18500E+00
  7.80000E-02  4.93310E-03  3.61890E+01  2.23385E+00
  7.90000E-02  5.20814E-03  3.61895E+01  2.25723E+00
  8.00000E-02  5.50547E-03  3.61908E+01  2.28615E+00
  8.10000E-02  5.82175E-03  3.62037E+01  2.29912E+00
  8.20000E-02  6.12353E-03  3.62227E+01  2.30591E+00
  8.30000E-02  6.45311E-03  3.62379E+01  2.30993E+00
  8.40000E-02  6.79793E-03  3.62436E+01  2.30471E+00
  8.50000E-02  7.14318E-03  3.62403E+01  2.28883E+00
  8.60000E-02  7.49236E-03  3.62370E+01  2.28849E+00
  8.70000E-02  7.88316E-03  3.62255E+01  2.31023E+00
  8.80000E-02  8.26596E-03  3.62222E+01  2.34574E+00
  8.90000E-02  8.68707E-03  3.62286E+01  2.38074E+00
  9.00000E-02  9.10267E-03  3.62358E+01  2.41724E+00
  9.10000E-02  9.53342E-03  3.62348E+01  2.45919E+00
  9.20000E-02  1.00055E-02  3.62337E+01  2.50118E+00
  9.30000E-02  1.04658E-02  3.62325E+01  2.54436E+00
  9.40000E-02  1.09624E-02  3.62324E+01  2.58530E+00
  9.50000E-02  1.14999E-02  3.62328E+01  2.62772E+00
  9.60000E-02  1.20266E-02  3.62330E+01  2.66681E+00
  9.70000E-02  1.25524E-02  3.62344E+01  2.70697E+00
  9.80000E-02  1.31509E-02  3.62336E+01  2.74350E+00
  9.90000E-02  1.37178E-02  3.62308E+01  2.78866E+00
  1.00000E-01  1.43485E-02  3.62295E+01  2.81742E+00
  1.01000E-01  1.49821E-02  3.62307E+01  2.86190E+00
  1.02000E-01  1.56728E-02  3.62296E+01  2.89715E+00
  1.03000E-01  1.63189E-02  3.62303E+01  2.94352E+00
  1.04000E-01  1.70890E-02  3.62437E+01  2.96600E+00
  1.05000E-01  1.77795E-02  3.62630E+01  2.97807E+00
  1.06000E-01  1.85709E-02  3.62940E+01  2.97504E+00
  1.07000E-01  1.93764E-02  3.63345E+01  2.97586E+00
  1.08000E-01  2.02449E-02  3.63643E+01  2.99009E+00
  1.09000E-01  2.10833E-02  3.63693E+01  3.01605E+00
  1.10000E-01  2.20053E-02  3.63763E+01  3.03891E+00
  1.11000E-01  2.28450E-02  3.63534E+01  3.05737E+00
  1.12000E-01  2.38425E-02  3.63335E+01  3.07322E+00
  1.13000E-01  2.47723E-02  3.63210E+01  3.09597E+00
  1.14000E-01  2.58381E-02  3.63198E+01  3.12874E+00
  1.15000E-01  2.67914E-02  3.63187E+01  3.17343E+00
  1.16000E-01  2.79615E-02  3.63261E+01  3.19751E+00
  1.17000E-01  2.90487E-02  3.63330E+01  3.23355E+00
  1.18000E-01  3.01764E-02  3.63474E+01  3.26847E+00
  1.19000E-01  3.14029E-02  3.63740E+01  3.28015E+00
  1.20000E-01  3.25772E-02  3.63853E+01  3.31793E+00
  1.21000E-01  3.38720E-02  3.63785E+01  3.35871E+00
  1.22000E-01  3.51221E-02  3.63818E+01  3.39781E+00
  1.23000E-01  3.65096E-02  3.64131E+01  3.41485E+00
  1.24000E-01  3.78654E-02  3.64325E+01  3.43935E+00
  1.25000E-01  3.92452E-02  3.64502E+01  3.47669E+00
  1.26000E-01  4.08546E-02  3.64520E+01  3.51382E+00
  1.27000E-01  4.22721E-02  3.64598E+01  3.53356E+00
  1.28000E-01  4.38243E-02  3.64844E+01  3.55547E+00
  1.29000E-01  4.53944E-02  3.64942E+01  3.59951E+00
  1.30000E-01  4.70724E-02  3.65095E+01  3.61288E+00
  1.31000E-01  4.86935E-02  3.65218E+01  3.64086E+00
  1.32000E-01  5.03822E-02  3.65273E+01  3.68205E+00
  1.33000E-01  5.22448E-02  3.65526E+01  3.69392E+00
  1.34000E-01  5.40091E-02  3.65774E+01  3.72620E+00
  1.35000E-01  5.60502E-02  3.65747E+01  3.76885E+00
  1.36000E-01  5.77800E-02  3.65763E+01  3.79176E+00
  1.37000E-01  5.99184E-02  3.66112E+01  3.80284E+00
  1.38000E-01  6.19908E-02  3.66205E+01  3.83929E+00
  1.39000E-01  6.38739E-02  3.66333E+01  3.87082E+00
  1.40000E-01  6.62577E-02  3.66944E+01  3.89332E+00
  1.41000E-01  6.84786E-02  3.67247E+01  3.92280E+00
  1.42000E-01  7.05302E-02  3.67487E+01  3.95128E+00
  1.43000E-01  7.31859E-02  3.67983E+01  3.97878E+00
  1.44000E-01  7.53599E-02  3.67959E+01  4.01646E+00
  1.45000E-01  7.78543E-02  3.67920E+01  4.05779E+00
  1.46000E-01  8.03490E-02  3.68083E+01  4.08951E+00
  1.47000E-01  8.29554E-02  3.68750E+01  4.10906E+00
  1.48000E-01  8.58137E-02  3.68676E+01  4.13406E+00
  1.49000E-01  8.83932E-02  3.69339E+01  4.15085E+00
  1.50000E-01  9.12467E-02  3.69837E+01  4.15952E+00
  1.51000E-01  9.41630E-02  3.70093E+01  4.18749E+00
  1.52000E-01  9.70633E-02  3.69918E+01  4.22912E+00
  1.53000E-01  1.00139E-01  3.70240E+01  4.27854E+00
  1.54000E-01  1.03131E-01  3.70728E+01  4.32043E+00
  1.55000E-01  1.06505E-01  3.71688E+01  4.34254E+00
  1.56000E-01  1.09802E-01  3.72296E+01  4.35715E+00
  1.57000E-01  1.13020E-01  3.73068E+01  4.38065E+00
  1.58000E-01  1.16866E-01  3.73626E+01  4.40194E+00
  1.59000E-01  1.20008E-01  3.73650E+01  4.43960E+00
  1.60000E-01  1.23538E-01  3.73515E+01  4.47585E+00
  1.61000E-01  1.27225E-01  3.73765E+01  4.50035E+00
  1.62000E-01  1.31017E-01  3.74292E+01  4.53015E+00
  1.63000E-01  1.34672E-01  3.75101E+01  4.54701E+00
  1.64000E-01  1.39100E-01  3.75668E+01  4.58002E+00
  1.65000E-01  1.42762E-01  3.75955E+01  4.61505E+00
  1.66000E-01  1.47064E-01  3.76866E+01  4.64616E+00
  1.67000E-01  1.51718E-01  3.77452E+01  4.68053E+00
  1.68000E-01  1.55948E-01  3.78490E+01  4.72164E+00
  1.69000E-01  1.60448E-01  3.78934E+01  4.74855E+00
  1.70000E-01  1.65266E-01  3.79796E+01  4.76541E+00
  1.71000E-01  1.69576E-01  3.80113E+01  4.79967E+00
  1.72000E-01  1.74761E-01  3.80852E+01  4.81464E+00
  1.73000E-01  1.79643E-01  3.81192E+01  4.84477E+00
  1.74000E-01  1.84326E-01  3.82606E+01  4.88884E+00
  1.75000E-01  1.90193E-01  3.83603E+01  4.92923E+00
  1.76000E-01  1.95817E-01  3.85225E+01  4.98842E+00
  1.77000E-01  2.00540E-01  3.85556E+01  5.00858E+00
  1.78000E-01  2.06639E-01  3.86245E+01  5.01672E+00
  1.79000E-01  2.12205E-01  3.86890E+01  5.02662E+00
  1.80000E-01  2.18235E-01  3.88246E+01  5.04271E+00
  1.81000E-01  2.24101E-01  3.88944E+01  5.10868E+00
  1.82000E-01  2.30371E-01  3.90419E+01  5.15068E+00
  1.83000E-01  2.36775E-01  3.91113E+01  5.19351E+00
  1.84000E-01  2.43203E-01  3.91479E+01  5.22444E+00
  1.85000E-01  2.49616E-01  3.92378E+01  5.22844E+00
  1.86000E-01  2.56392E-01  3.94119E+01  5.25012E+00
  1.87000E-01  2.63947E-01  3.96088E+01  5.29072E+00
  1.88000E-01  2.71357E-01  3.97335E+01  5.33250E+00
  1.89000E-01  2.79042E-01  3.98832E+01  5.35024E+00
  1.90000E-01  2.86161E-01  4.00051E+01  5.40143E+00
  1.91000E-01  2.93859E-01  4.01327E+01  5.45270E+00
  1.92000E-01  3.02855E-01  4.03002E+01  5.48760E+00
  1.93000E-01  3.09933E-01  4.03586E+01  5.50408E+00
  1.94000E-01  3.17863E-01  4.04529E+01  5.52683E+00
  1.95000E-01  3.27324E-01  4.07064E+01  5.56145E+00
  1.96000E-01  3.36652E-01  4.09736E+01  5.60472E+00
  1.97000E-01  3.46111E-01  4.12033E+01  5.64948E+00
  1.98000E-01  3.54894E-01  4.12842E+01  5.66976E+00
  1.99000E-01  3.63717E-01  4.13169E+01  5.67829E+00
  2.00000E-01  3.73527E-01  4.15175E+01  5.71506E+00
  2.01000E-01  3.84742E-01  4.18652E+01  5.79054E+00
  2.02000E-01  3.95066E-01  4.20505E+01  5.82471E+00
  2.03000E-01  4.05200E-01  4.21727E+01  5.84487E+00
  2.04000E-01  4.16361E-01  4.24220E+01  5.89151E+00
  2.05000E-01  4.27603E-01  4.26177E+01  5.92081E+00
  2.06000E-01  4.39303E-01  4.28618E+01  5.95238E+00
  2.07000E-01  4.51456E-01  4.31500E+01  5.99210E+00
  2.08000E-01  4.63747E-01  4.33873E+01  6.02413E+00
  2.09000E-01  4.76668E-01  4.36781E+01  6.06545E+00
  2.10000E-01  4.90705E-01  4.40619E+01  6.12141E+00
  2.11000E-01  5.04063E-01  4.43276E+01  6.15463E+00
  2.12000E-01  5.16012E-01  4.43963E+01  6.17004E+00
  2.13000E-01  5.31454E-01  4.48088E+01  6.22028E+00
  2.14000E-01  5.46363E-01  4.51524E+01  6.26709E+00
  2.15000E-01  5.60641E-01  4.53833E+01  6.28801E+00
  2.16000E-01  5.76875E-01  4.57650E+01  6.34024E+00
  2.17000E-01  5.93587E-01  4.61883E+01  6.38938E+00
  2.18000E-01  6.09140E-01  4.64121E+01  6.41119E+00
  2.19000E-01  6.27052E-01  4.68942E+01  6.46736E+00
  2.20000E-01  6.44695E-01  4.72555E+01  6.51423E+00
  2.21000E-01  6.61779E-01  4.75484E+01  6.53896E+00
  2.22000E-01  6.81324E-01  4.79946E+01  6.58632E+00
  2.23000E-01  7.01687E-01  4.85508E+01  6.64226E+00
  2.24000E-01  7.19944E-01  4.88034E+01  6.66979E+00
  2.25000E-01  7.41668E-01  4.92959E+01  6.71191E+00
  2.26000E-01  7.63266E-01  4.98964E+01  6.77675E+00
  2.27000E-01  7.86182E-01  5.02930E+01  6.80513E+00
  2.28000E-01  8.06412E-01  5.07068E+01  6.84285E+00
  2.29000E-01  8.33693E-01  5.13985E+01  6.90695E+00
  2.30000E-01  8.56058E-01  5.19538E+01  6.95506E+00
  2.31000E-01  8.81111E-01  5.22785E+01  6.97575E+00
  2.32000E-01  9.07328E-01  5.30122E+01  7.03770E+00
  2.33000E-01  9.37295E-01  5.37568E+01  7.09832E+00
  2.34000E-01  9.63628E-01  5.42582E+01  7.13398E+00
  2.35000E-01  9.91437E-01  5.47712E+01  7.16603E+00
  2.36000E-01  1.02567E+00  5.57097E+01  7.24284E+00
  2.37000E-01  1.05502E+00  5.63758E+01  7.28789E+00
  2.38000E-01  1.08891E+00  5.69504E+01  7.31786E+00
  2.39000E-01  1.12083E+00  5.78115E+01  7.38302E+00
  2.40000E-01  1.16018E+00  5.87144E+01  7.43438E+00
  2.41000E-01  1.19351E+00  5.94049E+01  7.47980E+00
  2.42000E-01  1.23180E+00  6.02010E+01  7.51985E+00
  2.43000E-01  1.27549E+00  6.14134E+01  7.59754E+00
  2.44000E-01  1.31464E+00  6.21662E+01  7.63418E+00
  2.45000E-01  1.35746E+00  6.30396E+01  7.67924E+00
  2.46000E-01  1.40168E+00  6.40669E+01  7.74457E+00
  2.47000E-01  1.45273E+00  6.52458E+01  7.81906E+00
  2.48000E-01  1.49322E+00  6.60077E+01  7.85383E+00
  2.49000E-01  1.55256E+00  6.73688E+01  7.90827E+00
  2.50000E-01  1.60177E+00  6.86240E+01  7.97437E+00
  2.51000E-01  1.66199E+00  6.99637E+01  8.02284E+00
  2.52000E-01  1.71321E+00  7.08674E+01  8.07669E+00
  2.53000E-01  1.77675E+00  7.23149E+01  8.15124E+00
  2.54000E-01  1.84475E+00  7.40979E+01  8.20436E+00
  2.55000E-01  1.90646E+00  7.51700E+01  8.24532E+00
  2.56000E-01  1.97965E+00  7.68591E+01  8.31478E+00
  2.57000E-01  2.04659E+00  7.83243E+01  8.38988E+00
  2.58000E-01  2.12970E+00  8.00303E+01  8.45165E+00
  2.59000E-01  2.20234E+00  8.17198E+01  8.48539E+00
  2.60000E-01  2.29402E+00  8.36785E+01  8.57266E+00
  2.61000E-01  2.37943E+00  8.55830E+01  8.62740E+00
  2.62000E-01  2.46799E+00  8.71350E+01  8.68845E+00
  2.63000E-01  2.56868E+00  8.94178E+01  8.75348E+00
  2.64000E-01  2.67355E+00  9.19661E+01  8.81541E+00
  2.65000E-01  2.77593E+00  9.37368E+01  8.88040E+00
  2.66000E-01  2.88862E+00  9.60341E+01  8.93907E+00
  2.67000E-01  3.02059E+00  9.90455E+01  9.02988E+00
  2.68000E-01  3.12544E+00  1.01406E+02  9.08138E+00
  2.69000E-01  3.25828E+00  1.03601E+02  9.11112E+00
  2.70000E-01  3.42008E+00  1.06619E+02  9.20996E+00
  2.71000E-01  3.59278E+00  1.11016E+02  9.32946E+00
  2.72000E-01  3.64112E+00  1.11206E+02  9.29643E+00
  2.73000E-01  3.49739E+00  9.69718E+01  8.67997E+00
  2.74000E-01  2.27569E+00  3.98757E+01  5.43011E+00
  2.75000E-01  1.25759E+00  3.20876E+00  9.40472E-01
  2.76000E-01  1.02218E+00  1.82383E-02  1.74887E-02
  2.77000E-01  1.00000E+00  1.00161E-04  1.06891E-05
  2.78000E-01  1.00000E+00  1.00000E-04  1.06192E-10
  2.79000E-01  1.00000E+00  1.00000E-04  5.42674E-14
  2.80000E-01  1.00000E+00  1.00000E-04  4.02935E-14
  2.81000E-01  1.00000E+00  1.00000E-04  1.17899E-14
  2.82000E-01  1.00000E+00  1.00000E-04 -4.81319E-14
  2.83000E-01  1.00000E+00  1.00000E-04 -4.71823E-09
  2.84000E-01  1.00000E+00  1.00000E-04 -6.43189E-07
  2.85000E-01  1.00000E+00  1.00310E-04 -9.73370E-07
  2.86000E-01  1.00000E+00  1.00340E-04  7.73028E-07
  2.87000E-01  1.00000E+00  1.00000E-04  3.85226E-08
  2.88000E-01  1.00000E+00  1.00330E-04  1.56747E-08
  2.89000E-01  1.00000E+00  1.00000E-04  7.78794E-07
  2.90000E-01  1.00000E+00  1.00000E-04  1.51812E-08
  2.91000E-01  1.00000E+00  1.00000E-04  7.88861E-11
  2.92000E-01  1.00000E+00  1.00000E-04  6.30459E-11
  2.93000E-01  1.00000E+00  1.00000E-04 -6.30709E-11
  2.94000E-01  1.00000E+00  1.00000E-04 -1.89099E-10
  2.95000E-01  1.00000E+00  1.00000E-04  0.00000E+00
  2.96000E-01  1.00000E+00  1.00000E-04  0.00000E+00
  2.97000E-01  1.00000E+00  1.00000E-04  0.00000E+00
  2.98000E-01  1.00000E+00  1.00000E-04  0.00000E+00
  2.99000E-01  1.00000E+00  1.00000E-04  0.00000E+00
  3.00000E-01  1.00000E+00  1.00000E-04  0.00000E+00
  3.01000E-01  1.00000E+00  1.00000E-04  0.00000E+00
  3.02000E-01  1.00000E+00  1.00000E-04  0.00000E+00
  3.03000E-01  1.00000E+00  1.00000E-04  0.00000E+00
  3.04000E-01  1.00000E+00  1.00000E-04  0.00000E+00
  3.05000E-01  1.00000E+00  1.00000E-04  0.00000E+00
  3.06000E-01  1.00000E+00  1.00000E-04  0.00000E+00
  3.07000E-01  1.00000E+00  1.00000E-04  1.89236E-10
  3.08000E-01  1.00000E+00  1.00000E-04  1.26173E-10
  3.09000E-01  1.00000E+00  1.00000E-04 -1.89318E-10
  3.10000E-01  1.00000E+00  1.00000E-04 -1.26205E-10
  3.11000E-01  1.00000E+00  1.00000E-04  6.30527E-11
  3.12000E-01  1.00000E+00  1.00000E-04 -6.30288E-11
  3.13000E-01  1.00000E+00  1.00000E-04 -6.31057E-11
  3.14000E-01  1.00000E+00  1.00000E-04  3.15365E-11
  3.15000E-01  1.00000E+00  1.00000E-04  3.15383E-11
  3.16000E-01  1.00000E+00  1.00000E-04  7.76997E-17
  3.17000E-01  1.00000E+00  1.00000E-04  6.30543E-11
  3.18000E-01  1.00000E+00  1.00000E-04 -1.89157E-10
  3.19000E-01  1.00000E+00  1.00000E-04 -6.31006E-11
  3.20000E-01  1.00000E+00  1.00000E-04  2.52383E-10
  3.21000E-01  1.00000E+00  1.00000E-04 -6.30392E-11
  3.22000E-01  1.00000E+00  1.00000E-04 -2.52419E-10
  3.23000E-01  1.00000E+00  1.00000E-04  3.66662E-10
  3.24000E-01  1.00000E+00  1.00000E-04 -3.03362E-10
  3.25000E-01  1.00000E+00  1.00000E-04  3.15496E-11
  3.26000E-01  1.00000E+00  1.00000E-04  3.15471E-11
  3.27000E-01  1.00000E+00  1.00000E-04  2.10302E-11
  3.28000E-01  1.00000E+00  1.00000E-04  2.10177E-11
  3.29000E-01  1.00000E+00  1.00000E-04  2.10147E-11
  3.30000E-01  1.00000E+00  1.00000E-04  6.30258E-11
  3.31000E-01  1.00000E+00  1.00000E-04  0.00000E+00
  3.32000E-01  1.00000E+00  1.00000E-04  1.89191E-10
  3.33000E-01  1.00000E+00  1.00000E-04  6.30260E-11
  3.34000E-01  1.00000E+00  1.00000E-04 -1.89109E-10
  3.35000E-01  1.00000E+00  1.00000E-04  2.39237E-16
  3.36000E-01  1.00000E+00  1.00000E-04  1.03418E-16
  3.37000E-01  1.00000E+00  1.00000E-04 -6.31126E-11
  3.38000E-01  1.00000E+00  1.00000E-04  0.00000E+00
  3.39000E-01  1.00000E+00  1.00000E-04 -2.52203E-10
  3.40000E-01  1.00000E+00  1.00000E-04 -6.31008E-11
  3.41000E-01  1.00000E+00  1.00000E-04  2.52184E-10
  3.42000E-01  1.00000E+00  1.00000E-04 -6.30928E-11
  3.43000E-01  1.00000E+00  1.00000E-04  6.30739E-11
  3.44000E-01  1.00000E+00  1.00000E-04  7.95482E-10
  3.45000E-01  9.99999E-01  9.99999E-05 -9.84243E-10
  3.46000E-01  1.00000E+00  1.00000E-04 -5.68814E-10
  3.47000E-01  1.00000E+00  1.00000E-04 -2.76678E-09
  3.48000E-01  1.00000E+00  1.00001E-04  1.76047E-09
  3.49000E-01  1.00000E+00  9.99996E-05  3.01968E-09
  3.50000E-01  1.00000E+00  1.00000E-04 -1.60400E-09
  3.51000E-01  1.00000E+00  1.00000E-04  4.11580E-10
  3.52000E-01  1.00000E+00  1.00000E-04  0.00000E+00
  3.53000E-01  1.00000E+00  1.00000E-04  0.00000E+00
  3.54000E-01  1.00000E+00  1.00000E-04  0.00000E+00
  3.55000E-01  1.00000E+00  1.00000E-04  0.00000E+00
  3.56000E-01  1.00000E+00  1.00000E-04  0.00000E+00
  3.57000E-01  1.00000E+00  1.00000E-04  0.00000E+00
  3.58000E-01  1.00000E+00  1.00000E-04  0.00000E+00
  3.59000E-01  1.00000E+00  1.00000E-04  0.00000E+00
  3.60000E-01  1.00000E+00  1.00000E-04  0.00000E+00
  3.61000E-01  1.00000E+00  1.00000E-04 -7.76996E-17
  3.62000E-01  1.00000E+00  1.00000E-04  0.00000E+00
  3.63000E-01  1.00000E+00  1.00000E-04  7.76996E-17
  3.64000E-01  1.00000E+00  1.00000E-04  0.00000E+00
  3.65000E-01  1.00000E+00  1.00000E-04  0.00000E+00
  3.66000E-01  1.00000E+00  1.00000E-04  0.00000E+00
  3.67000E-01  1.00000E+00  1.00000E-04  0.00000E+00
  3.68000E-01  1.00000E+00  1.00000E-04  0.00000E+00
  3.69000E-01  1.00000E+00  1.00000E-04  0.00000E+00
  3.70000E-01  1.00000E+00  1.00000E-04  0.00000E+00
  3.71000E-01  1.00000E+00  1.00000E-04  0.00000E+00
  3.72000E-01  1.00000E+00  1.00000E-04 -1.26135E-10
  3.73000E-01  1.00000E+00  1.00000E-04 -1.26151E-10
  3.74000E-01  1.00000E+00  1.00000E-04  1.89275E-10
  3.75000E-01  1.00000E+00  1.00000E-04 -6.93733E-10
  3.76000E-01  1.00000E+00  1.00000E-04  7.79113E-17
  3.77000E-01  1.00000E+00  1.00000E-04  7.40990E-10
  3.78000E-01  1.00000E+00  1.00000E-04  1.61155E-11
  3.79000E-01  1.00000E+00  1.00000E-04  0.00000E+00
  3.80000E-01  1.00000E+00  1.00000E-04  0.00000E+00
  3.81000E-01  1.00000E+00  1.00000E-04  1.89225E-10
  3.82000E-01  1.00000E+00  1.00000E-04  6.30681E-11
  3.83000E-01  1.00000E+00  1.00000E-04 -1.89117E-10
  3.84000E-01  1.00000E+00  1.00000E-04  1.26133E-10
  3.85000E-01  1.00000E+00  1.00000E-04 -1.59962E-16
  3.86000E-01  1.00000E+00  1.00000E-04 -1.89208E-10
  3.87000E-01  1.00000E+00  1.00000E-04  0.00000E+00
  3.88000E-01  1.00000E+00  1.00000E-04  0.00000E+00
  3.89000E-01  1.00000E+00  1.00000E-04  0.00000E+00
  3.90000E-01  1.00000E+00  1.00000E-04  0.00000E+00
  3.91000E-01  1.00000E+00  1.00000E-04  0.00000E+00
  3.92000E-01  1.00000E+00  1.00000E-04  0.00000E+00
  3.93000E-01  1.00000E+00  1.00000E-04  0.00000E+00
  3.94000E-01  1.00000E+00  1.00000E-04  0.00000E+00
  3.95000E-01  1.00000E+00  1.00000E-04  0.00000E+00
  3.96000E-01  1.00000E+00  1.00000E-04  0.00000E+00
  3.97000E-01  1.00000E+00  1.00000E-04  1.89202E-10
  3.98000E-01  1.00000E+00  1.00000E-04 -1.89287E-10
  3.99000E-01  1.00000E+00  1.00000E-04 -6.30589E-11
  4.00000E-01  1.00000E+00  1.00000E-04  6.30514E-11
  4.01000E-01  1.00000E+00  1.00000E-04  0.00000E+00
  4.02000E-01  1.00000E+00  1.00000E-04  0.00000E+00
  4.03000E-01  1.00000E+00  1.00000E-04 -3.30405E-11
  4.04000E-01  1.00000E+00  1.00000E-04 -1.43730E-08
  4.05000E-01  1.00000E+00  1.00000E-04 -7.43678E-07
  4.06000E-01  1.00000E+00  1.00310E-04 -7.27932E-11
  4.07000E-01  1.00000E+00  1.00000E-04  7.43601E-07
  4.08000E-01  1.00000E+00  1.00000E-04  1.45508E-08
  4.09000E-01  1.00000E+00  1.00000E-04  3.37735E-11
  4.10000E-01  1.00000E+00  1.00000E-04  0.00000E+00
  4.11000E-01  1.00000E+00  1.00000E-04  0.00000E+00
  4.12000E-01  1.00000E+00  1.00000E-04  0.00000E+00
  4.13000E-01  1.00000E+00  1.00000E-04  0.00000E+00
  4.14000E-01  1.00000E+00  1.00000E-04 -3.37582E-11
  4.15000E-01  1.00000E+00  1.00000E-04 -1.45471E-08
  4.16000E-01  1.00000E+00  1.00000E-04 -7.43773E-07
  4.17000E-01  1.00000E+00  1.00310E-04 -4.69794E-13
  4.18000E-01  1.00000E+00  1.00000E-04  7.43752E-07
  4.19000E-01  1.00000E+00  1.00000E-04  1.45763E-08
  4.20000E-01  1.00000E+00  1.00000E-04  7.63809E-11
  4.21000E-01  1.00000E+00  1.00000E-04  0.00000E+00
  4.22000E-01  1.00000E+00  1.00000E-04  0.00000E+00
  4.23000E-01  1.00000E+00  1.00000E-04  2.52255E-10
  4.24000E-01  1.00000E+00  9.99999E-05  0.00000E+00
  4.25000E-01  1.00000E+00  1.00000E-04 -1.89264E-10
  4.26000E-01  1.00000E+00  1.00000E-04 -1.01786E-16
  4.27000E-01  1.00000E+00  1.00000E-04  1.38803E-09
  4.28000E-01  9.99996E-01  9.99996E-05  6.30717E-11
  4.29000E-01  1.00000E+00  1.00000E-04 -1.47339E-09
  4.30000E-01  1.00000E+00  1.00000E-04 -3.95722E-11
  4.31000E-01  1.00000E+00  1.00000E-04  0.00000E+00
  4.32000E-01  1.00000E+00  1.00000E-04  1.26161E-10
  4.33000E-01  1.00000E+00  1.00000E-04  0.00000E+00
  4.34000E-01  1.00000E+00  1.00000E-04 -1.26111E-10
  4.35000E-01  1.00000E+00  1.00000E-04  0.00000E+00
  4.36000E-01  1.00000E+00  1.00000E-04 -7.76996E-17
  4.37000E-01  1.00000E+00  1.00000E-04 -1.89322E-10
  4.38000E-01  1.00000E+00  1.00000E-04  6.31027E-11
  4.39000E-01  1.00000E+00  1.00000E-04  1.26142E-10
  4.40000E-01  1.00000E+00  1.00000E-04  0.00000E+00
  4.41000E-01  1.00000E+00  1.00000E-04  6.30989E-11
  4.42000E-01  1.00000E+00  1.00000E-04  0.00000E+00
  4.43000E-01  1.00000E+00  1.00000E-04 -6.30828E-11
  4.44000E-01  1.00000E+00  1.00000E-04  6.30939E-11
  4.45000E-01  1.00000E+00  1.00000E-04  0.00000E+00
  4.46000E-01  1.00000E+00  1.00000E-04 -6.30370E-11
  4.47000E-01  1.00000E+00  1.00000E-04  0.00000E+00
  4.48000E-01  1.00000E+00  1.00000E-04  0.00000E+00
  4.49000E-01  1.00000E+00  1.00000E-04  0.00000E+00
  4.50000E-01  1.00000E+00  1.00000E-04  6.30732E-11
  4.51000E-01  1.00000E+00  1.00000E-04 -2.52384E-10
  4.52000E-01  1.00000E+00  1.00000E-04 -6.31509E-11
  4.53000E-01  1.00000E+00  1.00000E-04  2.52139E-10
  4.54000E-01  1.00000E+00  1.00000E-04  6.30514E-11
  4.55000E-01  1.00000E+00  1.00000E-04  0.00000E+00
  4.56000E-01  1.00000E+00  1.00000E-04 -3.15416E-11
  4.57000E-01  1.00000E+00  1.00000E-04 -3.15438E-11
  4.58000E-01  1.00000E+00  1.00000E-04  7.76996E-17
  4.59000E-01  1.00000E+00  1.00000E-04  0.00000E+00
  4.60000E-01  1.00000E+00  1.00000E-04  6.30418E-11
  4.61000E-01  1.00000E+00  1.00000E-04 -1.26074E-10
  4.62000E-01  1.00000E+00  1.00000E-04 -6.31029E-11
  4.63000E-01  1.00000E+00  1.00000E-04  1.26184E-10
  4.64000E-01  1.00000E+00  1.00000E-04  6.30677E-11
  4.65000E-01  1.00000E+00  1.00000E-04  0.00000E+00
  4.66000E-01  1.00000E+00  1.00000E-04 -6.30557E-11
  4.67000E-01  1.00000E+00  1.00000E-04  6.30926E-11
  4.68000E-01  1.00000E+00  1.00000E-04  6.30281E-11
  4.69000E-01  1.00000E+00  1.00000E-04 -3.15432E-10
  4.70000E-01  1.00000E+00  1.00000E-04  1.26181E-10
  4.71000E-01  1.00000E+00  1.00000E-04  6.30765E-11
  4.72000E-01  1.00000E+00  1.00000E-04 -2.52245E-10
  4.73000E-01  1.00000E+00  1.00000E-04  6.31130E-11
  4.74000E-01  1.00000E+00  1.00000E-04  1.89116E-10
  4.75000E-01  1.00000E+00  1.00000E-04 -6.59449E-16
  4.76000E-01  1.00000E+00  1.00000E-04  8.54695E-17
  4.77000E-01  1.00000E+00  1.00000E-04 -1.26082E-10
  4.78000E-01  1.00000E+00  1.00000E-04  6.31106E-11
  4.79000E-01  1.00000E+00  1.00000E-04  1.26089E-10
  4.80000E-01  1.00000E+00  1.00000E-04  1.26090E-10
  4.81000E-01  1.00000E+00  1.00000E-04  6.30939E-11
  4.82000E-01  1.00000E+00  1.00000E-04 -1.89154E-10
  4.83000E-01  1.00000E+00  1.00000E-04 -4.41502E-10
  4.84000E-01  1.00000E+00  1.00000E-04 -2.19289E-10
  4.85000E-01  1.00000E+00  1.00000E-04  1.18995E-09
  4.86000E-01  1.00000E+00  9.99999E-05 -1.50525E-10
  4.87000E-01  1.00000E+00  1.00000E-04 -9.67478E-16
  4.88000E-01  9.99999E-01  9.99999E-05 -5.13009E-11
  4.89000E-01  1.00000E+00  1.00000E-04 -2.85339E-09
  4.90000E-01  1.00000E+00  1.00000E-04  1.01114E-09
  4.91000E-01  1.00000E+00  1.00000E-04  1.45009E-09
  4.92000E-01  1.00000E+00  1.00000E-04  4.41436E-10
  4.93000E-01  9.99999E-01  9.99999E-05 -6.31141E-11
  4.94000E-01  1.00000E+00  1.00000E-04 -3.78504E-10
  4.95000E-01  1.00000E+00  1.00000E-04  0.00000E+00
  4.96000E-01  1.00000E+00  1.00000E-04  0.00000E+00
  4.97000E-01  1.00000E+00  1.00000E-04  0.00000E+00
  4.98000E-01  1.00000E+00  1.00000E-04  0.00000E+00
  4.99000E-01  1.00000E+00  1.00000E-04  0.00000E+00
  5.00000E-01  1.00000E+00  1.00000E-04  0.00000E+00
  5.01000E-01  1.00000E+00  1.00000E-04  0.00000E+00
  5.02000E-01  1.00000E+00  1.00000E-04  0.00000E+00
  5.03000E-01  1.00000E+00  1.00000E-04  0.00000E+00
  5.04000E-01  1.00000E+00  1.00000E-04  1.60998E-11
  5.05000E-01  1.00000E+00  1.00000E-04  7.40705E-10
  5.06000E-01  9.99998E-01  9.99998E-05  0.00000E+00
  5.07000E-01  1.00000E+00  1.00000E-04 -7.40989E-10
  5.08000E-01  1.00000E+00  1.00000E-04 -1.61139E-11
  5.09000E-01  1.00000E+00  1.00000E-04  0.00000E+00
  5.10000E-01  1.00000E+00  1.00000E-04 -7.76996E-17
  5.11000E-01  1.00000E+00  1.00000E-04  0.00000E+00
  5.12000E-01  1.00000E+00  1.00000E-04  7.76995E-17
  5.13000E-01  1.00000E+00  1.00000E-04  0.00000E+00
  5.14000E-01  1.00000E+00  1.00000E-04  0.00000E+00
  5.15000E-01  1.00000E+00  1.00000E-04  0.00000E+00
  5.16000E-01  1.00000E+00  1.00000E-04  5.04720E-10
  5.17000E-01  9.99999E-01  9.99999E-05  0.00000E+00
  5.18000E-01  1.00000E+00  1.00000E-04 -5.04769E-10
  5.19000E-01  1.00000E+00  1.00000E-04  0.00000E+00
  5.20000E-01  1.00000E+00  1.00000E-04 -7.76996E-17
  5.21000E-01  1.00000E+00  1.00000E-04  0.00000E+00
  5.22000E-01  1.00000E+00  1.00000E-04  7.76996E-17
  5.23000E-01  1.00000E+00  1.00000E-04  0.00000E+00
  5.24000E-01  1.00000E+00  1.00000E-04  0.00000E+00
  5.25000E-01  1.00000E+00  1.00000E-04  0.00000E+00
  5.26000E-01  1.00000E+00  1.00000E-04  0.00000E+00
  5.27000E-01  1.00000E+00  1.00000E-04  0.00000E+00
  5.28000E-01  1.00000E+00  1.00000E-04  0.00000E+00
  5.29000E-01  1.00000E+00  1.00000E-04  2.52284E-10
  5.30000E-01  9.99999E-01  9.99999E-05  0.00000E+00
  5.31000E-01  1.00000E+00  1.00000E-04 -2.52270E-10
  5.32000E-01  1.00000E+00  1.00000E-04  0.00000E+00
  5.33000E-01  1.00000E+00  1.00000E-04 -6.30697E-11
  5.34000E-01  1.00000E+00  1.00000E-04 -6.30464E-11
  5.35000E-01  1.00000E+00  1.00000E-04  0.00000E+00
  5.36000E-01  1.00000E+00  1.00000E-04  6.30562E-11
  5.37000E-01  1.00000E+00  1.00000E-04  6.30677E-11
  5.38000E-01  1.00000E+00  1.00000E-04  0.00000E+00
  5.39000E-01  1.00000E+00  1.00000E-04  0.00000E+00
  5.40000E-01  1.00000E+00  1.00000E-04  0.00000E+00
  5.41000E-01  1.00000E+00  1.00000E-04 -6.30742E-11
  5.42000E-01  1.00000E+00  1.00000E-04  0.00000E+00
  5.43000E-01  1.00000E+00  1.00000E-04  6.30681E-11
  5.44000E-01  1.00000E+00  1.00000E-04  6.30662E-11
  5.45000E-01  1.00000E+00  1.00000E-04  0.00000E+00
  5.46000E-01  1.00000E+00  1.00000E-04 -6.30572E-11
  5.47000E-01  1.00000E+00  1.00000E-04  0.00000E+00
  5.48000E-01  1.00000E+00  1.00000E-04  0.00000E+00
  5.49000E-01  1.00000E+00  1.00000E-04  0.00000E+00
  5.50000E-01  1.00000E+00  1.00000E-04 -1.04927E-15
  5.51000E-01  1.00000E+00  1.00000E-04 -8.61812E-16
  5.52000E-01  1.00000E+00  1.00000E-04  1.91108E-15
  5.53000E-01  1.00000E+00  1.00000E-04  6.30673E-11
  5.54000E-01  1.00000E+00  1.00000E-04  0.00000E+00
  5.55000E-01  1.00000E+00  1.00000E-04 -6.30391E-11
  5.56000E-01  1.00000E+00  1.00000E-04  1.89274E-10
  5.57000E-01  1.00000E+00  1.00000E-04 -9.40165E-17
  5.58000E-01  1.00000E+00  1.00000E-04  0.00000E+00
  5.59000E-01  1.00000E+00  1.00000E-04  0.00000E+00
  5.60000E-01  1.00000E+00  1.00000E-04  0.00000E+00
  5.61000E-01  1.00000E+00  1.00000E-04  9.40165E-17
  5.62000E-01  1.00000E+00  1.00000E-04 -9.46080E-11
  5.63000E-01  1.00000E+00  1.00000E-04 -9.46106E-11
  5.64000E-01  1.00000E+00  1.00000E-04 -2.85046E-11
  5.65000E-01  1.00000E+00  1.00000E-04  2.84922E-11
  5.66000E-01  1.00000E+00  1.00000E-04  1.26148E-10
  5.67000E-01  1.00000E+00  1.00000E-04  0.00000E+00
  5.68000E-01  1.00000E+00  1.00000E-04 -1.26137E-10
  5.69000E-01  1.00000E+00  1.00000E-04  0.00000E+00
  5.70000E-01  1.00000E+00  1.00000E-04  1.26202E-10
  5.71000E-01  1.00000E+00  1.00000E-04 -9.40165E-17
  5.72000E-01  1.00000E+00  1.00000E-04  0.00000E+00
  5.73000E-01  1.00000E+00  1.00000E-04  9.40165E-17
  5.74000E-01  1.00000E+00  1.00000E-04 -1.26073E-10
  5.75000E-01  1.00000E+00  1.00000E-04  0.00000E+00
  5.76000E-01  1.00000E+00  1.00000E-04  0.00000E+00
  5.77000E-01  1.00000E+00  1.00000E-04  0.00000E+00
  5.78000E-01  1.00000E+00  1.00000E-04  0.00000E+00
  5.79000E-01  1.00000E+00  1.00000E-04  0.00000E+00
  5.80000E-01  1.00000E+00  1.00000E-04  0.00000E+00
  5.81000E-01  1.00000E+00  1.00000E-04  6.30467E-11
  5.82000E-01  1.00000E+00  1.00000E-04  0.00000E+00
  5.83000E-01  1.00000E+00  1.00000E-04 -1.89117E-10
  5.84000E-01  1.00000E+00  1.00000E-04  4.20692E-11
  5.85000E-01  1.00000E+00  1.00000E-04  4.20732E-11
  5.86000E-01  1.00000E+00  1.00000E-04  4.20682E-11
  5.87000E-01  1.00000E+00  1.00000E-04  0.00000E+00
  5.88000E-01  1.00000E+00  1.00000E-04  0.00000E+00
  5.89000E-01  1.00000E+00  1.00000E-04  0.00000E+00
  5.90000E-01  1.00000E+00  1.00000E-04  0.00000E+00
  5.91000E-01  1.00000E+00  1.00000E-04  0.00000E+00
  5.92000E-01  1.00000E+00  1.00000E-04  0.00000E+00
  5.93000E-01  1.00000E+00  1.00000E-04  1.89287E-10
  5.94000E-01  1.00000E+00  1.00000E-04 -1.03418E-16
  5.95000E-01  1.00000E+00  1.00000E-04 -9.40164E-17
  5.96000E-01  1.00000E+00  1.00000E-04  0.00000E+00
  5.97000E-01  1.00000E+00  1.00000E-04  3.58972E-16
  5.98000E-01  1.00000E+00  1.00000E-04  1.03418E-16
  5.99000E-01  1.00000E+00  1.00000E-04 -1.89116E-10
  6.00000E-01  1.00000E+00  1.00000E-04 -3.40923E-11
  6.01000E-01  1.00000E+00  1.00000E-04 -1.45590E-08
  6.02000E-01  1.00000E+00  1.00000E-04 -7.44400E-07
  6.03000E-01  1.00000E+00  1.00310E-04  2.50626E-10
  6.04000E-01  1.00000E+00  1.00000E-04  7.43953E-07
  6.05000E-01  1.00000E+00  1.00000E-04  1.46137E-08
  6.06000E-01  1.00000E+00  1.00000E-04  6.31836E-10
  6.07000E-01  9.99999E-01  9.99999E-05 -4.98900E-11
  6.08000E-01  1.00000E+00  1.00000E-04 -2.52325E-10
  6.09000E-01  9.99999E-01  9.99999E-05  6.30485E-11
  6.10000E-01  1.00000E+00  1.00000E-04 -3.15145E-10
  6.11000E-01  1.00000E+00  1.00000E-04 -6.30855E-11
  6.12000E-01  1.00000E+00  1.00000E-04  1.89269E-10
  6.13000E-01  1.00000E+00  1.00000E-04  0.00000E+00
  6.14000E-01  1.00000E+00  1.00000E-04 -1.89289E-10
  6.15000E-01  1.00000E+00  1.00000E-04  0.00000E+00
  6.16000E-01  1.00000E+00  1.00000E-04  0.00000E+00
  6.17000E-01  1.00000E+00  1.00000E-04  0.00000E+00
  6.18000E-01  1.00000E+00  1.00000E-04  0.00000E+00
  6.19000E-01  1.00000E+00  1.00000E-04  0.00000E+00
  6.20000E-01  1.00000E+00  1.00000E-04  0.00000E+00
  6.21000E-01  1.00000E+00  1.00000E-04  1.89123E-10
  6.22000E-01  1.00000E+00  1.00000E-04 -1.26076E-10
  6.23000E-01  1.00000E+00  1.00000E-04 -1.89268E-10
  6.24000E-01  1.00000E+00  1.00000E-04  6.30950E-11
  6.25000E-01  1.00000E+00  1.00000E-04  6.30889E-11
  6.26000E-01  1.00000E+00  1.00000E-04  0.00000E+00
  6.27000E-01  1.00000E+00  1.00000E-04 -6.30881E-11
  6.28000E-01  1.00000E+00  1.00000E-04  1.26090E-10
  6.29000E-01  1.00000E+00  1.00000E-04  0.00000E+00
  6.30000E-01  1.00000E+00  1.00000E-04 -1.13760E-16
  6.31000E-01  1.00000E+00  1.00000E-04  1.03418E-17
  6.32000E-01  1.00000E+00  1.00000E-04 -6.82979E-17
  6.33000E-01  1.00000E+00  1.00000E-04  8.62465E-17
  6.34000E-01  1.00000E+00  1.00000E-04  8.54695E-17
  6.35000E-01  1.00000E+00  1.00000E-04  0.00000E+00
  6.36000E-01  1.00000E+00  1.00000E-04 -6.30319E-11
  6.37000E-01  1.00000E+00  1.00000E-04 -6.31048E-11
  6.38000E-01  1.00000E+00  1.00000E-04  6.30873E-11
  6.39000E-01  1.00000E+00  1.00000E-04  6.30524E-11
  6.40000E-01  1.00000E+00  1.00000E-04  1.26156E-10
  6.41000E-01  1.00000E+00  1.00000E-04 -1.63169E-16
  6.42000E-01  1.00000E+00  1.00000E-04 -1.89161E-10
  6.43000E-01  1.00000E+00  1.00000E-04 -7.76996E-17
  6.44000E-01  1.00000E+00  1.00000E-04 -7.76995E-18
  6.45000E-01  1.00000E+00  1.00000E-04  8.54695E-17
  6.46000E-01  1.00000E+00  1.00000E-04  6.30880E-11
  6.47000E-01  1.00000E+00  1.00000E-04 -7.76996E-17
  6.48000E-01  1.00000E+00  1.00000E-04  6.30897E-11
  6.49000E-01  1.00000E+00  1.00000E-04  3.71515E-10
  6.50000E-01  9.99999E-01  9.99999E-05 -2.45570E-10
  6.51000E-01  1.00000E+00  1.00000E-04 -2.52439E-10
  6.52000E-01  1.00000E+00  1.00000E-04 -6.30856E-11
  6.53000E-01  1.00000E+00  1.00000E-04  6.31113E-11
  6.54000E-01  1.00000E+00  1.00000E-04 -1.01786E-16
  6.55000E-01  1.00000E+00  1.00000E-04 -3.78544E-10
  6.56000E-01  1.00000E+00  1.00000E-04 -9.40165E-17
  6.57000E-01  1.00000E+00  1.00000E-04  6.31067E-11
  6.58000E-01  1.00000E+00  1.00000E-04  3.78570E-10
  6.59000E-01  1.00000E+00  1.00000E-04 -1.26183E-10
  6.60000E-01  1.00000E+00  1.00000E-04 -6.30534E-11
  6.61000E-01  1.00000E+00  1.00000E-04  3.78286E-10
  6.62000E-01  1.00000E+00  1.00000E-04 -2.52347E-10
  6.63000E-01  1.00000E+00  1.00000E-04  8.54695E-17
  6.64000E-01  1.00000E+00  1.00000E-04  7.76996E-17
  6.65000E-01  1.00000E+00  1.00000E-04 -2.45102E-11
  6.66000E-01  1.00000E+00  1.00000E-04  1.34796E-09
  6.67000E-01  9.99998E-01  9.99998E-05 -3.78269E-10
  6.68000E-01  1.00000E+00  1.00000E-04 -7.96796E-10
  6.69000E-01  1.00000E+00  1.00000E-04  2.08085E-11
  6.70000E-01  1.00000E+00  1.00000E-04 -7.37849E-10
  6.71000E-01  1.00000E+00  1.00000E-04  0.00000E+00
  6.72000E-01  1.00000E+00  1.00000E-04  6.94139E-10
  6.73000E-01  1.00000E+00  1.00000E-04  1.89116E-10
  6.74000E-01  1.00000E+00  1.00000E-04 -1.26149E-10
  6.75000E-01  1.00000E+00  1.00000E-04 -8.40613E-11
  6.76000E-01  1.00000E+00  1.00000E-04 -8.40567E-11
  6.77000E-01  1.00000E+00  1.00000E-04 -8.40605E-11
  6.78000E-01  1.00000E+00  1.00000E-04  1.89234E-10
  6.79000E-01  1.00000E+00  1.00000E-04 -3.15510E-10
  6.80000E-01  1.00000E+00  1.00000E-04  1.26204E-10
  6.81000E-01  1.00000E+00  9.99999E-05  6.60003E-10
  6.82000E-01  9.99999E-01  9.99999E-05 -4.70932E-10
  6.83000E-01  1.00000E+00  1.00000E-04  3.15219E-11
  6.84000E-01  1.00000E+00  1.00000E-04  3.15191E-11
  6.85000E-01  1.00000E+00  1.00000E-04 -1.26107E-10
  6.86000E-01  1.00000E+00  1.00000E-04  3.15492E-10
  6.87000E-01  9.99999E-01  9.99999E-05 -6.30478E-11
  6.88000E-01  1.00000E+00  1.00000E-04 -3.15222E-10
  6.89000E-01  1.00000E+00  1.00000E-04  1.89066E-10
  6.90000E-01  1.00000E+00  1.00000E-04  4.47861E-13
  6.91000E-01  1.00000E+00  1.00000E-04  1.13485E-09
  6.92000E-01  9.99999E-01  9.99997E-05 -5.04154E-10
  6.93000E-01  1.00000E+00  1.00000E-04 -8.67249E-10
  6.94000E-01  1.00000E+00  9.99999E-05 -1.44250E-10
  6.95000E-01  1.00000E+00  1.00000E-04 -7.16469E-10
  6.96000E-01  1.00000E+00  1.00000E-04  3.91405E-09
  6.97000E-01  9.99995E-01  9.99994E-05 -4.21044E-10
  6.98000E-01  1.00000E+00  1.00000E-04 -2.51699E-09
  6.99000E-01  1.00000E+00  1.00000E-04 -6.84420E-11
  7.00000E-01  1.00000E+00  1.00000E-04  0.00000E+00
  7.01000E-01  1.00000E+00  1.00000E-04  0.00000E+00
  7.02000E-01  1.00000E+00  1.00000E-04  0.00000E+00
  7.03000E-01  1.00000E+00  1.00000E-04  0.00000E+00
  7.04000E-01  1.00000E+00  1.00000E-04  0.00000E+00
  7.05000E-01  1.00000E+00  1.00000E-04  4.41594E-10
  7.06000E-01  1.00000E+00  9.99999E-05  2.51907E-10
  7.07000E-01  1.00000E+00  1.00000E-04 -1.19525E-09
  7.08000E-01  1.00000E+00  1.00000E-04  1.86566E-10
  7.09000E-01  1.00000E+00  1.00000E-04  3.15296E-10
  7.10000E-01  1.00000E+00  1.00000E-04  0.00000E+00
  7.11000E-01  1.00000E+00  1.00000E-04  0.00000E+00
  7.12000E-01  1.00000E+00  1.00000E-04  0.00000E+00
  7.13000E-01  1.00000E+00  1.00000E-04  0.00000E+00
  7.14000E-01  1.00000E+00  1.00000E-04  0.00000E+00
  7.15000E-01  1.00000E+00  1.00000E-04  0.00000E+00
  7.16000E-01  1.00000E+00  1.00000E-04  0.00000E+00
  7.17000E-01  1.00000E+00  1.00000E-04 -6.30574E-11
  7.18000E-01  1.00000E+00  1.00000E-04  0.00000E+00
  7.19000E-01  1.00000E+00  1.00000E-04  1.93359E-11
  7.20000E-01  1.00000E+00  1.00000E-04 -1.83544E-08
  7.21000E-01  1.00000E+00  1.00000E-04 -9.38294E-07
  7.22000E-01  1.00000E+00  1.00392E-04 -6.66893E-13
  7.23000E-01  1.00000E+00  1.00000E-04  9.38214E-07
  7.24000E-01  1.00000E+00  1.00000E-04  1.82033E-08
  7.25000E-01  1.00000E+00  1.00000E-04  8.49329E-11
  7.26000E-01  1.00000E+00  1.00000E-04  1.26085E-10
  7.27000E-01  1.00000E+00  1.00000E-04  0.00000E+00
  7.28000E-01  1.00000E+00  1.00000E-04  0.00000E+00
  7.29000E-01  1.00000E+00  1.00000E-04  0.00000E+00
  7.30000E-01  1.00000E+00  1.00000E-04  0.00000E+00
  7.31000E-01  1.00000E+00  1.00000E-04  0.00000E+00
  7.32000E-01  1.00000E+00  1.00000E-04  0.00000E+00
  7.33000E-01  1.00000E+00  1.00000E-04  0.00000E+00
  7.34000E-01  1.00000E+00  1.00000E-04  0.00000E+00
  7.35000E-01  1.00000E+00  1.00000E-04  0.00000E+00
  7.36000E-01  1.00000E+00  1.00000E-04  0.00000E+00
  7.37000E-01  1.00000E+00  1.00000E-04  0.00000E+00
  7.38000E-01  1.00000E+00  1.00000E-04  0.00000E+00
  7.39000E-01  1.00000E+00  1.00000E-04  0.00000E+00
  7.40000E-01  1.00000E+00  1.00000E-04  0.00000E+00
  7.41000E-01  1.00000E+00  1.00000E-04  0.00000E+00
  7.42000E-01  1.00000E+00  1.00000E-04 -1.26152E-10
  7.43000E-01  1.00000E+00  1.00000E-04 -6.30898E-11
  7.44000E-01  1.00000E+00  1.00000E-04  1.89246E-10
  7.45000E-01  1.00000E+00  1.00000E-04  7.76995E-17
  7.46000E-01  1.00000E+00  1.00000E-04  0.00000E+00
  7.47000E-01  1.00000E+00  1.00000E-04  0.00000E+00
  7.48000E-01  1.00000E+00  1.00000E-04  0.00000E+00
  7.49000E-01  1.00000E+00  1.00000E-04 -6.30832E-11
  7.50000E-01  1.00000E+00  1.00000E-04 -6.30798E-11
  7.51000E-01  1.00000E+00  1.00000E-04  1.26159E-10
  7.52000E-01  1.00000E+00  1.00000E-04  6.30390E-11
  7.53000E-01  1.00000E+00  1.00000E-04 -6.30396E-11
  7.54000E-01  1.00000E+00  1.00000E-04  0.00000E+00
  7.55000E-01  1.00000E+00  1.00000E-04  6.30842E-11
  7.56000E-01  1.00000E+00  1.00000E-04  0.00000E+00
  7.57000E-01  1.00000E+00  1.00000E-04 -6.30671E-11
  7.58000E-01  1.00000E+00  1.00000E-04  0.00000E+00
  7.59000E-01  1.00000E+00  1.00000E-04  0.00000E+00
  7.60000E-01  1.00000E+00  1.00000E-04  0.00000E+00
  7.61000E-01  1.00000E+00  1.00000E-04  0.00000E+00
  7.62000E-01  1.00000E+00  1.00000E-04  0.00000E+00
  7.63000E-01  1.00000E+00  1.00000E-04  0.00000E+00
  7.64000E-01  1.00000E+00  1.00000E-04  0.00000E+00
  7.65000E-01  1.00000E+00  1.00000E-04  0.00000E+00
  7.66000E-01  1.00000E+00  1.00000E-04  6.30636E-11
  7.67000E-01  1.00000E+00  1.00000E-04  0.00000E+00
  7.68000E-01  1.00000E+00  1.00000E-04 -6.30847E-11
  7.69000E-01  1.00000E+00  1.00000E-04 -3.78452E-10
  7.70000E-01  1.00000E+00  1.00000E-04 -3.78582E-11
  7.71000E-01  1.00000E+00  1.00000E-04 -1.66370E-08
  7.72000E-01  1.00000E+00  1.00000E-04 -8.68664E-07
  7.73000E-01  1.00000E+00  1.00363E-04 -1.38610E-10
  7.74000E-01  1.00000E+00  1.00000E-04  8.49880E-07
  7.75000E-01  1.00000E+00  1.00000E-04 -9.26529E-07
  7.76000E-01  1.00000E+00  1.00395E-04  1.31192E-10
  7.77000E-01  1.00000E+00  1.00000E-04  9.44295E-07
  7.78000E-01  1.00000E+00  1.00000E-04  1.86513E-08
  7.79000E-01  1.00000E+00  1.00000E-04  3.69621E-11
  7.80000E-01  1.00000E+00  1.00000E-04 -1.89207E-10
  7.81000E-01  1.00000E+00  1.00000E-04  6.30652E-11
  7.82000E-01  1.00000E+00  1.00000E-04  0.00000E+00
  7.83000E-01  1.00000E+00  1.00000E-04 -6.30539E-11
  7.84000E-01  1.00000E+00  1.00000E-04  1.89291E-10
  7.85000E-01  1.00000E+00  1.00000E-04  0.00000E+00
  7.86000E-01  1.00000E+00  1.00000E-04 -1.89249E-10
  7.87000E-01  1.00000E+00  1.00000E-04  0.00000E+00
  7.88000E-01  1.00000E+00  1.00000E-04  0.00000E+00
  7.89000E-01  1.00000E+00  1.00000E-04  0.00000E+00
  7.90000E-01  1.00000E+00  1.00000E-04  0.00000E+00
  7.91000E-01  1.00000E+00  1.00000E-04  0.00000E+00
  7.92000E-01  1.00000E+00  1.00000E-04 -6.30457E-11
  7.93000E-01  1.00000E+00  1.00000E-04  0.00000E+00
  7.94000E-01  1.00000E+00  1.00000E-04  6.30442E-11
  7.95000E-01  1.00000E+00  1.00000E-04 -6.30878E-11
  7.96000E-01  1.00000E+00  1.00000E-04  0.00000E+00
  7.97000E-01  1.00000E+00  1.00000E-04  6.30662E-11
  7.98000E-01  1.00000E+00  1.00000E-04  2.52255E-10
  7.99000E-01  9.99999E-01  9.99999E-05  0.00000E+00
  8.00000E-01  1.00000E+00  1.00000E-04 -2.52268E-10
  8.01000E-01  1.00000E+00  1.00000E-04  2.52389E-10
  8.02000E-01  9.99999E-01  9.99999E-05  0.00000E+00
  8.03000E-01  1.00000E+00  1.00000E-04 -2.52185E-10
  8.04000E-01  1.00000E+00  1.00000E-04 -3.40734E-11
  8.05000E-01  1.00000E+00  1.00000E-04 -1.45521E-08
  8.06000E-01  1.00000E+00  1.00000E-04 -7.43773E-07
  8.07000E-01  1.00000E+00  1.00310E-04 -1.10778E-10
  8.08000E-01  1.00000E+00  1.00000E-04  7.28750E-07
  8.09000E-01  1.00000E+00  1.00000E-04 -7.28622E-07
  8.10000E-01  1.00000E+00  1.00310E-04  1.12101E-10
  8.11000E-01  1.00000E+00  1.00000E-04  7.43806E-07
  8.12000E-01  1.00000E+00  1.00000E-04  1.47349E-08
  8.13000E-01  1.00000E+00  1.00000E-04  2.83130E-11
  8.14000E-01  1.00000E+00  1.00000E-04 -1.89205E-10
  8.15000E-01  1.00000E+00  1.00000E-04  1.89284E-10
  8.16000E-01  1.00000E+00  1.00000E-04  6.30609E-11
  8.17000E-01  1.00000E+00  1.00000E-04 -3.78387E-10
  8.18000E-01  1.00000E+00  1.00000E-04  6.30911E-11
  8.19000E-01  1.00000E+00  1.00000E-04  6.30655E-11
  8.20000E-01  1.00000E+00  1.00000E-04  0.00000E+00
  8.21000E-01  1.00000E+00  1.00000E-04  0.00000E+00
  8.22000E-01  1.00000E+00  1.00000E-04  0.00000E+00
  8.23000E-01  1.00000E+00  1.00000E-04  1.26130E-10
  8.24000E-01  1.00000E+00  1.00000E-04  2.47443E-16
  8.25000E-01  1.00000E+00  1.00000E-04 -6.31026E-11
  8.26000E-01  1.00000E+00  1.00000E-04  7.76995E-17
  8.27000E-01  1.00000E+00  1.00000E-04 -6.30750E-11
  8.28000E-01  1.00000E+00  1.00000E-04  0.00000E+00
  8.29000E-01  1.00000E+00  1.00000E-04  6.30712E-11
  8.30000E-01  1.00000E+00  1.00000E-04  0.00000E+00
  8.31000E-01  1.00000E+00  1.00000E-04 -6.30892E-11
  8.32000E-01  1.00000E+00  1.00000E-04  0.00000E+00
  8.33000E-01  1.00000E+00  1.00000E-04  0.00000E+00
  8.34000E-01  1.00000E+00  1.00000E-04  1.26205E-10
  8.35000E-01  1.00000E+00  1.00000E-04  0.00000E+00
  8.36000E-01  1.00000E+00  1.00000E-04 -1.26169E-10
  8.37000E-01  1.00000E+00  1.00000E-04 -4.23829E-11
  8.38000E-01  1.00000E+00  1.00000E-04 -1.80018E-08
  8.39000E-01  1.00000E+00  1.00000E-04 -9.20834E-07
  8.40000E-01  1.00000E+00  1.00385E-04 -2.49508E-10
  8.41000E-01  1.00000E+00  1.00000E-04  9.21459E-07
  8.42000E-01  1.00000E+00  1.00000E-04  1.81354E-08
  8.43000E-01  1.00000E+00  1.00000E-04  3.76445E-11
  8.44000E-01  1.00000E+00  1.00000E-04 -1.26163E-10
  8.45000E-01  1.00000E+00  1.00000E-04  6.30886E-11
  8.46000E-01  1.00000E+00  1.00000E-04  0.00000E+00
  8.47000E-01  1.00000E+00  1.00000E-04 -1.26138E-10
  8.48000E-01  1.00000E+00  1.00000E-04  6.31208E-11
  8.49000E-01  1.00000E+00  1.00000E-04  0.00000E+00
  8.50000E-01  1.00000E+00  1.00000E-04  0.00000E+00
  8.51000E-01  1.00000E+00  1.00000E-04 -3.15404E-11
  8.52000E-01  1.00000E+00  1.00000E-04 -3.15382E-11
  8.53000E-01  1.00000E+00  1.00000E-04  1.26107E-10
  8.54000E-01  1.00000E+00  1.00000E-04  7.24092E-11
  8.55000E-01  1.00000E+00  1.00000E-04  2.61572E-09
  8.56000E-01  9.99994E-01  9.99994E-05 -1.06089E-12
  8.57000E-01  1.00000E+00  1.00000E-04 -2.66148E-09
  8.58000E-01  1.00000E+00  1.00000E-04  4.77656E-10
  8.59000E-01  9.99999E-01  9.99999E-05  8.54695E-17
  8.60000E-01  1.00000E+00  1.00000E-04 -5.67234E-10
  8.61000E-01  1.00000E+00  1.00000E-04 -4.52500E-13
  8.62000E-01  1.00000E+00  1.00000E-04  0.00000E+00
  8.63000E-01  1.00000E+00  1.00000E-04  0.00000E+00
  8.64000E-01  1.00000E+00  1.00000E-04  0.00000E+00
  8.65000E-01  1.00000E+00  1.00000E-04  0.00000E+00
  8.66000E-01  1.00000E+00  1.00000E-04  6.30815E-11
  8.67000E-01  1.00000E+00  1.00000E-04  1.26165E-10
  8.68000E-01  1.00000E+00  1.00000E-04 -1.89263E-10
  8.69000E-01  1.00000E+00  1.00000E-04  0.00000E+00
  8.70000E-01  1.00000E+00  1.00000E-04  0.00000E+00
  8.71000E-01  1.00000E+00  1.00000E-04  6.30996E-11
  8.72000E-01  1.00000E+00  1.00000E-04  1.89187E-10
  8.73000E-01  1.00000E+00  1.00000E-04 -3.78432E-10
  8.74000E-01  1.00000E+00  1.00000E-04  6.30966E-11
  8.75000E-01  1.00000E+00  1.00000E-04  6.30635E-11
  8.76000E-01  1.00000E+00  1.00000E-04  1.26099E-10
  8.77000E-01  1.00000E+00  1.00000E-04  0.00000E+00
  8.78000E-01  1.00000E+00  1.00000E-04 -1.89227E-10
  8.79000E-01  1.00000E+00  1.00000E-04  1.89285E-10
  8.80000E-01  1.00000E+00  1.00000E-04  6.30997E-11
  8.81000E-01  1.00000E+00  1.00000E-04  5.67418E-10
  8.82000E-01  9.99998E-01  9.99998E-05  7.76995E-17
  8.83000E-01  1.00000E+00  1.00000E-04 -7.36835E-10
  8.84000E-01  1.00000E+00  1.00000E-04  4.33661E-11
  8.85000E-01  1.00000E+00  1.00000E-04  0.00000E+00
  8.86000E-01  1.00000E+00  1.00000E-04 -6.31033E-11
  8.87000E-01  1.00000E+00  1.00000E-04  0.00000E+00
  8.88000E-01  1.00000E+00  1.00000E-04  0.00000E+00
  8.89000E-01  1.00000E+00  1.00000E-04  6.30840E-11
  8.90000E-01  1.00000E+00  1.00000E-04  0.00000E+00
  8.91000E-01  1.00000E+00  1.00000E-04 -6.30441E-11
  8.92000E-01  1.00000E+00  1.00000E-04  0.00000E+00
  8.93000E-01  1.00000E+00  1.00000E-04  0.00000E+00
  8.94000E-01  1.00000E+00  1.00000E-04  0.00000E+00
  8.95000E-01  1.00000E+00  1.00000E-04  6.30796E-11
  8.96000E-01  1.00000E+00  1.00000E-04 -6.30931E-11
  8.97000E-01  1.00000E+00  1.00000E-04  0.00000E+00
  8.98000E-01  1.00000E+00  1.00000E-04  0.00000E+00
  8.99000E-01  1.00000E+00  1.00000E-04 -2.44871E-16
  9.00000E-01  1.00000E+00  1.00000E-04  1.14794E-16
  9.01000E-01  1.00000E+00  1.00000E-04  1.30077E-16
  9.02000E-01  1.00000E+00  1.00000E-04  0.00000E+00
  9.03000E-01  1.00000E+00  1.00000E-04 -3.15364E-11
  9.04000E-01  1.00000E+00  1.00000E-04 -3.15352E-11
  9.05000E-01  1.00000E+00  1.00000E-04  8.54695E-17
  9.06000E-01  1.00000E+00  1.00000E-04 -1.26168E-10
  9.07000E-01  1.00000E+00  1.00000E-04  1.26215E-10
  9.08000E-01  1.00000E+00  1.00000E-04  6.30444E-11
  9.09000E-01  1.00000E+00  1.00000E-04  6.30744E-11
  9.10000E-01  1.00000E+00  1.00000E-04 -3.15329E-11
  9.11000E-01  1.00000E+00  1.00000E-04 -3.15327E-11
  9.12000E-01  1.00000E+00  1.00000E-04  7.76995E-17
  9.13000E-01  1.00000E+00  1.00000E-04  0.00000E+00
  9.14000E-01  1.00000E+00  1.00000E-04  0.00000E+00
  9.15000E-01  1.00000E+00  1.00000E-04  0.00000E+00
  9.16000E-01  1.00000E+00  1.00000E-04  2.52266E-10
  9.17000E-01  9.99999E-01  9.99999E-05  0.00000E+00
  9.18000E-01  1.00000E+00  1.00000E-04 -2.52369E-10
  9.19000E-01  1.00000E+00  1.00000E-04  0.00000E+00
  9.20000E-01  1.00000E+00  1.00000E-04  0.00000E+00
  9.21000E-01  1.00000E+00  1.00000E-04  3.15427E-10
  9.22000E-01  9.99999E-01  9.99999E-05  3.02648E-16
  9.23000E-01  1.00000E+00  1.00000E-04 -1.89114E-10
  9.24000E-01  1.00000E+00  1.00000E-04  1.89075E-10
  9.25000E-01  1.00000E+00  1.00000E-04 -1.89079E-10
  9.26000E-01  1.00000E+00  1.00000E-04 -1.26116E-10
  9.27000E-01  1.00000E+00  1.00000E-04  0.00000E+00
  9.28000E-01  1.00000E+00  1.00000E-04 -2.33099E-16
  9.29000E-01  1.00000E+00  1.00000E-04  7.76995E-17
  9.30000E-01  1.00000E+00  1.00000E-04  7.76995E-17
  9.31000E-01  1.00000E+00  1.00000E-04  6.30534E-11
  9.32000E-01  1.00000E+00  1.00000E-04  1.67790E-11
  9.33000E-01  1.00000E+00  1.00000E-04 -1.67789E-11
  9.34000E-01  1.00000E+00  1.00000E-04 -6.30921E-11
  9.35000E-01  1.00000E+00  1.00000E-04  0.00000E+00
  9.36000E-01  1.00000E+00  1.00000E-04 -1.26108E-10
  9.37000E-01  1.00000E+00  1.00000E-04  0.00000E+00
  9.38000E-01  1.00000E+00  1.00000E-04  3.78254E-10
  9.39000E-01  1.00000E+00  1.00000E-04  0.00000E+00
  9.40000E-01  1.00000E+00  1.00000E-04 -3.78534E-10
  9.41000E-01  1.00000E+00  1.00000E-04  0.00000E+00
  9.42000E-01  1.00000E+00  1.00000E-04  4.41303E-10
  9.43000E-01  1.00000E+00  1.00000E-04 -6.30345E-11
  9.44000E-01  1.00000E+00  1.00000E-04 -4.02828E-11
  9.45000E-01  1.00000E+00  1.00000E-04  1.67919E-09
  9.46000E-01  9.99996E-01  9.99996E-05  4.72874E-10
  9.47000E-01  1.00000E+00  1.00000E-04 -2.38649E-09
  9.48000E-01  1.00000E+00  1.00000E-04  4.31827E-11
  9.49000E-01  1.00000E+00  1.00000E-04  4.31872E-11
  9.50000E-01  1.00000E+00  1.00000E-04  1.89064E-10
  9.51000E-01  1.00000E+00  1.00000E-04  6.30766E-11
  9.52000E-01  1.00000E+00  1.00000E-04 -1.14430E-11
  9.53000E-01  1.00000E+00  1.00000E-04 -5.16416E-11
  9.54000E-01  1.00000E+00  1.00000E-04 -5.67358E-10
  9.55000E-01  1.00000E+00  1.00000E-04  1.89289E-10
  9.56000E-01  1.00000E+00  1.00000E-04  1.89327E-10
  9.57000E-01  1.00000E+00  1.00000E-04  6.31031E-11
  9.58000E-01  1.00000E+00  1.00000E-04  1.26116E-10
  9.59000E-01  1.00000E+00  1.00000E-04 -3.78129E-10
  9.60000E-01  1.00000E+00  1.00000E-04  6.30337E-11
  9.61000E-01  1.00000E+00  1.00000E-04  6.30784E-11
  9.62000E-01  1.00000E+00  1.00000E-04 -1.26105E-10
  9.63000E-01  1.00000E+00  1.00000E-04 -2.52423E-10
  9.64000E-01  1.00000E+00  1.00000E-04  6.30828E-10
  9.65000E-01  1.00000E+00  1.00000E-04  6.30527E-11
  9.66000E-01  1.00000E+00  1.00000E-04 -7.56251E-10
  9.67000E-01  1.00000E+00  1.00000E-04  2.52459E-10
  9.68000E-01  1.00000E+00  1.00000E-04 -1.21530E-16
  9.69000E-01  1.00000E+00  1.00000E-04 -6.31051E-11
  9.70000E-01  1.00000E+00  1.00000E-04  6.30815E-11
  9.71000E-01  1.00000E+00  1.00000E-04  4.41136E-10
  9.72000E-01  9.99999E-01  9.99999E-05  1.51666E-10
  9.73000E-01  1.00000E+00  1.00000E-04  1.99241E-09
  9.74000E-01  9.99995E-01  9.99995E-05  9.98148E-11
  9.75000E-01  1.00000E+00  1.00000E-04 -2.54522E-09
  9.76000E-01  1.00000E+00  1.00000E-04  1.76262E-10
  9.77000E-01  1.00000E+00  9.99999E-05  1.89225E-10
  9.78000E-01  1.00000E+00  1.00000E-04 -5.67660E-10
  9.79000E-01  9.99999E-01  1.00000E-04  1.47978E-15
  9.80000E-01  1.00000E+00  1.00000E-04  1.38639E-09
  9.81000E-01  9.99998E-01  9.99998E-05  6.30465E-11
  9.82000E-01  1.00000E+00  1.00000E-04 -1.79879E-09
  9.83000E-01  1.00000E+00  1.00000E-04  2.23374E-10
  9.84000E-01  1.00000E+00  1.00000E-04  5.66286E-11
  9.85000E-01  1.00000E+00  1.00000E-04  2.03072E-09
  9.86000E-01  9.99996E-01  9.99995E-05 -1.70861E-09
  9.87000E-01  1.00001E+00  1.00001E-04 -2.18060E-09
  9.88000E-01  1.00000E+00  1.00000E-04  1.55565E-09
  9.89000E-01  1.00000E+00  1.00000E-04  8.24851E-09
  9.90000E-01  9.99981E-01  9.99981E-05  7.37412E-10
  9.91000E-01  1.00000E+00  1.00000E-04 -8.14428E-09
  9.92000E-01  1.00000E+00  1.00000E-04 -2.19229E-10
  9.93000E-01  1.00000E+00  1.00000E-04  0.00000E+00
  9.94000E-01  1.00000E+00  1.00000E-04 -1.26112E-10
  9.95000E-01  1.00000E+00  1.00000E-04  0.00000E+00
  9.96000E-01  1.00000E+00  1.00000E-04  1.26178E-10
  9.97000E-01  1.00000E+00  1.00000E-04  0.00000E+00
  9.98000E-01  1.00000E+00  1.00000E-04  0.00000E+00
  9.99000E-01  1.00000E+00  1.00000E-04  0.00000E+00
