  0.00000E+00  4.19190E-05  6.13776E-02  1.30736E-04
  1.00000E-02  4.19187E-05  6.13775E-02  3.81031E-04
  2.00000E-02  4.19175E-05  6.13772E-02  5.32405E-04
  3.00000E-02  4.19201E-05  6.13770E-02  6.44398E-04
  4.00000E-02  4.19186E-05  6.13769E-02  8.30872E-04
  5.00000E-02  4.19304E-05  6.13769E-02  1.04575E-03
  6.00000E-02  4.19729E-05  6.13769E-02  1.21075E-03
  7.00000E-02  4.20222E-05  6.13769E-02  1.35270E-03
  8.00000E-02  4.20796E-05  6.13769E-02  1.50334E-03
  9.00000E-02  4.21308E-05  6.13770E-02  1.69318E-03
  1.00000E-01  4.21739E-05  6.13769E-02  1.89459E-03
  1.10000E-01  4.21947E-05  6.13769E-02  2.08004E-03
  1.20000E-01  4.22525E-05  6.13770E-02  2.27498E-03
  1.30000E-01  4.24990E-05  6.13769E-02  2.48529E-03
  1.40000E-01  4.36333E-05  6.13770E-02  2.65302E-03
  1.50000E-01  4.57410E-05  6.13768E-02  2.82060E-03
  1.60000E-01  4.85156E-05  6.13769E-02  3.01763E-03
  1.70000E-01  5.18477E-05  6.13769E-02  3.21926E-03
  1.80000E-01  5.55132E-05  6.13770E-02  3.38308E-03
  1.90000E-01  5.95308E-05  6.13769E-02  3.53325E-03
  2.00000E-01  6.39644E-05  6.13770E-02  3.76225E-03
  2.10000E-01  6.86675E-05  6.13768E-02  3.97651E-03
  2.20000E-01  7.39980E-05  6.13770E-02  4.11948E-03
  2.30000E-01  7.96942E-05  6.13769E-02  4.29810E-03
  2.40000E-01  8.59319E-05  6.13768E-02  4.50176E-03
  2.50000E-01  9.33685E-05  6.13771E-02  4.70694E-03
  2.60000E-01  1.01127E-04  6.13768E-02  4.85789E-03
  2.70000E-01  1.10319E-04  6.13771E-02  5.02232E-03
  2.80000E-01  1.21342E-04  6.13770E-02  5.25199E-03
  2.90000E-01  1.33526E-04  6.13769E-02  5.38938E-03
  3.00000E-01  1.48535E-04  6.13772E-02  5.59448E-03
  3.10000E-01  1.65846E-04  6.13768E-02  5.75329E-03
  3.20000E-01  1.86271E-04  6.13771E-02  5.89967E-03
  3.30000E-01  2.11565E-04  6.13771E-02  6.15461E-03
  3.40000E-01  2.40473E-04  6.13771E-02  6.27305E-03
  3.50000E-01  2.75427E-04  6.13773E-02  6.47567E-03
  3.60000E-01  3.16499E-04  6.13768E-02  6.64676E-03
  3.70000E-01  3.63878E-04  6.13773E-02  6.77909E-03
  3.80000E-01  4.17522E-04  6.13773E-02  7.02843E-03
  3.90000E-01  4.80688E-04  6.13772E-02  7.14422E-03
  4.00000E-01  5.44912E-04  6.13778E-02  7.35899E-03
  4.10000E-01  6.24973E-04  6.13771E-02  7.52730E-03
  4.20000E-01  6.95168E-04  6.13778E-02  7.65147E-03
  4.30000E-01  7.98212E-04  6.13778E-02  7.92208E-03
  4.40000E-01  8.64828E-04  6.13778E-02  8.02821E-03
  4.50000E-01  9.96775E-04  6.13784E-02  8.24220E-03
  4.60000E-01  1.06260E-03  6.13776E-02  8.39384E-03
  4.70000E-01  1.20804E-03  6.13785E-02  8.52265E-03
  4.80000E-01  1.28750E-03  6.13778E-02  8.78798E-03
  4.90000E-01  1.44053E-03  6.13789E-02  9.02002E-03
  5.00000E-01  1.52994E-03  6.13780E-02  9.12865E-03
  5.10000E-01  1.72062E-03  6.13791E-02  9.23777E-03
  5.20000E-01  1.80656E-03  6.13789E-02  9.59340E-03
  5.30000E-01  2.00451E-03  6.13782E-02  9.71832E-03
  5.40000E-01  2.12136E-03  6.13794E-02  9.80144E-03
  5.50000E-01  2.33815E-03  6.13797E-02  1.01654E-02
  5.60000E-01  2.45693E-03  6.13792E-02  1.03062E-02
  5.70000E-01  2.74052E-03  6.13801E-02  1.03349E-02
  5.80000E-01  2.86756E-03  6.13805E-02  1.06602E-02
  5.90000E-01  3.14443E-03  6.13807E-02  1.08737E-02
  6.00000E-01  3.32995E-03  6.13802E-02  1.08982E-02
  6.10000E-01  3.66794E-03  6.13822E-02  1.10961E-02
  6.20000E-01  3.83147E-03  6.13827E-02  1.14241E-02
  6.30000E-01  4.24009E-03  6.13823E-02  1.14816E-02
  6.40000E-01  4.45457E-03  6.13831E-02  1.15291E-02
  6.50000E-01  4.85300E-03  6.13836E-02  1.19053E-02
  6.60000E-01  5.09826E-03  6.13812E-02  1.20793E-02
  6.70000E-01  5.61316E-03  6.13836E-02  1.21698E-02
  6.80000E-01  5.84079E-03  6.13838E-02  1.25315E-02
  6.90000E-01  6.35134E-03  6.13834E-02  1.26601E-02
  7.00000E-01  6.68760E-03  6.13835E-02  1.26654E-02
  7.10000E-01  7.20490E-03  6.13857E-02  1.30052E-02
  7.20000E-01  7.48148E-03  6.13854E-02  1.32418E-02
  7.30000E-01  8.17088E-03  6.13851E-02  1.32503E-02
  7.40000E-01  8.48814E-03  6.13870E-02  1.33542E-02
  7.50000E-01  9.07555E-03  6.13890E-02  1.37462E-02
  7.60000E-01  9.50618E-03  6.13879E-02  1.38387E-02
  7.70000E-01  1.02250E-02  6.13891E-02  1.39234E-02
  7.80000E-01  1.05526E-02  6.13891E-02  1.42880E-02
  7.90000E-01  1.13728E-02  6.13875E-02  1.44319E-02
  8.00000E-01  1.18415E-02  6.13903E-02  1.44513E-02
  8.10000E-01  1.25976E-02  6.13917E-02  1.48222E-02
  8.20000E-01  1.30770E-02  6.13904E-02  1.50159E-02
  8.30000E-01  1.40862E-02  6.13901E-02  1.50175E-02
  8.40000E-01  1.45504E-02  6.13934E-02  1.51663E-02
  8.50000E-01  1.55130E-02  6.13946E-02  1.55309E-02
  8.60000E-01  1.61284E-02  6.13924E-02  1.56012E-02
  8.70000E-01  1.71975E-02  6.13949E-02  1.57300E-02
  8.80000E-01  1.77302E-02  6.13945E-02  1.61020E-02
  8.90000E-01  1.89557E-02  6.13925E-02  1.61968E-02
  9.00000E-01  1.96238E-02  6.13954E-02  1.62461E-02
  9.10000E-01  2.09916E-02  6.13965E-02  1.66283E-02
  9.20000E-01  2.16150E-02  6.13932E-02  1.67933E-02
  9.30000E-01  2.28433E-02  6.13969E-02  1.68395E-02
  9.40000E-01  2.38598E-02  6.13974E-02  1.71770E-02
  9.50000E-01  2.53357E-02  6.13948E-02  1.73715E-02
  9.60000E-01  2.60194E-02  6.13955E-02  1.73777E-02
  9.70000E-01  2.78875E-02  6.13985E-02  1.77001E-02
  9.80000E-01  2.86952E-02  6.13954E-02  1.79526E-02
  9.90000E-01  3.07186E-02  6.13954E-02  1.79625E-02
