  0.00000E+00  2.41714E-05  2.45181E+01 -2.28205E-04
  1.00000E-03  2.41709E-05  2.45183E+01 -5.40821E-04
  2.00000E-03  2.41712E-05  2.45185E+01  3.65514E-03
  3.00000E-03  2.41716E-05  2.45188E+01  1.16168E-02
  4.00000E-03  2.41725E-05  2.45192E+01  2.06953E-02
  5.00000E-03  2.41736E-05  2.45195E+01  3.04903E-02
  6.00000E-03  2.41803E-05  2.45195E+01  3.64362E-02
  7.00000E-03  2.41958E-05  2.45193E+01  4.38487E-02
  8.00000E-03  2.42165E-05  2.45189E+01  5.03207E-02
  9.00000E-03  2.42460E-05  2.45185E+01  5.68960E-02
  1.00000E-02  2.42706E-05  2.45182E+01  6.50659E-02
  1.10000E-02  2.42985E-05  2.45182E+01  7.86835E-02
  1.20000E-02  2.43144E-05  2.45182E+01  9.23520E-02
  1.30000E-02  2.43287E-05  2.45183E+01  1.02730E-01
  1.40000E-02  2.43405E-05  2.45184E+01  1.09723E-01
  1.50000E-02  2.43914E-05  2.45183E+01  1.15819E-01
  1.60000E-02  2.45566E-05  2.45182E+01  1.21278E-01
  1.70000E-02  2.52273E-05  2.45182E+01  1.28049E-01
  1.80000E-02  2.61552E-05  2.45181E+01  1.37010E-01
  1.90000E-02  2.74703E-05  2.45179E+01  1.47605E-01
  2.00000E-02  2.90881E-05  2.45178E+01  1.57173E-01
  2.10000E-02  3.06262E-05  2.45178E+01  1.68842E-01
  2.20000E-02  3.25091E-05  2.45179E+01  1.80491E-01
  2.30000E-02  3.44549E-05  2.45178E+01  1.89235E-01
  2.40000E-02  3.65364E-05  2.45178E+01  1.98359E-01
  2.50000E-02  3.87670E-05  2.45178E+01  2.08494E-01
  2.60000E-02  4.12724E-05  2.45178E+01  2.18917E-01
  2.70000E-02  4.38677E-05  2.45178E+01  2.29463E-01
  2.80000E-02  4.66618E-05  2.45179E+01  2.40600E-01
  2.90000E-02  4.98430E-05  2.45182E+01  2.52889E-01
  3.00000E-02  5.31813E-05  2.45183E+01  2.63834E-01
  3.10000E-02  5.68293E-05  2.45185E+01  2.75448E-01
  3.20000E-02  6.12094E-05  2.45183E+01  2.88211E-01
  3.30000E-02  6.58167E-05  2.45181E+01  2.98354E-01
  3.40000E-02  7.11366E-05  2.45177E+01  2.95408E-01
  3.50000E-02  7.74837E-05  2.45168E+01  2.88146E-01
  3.60000E-02  8.42373E-05  2.45157E+01  2.78017E-01
  3.70000E-02  9.23875E-05  2.45150E+01  2.74733E-01
  3.80000E-02  1.01651E-04  2.45141E+01  2.78096E-01
  3.90000E-02  1.12210E-04  2.45132E+01  2.79976E-01
  4.00000E-02  1.24897E-04  2.45127E+01  2.82594E-01
  4.10000E-02  1.38908E-04  2.45126E+01  2.91389E-01
  4.20000E-02  1.55893E-04  2.45125E+01  3.00684E-01
  4.30000E-02  1.74285E-04  2.45125E+01  3.11469E-01
  4.40000E-02  1.96529E-04  2.45127E+01  3.23521E-01
  4.50000E-02  2.19756E-04  2.45130E+01  3.35294E-01
  4.60000E-02  2.47960E-04  2.45135E+01  3.50242E-01
  4.70000E-02  2.77218E-04  2.45147E+01  3.68867E-01
  4.80000E-02  3.08876E-04  2.45160E+01  3.88471E-01
  4.90000E-02  3.45333E-04  2.45171E+01  4.11302E-01
  5.00000E-02  3.81405E-04  2.45177E+01  4.44443E-01
  5.10000E-02  4.22541E-04  2.45177E+01  4.78841E-01
  5.20000E-02  4.64024E-04  2.45175E+01  5.25012E-01
  5.30000E-02  5.08078E-04  2.45167E+01  5.67357E-01
  5.40000E-02  5.55940E-04  2.45165E+01  6.12839E-01
  5.50000E-02  6.03609E-04  2.45160E+01  6.54642E-01
  5.60000E-02  6.56172E-04  2.45160E+01  6.99012E-01
  5.70000E-02  7.08226E-04  2.45156E+01  7.41234E-01
  5.80000E-02  7.66350E-04  2.45162E+01  7.80786E-01
  5.90000E-02  8.20410E-04  2.45170E+01  8.20972E-01
  6.00000E-02  8.85476E-04  2.45186E+01  8.57005E-01
  6.10000E-02  9.48144E-04  2.45181E+01  8.92617E-01
  6.20000E-02  1.01414E-03  2.45182E+01  9.36227E-01
  6.30000E-02  1.08344E-03  2.45182E+01  9.77899E-01
  6.40000E-02  1.15679E-03  2.45183E+01  1.01680E+00
  6.50000E-02  1.23875E-03  2.45183E+01  1.05588E+00
  6.60000E-02  1.31588E-03  2.45184E+01  1.09425E+00
  6.70000E-02  1.40323E-03  2.45183E+01  1.13075E+00
  6.80000E-02  1.49428E-03  2.45189E+01  1.16057E+00
  6.90000E-02  1.58506E-03  2.45196E+01  1.19419E+00
  7.00000E-02  1.69787E-03  2.45195E+01  1.22900E+00
  7.10000E-02  1.79983E-03  2.45196E+01  1.27024E+00
  7.20000E-02  1.90925E-03  2.45192E+01  1.30217E+00
  7.30000E-02  2.03594E-03  2.45192E+01  1.32973E+00
  7.40000E-02  2.16475E-03  2.45191E+01  1.36546E+00
  7.50000E-02  2.30131E-03  2.45191E+01  1.40343E+00
  7.60000E-02  2.44029E-03  2.45183E+01  1.42901E+00
  7.70000E-02  2.58892E-03  2.45184E+01  1.46153E+00
  7.80000E-02  2.74348E-03  2.45185E+01  1.50126E+00
  7.90000E-02  2.91412E-03  2.45167E+01  1.52328E+00
  8.00000E-02  3.07150E-03  2.45180E+01  1.56272E+00
  8.10000E-02  3.25577E-03  2.45164E+01  1.58914E+00
  8.20000E-02  3.45496E-03  2.45162E+01  1.61797E+00
  8.30000E-02  3.62604E-03  2.45162E+01  1.65576E+00
  8.40000E-02  3.82601E-03  2.45141E+01  1.67854E+00
  8.50000E-02  4.03906E-03  2.45153E+01  1.71635E+00
  8.60000E-02  4.24569E-03  2.45116E+01  1.74118E+00
  8.70000E-02  4.45987E-03  2.45141E+01  1.77317E+00
  8.80000E-02  4.69510E-03  2.45104E+01  1.80194E+00
  8.90000E-02  4.91511E-03  2.45125E+01  1.82972E+00
  9.00000E-02  5.16237E-03  2.45082E+01  1.86093E+00
  9.10000E-02  5.41046E-03  2.45106E+01  1.88526E+00
  9.20000E-02  5.66605E-03  2.45063E+01  1.91842E+00
  9.30000E-02  5.91046E-03  2.45071E+01  1.93924E+00
  9.40000E-02  6.22158E-03  2.45056E+01  1.97153E+00
  9.50000E-02  6.48013E-03  2.45048E+01  1.99729E+00
  9.60000E-02  6.77925E-03  2.45062E+01  2.01474E+00
  9.70000E-02  7.10950E-03  2.45088E+01  2.04095E+00
  9.80000E-02  7.40928E-03  2.45195E+01  2.04540E+00
  9.90000E-02  7.71911E-03  2.45297E+01  2.04949E+00
  1.00000E-01  8.10052E-03  2.45427E+01  2.05277E+00
  1.01000E-01  8.42150E-03  2.45555E+01  2.05285E+00
  1.02000E-01  8.84402E-03  2.45722E+01  2.05072E+00
  1.03000E-01  9.18338E-03  2.45867E+01  2.04892E+00
  1.04000E-01  9.60606E-03  2.46024E+01  2.05394E+00
  1.05000E-01  9.99988E-03  2.46086E+01  2.06885E+00
  1.06000E-01  1.04019E-02  2.46121E+01  2.09479E+00
  1.07000E-01  1.08873E-02  2.46144E+01  2.11189E+00
  1.08000E-01  1.12867E-02  2.46087E+01  2.13406E+00
  1.09000E-01  1.17658E-02  2.45950E+01  2.13887E+00
  1.10000E-01  1.22782E-02  2.45789E+01  2.14228E+00
  1.11000E-01  1.27381E-02  2.45624E+01  2.15243E+00
  1.12000E-01  1.32721E-02  2.45604E+01  2.17057E+00
  1.13000E-01  1.37939E-02  2.45648E+01  2.19384E+00
  1.14000E-01  1.43209E-02  2.45659E+01  2.21810E+00
  1.15000E-01  1.49408E-02  2.45700E+01  2.25857E+00
  1.16000E-01  1.54804E-02  2.45715E+01  2.28118E+00
  1.17000E-01  1.61393E-02  2.45755E+01  2.31432E+00
  1.18000E-01  1.67478E-02  2.45743E+01  2.34002E+00
  1.19000E-01  1.74174E-02  2.45780E+01  2.37302E+00
  1.20000E-01  1.80367E-02  2.45752E+01  2.40113E+00
  1.21000E-01  1.87717E-02  2.45799E+01  2.42904E+00
  1.22000E-01  1.94533E-02  2.45802E+01  2.45947E+00
  1.23000E-01  2.01705E-02  2.45815E+01  2.48201E+00
  1.24000E-01  2.10238E-02  2.45819E+01  2.51128E+00
  1.25000E-01  2.16852E-02  2.45717E+01  2.52782E+00
  1.26000E-01  2.25453E-02  2.45751E+01  2.55229E+00
  1.27000E-01  2.33151E-02  2.45584E+01  2.56918E+00
  1.28000E-01  2.42587E-02  2.45579E+01  2.59617E+00
  1.29000E-01  2.51210E-02  2.45572E+01  2.63114E+00
  1.30000E-01  2.58773E-02  2.45673E+01  2.64328E+00
  1.31000E-01  2.69110E-02  2.45733E+01  2.65896E+00
  1.32000E-01  2.78724E-02  2.45993E+01  2.67600E+00
  1.33000E-01  2.87865E-02  2.46262E+01  2.67860E+00
  1.34000E-01  2.98306E-02  2.46328E+01  2.69843E+00
  1.35000E-01  3.09008E-02  2.46497E+01  2.71555E+00
  1.36000E-01  3.20488E-02  2.46505E+01  2.74448E+00
  1.37000E-01  3.30218E-02  2.46599E+01  2.75898E+00
  1.38000E-01  3.41900E-02  2.46580E+01  2.78176E+00
  1.39000E-01  3.52519E-02  2.46719E+01  2.80206E+00
  1.40000E-01  3.65838E-02  2.46805E+01  2.80637E+00
  1.41000E-01  3.75115E-02  2.46954E+01  2.80342E+00
  1.42000E-01  3.89518E-02  2.47164E+01  2.83013E+00
  1.43000E-01  4.02880E-02  2.47134E+01  2.84236E+00
  1.44000E-01  4.16848E-02  2.47236E+01  2.85715E+00
  1.45000E-01  4.27831E-02  2.47304E+01  2.87179E+00
  1.46000E-01  4.42137E-02  2.47333E+01  2.90355E+00
  1.47000E-01  4.53869E-02  2.47317E+01  2.92506E+00
  1.48000E-01  4.72738E-02  2.47481E+01  2.94073E+00
  1.49000E-01  4.86626E-02  2.47356E+01  2.97750E+00
  1.50000E-01  5.00833E-02  2.47498E+01  2.99225E+00
  1.51000E-01  5.16709E-02  2.47456E+01  3.01750E+00
  1.52000E-01  5.29762E-02  2.47399E+01  3.05776E+00
  1.53000E-01  5.48282E-02  2.47573E+01  3.07120E+00
  1.54000E-01  5.66322E-02  2.47536E+01  3.09471E+00
  1.55000E-01  5.81358E-02  2.47434E+01  3.13854E+00
  1.56000E-01  5.99088E-02  2.47444E+01  3.16232E+00
  1.57000E-01  6.19185E-02  2.47853E+01  3.17378E+00
  1.58000E-01  6.33041E-02  2.47987E+01  3.19244E+00
  1.59000E-01  6.55407E-02  2.48361E+01  3.18933E+00
  1.60000E-01  6.76739E-02  2.48462E+01  3.21519E+00
  1.61000E-01  6.92517E-02  2.48455E+01  3.25029E+00
  1.62000E-01  7.11640E-02  2.48460E+01  3.27755E+00
  1.63000E-01  7.36055E-02  2.48641E+01  3.29210E+00
  1.64000E-01  7.54901E-02  2.48843E+01  3.31959E+00
  1.65000E-01  7.78367E-02  2.49234E+01  3.31975E+00
  1.66000E-01  8.04106E-02  2.49821E+01  3.32194E+00
  1.67000E-01  8.22648E-02  2.50122E+01  3.33500E+00
  1.68000E-01  8.46196E-02  2.50133E+01  3.36767E+00
  1.69000E-01  8.72757E-02  2.50067E+01  3.41168E+00
  1.70000E-01  8.94194E-02  2.49977E+01  3.44181E+00
  1.71000E-01  9.17756E-02  2.50050E+01  3.46546E+00
  1.72000E-01  9.43378E-02  2.50528E+01  3.47839E+00
  1.73000E-01  9.69903E-02  2.50871E+01  3.49094E+00
  1.74000E-01  9.98015E-02  2.51497E+01  3.49284E+00
  1.75000E-01  1.02404E-01  2.51629E+01  3.50933E+00
  1.76000E-01  1.05440E-01  2.51856E+01  3.52849E+00
  1.77000E-01  1.07808E-01  2.51789E+01  3.56438E+00
  1.78000E-01  1.10603E-01  2.51674E+01  3.59804E+00
  1.79000E-01  1.14163E-01  2.52192E+01  3.61299E+00
  1.80000E-01  1.17081E-01  2.52905E+01  3.61417E+00
  1.81000E-01  1.19999E-01  2.53311E+01  3.63817E+00
  1.82000E-01  1.23279E-01  2.53201E+01  3.67432E+00
  1.83000E-01  1.26683E-01  2.53121E+01  3.71507E+00
  1.84000E-01  1.29206E-01  2.53139E+01  3.74342E+00
  1.85000E-01  1.33036E-01  2.53874E+01  3.74477E+00
  1.86000E-01  1.36689E-01  2.54546E+01  3.75368E+00
  1.87000E-01  1.40318E-01  2.55142E+01  3.75963E+00
  1.88000E-01  1.43705E-01  2.55547E+01  3.78349E+00
  1.89000E-01  1.47350E-01  2.55611E+01  3.81621E+00
  1.90000E-01  1.50975E-01  2.55613E+01  3.85159E+00
  1.91000E-01  1.54739E-01  2.55813E+01  3.88264E+00
  1.92000E-01  1.58840E-01  2.56570E+01  3.90167E+00
  1.93000E-01  1.63272E-01  2.57067E+01  3.91112E+00
  1.94000E-01  1.67294E-01  2.57765E+01  3.91472E+00
  1.95000E-01  1.71273E-01  2.57869E+01  3.93145E+00
  1.96000E-01  1.75314E-01  2.58182E+01  3.96187E+00
  1.97000E-01  1.79767E-01  2.58459E+01  4.00325E+00
  1.98000E-01  1.84401E-01  2.59038E+01  4.03053E+00
  1.99000E-01  1.89205E-01  2.59763E+01  4.04381E+00
  2.00000E-01  1.93255E-01  2.60495E+01  4.06111E+00
  2.01000E-01  1.98421E-01  2.60713E+01  4.09282E+00
  2.02000E-01  2.03183E-01  2.61478E+01  4.11436E+00
  2.03000E-01  2.08930E-01  2.61617E+01  4.12616E+00
  2.04000E-01  2.12779E-01  2.62048E+01  4.15034E+00
  2.05000E-01  2.18139E-01  2.62508E+01  4.17428E+00
  2.06000E-01  2.23901E-01  2.62732E+01  4.19386E+00
  2.07000E-01  2.29295E-01  2.63792E+01  4.21910E+00
  2.08000E-01  2.35274E-01  2.64743E+01  4.25874E+00
  2.09000E-01  2.39992E-01  2.65291E+01  4.28751E+00
  2.10000E-01  2.46684E-01  2.66047E+01  4.30567E+00
  2.11000E-01  2.51956E-01  2.66977E+01  4.30796E+00
  2.12000E-01  2.58758E-01  2.67263E+01  4.32744E+00
  2.13000E-01  2.64438E-01  2.68086E+01  4.37011E+00
  2.14000E-01  2.70663E-01  2.68431E+01  4.39758E+00
  2.15000E-01  2.78543E-01  2.69622E+01  4.41212E+00
  2.16000E-01  2.83792E-01  2.70896E+01  4.42938E+00
  2.17000E-01  2.90731E-01  2.71499E+01  4.45838E+00
  2.18000E-01  2.97084E-01  2.72659E+01  4.49815E+00
  2.19000E-01  3.05244E-01  2.72944E+01  4.51345E+00
  2.20000E-01  3.12575E-01  2.73659E+01  4.51555E+00
  2.21000E-01  3.19417E-01  2.74319E+01  4.53556E+00
  2.22000E-01  3.27377E-01  2.74729E+01  4.58594E+00
  2.23000E-01  3.34544E-01  2.76856E+01  4.61349E+00
  2.24000E-01  3.43382E-01  2.78678E+01  4.64604E+00
  2.25000E-01  3.50727E-01  2.79096E+01  4.66360E+00
  2.26000E-01  3.60178E-01  2.80319E+01  4.67851E+00
  2.27000E-01  3.67559E-01  2.80841E+01  4.68819E+00
  2.28000E-01  3.76856E-01  2.81477E+01  4.70793E+00
  2.29000E-01  3.86434E-01  2.82885E+01  4.74480E+00
  2.30000E-01  3.94832E-01  2.84574E+01  4.76640E+00
  2.31000E-01  4.05820E-01  2.86589E+01  4.82172E+00
  2.32000E-01  4.13400E-01  2.88353E+01  4.85311E+00
  2.33000E-01  4.24846E-01  2.89123E+01  4.85984E+00
  2.34000E-01  4.32460E-01  2.89235E+01  4.86493E+00
  2.35000E-01  4.44114E-01  2.90944E+01  4.89796E+00
  2.36000E-01  4.56077E-01  2.93018E+01  4.94797E+00
  2.37000E-01  4.66067E-01  2.94515E+01  4.98556E+00
  2.38000E-01  4.76554E-01  2.95207E+01  5.00791E+00
  2.39000E-01  4.86819E-01  2.96593E+01  5.01681E+00
  2.40000E-01  5.00932E-01  2.99212E+01  5.04889E+00
  2.41000E-01  5.13080E-01  3.01675E+01  5.07639E+00
  2.42000E-01  5.25090E-01  3.03086E+01  5.09591E+00
  2.43000E-01  5.37296E-01  3.03711E+01  5.11008E+00
  2.44000E-01  5.48943E-01  3.05011E+01  5.15205E+00
  2.45000E-01  5.65153E-01  3.08555E+01  5.21540E+00
  2.46000E-01  5.76911E-01  3.10231E+01  5.23270E+00
  2.47000E-01  5.92463E-01  3.12682E+01  5.23731E+00
  2.48000E-01  6.08009E-01  3.15206E+01  5.24779E+00
  2.49000E-01  6.21760E-01  3.16781E+01  5.28375E+00
  2.50000E-01  6.39379E-01  3.20181E+01  5.36168E+00
  2.51000E-01  6.50045E-01  3.20533E+01  5.38329E+00
  2.52000E-01  6.67333E-01  3.21733E+01  5.39134E+00
  2.53000E-01  6.83076E-01  3.23787E+01  5.42128E+00
  2.54000E-01  6.99470E-01  3.27182E+01  5.44942E+00
  2.55000E-01  7.22231E-01  3.31585E+01  5.47601E+00
  2.56000E-01  7.37828E-01  3.34057E+01  5.50693E+00
  2.57000E-01  7.58132E-01  3.36535E+01  5.54821E+00
  2.58000E-01  7.75142E-01  3.38397E+01  5.59407E+00
  2.59000E-01  7.93265E-01  3.41312E+01  5.61707E+00
  2.60000E-01  8.17180E-01  3.44890E+01  5.64356E+00
  2.61000E-01  8.36543E-01  3.48607E+01  5.67326E+00
  2.62000E-01  8.60064E-01  3.52127E+01  5.70519E+00
  2.63000E-01  8.81131E-01  3.55099E+01  5.75629E+00
  2.64000E-01  9.06144E-01  3.59870E+01  5.80420E+00
  2.65000E-01  9.29272E-01  3.62167E+01  5.82065E+00
  2.66000E-01  9.47187E-01  3.64036E+01  5.83104E+00
  2.67000E-01  9.78437E-01  3.69220E+01  5.87508E+00
  2.68000E-01  1.00461E+00  3.73966E+01  5.92223E+00
  2.69000E-01  1.03102E+00  3.77594E+01  5.96102E+00
  2.70000E-01  1.05829E+00  3.80936E+01  5.99102E+00
  2.71000E-01  1.08869E+00  3.87301E+01  6.02471E+00
  2.72000E-01  1.11812E+00  3.90283E+01  6.06033E+00
  2.73000E-01  1.14739E+00  3.94921E+01  6.10066E+00
  2.74000E-01  1.18104E+00  4.00749E+01  6.13319E+00
  2.75000E-01  1.21687E+00  4.06406E+01  6.16859E+00
  2.76000E-01  1.24330E+00  4.09492E+01  6.21785E+00
  2.77000E-01  1.28496E+00  4.15633E+01  6.24726E+00
  2.78000E-01  1.31982E+00  4.22159E+01  6.28515E+00
  2.79000E-01  1.35976E+00  4.27265E+01  6.33044E+00
  2.80000E-01  1.39698E+00  4.32781E+01  6.36968E+00
  2.81000E-01  1.43898E+00  4.40248E+01  6.39526E+00
  2.82000E-01  1.48008E+00  4.45195E+01  6.44532E+00
  2.83000E-01  1.52164E+00  4.51958E+01  6.48452E+00
  2.84000E-01  1.57212E+00  4.59507E+01  6.52072E+00
  2.85000E-01  1.61979E+00  4.67529E+01  6.57168E+00
  2.86000E-01  1.66434E+00  4.72386E+01  6.61160E+00
  2.87000E-01  1.72023E+00  4.81798E+01  6.64084E+00
  2.88000E-01  1.77280E+00  4.90171E+01  6.69146E+00
  2.89000E-01  1.82647E+00  4.96775E+01  6.73837E+00
  2.90000E-01  1.88438E+00  5.06248E+01  6.76968E+00
  2.91000E-01  1.94634E+00  5.15908E+01  6.81837E+00
  2.92000E-01  2.00916E+00  5.24459E+01  6.87505E+00
  2.93000E-01  2.07058E+00  5.33732E+01  6.89966E+00
  2.94000E-01  2.13850E+00  5.42901E+01  6.94197E+00
  2.95000E-01  2.21090E+00  5.53919E+01  7.00597E+00
  2.96000E-01  2.28354E+00  5.65284E+01  7.03348E+00
  2.97000E-01  2.36578E+00  5.75695E+01  7.08461E+00
  2.98000E-01  2.43714E+00  5.86737E+01  7.13210E+00
  2.99000E-01  2.52854E+00  6.00354E+01  7.17887E+00
  3.00000E-01  2.61100E+00  6.11922E+01  7.21148E+00
  3.01000E-01  2.70454E+00  6.25394E+01  7.26810E+00
  3.02000E-01  2.80081E+00  6.39380E+01  7.32542E+00
  3.03000E-01  2.89695E+00  6.52623E+01  7.35294E+00
  3.04000E-01  3.00350E+00  6.66321E+01  7.40739E+00
  3.05000E-01  3.12046E+00  6.84155E+01  7.47269E+00
  3.06000E-01  3.22528E+00  7.00795E+01  7.50555E+00
  3.07000E-01  3.33584E+00  7.11883E+01  7.53003E+00
  3.08000E-01  3.48957E+00  7.31809E+01  7.60712E+00
  3.09000E-01  3.63702E+00  7.57771E+01  7.68471E+00
  3.10000E-01  3.67850E+00  7.57167E+01  7.65544E+00
  3.11000E-01  3.51702E+00  6.57850E+01  7.13989E+00
  3.12000E-01  2.26701E+00  2.66918E+01  4.43742E+00
  3.13000E-01  1.25240E+00  2.07765E+00  7.50033E-01
  3.14000E-01  1.02124E+00  1.11310E-02  1.33204E-02
  3.15000E-01  1.00000E+00  1.00099E-04  8.01169E-06
  3.16000E-01  1.00000E+00  1.00000E-04  1.47737E-10
  3.17000E-01  1.00000E+00  1.00000E-04  8.73066E-11
  3.18000E-01  1.00000E+00  1.00000E-04 -2.61926E-10
  3.19000E-01  1.00000E+00  1.00000E-04 -8.73919E-11
  3.20000E-01  1.00000E+00  1.00000E-04  3.49537E-10
  3.21000E-01  1.00000E+00  1.00000E-04 -8.72790E-11
  3.22000E-01  1.00000E+00  1.00000E-04 -3.49594E-10
  3.23000E-01  1.00000E+00  1.00000E-04  4.88039E-10
  3.24000E-01  1.00000E+00  1.00000E-04 -4.00302E-10
  3.25000E-01  1.00000E+00  1.00000E-04  4.36881E-11
  3.26000E-01  1.00000E+00  1.00000E-04  4.36901E-11
  3.27000E-01  1.00000E+00  1.00000E-04  2.91197E-11
  3.28000E-01  1.00000E+00  1.00000E-04  2.91044E-11
  3.29000E-01  1.00000E+00  1.00000E-04  2.91043E-11
  3.30000E-01  1.00000E+00  1.00000E-04  8.72556E-11
  3.31000E-01  1.00000E+00  1.00000E-04  0.00000E+00
  3.32000E-01  1.00000E+00  1.00000E-04  2.61972E-10
  3.33000E-01  1.00000E+00  1.00000E-04  8.72561E-11
  3.34000E-01  1.00000E+00  1.00000E-04 -2.61835E-10
  3.35000E-01  1.00000E+00  1.00000E-04  2.39237E-16
  3.36000E-01  1.00000E+00  1.00000E-04  1.03418E-16
  3.37000E-01  1.00000E+00  1.00000E-04 -8.74120E-11
  3.38000E-01  1.00000E+00  1.00000E-04  0.00000E+00
  3.39000E-01  1.00000E+00  1.00000E-04 -3.49190E-10
  3.40000E-01  1.00000E+00  1.00000E-04 -8.73906E-11
  3.41000E-01  1.00000E+00  1.00000E-04  3.49169E-10
  3.42000E-01  1.00000E+00  1.00000E-04 -8.73771E-11
  3.43000E-01  1.00000E+00  1.00000E-04  8.73430E-11
  3.44000E-01  1.00000E+00  1.00000E-04  1.07984E-09
  3.45000E-01  9.99999E-01  9.99999E-05 -1.34104E-09
  3.46000E-01  1.00000E+00  1.00000E-04 -8.16242E-10
  3.47000E-01  1.00000E+00  1.00000E-04 -3.76718E-09
  3.48000E-01  1.00000E+00  1.00001E-04  2.40231E-09
  3.49000E-01  1.00000E+00  9.99996E-05  4.11696E-09
  3.50000E-01  1.00000E+00  1.00000E-04 -2.12791E-09
  3.51000E-01  1.00000E+00  1.00000E-04  5.41113E-10
  3.52000E-01  1.00000E+00  1.00000E-04  0.00000E+00
  3.53000E-01  1.00000E+00  1.00000E-04  0.00000E+00
  3.54000E-01  1.00000E+00  1.00000E-04  0.00000E+00
  3.55000E-01  1.00000E+00  1.00000E-04  0.00000E+00
  3.56000E-01  1.00000E+00  1.00000E-04  0.00000E+00
  3.57000E-01  1.00000E+00  1.00000E-04  0.00000E+00
  3.58000E-01  1.00000E+00  1.00000E-04  0.00000E+00
  3.59000E-01  1.00000E+00  1.00000E-04  0.00000E+00
  3.60000E-01  1.00000E+00  1.00000E-04  0.00000E+00
  3.61000E-01  1.00000E+00  1.00000E-04 -7.76996E-17
  3.62000E-01  1.00000E+00  1.00000E-04  0.00000E+00
  3.63000E-01  1.00000E+00  1.00000E-04  7.76996E-17
  3.64000E-01  1.00000E+00  1.00000E-04  0.00000E+00
  3.65000E-01  1.00000E+00  1.00000E-04  0.00000E+00
  3.66000E-01  1.00000E+00  1.00000E-04  0.00000E+00
  3.67000E-01  1.00000E+00  1.00000E-04  0.00000E+00
  3.68000E-01  1.00000E+00  1.00000E-04  0.00000E+00
  3.69000E-01  1.00000E+00  1.00000E-04  0.00000E+00
  3.70000E-01  1.00000E+00  1.00000E-04  0.00000E+00
  3.71000E-01  1.00000E+00  1.00000E-04  0.00000E+00
  3.72000E-01  1.00000E+00  1.00000E-04 -1.74662E-10
  3.73000E-01  1.00000E+00  1.00000E-04 -1.74694E-10
  3.74000E-01  1.00000E+00  1.00000E-04  2.55300E-10
  3.75000E-01  1.00000E+00  1.00000E-04 -9.53810E-10
  3.76000E-01  1.00000E+00  1.00000E-04  7.79709E-17
  3.77000E-01  1.00000E+00  1.00000E-04  1.00813E-09
  3.78000E-01  1.00000E+00  1.00000E-04  4.03743E-11
  3.79000E-01  1.00000E+00  1.00000E-04  0.00000E+00
  3.80000E-01  1.00000E+00  1.00000E-04  0.00000E+00
  3.81000E-01  1.00000E+00  1.00000E-04  2.62033E-10
  3.82000E-01  1.00000E+00  1.00000E-04  8.73320E-11
  3.83000E-01  1.00000E+00  1.00000E-04 -2.61842E-10
  3.84000E-01  1.00000E+00  1.00000E-04  1.74661E-10
  3.85000E-01  1.00000E+00  1.00000E-04 -1.59962E-16
  3.86000E-01  1.00000E+00  1.00000E-04 -2.62002E-10
  3.87000E-01  1.00000E+00  1.00000E-04  0.00000E+00
  3.88000E-01  1.00000E+00  1.00000E-04  0.00000E+00
  3.89000E-01  1.00000E+00  1.00000E-04  0.00000E+00
  3.90000E-01  1.00000E+00  1.00000E-04  0.00000E+00
  3.91000E-01  1.00000E+00  1.00000E-04  0.00000E+00
  3.92000E-01  1.00000E+00  1.00000E-04  0.00000E+00
  3.93000E-01  1.00000E+00  1.00000E-04  0.00000E+00
  3.94000E-01  1.00000E+00  1.00000E-04  0.00000E+00
  3.95000E-01  1.00000E+00  1.00000E-04  0.00000E+00
  3.96000E-01  1.00000E+00  1.00000E-04  0.00000E+00
  3.97000E-01  1.00000E+00  1.00000E-04  2.61991E-10
  3.98000E-01  1.00000E+00  1.00000E-04 -2.62140E-10
  3.99000E-01  1.00000E+00  1.00000E-04 -8.73192E-11
  4.00000E-01  1.00000E+00  1.00000E-04  8.73050E-11
  4.01000E-01  1.00000E+00  1.00000E-04  0.00000E+00
  4.02000E-01  1.00000E+00  1.00000E-04  0.00000E+00
  4.03000E-01  1.00000E+00  1.00000E-04 -1.15472E-10
  4.04000E-01  1.00000E+00  1.00000E-04 -3.46968E-08
  4.05000E-01  1.00000E+00  1.00000E-04 -1.30685E-06
  4.06000E-01  1.00000E+00  1.00398E-04 -1.00263E-10
  4.07000E-01  1.00000E+00  1.00000E-04  1.30677E-06
  4.08000E-01  1.00000E+00  1.00000E-04  3.49428E-08
  4.09000E-01  1.00000E+00  1.00000E-04  1.16966E-10
  4.10000E-01  1.00000E+00  1.00000E-04  0.00000E+00
  4.11000E-01  1.00000E+00  1.00000E-04  0.00000E+00
  4.12000E-01  1.00000E+00  1.00000E-04  0.00000E+00
  4.13000E-01  1.00000E+00  1.00000E-04  0.00000E+00
  4.14000E-01  1.00000E+00  1.00000E-04 -1.16890E-10
  4.15000E-01  1.00000E+00  1.00000E-04 -3.49322E-08
  4.16000E-01  1.00000E+00  1.00000E-04 -1.30719E-06
  4.17000E-01  1.00000E+00  1.00398E-04 -4.79836E-13
  4.18000E-01  1.00000E+00  1.00000E-04  1.30718E-06
  4.19000E-01  1.00000E+00  1.00000E-04  3.49905E-08
  4.20000E-01  1.00000E+00  1.00000E-04  1.70637E-10
  4.21000E-01  1.00000E+00  1.00000E-04  0.00000E+00
  4.22000E-01  1.00000E+00  1.00000E-04  0.00000E+00
  4.23000E-01  1.00000E+00  1.00000E-04  3.49305E-10
  4.24000E-01  1.00000E+00  9.99999E-05  0.00000E+00
  4.25000E-01  1.00000E+00  1.00000E-04 -2.62094E-10
  4.26000E-01  1.00000E+00  1.00000E-04  2.10504E-11
  4.27000E-01  1.00000E+00  1.00000E-04  1.89871E-09
  4.28000E-01  9.99996E-01  9.99996E-05  8.99010E-11
  4.29000E-01  1.00000E+00  1.00000E-04 -2.02094E-09
  4.30000E-01  1.00000E+00  1.00000E-04 -7.39032E-11
  4.31000E-01  1.00000E+00  1.00000E-04  0.00000E+00
  4.32000E-01  1.00000E+00  1.00000E-04  1.74703E-10
  4.33000E-01  1.00000E+00  1.00000E-04  0.00000E+00
  4.34000E-01  1.00000E+00  1.00000E-04 -1.74620E-10
  4.35000E-01  1.00000E+00  1.00000E-04  0.00000E+00
  4.36000E-01  1.00000E+00  1.00000E-04 -7.76996E-17
  4.37000E-01  1.00000E+00  1.00000E-04 -2.62201E-10
  4.38000E-01  1.00000E+00  1.00000E-04  8.73964E-11
  4.39000E-01  1.00000E+00  1.00000E-04  1.74670E-10
  4.40000E-01  1.00000E+00  1.00000E-04  0.00000E+00
  4.41000E-01  1.00000E+00  1.00000E-04  8.73881E-11
  4.42000E-01  1.00000E+00  1.00000E-04  0.00000E+00
  4.43000E-01  1.00000E+00  1.00000E-04 -8.73579E-11
  4.44000E-01  1.00000E+00  1.00000E-04  8.73807E-11
  4.45000E-01  1.00000E+00  1.00000E-04  0.00000E+00
  4.46000E-01  1.00000E+00  1.00000E-04 -8.72756E-11
  4.47000E-01  1.00000E+00  1.00000E-04  0.00000E+00
  4.48000E-01  1.00000E+00  1.00000E-04  0.00000E+00
  4.49000E-01  1.00000E+00  1.00000E-04  0.00000E+00
  4.50000E-01  1.00000E+00  1.00000E-04  8.73408E-11
  4.51000E-01  1.00000E+00  1.00000E-04 -3.49530E-10
  4.52000E-01  1.00000E+00  1.00000E-04 -8.74755E-11
  4.53000E-01  1.00000E+00  1.00000E-04  3.49088E-10
  4.54000E-01  1.00000E+00  1.00000E-04  8.73004E-11
  4.55000E-01  1.00000E+00  1.00000E-04  0.00000E+00
  4.56000E-01  1.00000E+00  1.00000E-04 -4.36805E-11
  4.57000E-01  1.00000E+00  1.00000E-04 -4.36837E-11
  4.58000E-01  1.00000E+00  1.00000E-04  7.76996E-17
  4.59000E-01  1.00000E+00  1.00000E-04  0.00000E+00
  4.60000E-01  1.00000E+00  1.00000E-04  8.72829E-11
  4.61000E-01  1.00000E+00  1.00000E-04 -1.74550E-10
  4.62000E-01  1.00000E+00  1.00000E-04 -8.73958E-11
  4.63000E-01  1.00000E+00  1.00000E-04  1.74752E-10
  4.64000E-01  1.00000E+00  1.00000E-04  8.73313E-11
  4.65000E-01  1.00000E+00  1.00000E-04  0.00000E+00
  4.66000E-01  1.00000E+00  1.00000E-04 -8.73076E-11
  4.67000E-01  1.00000E+00  1.00000E-04  8.73780E-11
  4.68000E-01  1.00000E+00  1.00000E-04  8.72599E-11
  4.69000E-01  1.00000E+00  1.00000E-04 -4.36842E-10
  4.70000E-01  1.00000E+00  1.00000E-04  1.74750E-10
  4.71000E-01  1.00000E+00  1.00000E-04  8.73485E-11
  4.72000E-01  1.00000E+00  1.00000E-04 -3.49266E-10
  4.73000E-01  1.00000E+00  1.00000E-04  8.74138E-11
  4.74000E-01  1.00000E+00  1.00000E-04  2.61852E-10
  4.75000E-01  1.00000E+00  1.00000E-04 -6.59449E-16
  4.76000E-01  1.00000E+00  1.00000E-04  8.54695E-17
  4.77000E-01  1.00000E+00  1.00000E-04 -1.74562E-10
  4.78000E-01  1.00000E+00  1.00000E-04  8.74082E-11
  4.79000E-01  1.00000E+00  1.00000E-04  1.74575E-10
  4.80000E-01  1.00000E+00  1.00000E-04  1.74580E-10
  4.81000E-01  1.00000E+00  1.00000E-04  8.73795E-11
  4.82000E-01  1.00000E+00  1.00000E-04 -2.61909E-10
  4.83000E-01  1.00000E+00  1.00000E-04 -6.11370E-10
  4.84000E-01  1.00000E+00  1.00000E-04 -2.92181E-10
  4.85000E-01  1.00000E+00  1.00000E-04  1.62013E-09
  4.86000E-01  1.00000E+00  9.99999E-05 -1.92221E-10
  4.87000E-01  1.00000E+00  1.00000E-04 -9.67478E-16
  4.88000E-01  9.99999E-01  9.99999E-05 -1.06170E-10
  4.89000E-01  1.00000E+00  1.00000E-04 -3.87334E-09
  4.90000E-01  1.00000E+00  1.00000E-04  1.35688E-09
  4.91000E-01  1.00000E+00  1.00000E-04  2.00778E-09
  4.92000E-01  1.00000E+00  1.00000E-04  6.11254E-10
  4.93000E-01  9.99999E-01  9.99999E-05 -8.74166E-11
  4.94000E-01  1.00000E+00  1.00000E-04 -5.24163E-10
  4.95000E-01  1.00000E+00  1.00000E-04  0.00000E+00
  4.96000E-01  1.00000E+00  1.00000E-04  0.00000E+00
  4.97000E-01  1.00000E+00  1.00000E-04  0.00000E+00
  4.98000E-01  1.00000E+00  1.00000E-04  0.00000E+00
  4.99000E-01  1.00000E+00  1.00000E-04  0.00000E+00
  5.00000E-01  1.00000E+00  1.00000E-04  0.00000E+00
  5.01000E-01  1.00000E+00  1.00000E-04  0.00000E+00
  5.02000E-01  1.00000E+00  1.00000E-04  0.00000E+00
  5.03000E-01  1.00000E+00  1.00000E-04  0.00000E+00
  5.04000E-01  1.00000E+00  1.00000E-04  4.03650E-11
  5.05000E-01  1.00000E+00  1.00000E-04  1.00760E-09
  5.06000E-01  9.99998E-01  9.99998E-05  0.00000E+00
  5.07000E-01  1.00000E+00  1.00000E-04 -1.00812E-09
  5.08000E-01  1.00000E+00  1.00000E-04 -4.03774E-11
  5.09000E-01  1.00000E+00  1.00000E-04  0.00000E+00
  5.10000E-01  1.00000E+00  1.00000E-04 -7.76996E-17
  5.11000E-01  1.00000E+00  1.00000E-04  0.00000E+00
  5.12000E-01  1.00000E+00  1.00000E-04  7.76995E-17
  5.13000E-01  1.00000E+00  1.00000E-04  0.00000E+00
  5.14000E-01  1.00000E+00  1.00000E-04  0.00000E+00
  5.15000E-01  1.00000E+00  1.00000E-04  1.69090E-11
  5.16000E-01  1.00000E+00  1.00000E-04  6.82051E-10
  5.17000E-01  9.99999E-01  9.99999E-05  0.00000E+00
  5.18000E-01  1.00000E+00  1.00000E-04 -6.82133E-10
  5.19000E-01  1.00000E+00  1.00000E-04 -1.69164E-11
  5.20000E-01  1.00000E+00  1.00000E-04 -5.39112E-15
  5.21000E-01  1.00000E+00  1.00000E-04  2.65674E-15
  5.22000E-01  1.00000E+00  1.00000E-04  2.73438E-15
  5.23000E-01  1.00000E+00  1.00000E-04  0.00000E+00
  5.24000E-01  1.00000E+00  1.00000E-04  0.00000E+00
  5.25000E-01  1.00000E+00  1.00000E-04  0.00000E+00
  5.26000E-01  1.00000E+00  1.00000E-04  0.00000E+00
  5.27000E-01  1.00000E+00  1.00000E-04  0.00000E+00
  5.28000E-01  1.00000E+00  1.00000E-04  0.00000E+00
  5.29000E-01  1.00000E+00  1.00000E-04  3.49345E-10
  5.30000E-01  9.99999E-01  9.99999E-05  0.00000E+00
  5.31000E-01  1.00000E+00  1.00000E-04 -3.49325E-10
  5.32000E-01  1.00000E+00  1.00000E-04  0.00000E+00
  5.33000E-01  1.00000E+00  1.00000E-04 -8.73335E-11
  5.34000E-01  1.00000E+00  1.00000E-04 -8.72945E-11
  5.35000E-01  1.00000E+00  1.00000E-04  0.00000E+00
  5.36000E-01  1.00000E+00  1.00000E-04  8.73083E-11
  5.37000E-01  1.00000E+00  1.00000E-04  8.73315E-11
  5.38000E-01  1.00000E+00  1.00000E-04  0.00000E+00
  5.39000E-01  1.00000E+00  1.00000E-04  0.00000E+00
  5.40000E-01  1.00000E+00  1.00000E-04  0.00000E+00
  5.41000E-01  1.00000E+00  1.00000E-04 -8.73402E-11
  5.42000E-01  1.00000E+00  1.00000E-04  0.00000E+00
  5.43000E-01  1.00000E+00  1.00000E-04  8.73319E-11
  5.44000E-01  1.00000E+00  1.00000E-04  8.73296E-11
  5.45000E-01  1.00000E+00  1.00000E-04  0.00000E+00
  5.46000E-01  1.00000E+00  1.00000E-04 -8.73125E-11
  5.47000E-01  1.00000E+00  1.00000E-04  0.00000E+00
  5.48000E-01  1.00000E+00  1.00000E-04  0.00000E+00
  5.49000E-01  1.00000E+00  1.00000E-04  0.00000E+00
  5.50000E-01  1.00000E+00  1.00000E-04 -1.04927E-15
  5.51000E-01  1.00000E+00  1.00000E-04 -8.61812E-16
  5.52000E-01  1.00000E+00  1.00000E-04  1.91108E-15
  5.53000E-01  1.00000E+00  1.00000E-04  8.73311E-11
  5.54000E-01  1.00000E+00  1.00000E-04  0.00000E+00
  5.55000E-01  1.00000E+00  1.00000E-04 -8.72803E-11
  5.56000E-01  1.00000E+00  1.00000E-04  2.62118E-10
  5.57000E-01  1.00000E+00  1.00000E-04 -9.40165E-17
  5.58000E-01  1.00000E+00  1.00000E-04  0.00000E+00
  5.59000E-01  1.00000E+00  1.00000E-04  0.00000E+00
  5.60000E-01  1.00000E+00  1.00000E-04  0.00000E+00
  5.61000E-01  1.00000E+00  1.00000E-04  9.40165E-17
  5.62000E-01  1.00000E+00  1.00000E-04 -1.31009E-10
  5.63000E-01  1.00000E+00  1.00000E-04 -1.31011E-10
  5.64000E-01  1.00000E+00  1.00000E-04 -3.75467E-11
  5.65000E-01  1.00000E+00  1.00000E-04  3.75274E-11
  5.66000E-01  1.00000E+00  1.00000E-04  1.74678E-10
  5.67000E-01  1.00000E+00  1.00000E-04  0.00000E+00
  5.68000E-01  1.00000E+00  1.00000E-04 -1.74665E-10
  5.69000E-01  1.00000E+00  1.00000E-04  0.00000E+00
  5.70000E-01  1.00000E+00  1.00000E-04  1.74777E-10
  5.71000E-01  1.00000E+00  1.00000E-04 -9.40165E-17
  5.72000E-01  1.00000E+00  1.00000E-04  0.00000E+00
  5.73000E-01  1.00000E+00  1.00000E-04  9.40165E-17
  5.74000E-01  1.00000E+00  1.00000E-04 -1.74547E-10
  5.75000E-01  1.00000E+00  1.00000E-04  0.00000E+00
  5.76000E-01  1.00000E+00  1.00000E-04  0.00000E+00
  5.77000E-01  1.00000E+00  1.00000E-04  0.00000E+00
  5.78000E-01  1.00000E+00  1.00000E-04  0.00000E+00
  5.79000E-01  1.00000E+00  1.00000E-04  0.00000E+00
  5.80000E-01  1.00000E+00  1.00000E-04  0.00000E+00
  5.81000E-01  1.00000E+00  1.00000E-04  8.72950E-11
  5.82000E-01  1.00000E+00  1.00000E-04  0.00000E+00
  5.83000E-01  1.00000E+00  1.00000E-04 -2.61843E-10
  5.84000E-01  1.00000E+00  1.00000E-04  5.82640E-11
  5.85000E-01  1.00000E+00  1.00000E-04  5.82617E-11
  5.86000E-01  1.00000E+00  1.00000E-04  5.82631E-11
  5.87000E-01  1.00000E+00  1.00000E-04  0.00000E+00
  5.88000E-01  1.00000E+00  1.00000E-04  0.00000E+00
  5.89000E-01  1.00000E+00  1.00000E-04  0.00000E+00
  5.90000E-01  1.00000E+00  1.00000E-04  0.00000E+00
  5.91000E-01  1.00000E+00  1.00000E-04  0.00000E+00
  5.92000E-01  1.00000E+00  1.00000E-04  0.00000E+00
  5.93000E-01  1.00000E+00  1.00000E-04  2.62139E-10
  5.94000E-01  1.00000E+00  1.00000E-04 -1.03418E-16
  5.95000E-01  1.00000E+00  1.00000E-04 -9.40164E-17
  5.96000E-01  1.00000E+00  1.00000E-04  0.00000E+00
  5.97000E-01  1.00000E+00  1.00000E-04  3.58972E-16
  5.98000E-01  1.00000E+00  1.00000E-04  1.03418E-16
  5.99000E-01  1.00000E+00  1.00000E-04 -2.61843E-10
  6.00000E-01  1.00000E+00  1.00000E-04 -1.19252E-10
  6.01000E-01  1.00000E+00  1.00000E-04 -3.49579E-08
  6.02000E-01  1.00000E+00  1.00000E-04 -1.30833E-06
  6.03000E-01  1.00000E+00  1.00398E-04  3.39219E-10
  6.04000E-01  1.00000E+00  1.00000E-04  1.30752E-06
  6.05000E-01  1.00000E+00  1.00000E-04  3.50719E-08
  6.06000E-01  1.00000E+00  1.00000E-04  9.37664E-10
  6.07000E-01  9.99999E-01  9.99999E-05 -7.41578E-11
  6.08000E-01  1.00000E+00  1.00000E-04 -3.49412E-10
  6.09000E-01  9.99999E-01  9.99999E-05  8.72956E-11
  6.10000E-01  1.00000E+00  1.00000E-04 -4.36328E-10
  6.11000E-01  1.00000E+00  1.00000E-04 -8.73635E-11
  6.12000E-01  1.00000E+00  1.00000E-04  2.62103E-10
  6.13000E-01  1.00000E+00  1.00000E-04  0.00000E+00
  6.14000E-01  1.00000E+00  1.00000E-04 -2.62146E-10
  6.15000E-01  1.00000E+00  1.00000E-04  0.00000E+00
  6.16000E-01  1.00000E+00  1.00000E-04  0.00000E+00
  6.17000E-01  1.00000E+00  1.00000E-04  0.00000E+00
  6.18000E-01  1.00000E+00  1.00000E-04  0.00000E+00
  6.19000E-01  1.00000E+00  1.00000E-04  0.00000E+00
  6.20000E-01  1.00000E+00  1.00000E-04  0.00000E+00
  6.21000E-01  1.00000E+00  1.00000E-04  2.61858E-10
  6.22000E-01  1.00000E+00  1.00000E-04 -1.74551E-10
  6.23000E-01  1.00000E+00  1.00000E-04 -2.62097E-10
  6.24000E-01  1.00000E+00  1.00000E-04  8.73819E-11
  6.25000E-01  1.00000E+00  1.00000E-04  8.73690E-11
  6.26000E-01  1.00000E+00  1.00000E-04  0.00000E+00
  6.27000E-01  1.00000E+00  1.00000E-04 -8.73681E-11
  6.28000E-01  1.00000E+00  1.00000E-04  1.74583E-10
  6.29000E-01  1.00000E+00  1.00000E-04  0.00000E+00
  6.30000E-01  1.00000E+00  1.00000E-04 -1.13760E-16
  6.31000E-01  1.00000E+00  1.00000E-04  1.03418E-17
  6.32000E-01  1.00000E+00  1.00000E-04 -6.82979E-17
  6.33000E-01  1.00000E+00  1.00000E-04  8.62465E-17
  6.34000E-01  1.00000E+00  1.00000E-04  8.54695E-17
  6.35000E-01  1.00000E+00  1.00000E-04  0.00000E+00
  6.36000E-01  1.00000E+00  1.00000E-04 -8.72663E-11
  6.37000E-01  1.00000E+00  1.00000E-04 -8.73993E-11
  6.38000E-01  1.00000E+00  1.00000E-04  8.73674E-11
  6.39000E-01  1.00000E+00  1.00000E-04  8.73022E-11
  6.40000E-01  1.00000E+00  1.00000E-04  1.74697E-10
  6.41000E-01  1.00000E+00  1.00000E-04 -1.63169E-16
  6.42000E-01  1.00000E+00  1.00000E-04 -2.61931E-10
  6.43000E-01  1.00000E+00  1.00000E-04 -7.76996E-17
  6.44000E-01  1.00000E+00  1.00000E-04 -7.76995E-18
  6.45000E-01  1.00000E+00  1.00000E-04  8.54695E-17
  6.46000E-01  1.00000E+00  1.00000E-04  8.73699E-11
  6.47000E-01  1.00000E+00  1.00000E-04 -7.76996E-17
  6.48000E-01  1.00000E+00  1.00000E-04  8.73732E-11
  6.49000E-01  1.00000E+00  1.00000E-04  4.92672E-10
  6.50000E-01  9.99999E-01  9.99999E-05 -3.18323E-10
  6.51000E-01  1.00000E+00  1.00000E-04 -3.49627E-10
  6.52000E-01  1.00000E+00  1.00000E-04 -8.73662E-11
  6.53000E-01  1.00000E+00  1.00000E-04  8.74094E-11
  6.54000E-01  1.00000E+00  1.00000E-04 -1.01786E-16
  6.55000E-01  1.00000E+00  1.00000E-04 -5.24200E-10
  6.56000E-01  1.00000E+00  1.00000E-04 -9.40165E-17
  6.57000E-01  1.00000E+00  1.00000E-04  8.74007E-11
  6.58000E-01  1.00000E+00  1.00000E-04  5.07336E-10
  6.59000E-01  1.00000E+00  1.00000E-04 -1.57837E-10
  6.60000E-01  1.00000E+00  1.00000E-04 -8.73025E-11
  6.61000E-01  1.00000E+00  1.00000E-04  5.23806E-10
  6.62000E-01  1.00000E+00  1.00000E-04 -3.49471E-10
  6.63000E-01  1.00000E+00  1.00000E-04  8.54695E-17
  6.64000E-01  1.00000E+00  1.00000E-04  7.76996E-17
  6.65000E-01  1.00000E+00  1.00000E-04 -1.58940E-11
  6.66000E-01  1.00000E+00  1.00000E-04  1.82972E-09
  6.67000E-01  9.99998E-01  9.99998E-05 -5.05326E-10
  6.68000E-01  1.00000E+00  1.00000E-04 -1.08782E-09
  6.69000E-01  1.00000E+00  1.00000E-04 -3.45254E-12
  6.70000E-01  1.00000E+00  1.00000E-04 -1.00512E-09
  6.71000E-01  1.00000E+00  1.00000E-04  0.00000E+00
  6.72000E-01  1.00000E+00  1.00000E-04  9.61360E-10
  6.73000E-01  1.00000E+00  1.00000E-04  2.61848E-10
  6.74000E-01  1.00000E+00  1.00000E-04 -1.74691E-10
  6.75000E-01  1.00000E+00  1.00000E-04 -1.16386E-10
  6.76000E-01  1.00000E+00  1.00000E-04 -1.16387E-10
  6.77000E-01  1.00000E+00  1.00000E-04 -1.16386E-10
  6.78000E-01  1.00000E+00  1.00000E-04  2.45131E-10
  6.79000E-01  1.00000E+00  1.00000E-04 -4.20052E-10
  6.80000E-01  1.00000E+00  1.00000E-04  1.74787E-10
  6.81000E-01  1.00000E+00  9.99999E-05  9.02396E-10
  6.82000E-01  9.99999E-01  9.99999E-05 -6.40616E-10
  6.83000E-01  1.00000E+00  1.00000E-04  4.36422E-11
  6.84000E-01  1.00000E+00  1.00000E-04  4.36418E-11
  6.85000E-01  1.00000E+00  1.00000E-04 -1.74608E-10
  6.86000E-01  1.00000E+00  1.00000E-04  4.36934E-10
  6.87000E-01  9.99999E-01  9.99999E-05 -8.72937E-11
  6.88000E-01  1.00000E+00  1.00000E-04 -4.19610E-10
  6.89000E-01  1.00000E+00  1.00000E-04  2.44924E-10
  6.90000E-01  1.00000E+00  1.00000E-04  2.47082E-11
  6.91000E-01  1.00000E+00  1.00000E-04  1.52877E-09
  6.92000E-01  9.99999E-01  9.99997E-05 -6.79318E-10
  6.93000E-01  1.00000E+00  1.00000E-04 -1.18305E-09
  6.94000E-01  1.00000E+00  9.99999E-05 -2.41230E-10
  6.95000E-01  1.00000E+00  1.00000E-04 -9.01496E-10
  6.96000E-01  1.00000E+00  1.00000E-04  5.33616E-09
  6.97000E-01  9.99995E-01  9.99994E-05 -5.84679E-10
  6.98000E-01  1.00000E+00  1.00000E-04 -3.43540E-09
  6.99000E-01  1.00000E+00  1.00000E-04 -1.26621E-10
  7.00000E-01  1.00000E+00  1.00000E-04  0.00000E+00
  7.01000E-01  1.00000E+00  1.00000E-04  0.00000E+00
  7.02000E-01  1.00000E+00  1.00000E-04  0.00000E+00
  7.03000E-01  1.00000E+00  1.00000E-04  0.00000E+00
  7.04000E-01  1.00000E+00  1.00000E-04  6.84195E-12
  7.05000E-01  1.00000E+00  1.00000E-04  6.04686E-10
  7.06000E-01  1.00000E+00  9.99999E-05  3.24639E-10
  7.07000E-01  1.00000E+00  1.00000E-04 -1.60769E-09
  7.08000E-01  1.00000E+00  1.00000E-04  2.35133E-10
  7.09000E-01  1.00000E+00  1.00000E-04  4.36587E-10
  7.10000E-01  1.00000E+00  1.00000E-04  0.00000E+00
  7.11000E-01  1.00000E+00  1.00000E-04  0.00000E+00
  7.12000E-01  1.00000E+00  1.00000E-04  0.00000E+00
  7.13000E-01  1.00000E+00  1.00000E-04  0.00000E+00
  7.14000E-01  1.00000E+00  1.00000E-04  0.00000E+00
  7.15000E-01  1.00000E+00  1.00000E-04  0.00000E+00
  7.16000E-01  1.00000E+00  1.00000E-04  0.00000E+00
  7.17000E-01  1.00000E+00  1.00000E-04 -8.73137E-11
  7.18000E-01  1.00000E+00  1.00000E-04 -1.57442E-11
  7.19000E-01  1.00000E+00  1.00000E-04 -4.79239E-11
  7.20000E-01  1.00000E+00  1.00000E-04 -4.40779E-08
  7.21000E-01  1.00000E+00  1.00000E-04 -1.64907E-06
  7.22000E-01  1.00000E+00  1.00502E-04 -2.09128E-12
  7.23000E-01  1.00000E+00  1.00000E-04  1.64887E-06
  7.24000E-01  1.00000E+00  1.00000E-04  4.38799E-08
  7.25000E-01  1.00000E+00  1.00000E-04  2.03780E-10
  7.26000E-01  1.00000E+00  1.00000E-04  1.74573E-10
  7.27000E-01  1.00000E+00  1.00000E-04  0.00000E+00
  7.28000E-01  1.00000E+00  1.00000E-04  0.00000E+00
  7.29000E-01  1.00000E+00  1.00000E-04  0.00000E+00
  7.30000E-01  1.00000E+00  1.00000E-04  0.00000E+00
  7.31000E-01  1.00000E+00  1.00000E-04  0.00000E+00
  7.32000E-01  1.00000E+00  1.00000E-04  0.00000E+00
  7.33000E-01  1.00000E+00  1.00000E-04  0.00000E+00
  7.34000E-01  1.00000E+00  1.00000E-04  0.00000E+00
  7.35000E-01  1.00000E+00  1.00000E-04  0.00000E+00
  7.36000E-01  1.00000E+00  1.00000E-04  0.00000E+00
  7.37000E-01  1.00000E+00  1.00000E-04  0.00000E+00
  7.38000E-01  1.00000E+00  1.00000E-04  0.00000E+00
  7.39000E-01  1.00000E+00  1.00000E-04  0.00000E+00
  7.40000E-01  1.00000E+00  1.00000E-04  0.00000E+00
  7.41000E-01  1.00000E+00  1.00000E-04  0.00000E+00
  7.42000E-01  1.00000E+00  1.00000E-04 -1.74690E-10
  7.43000E-01  1.00000E+00  1.00000E-04 -8.73689E-11
  7.44000E-01  1.00000E+00  1.00000E-04  2.62065E-10
  7.45000E-01  1.00000E+00  1.00000E-04  7.76995E-17
  7.46000E-01  1.00000E+00  1.00000E-04  0.00000E+00
  7.47000E-01  1.00000E+00  1.00000E-04  0.00000E+00
  7.48000E-01  1.00000E+00  1.00000E-04  0.00000E+00
  7.49000E-01  1.00000E+00  1.00000E-04 -8.73601E-11
  7.50000E-01  1.00000E+00  1.00000E-04 -8.73543E-11
  7.51000E-01  1.00000E+00  1.00000E-04  1.74701E-10
  7.52000E-01  1.00000E+00  1.00000E-04  8.72800E-11
  7.53000E-01  1.00000E+00  1.00000E-04 -8.72804E-11
  7.54000E-01  1.00000E+00  1.00000E-04  0.00000E+00
  7.55000E-01  1.00000E+00  1.00000E-04  8.73615E-11
  7.56000E-01  1.00000E+00  1.00000E-04  0.00000E+00
  7.57000E-01  1.00000E+00  1.00000E-04 -8.73309E-11
  7.58000E-01  1.00000E+00  1.00000E-04  0.00000E+00
  7.59000E-01  1.00000E+00  1.00000E-04  0.00000E+00
  7.60000E-01  1.00000E+00  1.00000E-04  0.00000E+00
  7.61000E-01  1.00000E+00  1.00000E-04  0.00000E+00
  7.62000E-01  1.00000E+00  1.00000E-04  0.00000E+00
  7.63000E-01  1.00000E+00  1.00000E-04  0.00000E+00
  7.64000E-01  1.00000E+00  1.00000E-04  0.00000E+00
  7.65000E-01  1.00000E+00  1.00000E-04  0.00000E+00
  7.66000E-01  1.00000E+00  1.00000E-04  8.73261E-11
  7.67000E-01  1.00000E+00  1.00000E-04  0.00000E+00
  7.68000E-01  1.00000E+00  1.00000E-04 -8.73608E-11
  7.69000E-01  1.00000E+00  1.00000E-04 -5.24069E-10
  7.70000E-01  1.00000E+00  1.00000E-04 -1.36802E-10
  7.71000E-01  1.00000E+00  1.00000E-04 -4.03368E-08
  7.72000E-01  1.00000E+00  1.00000E-04 -1.52750E-06
  7.73000E-01  1.00000E+00  1.00465E-04 -4.67792E-10
  7.74000E-01  1.00000E+00  1.00000E-04  1.48159E-06
  7.75000E-01  1.00000E+00  1.00000E-04 -1.61747E-06
  7.76000E-01  1.00000E+00  1.00506E-04  4.42577E-10
  7.77000E-01  1.00000E+00  1.00000E-04  1.66087E-06
  7.78000E-01  1.00000E+00  1.00000E-04  4.46281E-08
  7.79000E-01  1.00000E+00  1.00000E-04  1.38171E-10
  7.80000E-01  1.00000E+00  1.00000E-04 -2.62002E-10
  7.81000E-01  1.00000E+00  1.00000E-04  8.73290E-11
  7.82000E-01  1.00000E+00  1.00000E-04  0.00000E+00
  7.83000E-01  1.00000E+00  1.00000E-04 -8.73079E-11
  7.84000E-01  1.00000E+00  1.00000E-04  2.62154E-10
  7.85000E-01  1.00000E+00  1.00000E-04  0.00000E+00
  7.86000E-01  1.00000E+00  1.00000E-04 -2.62081E-10
  7.87000E-01  1.00000E+00  1.00000E-04  0.00000E+00
  7.88000E-01  1.00000E+00  1.00000E-04  0.00000E+00
  7.89000E-01  1.00000E+00  1.00000E-04  0.00000E+00
  7.90000E-01  1.00000E+00  1.00000E-04  0.00000E+00
  7.91000E-01  1.00000E+00  1.00000E-04  0.00000E+00
  7.92000E-01  1.00000E+00  1.00000E-04 -8.72920E-11
  7.93000E-01  1.00000E+00  1.00000E-04  0.00000E+00
  7.94000E-01  1.00000E+00  1.00000E-04  8.72908E-11
  7.95000E-01  1.00000E+00  1.00000E-04 -8.73635E-11
  7.96000E-01  1.00000E+00  1.00000E-04  0.00000E+00
  7.97000E-01  1.00000E+00  1.00000E-04  8.73300E-11
  7.98000E-01  1.00000E+00  1.00000E-04  3.49310E-10
  7.99000E-01  9.99999E-01  9.99999E-05  0.00000E+00
  8.00000E-01  1.00000E+00  1.00000E-04 -3.32426E-10
  8.01000E-01  1.00000E+00  1.00000E-04  3.32644E-10
  8.02000E-01  9.99999E-01  9.99999E-05  0.00000E+00
  8.03000E-01  1.00000E+00  1.00000E-04 -3.49173E-10
  8.04000E-01  1.00000E+00  1.00000E-04 -1.19209E-10
  8.05000E-01  1.00000E+00  1.00000E-04 -3.49443E-08
  8.06000E-01  1.00000E+00  1.00000E-04 -1.30713E-06
  8.07000E-01  1.00000E+00  1.00398E-04 -3.73404E-10
  8.08000E-01  1.00000E+00  1.00000E-04  1.27047E-06
  8.09000E-01  1.00000E+00  1.00000E-04 -1.27018E-06
  8.10000E-01  1.00000E+00  1.00398E-04  3.77780E-10
  8.11000E-01  1.00000E+00  1.00000E-04  1.30722E-06
  8.12000E-01  1.00000E+00  1.00000E-04  3.51960E-08
  8.13000E-01  1.00000E+00  1.00000E-04  1.05856E-10
  8.14000E-01  1.00000E+00  1.00000E-04 -2.62000E-10
  8.15000E-01  1.00000E+00  1.00000E-04  2.62130E-10
  8.16000E-01  1.00000E+00  1.00000E-04  8.73245E-11
  8.17000E-01  1.00000E+00  1.00000E-04 -5.17131E-10
  8.18000E-01  1.00000E+00  1.00000E-04  8.05515E-11
  8.19000E-01  1.00000E+00  1.00000E-04  8.73299E-11
  8.20000E-01  1.00000E+00  1.00000E-04  0.00000E+00
  8.21000E-01  1.00000E+00  1.00000E-04  0.00000E+00
  8.22000E-01  1.00000E+00  1.00000E-04  0.00000E+00
  8.23000E-01  1.00000E+00  1.00000E-04  1.74658E-10
  8.24000E-01  1.00000E+00  1.00000E-04  2.47443E-16
  8.25000E-01  1.00000E+00  1.00000E-04 -8.73931E-11
  8.26000E-01  1.00000E+00  1.00000E-04  7.76995E-17
  8.27000E-01  1.00000E+00  1.00000E-04 -8.73404E-11
  8.28000E-01  1.00000E+00  1.00000E-04  0.00000E+00
  8.29000E-01  1.00000E+00  1.00000E-04  8.73352E-11
  8.30000E-01  1.00000E+00  1.00000E-04  0.00000E+00
  8.31000E-01  1.00000E+00  1.00000E-04 -8.73687E-11
  8.32000E-01  1.00000E+00  1.00000E-04  0.00000E+00
  8.33000E-01  1.00000E+00  1.00000E-04  0.00000E+00
  8.34000E-01  1.00000E+00  1.00000E-04  1.74784E-10
  8.35000E-01  1.00000E+00  1.00000E-04  0.00000E+00
  8.36000E-01  1.00000E+00  1.00000E-04 -1.74716E-10
  8.37000E-01  1.00000E+00  1.00000E-04 -1.47960E-10
  8.38000E-01  1.00000E+00  1.00000E-04 -4.32587E-08
  8.39000E-01  1.00000E+00  1.00000E-04 -1.61980E-06
  8.40000E-01  1.00000E+00  1.00494E-04 -3.35608E-10
  8.41000E-01  1.00000E+00  1.00000E-04  1.62094E-06
  8.42000E-01  1.00000E+00  1.00000E-04  4.34516E-08
  8.43000E-01  1.00000E+00  1.00000E-04  1.38036E-10
  8.44000E-01  1.00000E+00  1.00000E-04 -1.74703E-10
  8.45000E-01  1.00000E+00  1.00000E-04  8.73666E-11
  8.46000E-01  1.00000E+00  1.00000E-04  0.00000E+00
  8.47000E-01  1.00000E+00  1.00000E-04 -1.74666E-10
  8.48000E-01  1.00000E+00  1.00000E-04  8.74221E-11
  8.49000E-01  1.00000E+00  1.00000E-04  0.00000E+00
  8.50000E-01  1.00000E+00  1.00000E-04  0.00000E+00
  8.51000E-01  1.00000E+00  1.00000E-04 -4.36744E-11
  8.52000E-01  1.00000E+00  1.00000E-04 -4.36764E-11
  8.53000E-01  1.00000E+00  1.00000E-04  1.74613E-10
  8.54000E-01  1.00000E+00  1.00000E-04  1.37990E-10
  8.55000E-01  1.00000E+00  1.00000E-04  3.56854E-09
  8.56000E-01  9.99994E-01  9.99994E-05 -1.06089E-12
  8.57000E-01  1.00000E+00  1.00000E-04 -3.62603E-09
  8.58000E-01  1.00000E+00  1.00000E-04  6.16347E-10
  8.59000E-01  9.99999E-01  9.99999E-05  8.54695E-17
  8.60000E-01  1.00000E+00  1.00000E-04 -7.61441E-10
  8.61000E-01  1.00000E+00  1.00000E-04 -2.47170E-11
  8.62000E-01  1.00000E+00  1.00000E-04  0.00000E+00
  8.63000E-01  1.00000E+00  1.00000E-04  0.00000E+00
  8.64000E-01  1.00000E+00  1.00000E-04  0.00000E+00
  8.65000E-01  1.00000E+00  1.00000E-04  0.00000E+00
  8.66000E-01  1.00000E+00  1.00000E-04  8.73549E-11
  8.67000E-01  1.00000E+00  1.00000E-04  1.74712E-10
  8.68000E-01  1.00000E+00  1.00000E-04 -2.62089E-10
  8.69000E-01  1.00000E+00  1.00000E-04  0.00000E+00
  8.70000E-01  1.00000E+00  1.00000E-04  0.00000E+00
  8.71000E-01  1.00000E+00  1.00000E-04  8.73904E-11
  8.72000E-01  1.00000E+00  1.00000E-04  2.61968E-10
  8.73000E-01  1.00000E+00  1.00000E-04 -5.17203E-10
  8.74000E-01  1.00000E+00  1.00000E-04  8.05481E-11
  8.75000E-01  1.00000E+00  1.00000E-04  8.73255E-11
  8.76000E-01  1.00000E+00  1.00000E-04  1.74597E-10
  8.77000E-01  1.00000E+00  1.00000E-04  0.00000E+00
  8.78000E-01  1.00000E+00  1.00000E-04 -2.62032E-10
  8.79000E-01  1.00000E+00  1.00000E-04  2.62131E-10
  8.80000E-01  1.00000E+00  1.00000E-04  1.04237E-10
  8.81000E-01  1.00000E+00  1.00000E-04  7.68754E-10
  8.82000E-01  9.99998E-01  9.99998E-05  7.76995E-17
  8.83000E-01  1.00000E+00  1.00000E-04 -1.00355E-09
  8.84000E-01  1.00000E+00  1.00000E-04  4.33661E-11
  8.85000E-01  1.00000E+00  1.00000E-04  0.00000E+00
  8.86000E-01  1.00000E+00  1.00000E-04 -8.73964E-11
  8.87000E-01  1.00000E+00  1.00000E-04  0.00000E+00
  8.88000E-01  1.00000E+00  1.00000E-04  0.00000E+00
  8.89000E-01  1.00000E+00  1.00000E-04  8.73592E-11
  8.90000E-01  1.00000E+00  1.00000E-04  0.00000E+00
  8.91000E-01  1.00000E+00  1.00000E-04 -8.72883E-11
  8.92000E-01  1.00000E+00  1.00000E-04  0.00000E+00
  8.93000E-01  1.00000E+00  1.00000E-04  0.00000E+00
  8.94000E-01  1.00000E+00  1.00000E-04  0.00000E+00
  8.95000E-01  1.00000E+00  1.00000E-04  8.73537E-11
  8.96000E-01  1.00000E+00  1.00000E-04 -8.73764E-11
  8.97000E-01  1.00000E+00  1.00000E-04  0.00000E+00
  8.98000E-01  1.00000E+00  1.00000E-04  0.00000E+00
  8.99000E-01  1.00000E+00  1.00000E-04 -2.44871E-16
  9.00000E-01  1.00000E+00  1.00000E-04  1.14794E-16
  9.01000E-01  1.00000E+00  1.00000E-04  1.30077E-16
  9.02000E-01  1.00000E+00  1.00000E-04  0.00000E+00
  9.03000E-01  1.00000E+00  1.00000E-04 -4.36683E-11
  9.04000E-01  1.00000E+00  1.00000E-04 -4.36702E-11
  9.05000E-01  1.00000E+00  1.00000E-04  8.54695E-17
  9.06000E-01  1.00000E+00  1.00000E-04 -1.74726E-10
  9.07000E-01  1.00000E+00  1.00000E-04  1.74805E-10
  9.08000E-01  1.00000E+00  1.00000E-04  8.72871E-11
  9.09000E-01  1.00000E+00  1.00000E-04  8.73407E-11
  9.10000E-01  1.00000E+00  1.00000E-04 -4.36645E-11
  9.11000E-01  1.00000E+00  1.00000E-04 -4.36623E-11
  9.12000E-01  1.00000E+00  1.00000E-04  7.76995E-17
  9.13000E-01  1.00000E+00  1.00000E-04  0.00000E+00
  9.14000E-01  1.00000E+00  1.00000E-04  0.00000E+00
  9.15000E-01  1.00000E+00  1.00000E-04  0.00000E+00
  9.16000E-01  1.00000E+00  1.00000E-04  3.49317E-10
  9.17000E-01  9.99999E-01  9.99999E-05  0.00000E+00
  9.18000E-01  1.00000E+00  1.00000E-04 -3.49508E-10
  9.19000E-01  1.00000E+00  1.00000E-04  0.00000E+00
  9.20000E-01  1.00000E+00  1.00000E-04  0.00000E+00
  9.21000E-01  1.00000E+00  1.00000E-04  4.36836E-10
  9.22000E-01  9.99999E-01  9.99999E-05  3.02648E-16
  9.23000E-01  1.00000E+00  1.00000E-04 -2.61845E-10
  9.24000E-01  1.00000E+00  1.00000E-04  2.61771E-10
  9.25000E-01  1.00000E+00  1.00000E-04 -2.61776E-10
  9.26000E-01  1.00000E+00  1.00000E-04 -1.74623E-10
  9.27000E-01  1.00000E+00  1.00000E-04  0.00000E+00
  9.28000E-01  1.00000E+00  1.00000E-04 -2.33099E-16
  9.29000E-01  1.00000E+00  1.00000E-04  7.76995E-17
  9.30000E-01  1.00000E+00  1.00000E-04  7.76995E-17
  9.31000E-01  1.00000E+00  1.00000E-04  8.73021E-11
  9.32000E-01  1.00000E+00  1.00000E-04  2.24053E-11
  9.33000E-01  1.00000E+00  1.00000E-04 -2.24051E-11
  9.34000E-01  1.00000E+00  1.00000E-04 -8.73769E-11
  9.35000E-01  1.00000E+00  1.00000E-04  0.00000E+00
  9.36000E-01  1.00000E+00  1.00000E-04 -1.74608E-10
  9.37000E-01  1.00000E+00  1.00000E-04  0.00000E+00
  9.38000E-01  1.00000E+00  1.00000E-04  5.23745E-10
  9.39000E-01  1.00000E+00  1.00000E-04  0.00000E+00
  9.40000E-01  1.00000E+00  1.00000E-04 -5.24187E-10
  9.41000E-01  1.00000E+00  1.00000E-04  0.00000E+00
  9.42000E-01  1.00000E+00  1.00000E-04  5.94174E-10
  9.43000E-01  1.00000E+00  1.00000E-04 -7.04373E-11
  9.44000E-01  1.00000E+00  1.00000E-04 -3.85469E-11
  9.45000E-01  1.00000E+00  1.00000E-04  2.30775E-09
  9.46000E-01  9.99996E-01  9.99996E-05  6.42729E-10
  9.47000E-01  1.00000E+00  1.00000E-04 -3.25872E-09
  9.48000E-01  1.00000E+00  1.00000E-04  4.31827E-11
  9.49000E-01  1.00000E+00  1.00000E-04  4.31872E-11
  9.50000E-01  1.00000E+00  1.00000E-04  2.61747E-10
  9.51000E-01  1.00000E+00  1.00000E-04  8.73503E-11
  9.52000E-01  1.00000E+00  1.00000E-04 -1.66070E-11
  9.53000E-01  1.00000E+00  1.00000E-04 -7.07511E-11
  9.54000E-01  1.00000E+00  1.00000E-04 -7.85517E-10
  9.55000E-01  1.00000E+00  1.00000E-04  2.62139E-10
  9.56000E-01  1.00000E+00  1.00000E-04  2.62212E-10
  9.57000E-01  1.00000E+00  1.00000E-04  8.73934E-11
  9.58000E-01  1.00000E+00  1.00000E-04  1.74625E-10
  9.59000E-01  1.00000E+00  1.00000E-04 -5.16763E-10
  9.60000E-01  1.00000E+00  1.00000E-04  8.05464E-11
  9.61000E-01  1.00000E+00  1.00000E-04  8.73528E-11
  9.62000E-01  1.00000E+00  1.00000E-04 -1.74608E-10
  9.63000E-01  1.00000E+00  1.00000E-04 -3.42758E-10
  9.64000E-01  1.00000E+00  1.00000E-04  8.66735E-10
  9.65000E-01  1.00000E+00  1.00000E-04  8.72998E-11
  9.66000E-01  1.00000E+00  1.00000E-04 -1.03015E-09
  9.67000E-01  1.00000E+00  1.00000E-04  3.32804E-10
  9.68000E-01  1.00000E+00  1.00000E-04 -1.21530E-16
  9.69000E-01  1.00000E+00  1.00000E-04 -8.73972E-11
  9.70000E-01  1.00000E+00  1.00000E-04  8.73570E-11
  9.71000E-01  1.00000E+00  1.00000E-04  6.10720E-10
  9.72000E-01  9.99999E-01  9.99999E-05  2.33440E-10
  9.73000E-01  1.00000E+00  1.00000E-04  2.71171E-09
  9.74000E-01  9.99995E-01  9.99995E-05  1.48317E-10
  9.75000E-01  1.00000E+00  1.00000E-04 -3.46974E-09
  9.76000E-01  1.00000E+00  1.00000E-04  2.03504E-10
  9.77000E-01  1.00000E+00  9.99999E-05  2.62037E-10
  9.78000E-01  1.00000E+00  1.00000E-04 -7.86091E-10
  9.79000E-01  9.99999E-01  1.00000E-04  1.47978E-15
  9.80000E-01  1.00000E+00  1.00000E-04  1.91938E-09
  9.81000E-01  9.99998E-01  9.99998E-05  8.72857E-11
  9.82000E-01  1.00000E+00  1.00000E-04 -2.46048E-09
  9.83000E-01  1.00000E+00  1.00000E-04  2.79405E-10
  9.84000E-01  1.00000E+00  1.00000E-04  1.05188E-10
  9.85000E-01  1.00000E+00  1.00000E-04  2.74437E-09
  9.86000E-01  9.99996E-01  9.99995E-05 -2.32507E-09
  9.87000E-01  1.00001E+00  1.00001E-04 -3.00629E-09
  9.88000E-01  1.00000E+00  1.00000E-04  2.17794E-09
  9.89000E-01  1.00000E+00  1.00000E-04  1.13507E-08
  9.90000E-01  9.99981E-01  9.99981E-05  1.01169E-09
  9.91000E-01  1.00000E+00  1.00000E-04 -1.11289E-08
  9.92000E-01  1.00000E+00  1.00000E-04 -4.09500E-10
  9.93000E-01  1.00000E+00  1.00000E-04  0.00000E+00
  9.94000E-01  1.00000E+00  1.00000E-04 -1.74620E-10
  9.95000E-01  1.00000E+00  1.00000E-04  0.00000E+00
  9.96000E-01  1.00000E+00  1.00000E-04  1.74737E-10
  9.97000E-01  1.00000E+00  1.00000E-04  0.00000E+00
  9.98000E-01  1.00000E+00  1.00000E-04  0.00000E+00
  9.99000E-01  1.00000E+00  1.00000E-04  0.00000E+00
