  0.00000E+00  3.14391E-05  3.79989E+01  2.11163E-02
  1.00000E-03  3.14386E-05  3.79986E+01  6.17098E-02
  2.00000E-03  3.14382E-05  3.79983E+01  8.88003E-02
  3.00000E-03  3.14387E-05  3.79981E+01  1.02078E-01
  4.00000E-03  3.14398E-05  3.79982E+01  1.16934E-01
  5.00000E-03  3.14441E-05  3.79986E+01  1.33580E-01
  6.00000E-03  3.14614E-05  3.79993E+01  1.61743E-01
  7.00000E-03  3.14895E-05  3.80004E+01  1.97220E-01
  8.00000E-03  3.15281E-05  3.80017E+01  2.37077E-01
  9.00000E-03  3.15676E-05  3.80027E+01  2.80434E-01
  1.00000E-02  3.16026E-05  3.80033E+01  3.24156E-01
  1.10000E-02  3.16314E-05  3.80034E+01  3.62793E-01
  1.20000E-02  3.16443E-05  3.80031E+01  4.01553E-01
  1.30000E-02  3.16731E-05  3.80025E+01  4.35057E-01
  1.40000E-02  3.17655E-05  3.80022E+01  4.65907E-01
  1.50000E-02  3.22674E-05  3.80018E+01  4.97089E-01
  1.60000E-02  3.33691E-05  3.80016E+01  5.27666E-01
  1.70000E-02  3.50735E-05  3.80015E+01  5.54573E-01
  1.80000E-02  3.70868E-05  3.80013E+01  5.78659E-01
  1.90000E-02  3.95251E-05  3.80010E+01  6.05941E-01
  2.00000E-02  4.19295E-05  3.80007E+01  6.38070E-01
  2.10000E-02  4.47255E-05  3.80007E+01  6.73777E-01
  2.20000E-02  4.77835E-05  3.80008E+01  7.12096E-01
  2.30000E-02  5.08664E-05  3.80010E+01  7.48480E-01
  2.40000E-02  5.45150E-05  3.80011E+01  7.81420E-01
  2.50000E-02  5.82842E-05  3.80009E+01  8.12901E-01
  2.60000E-02  6.24400E-05  3.80006E+01  8.42405E-01
  2.70000E-02  6.70081E-05  3.80004E+01  8.71314E-01
  2.80000E-02  7.21629E-05  3.80004E+01  9.01650E-01
  2.90000E-02  7.77683E-05  3.80002E+01  9.33220E-01
  3.00000E-02  8.43789E-05  3.80004E+01  9.66163E-01
  3.10000E-02  9.18897E-05  3.80004E+01  9.98287E-01
  3.20000E-02  1.00383E-04  3.80004E+01  1.02889E+00
  3.30000E-02  1.10552E-04  3.79998E+01  1.05624E+00
  3.40000E-02  1.22100E-04  3.79994E+01  1.08293E+00
  3.50000E-02  1.35447E-04  3.79992E+01  1.11304E+00
  3.60000E-02  1.51758E-04  3.79991E+01  1.14601E+00
  3.70000E-02  1.70163E-04  3.79990E+01  1.18174E+00
  3.80000E-02  1.92094E-04  3.79989E+01  1.21560E+00
  3.90000E-02  2.17777E-04  3.79991E+01  1.24727E+00
  4.00000E-02  2.46630E-04  3.79992E+01  1.27849E+00
  4.10000E-02  2.80612E-04  3.79996E+01  1.30663E+00
  4.20000E-02  3.18084E-04  3.80004E+01  1.33254E+00
  4.30000E-02  3.60323E-04  3.80014E+01  1.36981E+00
  4.40000E-02  4.06478E-04  3.80015E+01  1.40517E+00
  4.50000E-02  4.56010E-04  3.80016E+01  1.43770E+00
  4.60000E-02  5.10633E-04  3.80020E+01  1.46934E+00
  4.70000E-02  5.68129E-04  3.80022E+01  1.49886E+00
  4.80000E-02  6.29592E-04  3.80051E+01  1.51861E+00
  4.90000E-02  6.92693E-04  3.80088E+01  1.54044E+00
  5.00000E-02  7.64001E-04  3.80145E+01  1.55162E+00
  5.10000E-02  8.32409E-04  3.80222E+01  1.55710E+00
  5.20000E-02  9.10761E-04  3.80304E+01  1.56712E+00
  5.30000E-02  9.87952E-04  3.80379E+01  1.57949E+00
  5.40000E-02  1.07060E-03  3.80451E+01  1.58852E+00
  5.50000E-02  1.15864E-03  3.80524E+01  1.60047E+00
  5.60000E-02  1.24818E-03  3.80586E+01  1.61402E+00
  5.70000E-02  1.34736E-03  3.80651E+01  1.63012E+00
  5.80000E-02  1.44574E-03  3.80697E+01  1.65015E+00
  5.90000E-02  1.55282E-03  3.80736E+01  1.67600E+00
  6.00000E-02  1.66806E-03  3.80743E+01  1.70795E+00
  6.10000E-02  1.78737E-03  3.80733E+01  1.74687E+00
  6.20000E-02  1.91199E-03  3.80749E+01  1.78627E+00
  6.30000E-02  2.04812E-03  3.80748E+01  1.82652E+00
  6.40000E-02  2.19502E-03  3.80766E+01  1.85641E+00
  6.50000E-02  2.34494E-03  3.80764E+01  1.88994E+00
  6.60000E-02  2.51160E-03  3.80764E+01  1.93726E+00
  6.70000E-02  2.67790E-03  3.80767E+01  1.96616E+00
  6.80000E-02  2.86932E-03  3.80780E+01  1.99514E+00
  6.90000E-02  3.06687E-03  3.80773E+01  2.04124E+00
  7.00000E-02  3.27062E-03  3.80798E+01  2.06294E+00
  7.10000E-02  3.48450E-03  3.80801E+01  2.10518E+00
  7.20000E-02  3.71045E-03  3.80792E+01  2.13606E+00
  7.30000E-02  3.96502E-03  3.80829E+01  2.16633E+00
  7.40000E-02  4.19658E-03  3.80798E+01  2.20454E+00
  7.50000E-02  4.47024E-03  3.80829E+01  2.23163E+00
  7.60000E-02  4.74564E-03  3.80862E+01  2.26619E+00
  7.70000E-02  5.02293E-03  3.80963E+01  2.27496E+00
  7.80000E-02  5.31298E-03  3.81080E+01  2.29187E+00
  7.90000E-02  5.61351E-03  3.81188E+01  2.30231E+00
  8.00000E-02  5.94044E-03  3.81224E+01  2.33630E+00
  8.10000E-02  6.26310E-03  3.81211E+01  2.35987E+00
  8.20000E-02  6.58852E-03  3.81225E+01  2.40238E+00
  8.30000E-02  6.95075E-03  3.81190E+01  2.43303E+00
  8.40000E-02  7.31092E-03  3.81249E+01  2.46278E+00
  8.50000E-02  7.67674E-03  3.81258E+01  2.48470E+00
  8.60000E-02  8.06530E-03  3.81141E+01  2.51279E+00
  8.70000E-02  8.48582E-03  3.81032E+01  2.52564E+00
  8.80000E-02  8.89112E-03  3.80726E+01  2.52733E+00
  8.90000E-02  9.33952E-03  3.80546E+01  2.53360E+00
  9.00000E-02  9.77689E-03  3.80496E+01  2.56019E+00
  9.10000E-02  1.02576E-02  3.80533E+01  2.58727E+00
  9.20000E-02  1.07539E-02  3.80478E+01  2.63240E+00
  9.30000E-02  1.12507E-02  3.80495E+01  2.67129E+00
  9.40000E-02  1.18147E-02  3.80664E+01  2.68806E+00
  9.50000E-02  1.23708E-02  3.80847E+01  2.71546E+00
  9.60000E-02  1.29210E-02  3.80847E+01  2.75423E+00
  9.70000E-02  1.35258E-02  3.80879E+01  2.79363E+00
  9.80000E-02  1.41566E-02  3.80974E+01  2.82572E+00
  9.90000E-02  1.47624E-02  3.80975E+01  2.86383E+00
  1.00000E-01  1.54657E-02  3.80975E+01  2.89881E+00
  1.01000E-01  1.61473E-02  3.81063E+01  2.92651E+00
  1.02000E-01  1.68744E-02  3.81022E+01  2.96770E+00
  1.03000E-01  1.75990E-02  3.81132E+01  2.99519E+00
  1.04000E-01  1.84038E-02  3.81117E+01  3.03263E+00
  1.05000E-01  1.91337E-02  3.81120E+01  3.06880E+00
  1.06000E-01  2.00309E-02  3.81311E+01  3.08787E+00
  1.07000E-01  2.08750E-02  3.81531E+01  3.11192E+00
  1.08000E-01  2.18079E-02  3.81909E+01  3.11315E+00
  1.09000E-01  2.27213E-02  3.82097E+01  3.12518E+00
  1.10000E-01  2.37053E-02  3.82323E+01  3.16533E+00
  1.11000E-01  2.46553E-02  3.82226E+01  3.18897E+00
  1.12000E-01  2.57239E-02  3.82287E+01  3.22717E+00
  1.13000E-01  2.67231E-02  3.82287E+01  3.26476E+00
  1.14000E-01  2.78499E-02  3.82175E+01  3.29864E+00
  1.15000E-01  2.89472E-02  3.82149E+01  3.32940E+00
  1.16000E-01  3.01953E-02  3.82155E+01  3.37602E+00
  1.17000E-01  3.12686E-02  3.82060E+01  3.40974E+00
  1.18000E-01  3.25757E-02  3.81944E+01  3.43959E+00
  1.19000E-01  3.38098E-02  3.81931E+01  3.47881E+00
  1.20000E-01  3.51286E-02  3.81964E+01  3.51886E+00
  1.21000E-01  3.64993E-02  3.82129E+01  3.53925E+00
  1.22000E-01  3.78773E-02  3.82515E+01  3.53719E+00
  1.23000E-01  3.94030E-02  3.83199E+01  3.53274E+00
  1.24000E-01  4.08220E-02  3.83630E+01  3.55265E+00
  1.25000E-01  4.24991E-02  3.83606E+01  3.58552E+00
  1.26000E-01  4.40556E-02  3.83583E+01  3.62750E+00
  1.27000E-01  4.55388E-02  3.83585E+01  3.67323E+00
  1.28000E-01  4.72758E-02  3.83683E+01  3.71559E+00
  1.29000E-01  4.89842E-02  3.84007E+01  3.73132E+00
  1.30000E-01  5.07834E-02  3.84342E+01  3.76394E+00
  1.31000E-01  5.24951E-02  3.84291E+01  3.80513E+00
  1.32000E-01  5.44783E-02  3.84441E+01  3.84325E+00
  1.33000E-01  5.63807E-02  3.84758E+01  3.85598E+00
  1.34000E-01  5.83852E-02  3.85027E+01  3.89070E+00
  1.35000E-01  6.04598E-02  3.85014E+01  3.92952E+00
  1.36000E-01  6.24167E-02  3.85233E+01  3.95046E+00
  1.37000E-01  6.48164E-02  3.85749E+01  3.97167E+00
  1.38000E-01  6.67686E-02  3.85649E+01  4.00904E+00
  1.39000E-01  6.91033E-02  3.85791E+01  4.03624E+00
  1.40000E-01  7.16037E-02  3.86266E+01  4.04928E+00
  1.41000E-01  7.37279E-02  3.86380E+01  4.08503E+00
  1.42000E-01  7.63347E-02  3.86602E+01  4.11520E+00
  1.43000E-01  7.88844E-02  3.86869E+01  4.15380E+00
  1.44000E-01  8.13518E-02  3.87516E+01  4.18560E+00
  1.45000E-01  8.42678E-02  3.87914E+01  4.22157E+00
  1.46000E-01  8.68334E-02  3.88008E+01  4.25966E+00
  1.47000E-01  8.98270E-02  3.88404E+01  4.28597E+00
  1.48000E-01  9.26515E-02  3.89061E+01  4.30688E+00
  1.49000E-01  9.54564E-02  3.89124E+01  4.33575E+00
  1.50000E-01  9.87704E-02  3.89882E+01  4.36518E+00
  1.51000E-01  1.01793E-01  3.89769E+01  4.38422E+00
  1.52000E-01  1.04895E-01  3.89759E+01  4.40798E+00
  1.53000E-01  1.08165E-01  3.90164E+01  4.44596E+00
  1.54000E-01  1.11533E-01  3.90925E+01  4.48427E+00
  1.55000E-01  1.15140E-01  3.91536E+01  4.51954E+00
  1.56000E-01  1.18510E-01  3.91762E+01  4.54435E+00
  1.57000E-01  1.22284E-01  3.92726E+01  4.55487E+00
  1.58000E-01  1.26086E-01  3.93443E+01  4.59565E+00
  1.59000E-01  1.29651E-01  3.94006E+01  4.65025E+00
  1.60000E-01  1.33944E-01  3.94140E+01  4.68692E+00
  1.61000E-01  1.37469E-01  3.94616E+01  4.70219E+00
  1.62000E-01  1.41638E-01  3.95165E+01  4.72071E+00
  1.63000E-01  1.46122E-01  3.95926E+01  4.73793E+00
  1.64000E-01  1.50469E-01  3.97127E+01  4.75916E+00
  1.65000E-01  1.54659E-01  3.97714E+01  4.80250E+00
  1.66000E-01  1.59708E-01  3.97941E+01  4.86182E+00
  1.67000E-01  1.64045E-01  3.98996E+01  4.90795E+00
  1.68000E-01  1.69127E-01  4.00488E+01  4.94678E+00
  1.69000E-01  1.74045E-01  4.00883E+01  4.96316E+00
  1.70000E-01  1.78850E-01  4.01248E+01  4.97926E+00
  1.71000E-01  1.83871E-01  4.01467E+01  5.00857E+00
  1.72000E-01  1.89265E-01  4.02275E+01  5.02300E+00
  1.73000E-01  1.94599E-01  4.03906E+01  5.08330E+00
  1.74000E-01  2.00525E-01  4.05262E+01  5.12315E+00
  1.75000E-01  2.06288E-01  4.06089E+01  5.14604E+00
  1.76000E-01  2.11585E-01  4.06604E+01  5.17195E+00
  1.77000E-01  2.17967E-01  4.07697E+01  5.19313E+00
  1.78000E-01  2.23945E-01  4.08270E+01  5.23352E+00
  1.79000E-01  2.30087E-01  4.09498E+01  5.25763E+00
  1.80000E-01  2.36968E-01  4.11435E+01  5.30524E+00
  1.81000E-01  2.43363E-01  4.12226E+01  5.34798E+00
  1.82000E-01  2.50359E-01  4.13181E+01  5.37627E+00
  1.83000E-01  2.57475E-01  4.15313E+01  5.38809E+00
  1.84000E-01  2.64846E-01  4.17322E+01  5.44349E+00
  1.85000E-01  2.71712E-01  4.17943E+01  5.48022E+00
  1.86000E-01  2.79484E-01  4.18722E+01  5.49429E+00
  1.87000E-01  2.86879E-01  4.18898E+01  5.53618E+00
  1.88000E-01  2.94835E-01  4.21400E+01  5.58929E+00
  1.89000E-01  3.03380E-01  4.23827E+01  5.62935E+00
  1.90000E-01  3.12347E-01  4.25891E+01  5.66109E+00
  1.91000E-01  3.20752E-01  4.27133E+01  5.67535E+00
  1.92000E-01  3.28673E-01  4.27713E+01  5.68673E+00
  1.93000E-01  3.38186E-01  4.29805E+01  5.72770E+00
  1.94000E-01  3.47820E-01  4.32261E+01  5.78818E+00
  1.95000E-01  3.57242E-01  4.34226E+01  5.83719E+00
  1.96000E-01  3.67102E-01  4.36007E+01  5.87735E+00
  1.97000E-01  3.76906E-01  4.37418E+01  5.89815E+00
  1.98000E-01  3.87264E-01  4.39611E+01  5.92368E+00
  1.99000E-01  3.98465E-01  4.42832E+01  5.96830E+00
  2.00000E-01  4.09793E-01  4.45208E+01  6.00458E+00
  2.01000E-01  4.20578E-01  4.46638E+01  6.02702E+00
  2.02000E-01  4.32243E-01  4.49664E+01  6.08169E+00
  2.03000E-01  4.45006E-01  4.53111E+01  6.14073E+00
  2.04000E-01  4.57013E-01  4.55017E+01  6.16779E+00
  2.05000E-01  4.69351E-01  4.57412E+01  6.20760E+00
  2.06000E-01  4.82096E-01  4.59836E+01  6.24537E+00
  2.07000E-01  4.95172E-01  4.61976E+01  6.27252E+00
  2.08000E-01  5.09842E-01  4.66064E+01  6.32338E+00
  2.09000E-01  5.24778E-01  4.70266E+01  6.37375E+00
  2.10000E-01  5.38280E-01  4.72032E+01  6.39220E+00
  2.11000E-01  5.53907E-01  4.75718E+01  6.42989E+00
  2.12000E-01  5.70792E-01  4.80880E+01  6.49713E+00
  2.13000E-01  5.85920E-01  4.83281E+01  6.52781E+00
  2.14000E-01  6.02006E-01  4.86048E+01  6.55438E+00
  2.15000E-01  6.20570E-01  4.91598E+01  6.62066E+00
  2.16000E-01  6.37682E-01  4.94944E+01  6.65710E+00
  2.17000E-01  6.55299E-01  4.98288E+01  6.68518E+00
  2.18000E-01  6.75077E-01  5.03709E+01  6.74665E+00
  2.19000E-01  6.95077E-01  5.08618E+01  6.79202E+00
  2.20000E-01  7.13532E-01  5.11250E+01  6.81540E+00
  2.21000E-01  7.35966E-01  5.17852E+01  6.88120E+00
  2.22000E-01  7.57640E-01  5.22783E+01  6.93155E+00
  2.23000E-01  7.78824E-01  5.26867E+01  6.95968E+00
  2.24000E-01  8.02225E-01  5.32159E+01  7.01028E+00
  2.25000E-01  8.27779E-01  5.39808E+01  7.07650E+00
  2.26000E-01  8.50684E-01  5.43135E+01  7.10230E+00
  2.27000E-01  8.76563E-01  5.49728E+01  7.15016E+00
  2.28000E-01  9.03964E-01  5.57079E+01  7.21876E+00
  2.29000E-01  9.32666E-01  5.63967E+01  7.26318E+00
  2.30000E-01  9.57067E-01  5.67515E+01  7.28960E+00
  2.31000E-01  9.91068E-01  5.77065E+01  7.36007E+00
  2.32000E-01  1.02062E+00  5.85142E+01  7.42658E+00
  2.33000E-01  1.05308E+00  5.90504E+01  7.44995E+00
  2.34000E-01  1.08328E+00  5.97906E+01  7.50338E+00
  2.35000E-01  1.12294E+00  6.08596E+01  7.56981E+00
  2.36000E-01  1.15607E+00  6.16075E+01  7.62783E+00
  2.37000E-01  1.19256E+00  6.23119E+01  7.65463E+00
  2.38000E-01  1.23287E+00  6.34250E+01  7.73324E+00
  2.39000E-01  1.27383E+00  6.44053E+01  7.78684E+00
  2.40000E-01  1.31531E+00  6.52546E+01  7.82741E+00
  2.41000E-01  1.35618E+00  6.62448E+01  7.87851E+00
  2.42000E-01  1.41031E+00  6.76598E+01  7.96102E+00
  2.43000E-01  1.45128E+00  6.85768E+01  7.99964E+00
  2.44000E-01  1.50511E+00  6.96989E+01  8.04787E+00
  2.45000E-01  1.55527E+00  7.10233E+01  8.11783E+00
  2.46000E-01  1.61250E+00  7.23745E+01  8.18753E+00
  2.47000E-01  1.66470E+00  7.33957E+01  8.23420E+00
  2.48000E-01  1.72386E+00  7.47157E+01  8.29927E+00
  2.49000E-01  1.79092E+00  7.66220E+01  8.37028E+00
  2.50000E-01  1.85322E+00  7.78468E+01  8.41591E+00
  2.51000E-01  1.92357E+00  7.94194E+01  8.47347E+00
  2.52000E-01  1.99001E+00  8.10444E+01  8.54776E+00
  2.53000E-01  2.07357E+00  8.29247E+01  8.62532E+00
  2.54000E-01  2.14437E+00  8.45615E+01  8.65662E+00
  2.55000E-01  2.23141E+00  8.65132E+01  8.73172E+00
  2.56000E-01  2.31602E+00  8.85685E+01  8.80042E+00
  2.57000E-01  2.40771E+00  9.04053E+01  8.87326E+00
  2.58000E-01  2.49690E+00  9.22953E+01  8.92440E+00
  2.59000E-01  2.61042E+00  9.51899E+01  9.00091E+00
  2.60000E-01  2.70589E+00  9.72127E+01  9.06681E+00
  2.61000E-01  2.81736E+00  9.93777E+01  9.11802E+00
  2.62000E-01  2.94145E+00  1.02104E+02  9.21291E+00
  2.63000E-01  3.06489E+00  1.05261E+02  9.28247E+00
  2.64000E-01  3.18413E+00  1.07764E+02  9.31747E+00
  2.65000E-01  3.31487E+00  1.09793E+02  9.37624E+00
  2.66000E-01  3.51515E+00  1.14502E+02  9.52135E+00
  2.67000E-01  3.62406E+00  1.17479E+02  9.55788E+00
  2.68000E-01  3.62093E+00  1.12559E+02  9.35260E+00
  2.69000E-01  2.95949E+00  7.40155E+01  7.61807E+00
  2.70000E-01  1.64433E+00  1.71082E+01  3.05267E+00
  2.71000E-01  1.09493E+00  5.28104E-01  2.35870E-01
  2.72000E-01  1.00379E+00  3.08077E-04  6.77953E-04
  2.73000E-01  1.00000E+00  1.00001E-04  1.45729E-07
  2.74000E-01  1.00000E+00  1.00000E-04  1.81913E-10
  2.75000E-01  1.00000E+00  1.00000E-04  6.08766E-11
  2.76000E-01  1.00000E+00  1.00000E-04  6.04912E-11
  2.77000E-01  1.00000E+00  1.00000E-04  6.04891E-11
  2.78000E-01  1.00000E+00  1.00000E-04 -6.04912E-11
  2.79000E-01  1.00000E+00  1.00000E-04 -7.76997E-17
  2.80000E-01  1.00000E+00  1.00000E-04  1.47532E-15
  2.81000E-01  1.00000E+00  1.00000E-04  1.43821E-15
  2.82000E-01  1.00000E+00  1.00000E-04  1.03793E-15
  2.83000E-01  1.00000E+00  1.00000E-04 -4.20758E-09
  2.84000E-01  1.00000E+00  1.00000E-04 -5.97850E-07
  2.85000E-01  1.00000E+00  1.00301E-04 -9.05564E-07
  2.86000E-01  1.00000E+00  1.00329E-04  7.20038E-07
  2.87000E-01  1.00000E+00  1.00000E-04  3.52858E-08
  2.88000E-01  1.00000E+00  1.00319E-04  1.39846E-08
  2.89000E-01  1.00000E+00  1.00000E-04  7.24709E-07
  2.90000E-01  1.00000E+00  1.00000E-04  1.35617E-08
  2.91000E-01  1.00000E+00  1.00000E-04  7.12930E-11
  2.92000E-01  1.00000E+00  1.00000E-04  6.04717E-11
  2.93000E-01  1.00000E+00  1.00000E-04 -6.04953E-11
  2.94000E-01  1.00000E+00  1.00000E-04 -1.81381E-10
  2.95000E-01  1.00000E+00  1.00000E-04  0.00000E+00
  2.96000E-01  1.00000E+00  1.00000E-04  0.00000E+00
  2.97000E-01  1.00000E+00  1.00000E-04  0.00000E+00
  2.98000E-01  1.00000E+00  1.00000E-04  0.00000E+00
  2.99000E-01  1.00000E+00  1.00000E-04  0.00000E+00
  3.00000E-01  1.00000E+00  1.00000E-04  0.00000E+00
  3.01000E-01  1.00000E+00  1.00000E-04  0.00000E+00
  3.02000E-01  1.00000E+00  1.00000E-04  0.00000E+00
  3.03000E-01  1.00000E+00  1.00000E-04  0.00000E+00
  3.04000E-01  1.00000E+00  1.00000E-04  0.00000E+00
  3.05000E-01  1.00000E+00  1.00000E-04  0.00000E+00
  3.06000E-01  1.00000E+00  1.00000E-04  0.00000E+00
  3.07000E-01  1.00000E+00  1.00000E-04  1.81507E-10
  3.08000E-01  1.00000E+00  1.00000E-04  1.21021E-10
  3.09000E-01  1.00000E+00  1.00000E-04 -1.81586E-10
  3.10000E-01  1.00000E+00  1.00000E-04 -1.21049E-10
  3.11000E-01  1.00000E+00  1.00000E-04  6.04770E-11
  3.12000E-01  1.00000E+00  1.00000E-04 -6.04561E-11
  3.13000E-01  1.00000E+00  1.00000E-04 -6.05272E-11
  3.14000E-01  1.00000E+00  1.00000E-04  3.02489E-11
  3.15000E-01  1.00000E+00  1.00000E-04  3.02501E-11
  3.16000E-01  1.00000E+00  1.00000E-04  7.76997E-17
  3.17000E-01  1.00000E+00  1.00000E-04  6.04786E-11
  3.18000E-01  1.00000E+00  1.00000E-04 -1.81436E-10
  3.19000E-01  1.00000E+00  1.00000E-04 -6.05230E-11
  3.20000E-01  1.00000E+00  1.00000E-04  2.42075E-10
  3.21000E-01  1.00000E+00  1.00000E-04 -6.04650E-11
  3.22000E-01  1.00000E+00  1.00000E-04 -2.42109E-10
  3.23000E-01  1.00000E+00  1.00000E-04  3.53780E-10
  3.24000E-01  1.00000E+00  1.00000E-04 -2.93071E-10
  3.25000E-01  1.00000E+00  1.00000E-04  3.02609E-11
  3.26000E-01  1.00000E+00  1.00000E-04  3.02594E-11
  3.27000E-01  1.00000E+00  1.00000E-04  2.01720E-11
  3.28000E-01  1.00000E+00  1.00000E-04  2.01574E-11
  3.29000E-01  1.00000E+00  1.00000E-04  2.01577E-11
  3.30000E-01  1.00000E+00  1.00000E-04  6.04529E-11
  3.31000E-01  1.00000E+00  1.00000E-04  0.00000E+00
  3.32000E-01  1.00000E+00  1.00000E-04  1.81467E-10
  3.33000E-01  1.00000E+00  1.00000E-04  6.04532E-11
  3.34000E-01  1.00000E+00  1.00000E-04 -1.81391E-10
  3.35000E-01  1.00000E+00  1.00000E-04  2.39237E-16
  3.36000E-01  1.00000E+00  1.00000E-04  1.03418E-16
  3.37000E-01  1.00000E+00  1.00000E-04 -6.05334E-11
  3.38000E-01  1.00000E+00  1.00000E-04  0.00000E+00
  3.39000E-01  1.00000E+00  1.00000E-04 -2.41903E-10
  3.40000E-01  1.00000E+00  1.00000E-04 -6.05228E-11
  3.41000E-01  1.00000E+00  1.00000E-04  2.41888E-10
  3.42000E-01  1.00000E+00  1.00000E-04 -6.05150E-11
  3.43000E-01  1.00000E+00  1.00000E-04  6.04977E-11
  3.44000E-01  1.00000E+00  1.00000E-04  7.64594E-10
  3.45000E-01  9.99999E-01  9.99999E-05 -9.45657E-10
  3.46000E-01  1.00000E+00  1.00000E-04 -5.43042E-10
  3.47000E-01  1.00000E+00  1.00000E-04 -2.65863E-09
  3.48000E-01  1.00000E+00  1.00001E-04  1.69088E-09
  3.49000E-01  1.00000E+00  9.99996E-05  2.90125E-09
  3.50000E-01  1.00000E+00  1.00000E-04 -1.54474E-09
  3.51000E-01  1.00000E+00  1.00000E-04  3.96135E-10
  3.52000E-01  1.00000E+00  1.00000E-04  0.00000E+00
  3.53000E-01  1.00000E+00  1.00000E-04  0.00000E+00
  3.54000E-01  1.00000E+00  1.00000E-04  0.00000E+00
  3.55000E-01  1.00000E+00  1.00000E-04  0.00000E+00
  3.56000E-01  1.00000E+00  1.00000E-04  0.00000E+00
  3.57000E-01  1.00000E+00  1.00000E-04  0.00000E+00
  3.58000E-01  1.00000E+00  1.00000E-04  0.00000E+00
  3.59000E-01  1.00000E+00  1.00000E-04  0.00000E+00
  3.60000E-01  1.00000E+00  1.00000E-04  0.00000E+00
  3.61000E-01  1.00000E+00  1.00000E-04 -7.76996E-17
  3.62000E-01  1.00000E+00  1.00000E-04  0.00000E+00
  3.63000E-01  1.00000E+00  1.00000E-04  7.76996E-17
  3.64000E-01  1.00000E+00  1.00000E-04  0.00000E+00
  3.65000E-01  1.00000E+00  1.00000E-04  0.00000E+00
  3.66000E-01  1.00000E+00  1.00000E-04  0.00000E+00
  3.67000E-01  1.00000E+00  1.00000E-04  0.00000E+00
  3.68000E-01  1.00000E+00  1.00000E-04  0.00000E+00
  3.69000E-01  1.00000E+00  1.00000E-04  0.00000E+00
  3.70000E-01  1.00000E+00  1.00000E-04  0.00000E+00
  3.71000E-01  1.00000E+00  1.00000E-04  0.00000E+00
  3.72000E-01  1.00000E+00  1.00000E-04 -1.20983E-10
  3.73000E-01  1.00000E+00  1.00000E-04 -1.20998E-10
  3.74000E-01  1.00000E+00  1.00000E-04  1.81545E-10
  3.75000E-01  1.00000E+00  1.00000E-04 -6.65403E-10
  3.76000E-01  1.00000E+00  1.00000E-04  7.79047E-17
  3.77000E-01  1.00000E+00  1.00000E-04  7.12643E-10
  3.78000E-01  1.00000E+00  1.00000E-04  1.35403E-11
  3.79000E-01  1.00000E+00  1.00000E-04  0.00000E+00
  3.80000E-01  1.00000E+00  1.00000E-04  0.00000E+00
  3.81000E-01  1.00000E+00  1.00000E-04  1.81498E-10
  3.82000E-01  1.00000E+00  1.00000E-04  6.04925E-11
  3.83000E-01  1.00000E+00  1.00000E-04 -1.81397E-10
  3.84000E-01  1.00000E+00  1.00000E-04  1.20982E-10
  3.85000E-01  1.00000E+00  1.00000E-04 -1.59962E-16
  3.86000E-01  1.00000E+00  1.00000E-04 -1.81482E-10
  3.87000E-01  1.00000E+00  1.00000E-04  0.00000E+00
  3.88000E-01  1.00000E+00  1.00000E-04  0.00000E+00
  3.89000E-01  1.00000E+00  1.00000E-04  0.00000E+00
  3.90000E-01  1.00000E+00  1.00000E-04  0.00000E+00
  3.91000E-01  1.00000E+00  1.00000E-04  0.00000E+00
  3.92000E-01  1.00000E+00  1.00000E-04  0.00000E+00
  3.93000E-01  1.00000E+00  1.00000E-04  0.00000E+00
  3.94000E-01  1.00000E+00  1.00000E-04  0.00000E+00
  3.95000E-01  1.00000E+00  1.00000E-04  0.00000E+00
  3.96000E-01  1.00000E+00  1.00000E-04  0.00000E+00
  3.97000E-01  1.00000E+00  1.00000E-04  1.81477E-10
  3.98000E-01  1.00000E+00  1.00000E-04 -1.81555E-10
  3.99000E-01  1.00000E+00  1.00000E-04 -6.04834E-11
  4.00000E-01  1.00000E+00  1.00000E-04  6.04761E-11
  4.01000E-01  1.00000E+00  1.00000E-04  0.00000E+00
  4.02000E-01  1.00000E+00  1.00000E-04  0.00000E+00
  4.03000E-01  1.00000E+00  1.00000E-04 -2.78897E-11
  4.04000E-01  1.00000E+00  1.00000E-04 -1.28295E-08
  4.05000E-01  1.00000E+00  1.00000E-04 -6.91731E-07
  4.06000E-01  1.00000E+00  1.00301E-04 -6.98477E-11
  4.07000E-01  1.00000E+00  1.00000E-04  6.91655E-07
  4.08000E-01  1.00000E+00  1.00000E-04  1.30000E-08
  4.09000E-01  1.00000E+00  1.00000E-04  2.86225E-11
  4.10000E-01  1.00000E+00  1.00000E-04  0.00000E+00
  4.11000E-01  1.00000E+00  1.00000E-04  0.00000E+00
  4.12000E-01  1.00000E+00  1.00000E-04  0.00000E+00
  4.13000E-01  1.00000E+00  1.00000E-04  0.00000E+00
  4.14000E-01  1.00000E+00  1.00000E-04 -2.86084E-11
  4.15000E-01  1.00000E+00  1.00000E-04 -1.29967E-08
  4.16000E-01  1.00000E+00  1.00000E-04 -6.91816E-07
  4.17000E-01  1.00000E+00  1.00301E-04 -4.56877E-13
  4.18000E-01  1.00000E+00  1.00000E-04  6.91790E-07
  4.19000E-01  1.00000E+00  1.00000E-04  1.30230E-08
  4.20000E-01  1.00000E+00  1.00000E-04  7.06179E-11
  4.21000E-01  1.00000E+00  1.00000E-04  0.00000E+00
  4.22000E-01  1.00000E+00  1.00000E-04  0.00000E+00
  4.23000E-01  1.00000E+00  1.00000E-04  2.41952E-10
  4.24000E-01  1.00000E+00  9.99999E-05  0.00000E+00
  4.25000E-01  1.00000E+00  1.00000E-04 -1.81533E-10
  4.26000E-01  1.00000E+00  1.00000E-04 -1.01786E-16
  4.27000E-01  1.00000E+00  1.00000E-04  1.33133E-09
  4.28000E-01  9.99996E-01  9.99996E-05  6.04960E-11
  4.29000E-01  1.00000E+00  1.00000E-04 -1.41419E-09
  4.30000E-01  1.00000E+00  1.00000E-04 -3.69975E-11
  4.31000E-01  1.00000E+00  1.00000E-04  0.00000E+00
  4.32000E-01  1.00000E+00  1.00000E-04  1.21009E-10
  4.33000E-01  1.00000E+00  1.00000E-04  0.00000E+00
  4.34000E-01  1.00000E+00  1.00000E-04 -1.20959E-10
  4.35000E-01  1.00000E+00  1.00000E-04  0.00000E+00
  4.36000E-01  1.00000E+00  1.00000E-04 -7.76996E-17
  4.37000E-01  1.00000E+00  1.00000E-04 -1.81588E-10
  4.38000E-01  1.00000E+00  1.00000E-04  6.05247E-11
  4.39000E-01  1.00000E+00  1.00000E-04  1.20991E-10
  4.40000E-01  1.00000E+00  1.00000E-04  0.00000E+00
  4.41000E-01  1.00000E+00  1.00000E-04  6.05209E-11
  4.42000E-01  1.00000E+00  1.00000E-04  0.00000E+00
  4.43000E-01  1.00000E+00  1.00000E-04 -6.05071E-11
  4.44000E-01  1.00000E+00  1.00000E-04  6.05170E-11
  4.45000E-01  1.00000E+00  1.00000E-04  0.00000E+00
  4.46000E-01  1.00000E+00  1.00000E-04 -6.04633E-11
  4.47000E-01  1.00000E+00  1.00000E-04  0.00000E+00
  4.48000E-01  1.00000E+00  1.00000E-04  0.00000E+00
  4.49000E-01  1.00000E+00  1.00000E-04  0.00000E+00
  4.50000E-01  1.00000E+00  1.00000E-04  6.04975E-11
  4.51000E-01  1.00000E+00  1.00000E-04 -2.42076E-10
  4.52000E-01  1.00000E+00  1.00000E-04 -6.05685E-11
  4.53000E-01  1.00000E+00  1.00000E-04  2.41846E-10
  4.54000E-01  1.00000E+00  1.00000E-04  6.04758E-11
  4.55000E-01  1.00000E+00  1.00000E-04  0.00000E+00
  4.56000E-01  1.00000E+00  1.00000E-04 -3.02540E-11
  4.57000E-01  1.00000E+00  1.00000E-04 -3.02557E-11
  4.58000E-01  1.00000E+00  1.00000E-04  7.76996E-17
  4.59000E-01  1.00000E+00  1.00000E-04  0.00000E+00
  4.60000E-01  1.00000E+00  1.00000E-04  6.04674E-11
  4.61000E-01  1.00000E+00  1.00000E-04 -1.20926E-10
  4.62000E-01  1.00000E+00  1.00000E-04 -6.05247E-11
  4.63000E-01  1.00000E+00  1.00000E-04  1.21032E-10
  4.64000E-01  1.00000E+00  1.00000E-04  6.04920E-11
  4.65000E-01  1.00000E+00  1.00000E-04  0.00000E+00
  4.66000E-01  1.00000E+00  1.00000E-04 -6.04801E-11
  4.67000E-01  1.00000E+00  1.00000E-04  6.05161E-11
  4.68000E-01  1.00000E+00  1.00000E-04  6.04553E-11
  4.69000E-01  1.00000E+00  1.00000E-04 -3.02547E-10
  4.70000E-01  1.00000E+00  1.00000E-04  1.21029E-10
  4.71000E-01  1.00000E+00  1.00000E-04  6.05009E-11
  4.72000E-01  1.00000E+00  1.00000E-04 -2.41942E-10
  4.73000E-01  1.00000E+00  1.00000E-04  6.05338E-11
  4.74000E-01  1.00000E+00  1.00000E-04  1.81398E-10
  4.75000E-01  1.00000E+00  1.00000E-04 -6.59449E-16
  4.76000E-01  1.00000E+00  1.00000E-04  8.54695E-17
  4.77000E-01  1.00000E+00  1.00000E-04 -1.20934E-10
  4.78000E-01  1.00000E+00  1.00000E-04  6.05331E-11
  4.79000E-01  1.00000E+00  1.00000E-04  1.20938E-10
  4.80000E-01  1.00000E+00  1.00000E-04  1.20943E-10
  4.81000E-01  1.00000E+00  1.00000E-04  6.05167E-11
  4.82000E-01  1.00000E+00  1.00000E-04 -1.81432E-10
  4.83000E-01  1.00000E+00  1.00000E-04 -4.23472E-10
  4.84000E-01  1.00000E+00  1.00000E-04 -2.11554E-10
  4.85000E-01  1.00000E+00  1.00000E-04  1.14357E-09
  4.86000E-01  1.00000E+00  9.99999E-05 -1.45381E-10
  4.87000E-01  1.00000E+00  1.00000E-04 -9.67478E-16
  4.88000E-01  9.99999E-01  9.99999E-05 -4.61480E-11
  4.89000E-01  1.00000E+00  1.00000E-04 -2.74251E-09
  4.90000E-01  1.00000E+00  1.00000E-04  9.72469E-10
  4.91000E-01  1.00000E+00  1.00000E-04  1.39089E-09
  4.92000E-01  1.00000E+00  1.00000E-04  4.23410E-10
  4.93000E-01  9.99999E-01  9.99999E-05 -6.05350E-11
  4.94000E-01  1.00000E+00  1.00000E-04 -3.63047E-10
  4.95000E-01  1.00000E+00  1.00000E-04  0.00000E+00
  4.96000E-01  1.00000E+00  1.00000E-04  0.00000E+00
  4.97000E-01  1.00000E+00  1.00000E-04  0.00000E+00
  4.98000E-01  1.00000E+00  1.00000E-04  0.00000E+00
  4.99000E-01  1.00000E+00  1.00000E-04  0.00000E+00
  5.00000E-01  1.00000E+00  1.00000E-04  0.00000E+00
  5.01000E-01  1.00000E+00  1.00000E-04  0.00000E+00
  5.02000E-01  1.00000E+00  1.00000E-04  0.00000E+00
  5.03000E-01  1.00000E+00  1.00000E-04  0.00000E+00
  5.04000E-01  1.00000E+00  1.00000E-04  1.35244E-11
  5.05000E-01  1.00000E+00  1.00000E-04  7.12376E-10
  5.06000E-01  9.99998E-01  9.99998E-05  0.00000E+00
  5.07000E-01  1.00000E+00  1.00000E-04 -7.12640E-10
  5.08000E-01  1.00000E+00  1.00000E-04 -1.35386E-11
  5.09000E-01  1.00000E+00  1.00000E-04  0.00000E+00
  5.10000E-01  1.00000E+00  1.00000E-04 -7.76996E-17
  5.11000E-01  1.00000E+00  1.00000E-04  0.00000E+00
  5.12000E-01  1.00000E+00  1.00000E-04  7.76995E-17
  5.13000E-01  1.00000E+00  1.00000E-04  0.00000E+00
  5.14000E-01  1.00000E+00  1.00000E-04  0.00000E+00
  5.15000E-01  1.00000E+00  1.00000E-04  0.00000E+00
  5.16000E-01  1.00000E+00  1.00000E-04  4.84103E-10
  5.17000E-01  9.99999E-01  9.99999E-05  0.00000E+00
  5.18000E-01  1.00000E+00  1.00000E-04 -4.84146E-10
  5.19000E-01  1.00000E+00  1.00000E-04  0.00000E+00
  5.20000E-01  1.00000E+00  1.00000E-04 -7.76996E-17
  5.21000E-01  1.00000E+00  1.00000E-04  0.00000E+00
  5.22000E-01  1.00000E+00  1.00000E-04  7.76996E-17
  5.23000E-01  1.00000E+00  1.00000E-04  0.00000E+00
  5.24000E-01  1.00000E+00  1.00000E-04  0.00000E+00
  5.25000E-01  1.00000E+00  1.00000E-04  0.00000E+00
  5.26000E-01  1.00000E+00  1.00000E-04  0.00000E+00
  5.27000E-01  1.00000E+00  1.00000E-04  0.00000E+00
  5.28000E-01  1.00000E+00  1.00000E-04  0.00000E+00
  5.29000E-01  1.00000E+00  1.00000E-04  2.41981E-10
  5.30000E-01  9.99999E-01  9.99999E-05  0.00000E+00
  5.31000E-01  1.00000E+00  1.00000E-04 -2.41968E-10
  5.32000E-01  1.00000E+00  1.00000E-04  0.00000E+00
  5.33000E-01  1.00000E+00  1.00000E-04 -6.04940E-11
  5.34000E-01  1.00000E+00  1.00000E-04 -6.04726E-11
  5.35000E-01  1.00000E+00  1.00000E-04  0.00000E+00
  5.36000E-01  1.00000E+00  1.00000E-04  6.04814E-11
  5.37000E-01  1.00000E+00  1.00000E-04  6.04920E-11
  5.38000E-01  1.00000E+00  1.00000E-04  0.00000E+00
  5.39000E-01  1.00000E+00  1.00000E-04  0.00000E+00
  5.40000E-01  1.00000E+00  1.00000E-04  0.00000E+00
  5.41000E-01  1.00000E+00  1.00000E-04 -6.04984E-11
  5.42000E-01  1.00000E+00  1.00000E-04  0.00000E+00
  5.43000E-01  1.00000E+00  1.00000E-04  6.04925E-11
  5.44000E-01  1.00000E+00  1.00000E-04  6.04906E-11
  5.45000E-01  1.00000E+00  1.00000E-04  0.00000E+00
  5.46000E-01  1.00000E+00  1.00000E-04 -6.04824E-11
  5.47000E-01  1.00000E+00  1.00000E-04  0.00000E+00
  5.48000E-01  1.00000E+00  1.00000E-04  0.00000E+00
  5.49000E-01  1.00000E+00  1.00000E-04  0.00000E+00
  5.50000E-01  1.00000E+00  1.00000E-04 -1.04927E-15
  5.51000E-01  1.00000E+00  1.00000E-04 -8.61812E-16
  5.52000E-01  1.00000E+00  1.00000E-04  1.91108E-15
  5.53000E-01  1.00000E+00  1.00000E-04  6.04917E-11
  5.54000E-01  1.00000E+00  1.00000E-04  0.00000E+00
  5.55000E-01  1.00000E+00  1.00000E-04 -6.04656E-11
  5.56000E-01  1.00000E+00  1.00000E-04  1.81543E-10
  5.57000E-01  1.00000E+00  1.00000E-04 -9.40165E-17
  5.58000E-01  1.00000E+00  1.00000E-04  0.00000E+00
  5.59000E-01  1.00000E+00  1.00000E-04  0.00000E+00
  5.60000E-01  1.00000E+00  1.00000E-04  0.00000E+00
  5.61000E-01  1.00000E+00  1.00000E-04  9.40165E-17
  5.62000E-01  1.00000E+00  1.00000E-04 -9.07451E-11
  5.63000E-01  1.00000E+00  1.00000E-04 -9.07466E-11
  5.64000E-01  1.00000E+00  1.00000E-04 -2.73555E-11
  5.65000E-01  1.00000E+00  1.00000E-04  2.73438E-11
  5.66000E-01  1.00000E+00  1.00000E-04  1.20997E-10
  5.67000E-01  1.00000E+00  1.00000E-04  0.00000E+00
  5.68000E-01  1.00000E+00  1.00000E-04 -1.20986E-10
  5.69000E-01  1.00000E+00  1.00000E-04  0.00000E+00
  5.70000E-01  1.00000E+00  1.00000E-04  1.21045E-10
  5.71000E-01  1.00000E+00  1.00000E-04 -9.40165E-17
  5.72000E-01  1.00000E+00  1.00000E-04  0.00000E+00
  5.73000E-01  1.00000E+00  1.00000E-04  9.40165E-17
  5.74000E-01  1.00000E+00  1.00000E-04 -1.20927E-10
  5.75000E-01  1.00000E+00  1.00000E-04  0.00000E+00
  5.76000E-01  1.00000E+00  1.00000E-04  0.00000E+00
  5.77000E-01  1.00000E+00  1.00000E-04  0.00000E+00
  5.78000E-01  1.00000E+00  1.00000E-04  0.00000E+00
  5.79000E-01  1.00000E+00  1.00000E-04  0.00000E+00
  5.80000E-01  1.00000E+00  1.00000E-04  0.00000E+00
  5.81000E-01  1.00000E+00  1.00000E-04  6.04727E-11
  5.82000E-01  1.00000E+00  1.00000E-04  0.00000E+00
  5.83000E-01  1.00000E+00  1.00000E-04 -1.81398E-10
  5.84000E-01  1.00000E+00  1.00000E-04  4.03508E-11
  5.85000E-01  1.00000E+00  1.00000E-04  4.03533E-11
  5.86000E-01  1.00000E+00  1.00000E-04  4.03505E-11
  5.87000E-01  1.00000E+00  1.00000E-04  0.00000E+00
  5.88000E-01  1.00000E+00  1.00000E-04  0.00000E+00
  5.89000E-01  1.00000E+00  1.00000E-04  0.00000E+00
  5.90000E-01  1.00000E+00  1.00000E-04  0.00000E+00
  5.91000E-01  1.00000E+00  1.00000E-04  0.00000E+00
  5.92000E-01  1.00000E+00  1.00000E-04  0.00000E+00
  5.93000E-01  1.00000E+00  1.00000E-04  1.81554E-10
  5.94000E-01  1.00000E+00  1.00000E-04 -1.03418E-16
  5.95000E-01  1.00000E+00  1.00000E-04 -9.40164E-17
  5.96000E-01  1.00000E+00  1.00000E-04  0.00000E+00
  5.97000E-01  1.00000E+00  1.00000E-04  3.58972E-16
  5.98000E-01  1.00000E+00  1.00000E-04  1.03418E-16
  5.99000E-01  1.00000E+00  1.00000E-04 -1.81397E-10
  6.00000E-01  1.00000E+00  1.00000E-04 -2.89417E-11
  6.01000E-01  1.00000E+00  1.00000E-04 -1.30074E-08
  6.02000E-01  1.00000E+00  1.00000E-04 -6.92391E-07
  6.03000E-01  1.00000E+00  1.00301E-04  2.40934E-10
  6.04000E-01  1.00000E+00  1.00000E-04  6.91966E-07
  6.05000E-01  1.00000E+00  1.00000E-04  1.30565E-08
  6.06000E-01  1.00000E+00  1.00000E-04  6.03504E-10
  6.07000E-01  9.99999E-01  9.99999E-05 -4.73138E-11
  6.08000E-01  1.00000E+00  1.00000E-04 -2.42022E-10
  6.09000E-01  9.99999E-01  9.99999E-05  6.04744E-11
  6.10000E-01  1.00000E+00  1.00000E-04 -3.02282E-10
  6.11000E-01  1.00000E+00  1.00000E-04 -6.05094E-11
  6.12000E-01  1.00000E+00  1.00000E-04  1.81538E-10
  6.13000E-01  1.00000E+00  1.00000E-04  0.00000E+00
  6.14000E-01  1.00000E+00  1.00000E-04 -1.81557E-10
  6.15000E-01  1.00000E+00  1.00000E-04  0.00000E+00
  6.16000E-01  1.00000E+00  1.00000E-04  0.00000E+00
  6.17000E-01  1.00000E+00  1.00000E-04  0.00000E+00
  6.18000E-01  1.00000E+00  1.00000E-04  0.00000E+00
  6.19000E-01  1.00000E+00  1.00000E-04  0.00000E+00
  6.20000E-01  1.00000E+00  1.00000E-04  0.00000E+00
  6.21000E-01  1.00000E+00  1.00000E-04  1.81403E-10
  6.22000E-01  1.00000E+00  1.00000E-04 -1.20929E-10
  6.23000E-01  1.00000E+00  1.00000E-04 -1.81537E-10
  6.24000E-01  1.00000E+00  1.00000E-04  6.05185E-11
  6.25000E-01  1.00000E+00  1.00000E-04  6.05127E-11
  6.26000E-01  1.00000E+00  1.00000E-04  0.00000E+00
  6.27000E-01  1.00000E+00  1.00000E-04 -6.05121E-11
  6.28000E-01  1.00000E+00  1.00000E-04  1.20941E-10
  6.29000E-01  1.00000E+00  1.00000E-04  0.00000E+00
  6.30000E-01  1.00000E+00  1.00000E-04 -1.13760E-16
  6.31000E-01  1.00000E+00  1.00000E-04  1.03418E-17
  6.32000E-01  1.00000E+00  1.00000E-04 -6.82979E-17
  6.33000E-01  1.00000E+00  1.00000E-04  8.62465E-17
  6.34000E-01  1.00000E+00  1.00000E-04  8.54695E-17
  6.35000E-01  1.00000E+00  1.00000E-04  0.00000E+00
  6.36000E-01  1.00000E+00  1.00000E-04 -6.04590E-11
  6.37000E-01  1.00000E+00  1.00000E-04 -6.05267E-11
  6.38000E-01  1.00000E+00  1.00000E-04  6.05114E-11
  6.39000E-01  1.00000E+00  1.00000E-04  6.04768E-11
  6.40000E-01  1.00000E+00  1.00000E-04  1.21005E-10
  6.41000E-01  1.00000E+00  1.00000E-04 -1.63169E-16
  6.42000E-01  1.00000E+00  1.00000E-04 -1.81440E-10
  6.43000E-01  1.00000E+00  1.00000E-04 -7.76996E-17
  6.44000E-01  1.00000E+00  1.00000E-04 -7.76995E-18
  6.45000E-01  1.00000E+00  1.00000E-04  8.54695E-17
  6.46000E-01  1.00000E+00  1.00000E-04  6.05121E-11
  6.47000E-01  1.00000E+00  1.00000E-04 -7.76996E-17
  6.48000E-01  1.00000E+00  1.00000E-04  6.05136E-11
  6.49000E-01  1.00000E+00  1.00000E-04  3.58653E-10
  6.50000E-01  9.99999E-01  9.99999E-05 -2.37843E-10
  6.51000E-01  1.00000E+00  1.00000E-04 -2.42123E-10
  6.52000E-01  1.00000E+00  1.00000E-04 -6.05100E-11
  6.53000E-01  1.00000E+00  1.00000E-04  6.05324E-11
  6.54000E-01  1.00000E+00  1.00000E-04 -1.01786E-16
  6.55000E-01  1.00000E+00  1.00000E-04 -3.63082E-10
  6.56000E-01  1.00000E+00  1.00000E-04 -9.40165E-17
  6.57000E-01  1.00000E+00  1.00000E-04  6.05280E-11
  6.58000E-01  1.00000E+00  1.00000E-04  3.63109E-10
  6.59000E-01  1.00000E+00  1.00000E-04 -1.21031E-10
  6.60000E-01  1.00000E+00  1.00000E-04 -6.04777E-11
  6.61000E-01  1.00000E+00  1.00000E-04  3.62844E-10
  6.62000E-01  1.00000E+00  1.00000E-04 -2.42044E-10
  6.63000E-01  1.00000E+00  1.00000E-04  8.54695E-17
  6.64000E-01  1.00000E+00  1.00000E-04  7.76996E-17
  6.65000E-01  1.00000E+00  1.00000E-04 -2.45102E-11
  6.66000E-01  1.00000E+00  1.00000E-04  1.29394E-09
  6.67000E-01  9.99998E-01  9.99998E-05 -3.62827E-10
  6.68000E-01  1.00000E+00  1.00000E-04 -7.65919E-10
  6.69000E-01  1.00000E+00  1.00000E-04  2.33829E-11
  6.70000E-01  1.00000E+00  1.00000E-04 -7.09482E-10
  6.71000E-01  1.00000E+00  1.00000E-04  0.00000E+00
  6.72000E-01  1.00000E+00  1.00000E-04  6.65777E-10
  6.73000E-01  1.00000E+00  1.00000E-04  1.81397E-10
  6.74000E-01  1.00000E+00  1.00000E-04 -1.20998E-10
  6.75000E-01  1.00000E+00  1.00000E-04 -8.06274E-11
  6.76000E-01  1.00000E+00  1.00000E-04 -8.06273E-11
  6.77000E-01  1.00000E+00  1.00000E-04 -8.06297E-11
  6.78000E-01  1.00000E+00  1.00000E-04  1.81505E-10
  6.79000E-01  1.00000E+00  1.00000E-04 -3.02620E-10
  6.80000E-01  1.00000E+00  1.00000E-04  1.21048E-10
  6.81000E-01  1.00000E+00  9.99999E-05  6.34274E-10
  6.82000E-01  9.99999E-01  9.99999E-05 -4.52915E-10
  6.83000E-01  1.00000E+00  1.00000E-04  3.02332E-11
  6.84000E-01  1.00000E+00  1.00000E-04  3.02350E-11
  6.85000E-01  1.00000E+00  1.00000E-04 -1.20958E-10
  6.86000E-01  1.00000E+00  1.00000E-04  3.02604E-10
  6.87000E-01  9.99999E-01  9.99999E-05 -6.04736E-11
  6.88000E-01  1.00000E+00  1.00000E-04 -3.02354E-10
  6.89000E-01  1.00000E+00  1.00000E-04  1.81350E-10
  6.90000E-01  1.00000E+00  1.00000E-04 -2.05458E-15
  6.91000E-01  1.00000E+00  1.00000E-04  1.08893E-09
  6.92000E-01  9.99999E-01  9.99997E-05 -4.83577E-10
  6.93000E-01  1.00000E+00  1.00000E-04 -8.33740E-10
  6.94000E-01  1.00000E+00  9.99999E-05 -1.34451E-10
  6.95000E-01  1.00000E+00  1.00000E-04 -6.94593E-10
  6.96000E-01  1.00000E+00  1.00000E-04  3.76136E-09
  6.97000E-01  9.99995E-01  9.99994E-05 -4.05596E-10
  6.98000E-01  1.00000E+00  1.00000E-04 -2.41657E-09
  6.99000E-01  1.00000E+00  1.00000E-04 -6.32912E-11
  7.00000E-01  1.00000E+00  1.00000E-04  0.00000E+00
  7.01000E-01  1.00000E+00  1.00000E-04  0.00000E+00
  7.02000E-01  1.00000E+00  1.00000E-04  0.00000E+00
  7.03000E-01  1.00000E+00  1.00000E-04  0.00000E+00
  7.04000E-01  1.00000E+00  1.00000E-04  0.00000E+00
  7.05000E-01  1.00000E+00  1.00000E-04  4.23558E-10
  7.06000E-01  1.00000E+00  9.99999E-05  2.41894E-10
  7.07000E-01  1.00000E+00  1.00000E-04 -1.14919E-09
  7.08000E-01  1.00000E+00  1.00000E-04  1.81411E-10
  7.09000E-01  1.00000E+00  1.00000E-04  3.02421E-10
  7.10000E-01  1.00000E+00  1.00000E-04  0.00000E+00
  7.11000E-01  1.00000E+00  1.00000E-04  0.00000E+00
  7.12000E-01  1.00000E+00  1.00000E-04  0.00000E+00
  7.13000E-01  1.00000E+00  1.00000E-04  0.00000E+00
  7.14000E-01  1.00000E+00  1.00000E-04  0.00000E+00
  7.15000E-01  1.00000E+00  1.00000E-04  0.00000E+00
  7.16000E-01  1.00000E+00  1.00000E-04  0.00000E+00
  7.17000E-01  1.00000E+00  1.00000E-04 -6.04826E-11
  7.18000E-01  1.00000E+00  1.00000E-04  0.00000E+00
  7.19000E-01  1.00000E+00  1.00000E-04  2.38289E-11
  7.20000E-01  1.00000E+00  1.00000E-04 -1.63986E-08
  7.21000E-01  1.00000E+00  1.00000E-04 -8.72743E-07
  7.22000E-01  1.00000E+00  1.00379E-04 -5.71523E-13
  7.23000E-01  1.00000E+00  1.00000E-04  8.72668E-07
  7.24000E-01  1.00000E+00  1.00000E-04  1.62522E-08
  7.25000E-01  1.00000E+00  1.00000E-04  7.72041E-11
  7.26000E-01  1.00000E+00  1.00000E-04  1.20938E-10
  7.27000E-01  1.00000E+00  1.00000E-04  0.00000E+00
  7.28000E-01  1.00000E+00  1.00000E-04  0.00000E+00
  7.29000E-01  1.00000E+00  1.00000E-04  0.00000E+00
  7.30000E-01  1.00000E+00  1.00000E-04  0.00000E+00
  7.31000E-01  1.00000E+00  1.00000E-04  0.00000E+00
  7.32000E-01  1.00000E+00  1.00000E-04  0.00000E+00
  7.33000E-01  1.00000E+00  1.00000E-04  0.00000E+00
  7.34000E-01  1.00000E+00  1.00000E-04  0.00000E+00
  7.35000E-01  1.00000E+00  1.00000E-04  0.00000E+00
  7.36000E-01  1.00000E+00  1.00000E-04  0.00000E+00
  7.37000E-01  1.00000E+00  1.00000E-04  0.00000E+00
  7.38000E-01  1.00000E+00  1.00000E-04  0.00000E+00
  7.39000E-01  1.00000E+00  1.00000E-04  0.00000E+00
  7.40000E-01  1.00000E+00  1.00000E-04  0.00000E+00
  7.41000E-01  1.00000E+00  1.00000E-04  0.00000E+00
  7.42000E-01  1.00000E+00  1.00000E-04 -1.20999E-10
  7.43000E-01  1.00000E+00  1.00000E-04 -6.05117E-11
  7.44000E-01  1.00000E+00  1.00000E-04  1.81517E-10
  7.45000E-01  1.00000E+00  1.00000E-04  7.76995E-17
  7.46000E-01  1.00000E+00  1.00000E-04  0.00000E+00
  7.47000E-01  1.00000E+00  1.00000E-04  0.00000E+00
  7.48000E-01  1.00000E+00  1.00000E-04  0.00000E+00
  7.49000E-01  1.00000E+00  1.00000E-04 -6.05065E-11
  7.50000E-01  1.00000E+00  1.00000E-04 -6.05030E-11
  7.51000E-01  1.00000E+00  1.00000E-04  1.21005E-10
  7.52000E-01  1.00000E+00  1.00000E-04  6.04663E-11
  7.53000E-01  1.00000E+00  1.00000E-04 -6.04661E-11
  7.54000E-01  1.00000E+00  1.00000E-04  0.00000E+00
  7.55000E-01  1.00000E+00  1.00000E-04  6.05079E-11
  7.56000E-01  1.00000E+00  1.00000E-04  0.00000E+00
  7.57000E-01  1.00000E+00  1.00000E-04 -6.04915E-11
  7.58000E-01  1.00000E+00  1.00000E-04  0.00000E+00
  7.59000E-01  1.00000E+00  1.00000E-04  0.00000E+00
  7.60000E-01  1.00000E+00  1.00000E-04  0.00000E+00
  7.61000E-01  1.00000E+00  1.00000E-04  0.00000E+00
  7.62000E-01  1.00000E+00  1.00000E-04  0.00000E+00
  7.63000E-01  1.00000E+00  1.00000E-04  0.00000E+00
  7.64000E-01  1.00000E+00  1.00000E-04  0.00000E+00
  7.65000E-01  1.00000E+00  1.00000E-04  0.00000E+00
  7.66000E-01  1.00000E+00  1.00000E-04  6.04879E-11
  7.67000E-01  1.00000E+00  1.00000E-04  0.00000E+00
  7.68000E-01  1.00000E+00  1.00000E-04 -6.05080E-11
  7.69000E-01  1.00000E+00  1.00000E-04 -3.62999E-10
  7.70000E-01  1.00000E+00  1.00000E-04 -3.27046E-11
  7.71000E-01  1.00000E+00  1.00000E-04 -1.48383E-08
  7.72000E-01  1.00000E+00  1.00000E-04 -8.07929E-07
  7.73000E-01  1.00000E+00  1.00352E-04 -1.18586E-10
  7.74000E-01  1.00000E+00  1.00000E-04  7.91174E-07
  7.75000E-01  1.00000E+00  1.00000E-04 -8.62391E-07
  7.76000E-01  1.00000E+00  1.00382E-04  1.12236E-10
  7.77000E-01  1.00000E+00  1.00000E-04  8.78241E-07
  7.78000E-01  1.00000E+00  1.00000E-04  1.66736E-08
  7.79000E-01  1.00000E+00  1.00000E-04  3.18103E-11
  7.80000E-01  1.00000E+00  1.00000E-04 -1.81481E-10
  7.81000E-01  1.00000E+00  1.00000E-04  6.04895E-11
  7.82000E-01  1.00000E+00  1.00000E-04  0.00000E+00
  7.83000E-01  1.00000E+00  1.00000E-04 -6.04787E-11
  7.84000E-01  1.00000E+00  1.00000E-04  1.81559E-10
  7.85000E-01  1.00000E+00  1.00000E-04  0.00000E+00
  7.86000E-01  1.00000E+00  1.00000E-04 -1.81520E-10
  7.87000E-01  1.00000E+00  1.00000E-04  0.00000E+00
  7.88000E-01  1.00000E+00  1.00000E-04  0.00000E+00
  7.89000E-01  1.00000E+00  1.00000E-04  0.00000E+00
  7.90000E-01  1.00000E+00  1.00000E-04  0.00000E+00
  7.91000E-01  1.00000E+00  1.00000E-04  0.00000E+00
  7.92000E-01  1.00000E+00  1.00000E-04 -6.04708E-11
  7.93000E-01  1.00000E+00  1.00000E-04  0.00000E+00
  7.94000E-01  1.00000E+00  1.00000E-04  6.04698E-11
  7.95000E-01  1.00000E+00  1.00000E-04 -6.05111E-11
  7.96000E-01  1.00000E+00  1.00000E-04  0.00000E+00
  7.97000E-01  1.00000E+00  1.00000E-04  6.04906E-11
  7.98000E-01  1.00000E+00  1.00000E-04  2.41952E-10
  7.99000E-01  9.99999E-01  9.99999E-05  0.00000E+00
  8.00000E-01  1.00000E+00  1.00000E-04 -2.41966E-10
  8.01000E-01  1.00000E+00  1.00000E-04  2.42078E-10
  8.02000E-01  9.99999E-01  9.99999E-05  0.00000E+00
  8.03000E-01  1.00000E+00  1.00000E-04 -2.41887E-10
  8.04000E-01  1.00000E+00  1.00000E-04 -2.89226E-11
  8.05000E-01  1.00000E+00  1.00000E-04 -1.30010E-08
  8.06000E-01  1.00000E+00  1.00000E-04 -6.91814E-07
  8.07000E-01  1.00000E+00  1.00301E-04 -9.47657E-11
  8.08000E-01  1.00000E+00  1.00000E-04  6.78412E-07
  8.09000E-01  1.00000E+00  1.00000E-04 -6.78299E-07
  8.10000E-01  1.00000E+00  1.00301E-04  9.59336E-11
  8.11000E-01  1.00000E+00  1.00000E-04  6.91843E-07
  8.12000E-01  1.00000E+00  1.00000E-04  1.31773E-08
  8.13000E-01  1.00000E+00  1.00000E-04  2.31615E-11
  8.14000E-01  1.00000E+00  1.00000E-04 -1.81479E-10
  8.15000E-01  1.00000E+00  1.00000E-04  1.81552E-10
  8.16000E-01  1.00000E+00  1.00000E-04  6.04853E-11
  8.17000E-01  1.00000E+00  1.00000E-04 -3.62939E-10
  8.18000E-01  1.00000E+00  1.00000E-04  6.05145E-11
  8.19000E-01  1.00000E+00  1.00000E-04  6.04899E-11
  8.20000E-01  1.00000E+00  1.00000E-04  0.00000E+00
  8.21000E-01  1.00000E+00  1.00000E-04  0.00000E+00
  8.22000E-01  1.00000E+00  1.00000E-04  0.00000E+00
  8.23000E-01  1.00000E+00  1.00000E-04  1.20979E-10
  8.24000E-01  1.00000E+00  1.00000E-04  2.47443E-16
  8.25000E-01  1.00000E+00  1.00000E-04 -6.05240E-11
  8.26000E-01  1.00000E+00  1.00000E-04  7.76995E-17
  8.27000E-01  1.00000E+00  1.00000E-04 -6.04994E-11
  8.28000E-01  1.00000E+00  1.00000E-04  0.00000E+00
  8.29000E-01  1.00000E+00  1.00000E-04  6.04956E-11
  8.30000E-01  1.00000E+00  1.00000E-04  0.00000E+00
  8.31000E-01  1.00000E+00  1.00000E-04 -6.05127E-11
  8.32000E-01  1.00000E+00  1.00000E-04  0.00000E+00
  8.33000E-01  1.00000E+00  1.00000E-04  0.00000E+00
  8.34000E-01  1.00000E+00  1.00000E-04  1.21047E-10
  8.35000E-01  1.00000E+00  1.00000E-04  0.00000E+00
  8.36000E-01  1.00000E+00  1.00000E-04 -1.21017E-10
  8.37000E-01  1.00000E+00  1.00000E-04 -3.58377E-11
  8.38000E-01  1.00000E+00  1.00000E-04 -1.60821E-08
  8.39000E-01  1.00000E+00  1.00000E-04 -8.56425E-07
  8.40000E-01  1.00000E+00  1.00373E-04 -2.40017E-10
  8.41000E-01  1.00000E+00  1.00000E-04  8.56994E-07
  8.42000E-01  1.00000E+00  1.00000E-04  1.62087E-08
  8.43000E-01  1.00000E+00  1.00000E-04  3.24954E-11
  8.44000E-01  1.00000E+00  1.00000E-04 -1.21011E-10
  8.45000E-01  1.00000E+00  1.00000E-04  6.05126E-11
  8.46000E-01  1.00000E+00  1.00000E-04  0.00000E+00
  8.47000E-01  1.00000E+00  1.00000E-04 -1.20987E-10
  8.48000E-01  1.00000E+00  1.00000E-04  6.05393E-11
  8.49000E-01  1.00000E+00  1.00000E-04  0.00000E+00
  8.50000E-01  1.00000E+00  1.00000E-04  0.00000E+00
  8.51000E-01  1.00000E+00  1.00000E-04 -3.02502E-11
  8.52000E-01  1.00000E+00  1.00000E-04 -3.02526E-11
  8.53000E-01  1.00000E+00  1.00000E-04  1.20955E-10
  8.54000E-01  1.00000E+00  1.00000E-04  6.72573E-11
  8.55000E-01  1.00000E+00  1.00000E-04  2.51278E-09
  8.56000E-01  9.99994E-01  9.99994E-05 -1.06089E-12
  8.57000E-01  1.00000E+00  1.00000E-04 -2.55838E-09
  8.58000E-01  1.00000E+00  1.00000E-04  4.62215E-10
  8.59000E-01  9.99999E-01  9.99999E-05  8.54695E-17
  8.60000E-01  1.00000E+00  1.00000E-04 -5.44508E-10
  8.61000E-01  1.00000E+00  1.00000E-04  0.00000E+00
  8.62000E-01  1.00000E+00  1.00000E-04  0.00000E+00
  8.63000E-01  1.00000E+00  1.00000E-04  0.00000E+00
  8.64000E-01  1.00000E+00  1.00000E-04  0.00000E+00
  8.65000E-01  1.00000E+00  1.00000E-04  0.00000E+00
  8.66000E-01  1.00000E+00  1.00000E-04  6.05058E-11
  8.67000E-01  1.00000E+00  1.00000E-04  1.21014E-10
  8.68000E-01  1.00000E+00  1.00000E-04 -1.81532E-10
  8.69000E-01  1.00000E+00  1.00000E-04  0.00000E+00
  8.70000E-01  1.00000E+00  1.00000E-04  0.00000E+00
  8.71000E-01  1.00000E+00  1.00000E-04  6.05220E-11
  8.72000E-01  1.00000E+00  1.00000E-04  1.81464E-10
  8.73000E-01  1.00000E+00  1.00000E-04 -3.62977E-10
  8.74000E-01  1.00000E+00  1.00000E-04  6.05198E-11
  8.75000E-01  1.00000E+00  1.00000E-04  6.04879E-11
  8.76000E-01  1.00000E+00  1.00000E-04  1.20948E-10
  8.77000E-01  1.00000E+00  1.00000E-04  0.00000E+00
  8.78000E-01  1.00000E+00  1.00000E-04 -1.81498E-10
  8.79000E-01  1.00000E+00  1.00000E-04  1.81554E-10
  8.80000E-01  1.00000E+00  1.00000E-04  6.05223E-11
  8.81000E-01  1.00000E+00  1.00000E-04  5.44254E-10
  8.82000E-01  9.99998E-01  9.99998E-05  7.76995E-17
  8.83000E-01  1.00000E+00  1.00000E-04 -7.08530E-10
  8.84000E-01  1.00000E+00  1.00000E-04  4.33661E-11
  8.85000E-01  1.00000E+00  1.00000E-04  0.00000E+00
  8.86000E-01  1.00000E+00  1.00000E-04 -6.05254E-11
  8.87000E-01  1.00000E+00  1.00000E-04  0.00000E+00
  8.88000E-01  1.00000E+00  1.00000E-04  0.00000E+00
  8.89000E-01  1.00000E+00  1.00000E-04  6.05084E-11
  8.90000E-01  1.00000E+00  1.00000E-04  0.00000E+00
  8.91000E-01  1.00000E+00  1.00000E-04 -6.04692E-11
  8.92000E-01  1.00000E+00  1.00000E-04  0.00000E+00
  8.93000E-01  1.00000E+00  1.00000E-04  0.00000E+00
  8.94000E-01  1.00000E+00  1.00000E-04  0.00000E+00
  8.95000E-01  1.00000E+00  1.00000E-04  6.05040E-11
  8.96000E-01  1.00000E+00  1.00000E-04 -6.05168E-11
  8.97000E-01  1.00000E+00  1.00000E-04  0.00000E+00
  8.98000E-01  1.00000E+00  1.00000E-04  0.00000E+00
  8.99000E-01  1.00000E+00  1.00000E-04 -2.44871E-16
  9.00000E-01  1.00000E+00  1.00000E-04  1.14794E-16
  9.01000E-01  1.00000E+00  1.00000E-04  1.30077E-16
  9.02000E-01  1.00000E+00  1.00000E-04  0.00000E+00
  9.03000E-01  1.00000E+00  1.00000E-04 -3.02487E-11
  9.04000E-01  1.00000E+00  1.00000E-04 -3.02473E-11
  9.05000E-01  1.00000E+00  1.00000E-04  8.54695E-17
  9.06000E-01  1.00000E+00  1.00000E-04 -1.21017E-10
  9.07000E-01  1.00000E+00  1.00000E-04  1.21060E-10
  9.08000E-01  1.00000E+00  1.00000E-04  6.04695E-11
  9.09000E-01  1.00000E+00  1.00000E-04  6.04988E-11
  9.10000E-01  1.00000E+00  1.00000E-04 -3.02462E-11
  9.11000E-01  1.00000E+00  1.00000E-04 -3.02444E-11
  9.12000E-01  1.00000E+00  1.00000E-04  7.76995E-17
  9.13000E-01  1.00000E+00  1.00000E-04  0.00000E+00
  9.14000E-01  1.00000E+00  1.00000E-04  0.00000E+00
  9.15000E-01  1.00000E+00  1.00000E-04  0.00000E+00
  9.16000E-01  1.00000E+00  1.00000E-04  2.41964E-10
  9.17000E-01  9.99999E-01  9.99999E-05  0.00000E+00
  9.18000E-01  1.00000E+00  1.00000E-04 -2.42060E-10
  9.19000E-01  1.00000E+00  1.00000E-04  0.00000E+00
  9.20000E-01  1.00000E+00  1.00000E-04  0.00000E+00
  9.21000E-01  1.00000E+00  1.00000E-04  3.02542E-10
  9.22000E-01  9.99999E-01  9.99999E-05  3.02648E-16
  9.23000E-01  1.00000E+00  1.00000E-04 -1.81395E-10
  9.24000E-01  1.00000E+00  1.00000E-04  1.81360E-10
  9.25000E-01  1.00000E+00  1.00000E-04 -1.81363E-10
  9.26000E-01  1.00000E+00  1.00000E-04 -1.20965E-10
  9.27000E-01  1.00000E+00  1.00000E-04  0.00000E+00
  9.28000E-01  1.00000E+00  1.00000E-04 -2.33099E-16
  9.29000E-01  1.00000E+00  1.00000E-04  7.76995E-17
  9.30000E-01  1.00000E+00  1.00000E-04  7.76995E-17
  9.31000E-01  1.00000E+00  1.00000E-04  6.04777E-11
  9.32000E-01  1.00000E+00  1.00000E-04  1.58072E-11
  9.33000E-01  1.00000E+00  1.00000E-04 -1.58072E-11
  9.34000E-01  1.00000E+00  1.00000E-04 -6.05156E-11
  9.35000E-01  1.00000E+00  1.00000E-04  0.00000E+00
  9.36000E-01  1.00000E+00  1.00000E-04 -1.20957E-10
  9.37000E-01  1.00000E+00  1.00000E-04  0.00000E+00
  9.38000E-01  1.00000E+00  1.00000E-04  3.62814E-10
  9.39000E-01  1.00000E+00  1.00000E-04  0.00000E+00
  9.40000E-01  1.00000E+00  1.00000E-04 -3.63075E-10
  9.41000E-01  1.00000E+00  1.00000E-04  0.00000E+00
  9.42000E-01  1.00000E+00  1.00000E-04  4.23286E-10
  9.43000E-01  1.00000E+00  1.00000E-04 -6.04603E-11
  9.44000E-01  1.00000E+00  1.00000E-04 -4.02828E-11
  9.45000E-01  1.00000E+00  1.00000E-04  1.61229E-09
  9.46000E-01  9.99996E-01  9.99996E-05  4.54846E-10
  9.47000E-01  1.00000E+00  1.00000E-04 -2.29389E-09
  9.48000E-01  1.00000E+00  1.00000E-04  4.31827E-11
  9.49000E-01  1.00000E+00  1.00000E-04  4.31872E-11
  9.50000E-01  1.00000E+00  1.00000E-04  1.81348E-10
  9.51000E-01  1.00000E+00  1.00000E-04  6.05010E-11
  9.52000E-01  1.00000E+00  1.00000E-04 -1.10750E-11
  9.53000E-01  1.00000E+00  1.00000E-04 -4.94334E-11
  9.54000E-01  1.00000E+00  1.00000E-04 -5.44202E-10
  9.55000E-01  1.00000E+00  1.00000E-04  1.81557E-10
  9.56000E-01  1.00000E+00  1.00000E-04  1.81594E-10
  9.57000E-01  1.00000E+00  1.00000E-04  6.05250E-11
  9.58000E-01  1.00000E+00  1.00000E-04  1.20967E-10
  9.59000E-01  1.00000E+00  1.00000E-04 -3.62694E-10
  9.60000E-01  1.00000E+00  1.00000E-04  6.04601E-11
  9.61000E-01  1.00000E+00  1.00000E-04  6.05022E-11
  9.62000E-01  1.00000E+00  1.00000E-04 -1.20958E-10
  9.63000E-01  1.00000E+00  1.00000E-04 -2.42110E-10
  9.64000E-01  1.00000E+00  1.00000E-04  6.05054E-10
  9.65000E-01  1.00000E+00  1.00000E-04  6.04779E-11
  9.66000E-01  1.00000E+00  1.00000E-04 -7.25392E-10
  9.67000E-01  1.00000E+00  1.00000E-04  2.42143E-10
  9.68000E-01  1.00000E+00  1.00000E-04 -1.21530E-16
  9.69000E-01  1.00000E+00  1.00000E-04 -6.05258E-11
  9.70000E-01  1.00000E+00  1.00000E-04  6.05049E-11
  9.71000E-01  1.00000E+00  1.00000E-04  4.23134E-10
  9.72000E-01  9.99999E-01  9.99999E-05  1.43938E-10
  9.73000E-01  1.00000E+00  1.00000E-04  1.91310E-09
  9.74000E-01  9.99995E-01  9.99995E-05  9.66959E-11
  9.75000E-01  1.00000E+00  1.00000E-04 -2.44484E-09
  9.76000E-01  1.00000E+00  1.00000E-04  1.71114E-10
  9.77000E-01  1.00000E+00  9.99999E-05  1.81497E-10
  9.78000E-01  1.00000E+00  1.00000E-04 -5.44477E-10
  9.79000E-01  9.99999E-01  1.00000E-04  1.47978E-15
  9.80000E-01  1.00000E+00  1.00000E-04  1.32980E-09
  9.81000E-01  9.99998E-01  9.99998E-05  6.04744E-11
  9.82000E-01  1.00000E+00  1.00000E-04 -1.72676E-09
  9.83000E-01  1.00000E+00  1.00000E-04  2.15648E-10
  9.84000E-01  1.00000E+00  1.00000E-04  5.14757E-11
  9.85000E-01  1.00000E+00  1.00000E-04  1.95348E-09
  9.86000E-01  9.99996E-01  9.99995E-05 -1.64167E-09
  9.87000E-01  1.00001E+00  1.00001E-04 -2.09296E-09
  9.88000E-01  1.00000E+00  1.00000E-04  1.49124E-09
  9.89000E-01  1.00000E+00  1.00000E-04  7.91623E-09
  9.90000E-01  9.99981E-01  9.99981E-05  7.09084E-10
  9.91000E-01  1.00000E+00  1.00000E-04 -7.82440E-09
  9.92000E-01  1.00000E+00  1.00000E-04 -2.01572E-10
  9.93000E-01  1.00000E+00  1.00000E-04  0.00000E+00
  9.94000E-01  1.00000E+00  1.00000E-04 -1.20962E-10
  9.95000E-01  1.00000E+00  1.00000E-04  0.00000E+00
  9.96000E-01  1.00000E+00  1.00000E-04  1.21025E-10
  9.97000E-01  1.00000E+00  1.00000E-04  0.00000E+00
  9.98000E-01  1.00000E+00  1.00000E-04  0.00000E+00
  9.99000E-01  1.00000E+00  1.00000E-04  0.00000E+00
