  0.00000E+00  1.06236E-04  2.89154E+02  7.70403E-02
  1.00000E-03  1.06236E-04  2.89151E+02  2.32416E-01
  2.00000E-03  1.06238E-04  2.89150E+02  3.85080E-01
  3.00000E-03  1.06257E-04  2.89150E+02  5.38442E-01
  4.00000E-03  1.06345E-04  2.89154E+02  6.93558E-01
  5.00000E-03  1.06506E-04  2.89157E+02  8.51253E-01
  6.00000E-03  1.06695E-04  2.89158E+02  1.01036E+00
  7.00000E-03  1.06840E-04  2.89159E+02  1.16922E+00
  8.00000E-03  1.06984E-04  2.89161E+02  1.32559E+00
  9.00000E-03  1.07416E-04  2.89162E+02  1.48137E+00
  1.00000E-02  1.10221E-04  2.89164E+02  1.63880E+00
  1.10000E-02  1.17352E-04  2.89164E+02  1.79493E+00
  1.20000E-02  1.27721E-04  2.89164E+02  1.94843E+00
  1.30000E-02  1.40170E-04  2.89163E+02  2.09975E+00
  1.40000E-02  1.54209E-04  2.89161E+02  2.25135E+00
  1.50000E-02  1.69840E-04  2.89160E+02  2.40779E+00
  1.60000E-02  1.87788E-04  2.89160E+02  2.57060E+00
  1.70000E-02  2.08251E-04  2.89160E+02  2.73417E+00
  1.80000E-02  2.31517E-04  2.89160E+02  2.89448E+00
  1.90000E-02  2.59354E-04  2.89160E+02  3.05586E+00
  2.00000E-02  2.92735E-04  2.89164E+02  3.22537E+00
  2.10000E-02  3.34099E-04  2.89169E+02  3.39151E+00
  2.20000E-02  3.85526E-04  2.89172E+02  3.55086E+00
  2.30000E-02  4.50494E-04  2.89172E+02  3.70735E+00
  2.40000E-02  5.32359E-04  2.89175E+02  3.85936E+00
  2.50000E-02  6.36582E-04  2.89179E+02  4.00749E+00
  2.60000E-02  7.66800E-04  2.89180E+02  4.15938E+00
  2.70000E-02  9.26927E-04  2.89180E+02  4.31349E+00
  2.80000E-02  1.11874E-03  2.89181E+02  4.47305E+00
  2.90000E-02  1.34209E-03  2.89184E+02  4.63475E+00
  3.00000E-02  1.59679E-03  2.89189E+02  4.79083E+00
  3.10000E-02  1.87959E-03  2.89200E+02  4.94471E+00
  3.20000E-02  2.18944E-03  2.89204E+02  5.08928E+00
  3.30000E-02  2.52759E-03  2.89210E+02  5.24078E+00
  3.40000E-02  2.89081E-03  2.89219E+02  5.40355E+00
  3.50000E-02  3.28332E-03  2.89220E+02  5.55692E+00
  3.60000E-02  3.70070E-03  2.89231E+02  5.70490E+00
  3.70000E-02  4.15494E-03  2.89250E+02  5.86570E+00
  3.80000E-02  4.64117E-03  2.89265E+02  6.02378E+00
  3.90000E-02  5.17032E-03  2.89281E+02  6.17835E+00
  4.00000E-02  5.74624E-03  2.89305E+02  6.33638E+00
  4.10000E-02  6.37015E-03  2.89324E+02  6.49077E+00
  4.20000E-02  7.05924E-03  2.89353E+02  6.64873E+00
  4.30000E-02  7.81299E-03  2.89376E+02  6.80628E+00
  4.40000E-02  8.64071E-03  2.89403E+02  6.96167E+00
  4.50000E-02  9.54955E-03  2.89437E+02  7.11746E+00
  4.60000E-02  1.05426E-02  2.89472E+02  7.27312E+00
  4.70000E-02  1.16199E-02  2.89523E+02  7.43273E+00
  4.80000E-02  1.27788E-02  2.89561E+02  7.58632E+00
  4.90000E-02  1.40246E-02  2.89622E+02  7.74693E+00
  5.00000E-02  1.53502E-02  2.89667E+02  7.89973E+00
  5.10000E-02  1.67530E-02  2.89745E+02  8.06173E+00
  5.20000E-02  1.82441E-02  2.89795E+02  8.21427E+00
  5.30000E-02  1.98066E-02  2.89888E+02  8.37990E+00
  5.40000E-02  2.14607E-02  2.89961E+02  8.53490E+00
  5.50000E-02  2.32020E-02  2.90059E+02  8.69588E+00
  5.60000E-02  2.50493E-02  2.90169E+02  8.85280E+00
  5.70000E-02  2.70114E-02  2.90270E+02  9.00744E+00
  5.80000E-02  2.90791E-02  2.90425E+02  9.17397E+00
  5.90000E-02  3.12829E-02  2.90521E+02  9.32127E+00
  6.00000E-02  3.36208E-02  2.90722E+02  9.49305E+00
  6.10000E-02  3.60948E-02  2.90831E+02  9.63751E+00
  6.20000E-02  3.87286E-02  2.91050E+02  9.80482E+00
  6.30000E-02  4.15162E-02  2.91226E+02  9.95769E+00
  6.40000E-02  4.44752E-02  2.91416E+02  1.01151E+01
  6.50000E-02  4.76079E-02  2.91706E+02  1.02840E+01
  6.60000E-02  5.09168E-02  2.91870E+02  1.04266E+01
  6.70000E-02  5.44165E-02  2.92258E+02  1.06075E+01
  6.80000E-02  5.81398E-02  2.92474E+02  1.07472E+01
  6.90000E-02  6.20639E-02  2.92862E+02  1.09207E+01
  7.00000E-02  6.62472E-02  2.93231E+02  1.10821E+01
  7.10000E-02  7.06544E-02  2.93548E+02  1.12305E+01
  7.20000E-02  7.53366E-02  2.94114E+02  1.14158E+01
  7.30000E-02  8.02466E-02  2.94377E+02  1.15485E+01
  7.40000E-02  8.54667E-02  2.94980E+02  1.17356E+01
  7.50000E-02  9.09365E-02  2.95474E+02  1.18929E+01
  7.60000E-02  9.66861E-02  2.95919E+02  1.20437E+01
  7.70000E-02  1.02794E-01  2.96738E+02  1.22427E+01
  7.80000E-02  1.09121E-01  2.97103E+02  1.23712E+01
  7.90000E-02  1.15867E-01  2.97984E+02  1.25662E+01
  8.00000E-02  1.22912E-01  2.98721E+02  1.27266E+01
  8.10000E-02  1.30304E-01  2.99374E+02  1.28725E+01
  8.20000E-02  1.38187E-01  3.00608E+02  1.30866E+01
  8.30000E-02  1.46297E-01  3.01183E+02  1.32083E+01
  8.40000E-02  1.54963E-01  3.02371E+02  1.34032E+01
  8.50000E-02  1.64107E-01  3.03642E+02  1.35903E+01
  8.60000E-02  1.73444E-01  3.04310E+02  1.37132E+01
  8.70000E-02  1.83636E-01  3.06097E+02  1.39481E+01
  8.80000E-02  1.94069E-01  3.07185E+02  1.40935E+01
  8.90000E-02  2.05041E-01  3.08367E+02  1.42441E+01
  9.00000E-02  2.16926E-01  3.10545E+02  1.44884E+01
  9.10000E-02  2.28884E-01  3.11555E+02  1.46053E+01
  9.20000E-02  2.41804E-01  3.13443E+02  1.48007E+01
  9.30000E-02  2.55657E-01  3.15936E+02  1.50379E+01
  9.40000E-02  2.69458E-01  3.17021E+02  1.51418E+01
  9.50000E-02  2.84698E-01  3.19652E+02  1.53677E+01
  9.60000E-02  3.00894E-01  3.22543E+02  1.55998E+01
  9.70000E-02  3.16908E-01  3.23870E+02  1.57004E+01
  9.80000E-02  3.35033E-01  3.27291E+02  1.59517E+01
  9.90000E-02  3.53770E-01  3.30454E+02  1.61751E+01
  1.00000E-01  3.72455E-01  3.32180E+02  1.62818E+01
  1.01000E-01  3.93926E-01  3.36628E+02  1.65627E+01
  1.02000E-01  4.15879E-01  3.40323E+02  1.67854E+01
  1.03000E-01  4.37689E-01  3.42477E+02  1.68906E+01
  1.04000E-01  4.63190E-01  3.47954E+02  1.71901E+01
  1.05000E-01  4.89283E-01  3.52603E+02  1.74336E+01
  1.06000E-01  5.14877E-01  3.55200E+02  1.75342E+01
  1.07000E-01  5.45142E-01  3.61543E+02  1.78351E+01
  1.08000E-01  5.76893E-01  3.67706E+02  1.81139E+01
  1.09000E-01  6.07335E-01  3.70861E+02  1.82158E+01
  1.10000E-01  6.43569E-01  3.78189E+02  1.85088E+01
  1.11000E-01  6.82887E-01  3.86538E+02  1.88407E+01
  1.12000E-01  7.19525E-01  3.90661E+02  1.89541E+01
  1.13000E-01  7.61857E-01  3.98364E+02  1.92092E+01
  1.14000E-01  8.11265E-01  4.09709E+02  1.96017E+01
  1.15000E-01  8.56263E-01  4.15548E+02  1.97516E+01
  1.16000E-01  9.06467E-01  4.23560E+02  1.99518E+01
  1.17000E-01  9.68242E-01  4.37925E+02  2.03937E+01
  1.18000E-01  1.02662E+00  4.47278E+02  2.06187E+01
  1.19000E-01  1.08599E+00  4.55239E+02  2.07576E+01
  1.20000E-01  1.16259E+00  4.72211E+02  2.11996E+01
  1.21000E-01  1.24124E+00  4.87426E+02  2.15447E+01
  1.22000E-01  1.31470E+00  4.96573E+02  2.16701E+01
  1.23000E-01  1.40587E+00  5.14088E+02  2.20193E+01
  1.24000E-01  1.51186E+00  5.36899E+02  2.24841E+01
  1.25000E-01  1.60971E+00  5.50886E+02  2.26772E+01
  1.26000E-01  1.71987E+00  5.68560E+02  2.29337E+01
  1.27000E-01  1.85500E+00  5.96635E+02  2.34127E+01
  1.28000E-01  1.99071E+00  6.20946E+02  2.37248E+01
  1.29000E-01  2.13199E+00  6.39873E+02  2.39472E+01
  1.30000E-01  2.30833E+00  6.73995E+02  2.44003E+01
  1.31000E-01  2.49205E+00  7.10830E+02  2.48188E+01
  1.32000E-01  2.66497E+00  7.33145E+02  2.49655E+01
  1.33000E-01  2.91386E+00  7.71333E+02  2.53338E+01
  1.34000E-01  3.22109E+00  8.29397E+02  2.61181E+01
  1.35000E-01  3.38417E+00  8.59184E+02  2.61327E+01
  1.36000E-01  3.32755E+00  7.57014E+02  2.45816E+01
  1.37000E-01  2.28786E+00  3.30487E+02  1.57121E+01
  1.38000E-01  1.27807E+00  3.00292E+01  2.98071E+00
  1.39000E-01  1.02487E+00  2.03013E-01  6.36929E-02
  1.40000E-01  1.00043E+00  1.08370E-04  4.43231E-05
  1.41000E-01  1.00000E+00  1.00000E-04  1.25960E-09
  1.42000E-01  1.00000E+00  1.00000E-04  1.77923E-15
  1.43000E-01  1.00000E+00  1.00000E-04  0.00000E+00
  1.44000E-01  1.00000E+00  1.00000E-04  0.00000E+00
  1.45000E-01  1.00000E+00  1.00000E-04  9.96873E-11
  1.46000E-01  9.99999E-01  9.99999E-05  1.10763E-11
  1.47000E-01  1.00000E+00  1.00000E-04 -9.96807E-11
  1.48000E-01  1.00000E+00  1.00000E-04 -1.10759E-11
  1.49000E-01  1.00000E+00  1.00000E-04 -7.67482E-16
  1.50000E-01  1.00000E+00  1.00000E-04  3.42958E-16
  1.51000E-01  1.00000E+00  1.00000E-04  4.24524E-16
  1.52000E-01  1.00000E+00  1.00000E-04  0.00000E+00
  1.53000E-01  1.00000E+00  1.00000E-04 -7.77001E-17
  1.54000E-01  1.00000E+00  1.00000E-04  0.00000E+00
  1.55000E-01  1.00000E+00  1.00000E-04  7.77001E-17
  1.56000E-01  1.00000E+00  1.00000E-04  0.00000E+00
  1.57000E-01  1.00000E+00  1.00000E-04  0.00000E+00
  1.58000E-01  1.00000E+00  1.00000E-04  0.00000E+00
  1.59000E-01  1.00000E+00  1.00000E-04  0.00000E+00
  1.60000E-01  1.00000E+00  1.00000E-04  1.10792E-11
  1.61000E-01  1.00000E+00  1.00000E-04  0.00000E+00
  1.62000E-01  1.00000E+00  1.00000E-04 -1.10781E-11
  1.63000E-01  1.00000E+00  1.00000E-04  0.00000E+00
  1.64000E-01  1.00000E+00  1.00000E-04  1.10782E-11
  1.65000E-01  1.00000E+00  1.00000E-04  0.00000E+00
  1.66000E-01  1.00000E+00  1.00000E-04 -1.10787E-11
  1.67000E-01  1.00000E+00  1.00000E-04  0.00000E+00
  1.68000E-01  1.00000E+00  1.00000E-04  2.21546E-11
  1.69000E-01  1.00000E+00  1.00000E-04  2.21517E-11
  1.70000E-01  1.00000E+00  1.00000E-04 -6.64666E-11
  1.71000E-01  1.00000E+00  1.00000E-04  1.63170E-16
  1.72000E-01  1.00000E+00  1.00000E-04  2.21582E-11
  1.73000E-01  1.00000E+00  1.00000E-04  0.00000E+00
  1.74000E-01  1.00000E+00  1.00000E-04  3.32342E-11
  1.75000E-01  1.00000E+00  1.00000E-04  0.00000E+00
  1.76000E-01  1.00000E+00  1.00000E-04 -3.32353E-11
  1.77000E-01  1.00000E+00  1.00000E-04 -4.43905E-16
  1.78000E-01  1.00000E+00  1.00000E-04  1.01030E-16
  1.79000E-01  1.00000E+00  1.00000E-04  3.42876E-16
  1.80000E-01  1.00000E+00  1.00000E-04  0.00000E+00
  1.81000E-01  1.00000E+00  1.00000E-04  0.00000E+00
  1.82000E-01  1.00000E+00  1.00000E-04  0.00000E+00
  1.83000E-01  1.00000E+00  1.00000E-04  0.00000E+00
  1.84000E-01  1.00000E+00  1.00000E-04  0.00000E+00
  1.85000E-01  1.00000E+00  1.00000E-04  0.00000E+00
  1.86000E-01  1.00000E+00  1.00000E-04  0.00000E+00
  1.87000E-01  1.00000E+00  1.00000E-04  0.00000E+00
  1.88000E-01  1.00000E+00  1.00000E-04  0.00000E+00
  1.89000E-01  1.00000E+00  1.00000E-04  0.00000E+00
  1.90000E-01  1.00000E+00  1.00000E-04  0.00000E+00
  1.91000E-01  1.00000E+00  1.00000E-04  0.00000E+00
  1.92000E-01  1.00000E+00  1.00000E-04  1.10786E-11
  1.93000E-01  1.00000E+00  1.00000E-04  0.00000E+00
  1.94000E-01  1.00000E+00  1.00000E-04 -1.10763E-11
  1.95000E-01  1.00000E+00  1.00000E-04  0.00000E+00
  1.96000E-01  1.00000E+00  1.00000E-04  0.00000E+00
  1.97000E-01  1.00000E+00  1.00000E-04  0.00000E+00
  1.98000E-01  1.00000E+00  1.00000E-04  0.00000E+00
  1.99000E-01  1.00000E+00  1.00000E-04  0.00000E+00
  2.00000E-01  1.00000E+00  1.00000E-04  0.00000E+00
  2.01000E-01  1.00000E+00  1.00000E-04  0.00000E+00
  2.02000E-01  1.00000E+00  1.00000E-04  0.00000E+00
  2.03000E-01  1.00000E+00  1.00000E-04  0.00000E+00
  2.04000E-01  1.00000E+00  1.00000E-04  0.00000E+00
  2.05000E-01  1.00000E+00  1.00000E-04  0.00000E+00
  2.06000E-01  1.00000E+00  1.00000E-04  0.00000E+00
  2.07000E-01  1.00000E+00  1.00000E-04  0.00000E+00
  2.08000E-01  1.00000E+00  1.00000E-04  0.00000E+00
  2.09000E-01  1.00000E+00  1.00000E-04  0.00000E+00
  2.10000E-01  1.00000E+00  1.00000E-04  0.00000E+00
  2.11000E-01  1.00000E+00  1.00000E-04  0.00000E+00
  2.12000E-01  1.00000E+00  1.00000E-04  0.00000E+00
  2.13000E-01  1.00000E+00  1.00000E-04  1.66166E-10
  2.14000E-01  9.99998E-01  9.99998E-05  0.00000E+00
  2.15000E-01  1.00000E+00  1.00000E-04 -1.66143E-10
  2.16000E-01  1.00000E+00  1.00000E-04  0.00000E+00
  2.17000E-01  1.00000E+00  1.00000E-04  0.00000E+00
  2.18000E-01  1.00000E+00  1.00000E-04  0.00000E+00
  2.19000E-01  1.00000E+00  1.00000E-04 -7.76998E-17
  2.20000E-01  1.00000E+00  1.00000E-04  0.00000E+00
  2.21000E-01  1.00000E+00  1.00000E-04  7.76998E-17
  2.22000E-01  1.00000E+00  1.00000E-04  0.00000E+00
  2.23000E-01  1.00000E+00  1.00000E-04  0.00000E+00
  2.24000E-01  1.00000E+00  1.00000E-04  0.00000E+00
  2.25000E-01  1.00000E+00  1.00000E-04  0.00000E+00
  2.26000E-01  1.00000E+00  1.00000E-04  0.00000E+00
  2.27000E-01  1.00000E+00  1.00000E-04  0.00000E+00
  2.28000E-01  1.00000E+00  1.00000E-04  0.00000E+00
  2.29000E-01  1.00000E+00  1.00000E-04  2.21530E-11
  2.30000E-01  1.00000E+00  1.00000E-04  0.00000E+00
  2.31000E-01  1.00000E+00  1.00000E-04 -2.21523E-11
  2.32000E-01  1.00000E+00  1.00000E-04 -4.36673E-16
  2.33000E-01  1.00000E+00  1.00000E-04 -6.64738E-11
  2.34000E-01  1.00000E+00  1.00000E-04  4.43159E-11
  2.35000E-01  1.00000E+00  1.00000E-04  2.21515E-11
  2.36000E-01  1.00000E+00  1.00000E-04  0.00000E+00
  2.37000E-01  1.00000E+00  1.00000E-04  0.00000E+00
  2.38000E-01  1.00000E+00  1.00000E-04  0.00000E+00
  2.39000E-01  1.00000E+00  1.00000E-04  0.00000E+00
  2.40000E-01  1.00000E+00  1.00000E-04  0.00000E+00
  2.41000E-01  1.00000E+00  1.00000E-04  0.00000E+00
  2.42000E-01  1.00000E+00  1.00000E-04  0.00000E+00
  2.43000E-01  1.00000E+00  1.00000E-04  0.00000E+00
  2.44000E-01  1.00000E+00  1.00000E-04  0.00000E+00
  2.45000E-01  1.00000E+00  1.00000E-04  0.00000E+00
  2.46000E-01  1.00000E+00  1.00000E-04  0.00000E+00
  2.47000E-01  1.00000E+00  1.00000E-04 -1.21850E-10
  2.48000E-01  1.00000E+00  1.00000E-04  0.00000E+00
  2.49000E-01  1.00000E+00  1.00000E-04  1.21824E-10
  2.50000E-01  1.00000E+00  1.00000E-04  0.00000E+00
  2.51000E-01  1.00000E+00  1.00000E-04  0.00000E+00
  2.52000E-01  1.00000E+00  1.00000E-04  3.32315E-11
  2.53000E-01  1.00000E+00  1.00000E-04 -2.21520E-11
  2.54000E-01  1.00000E+00  1.00000E-04 -2.21551E-11
  2.55000E-01  1.00000E+00  1.00000E-04 -1.10762E-11
  2.56000E-01  1.00000E+00  1.00000E-04  8.54697E-17
  2.57000E-01  1.00000E+00  1.00000E-04  2.21543E-11
  2.58000E-01  1.00000E+00  1.00000E-04  0.00000E+00
  2.59000E-01  1.00000E+00  1.00000E-04  0.00000E+00
  2.60000E-01  1.00000E+00  1.00000E-04  0.00000E+00
  2.61000E-01  1.00000E+00  1.00000E-04  0.00000E+00
  2.62000E-01  1.00000E+00  1.00000E-04  1.10762E-11
  2.63000E-01  1.00000E+00  1.00000E-04  0.00000E+00
  2.64000E-01  1.00000E+00  1.00000E-04 -1.10782E-11
  2.65000E-01  1.00000E+00  1.00000E-04  0.00000E+00
  2.66000E-01  1.00000E+00  1.00000E-04  0.00000E+00
  2.67000E-01  1.00000E+00  1.00000E-04  0.00000E+00
  2.68000E-01  1.00000E+00  1.00000E-04  0.00000E+00
  2.69000E-01  1.00000E+00  1.00000E-04  0.00000E+00
  2.70000E-01  1.00000E+00  1.00000E-04  3.32355E-11
  2.71000E-01  1.00000E+00  1.00000E-04  2.21513E-11
  2.72000E-01  1.00000E+00  1.00000E-04 -1.10783E-11
  2.73000E-01  1.00000E+00  1.00000E-04 -1.10778E-10
  2.74000E-01  1.00000E+00  1.00000E-04  3.32406E-11
  2.75000E-01  1.00000E+00  1.00000E-04  1.10786E-11
  2.76000E-01  1.00000E+00  1.00000E-04  1.10764E-11
  2.77000E-01  1.00000E+00  1.00000E-04  1.10771E-11
  2.78000E-01  1.00000E+00  1.00000E-04 -1.10771E-11
  2.79000E-01  1.00000E+00  1.00000E-04 -7.76997E-17
  2.80000E-01  1.00000E+00  1.00000E-04  1.47532E-15
  2.81000E-01  1.00000E+00  1.00000E-04  1.43821E-15
  2.82000E-01  1.00000E+00  1.00000E-04  1.03793E-15
  2.83000E-01  1.00000E+00  1.00000E-04 -3.48571E-11
  2.84000E-01  1.00000E+00  1.00000E-04 -3.02411E-08
  2.85000E-01  1.00000E+00  1.00082E-04 -4.64364E-08
  2.86000E-01  1.00000E+00  1.00090E-04  3.78471E-08
  2.87000E-01  1.00000E+00  1.00000E-04  1.24668E-09
  2.88000E-01  1.00000E+00  1.00087E-04  1.10236E-10
  2.89000E-01  1.00000E+00  1.00000E-04  3.74286E-08
  2.90000E-01  1.00000E+00  1.00000E-04  1.13099E-10
  2.91000E-01  1.00000E+00  1.00000E-04  8.33022E-12
  2.92000E-01  1.00000E+00  1.00000E-04  1.10762E-11
  2.93000E-01  1.00000E+00  1.00000E-04 -1.10773E-11
  2.94000E-01  1.00000E+00  1.00000E-04 -3.32267E-11
  2.95000E-01  1.00000E+00  1.00000E-04  0.00000E+00
  2.96000E-01  1.00000E+00  1.00000E-04  0.00000E+00
  2.97000E-01  1.00000E+00  1.00000E-04  0.00000E+00
  2.98000E-01  1.00000E+00  1.00000E-04  0.00000E+00
  2.99000E-01  1.00000E+00  1.00000E-04  0.00000E+00
  3.00000E-01  1.00000E+00  1.00000E-04  0.00000E+00
  3.01000E-01  1.00000E+00  1.00000E-04  0.00000E+00
  3.02000E-01  1.00000E+00  1.00000E-04  0.00000E+00
  3.03000E-01  1.00000E+00  1.00000E-04  0.00000E+00
  3.04000E-01  1.00000E+00  1.00000E-04  0.00000E+00
  3.05000E-01  1.00000E+00  1.00000E-04  0.00000E+00
  3.06000E-01  1.00000E+00  1.00000E-04  0.00000E+00
  3.07000E-01  1.00000E+00  1.00000E-04  3.32329E-11
  3.08000E-01  1.00000E+00  1.00000E-04  2.21560E-11
  3.09000E-01  1.00000E+00  1.00000E-04 -3.32368E-11
  3.10000E-01  1.00000E+00  1.00000E-04 -2.21576E-11
  3.11000E-01  1.00000E+00  1.00000E-04  1.10766E-11
  3.12000E-01  1.00000E+00  1.00000E-04 -1.10749E-11
  3.13000E-01  1.00000E+00  1.00000E-04 -1.10796E-11
  3.14000E-01  1.00000E+00  1.00000E-04  5.53888E-12
  3.15000E-01  1.00000E+00  1.00000E-04  5.53871E-12
  3.16000E-01  1.00000E+00  1.00000E-04  7.76997E-17
  3.17000E-01  1.00000E+00  1.00000E-04  1.10765E-11
  3.18000E-01  1.00000E+00  1.00000E-04 -3.32301E-11
  3.19000E-01  1.00000E+00  1.00000E-04 -1.10788E-11
  3.20000E-01  1.00000E+00  1.00000E-04  4.43141E-11
  3.21000E-01  1.00000E+00  1.00000E-04 -1.10758E-11
  3.22000E-01  1.00000E+00  1.00000E-04 -4.43157E-11
  3.23000E-01  1.00000E+00  1.00000E-04  6.64658E-11
  3.24000E-01  1.00000E+00  1.00000E-04 -5.53783E-11
  3.25000E-01  1.00000E+00  1.00000E-04  5.54369E-12
  3.26000E-01  1.00000E+00  1.00000E-04  5.54181E-12
  3.27000E-01  1.00000E+00  1.00000E-04  3.69792E-12
  3.28000E-01  1.00000E+00  1.00000E-04  3.68644E-12
  3.29000E-01  1.00000E+00  1.00000E-04  3.68514E-12
  3.30000E-01  1.00000E+00  1.00000E-04  1.10752E-11
  3.31000E-01  1.00000E+00  1.00000E-04  0.00000E+00
  3.32000E-01  1.00000E+00  1.00000E-04  3.32310E-11
  3.33000E-01  1.00000E+00  1.00000E-04  1.10749E-11
  3.34000E-01  1.00000E+00  1.00000E-04 -3.32277E-11
  3.35000E-01  1.00000E+00  1.00000E-04  2.39237E-16
  3.36000E-01  1.00000E+00  1.00000E-04  1.03418E-16
  3.37000E-01  1.00000E+00  1.00000E-04 -1.10794E-11
  3.38000E-01  1.00000E+00  1.00000E-04  0.00000E+00
  3.39000E-01  1.00000E+00  1.00000E-04 -4.43043E-11
  3.40000E-01  1.00000E+00  1.00000E-04 -1.10782E-11
  3.41000E-01  1.00000E+00  1.00000E-04  4.43034E-11
  3.42000E-01  1.00000E+00  1.00000E-04 -1.10784E-11
  3.43000E-01  1.00000E+00  1.00000E-04  1.10778E-11
  3.44000E-01  1.00000E+00  1.00000E-04  1.43989E-10
  3.45000E-01  9.99999E-01  9.99999E-05 -1.77192E-10
  3.46000E-01  1.00000E+00  1.00000E-04 -8.86189E-11
  3.47000E-01  1.00000E+00  1.00000E-04 -5.08709E-10
  3.48000E-01  1.00000E+00  1.00001E-04  3.21150E-10
  3.49000E-01  1.00000E+00  9.99996E-05  5.49152E-10
  3.50000E-01  1.00000E+00  1.00000E-04 -3.06216E-10
  3.51000E-01  1.00000E+00  1.00000E-04  7.75322E-11
  3.52000E-01  1.00000E+00  1.00000E-04  0.00000E+00
  3.53000E-01  1.00000E+00  1.00000E-04  0.00000E+00
  3.54000E-01  1.00000E+00  1.00000E-04  0.00000E+00
  3.55000E-01  1.00000E+00  1.00000E-04  0.00000E+00
  3.56000E-01  1.00000E+00  1.00000E-04  0.00000E+00
  3.57000E-01  1.00000E+00  1.00000E-04  0.00000E+00
  3.58000E-01  1.00000E+00  1.00000E-04  0.00000E+00
  3.59000E-01  1.00000E+00  1.00000E-04  0.00000E+00
  3.60000E-01  1.00000E+00  1.00000E-04  0.00000E+00
  3.61000E-01  1.00000E+00  1.00000E-04 -7.76996E-17
  3.62000E-01  1.00000E+00  1.00000E-04  0.00000E+00
  3.63000E-01  1.00000E+00  1.00000E-04  7.76996E-17
  3.64000E-01  1.00000E+00  1.00000E-04  0.00000E+00
  3.65000E-01  1.00000E+00  1.00000E-04  0.00000E+00
  3.66000E-01  1.00000E+00  1.00000E-04  0.00000E+00
  3.67000E-01  1.00000E+00  1.00000E-04  0.00000E+00
  3.68000E-01  1.00000E+00  1.00000E-04  0.00000E+00
  3.69000E-01  1.00000E+00  1.00000E-04  0.00000E+00
  3.70000E-01  1.00000E+00  1.00000E-04  0.00000E+00
  3.71000E-01  1.00000E+00  1.00000E-04  0.00000E+00
  3.72000E-01  1.00000E+00  1.00000E-04 -2.21542E-11
  3.73000E-01  1.00000E+00  1.00000E-04 -2.21550E-11
  3.74000E-01  1.00000E+00  1.00000E-04  3.32347E-11
  3.75000E-01  1.00000E+00  1.00000E-04 -1.21835E-10
  3.76000E-01  1.00000E+00  1.00000E-04  7.77558E-17
  3.77000E-01  1.00000E+00  1.00000E-04  1.32926E-10
  3.78000E-01  1.00000E+00  1.00000E-04  0.00000E+00
  3.79000E-01  1.00000E+00  1.00000E-04  0.00000E+00
  3.80000E-01  1.00000E+00  1.00000E-04  0.00000E+00
  3.81000E-01  1.00000E+00  1.00000E-04  3.32322E-11
  3.82000E-01  1.00000E+00  1.00000E-04  1.10769E-11
  3.83000E-01  1.00000E+00  1.00000E-04 -3.32272E-11
  3.84000E-01  1.00000E+00  1.00000E-04  2.21546E-11
  3.85000E-01  1.00000E+00  1.00000E-04 -1.59962E-16
  3.86000E-01  1.00000E+00  1.00000E-04 -3.32321E-11
  3.87000E-01  1.00000E+00  1.00000E-04  0.00000E+00
  3.88000E-01  1.00000E+00  1.00000E-04  0.00000E+00
  3.89000E-01  1.00000E+00  1.00000E-04  0.00000E+00
  3.90000E-01  1.00000E+00  1.00000E-04  0.00000E+00
  3.91000E-01  1.00000E+00  1.00000E-04  0.00000E+00
  3.92000E-01  1.00000E+00  1.00000E-04  0.00000E+00
  3.93000E-01  1.00000E+00  1.00000E-04  0.00000E+00
  3.94000E-01  1.00000E+00  1.00000E-04  0.00000E+00
  3.95000E-01  1.00000E+00  1.00000E-04  0.00000E+00
  3.96000E-01  1.00000E+00  1.00000E-04  0.00000E+00
  3.97000E-01  1.00000E+00  1.00000E-04  3.32312E-11
  3.98000E-01  1.00000E+00  1.00000E-04 -3.32350E-11
  3.99000E-01  1.00000E+00  1.00000E-04 -1.10769E-11
  4.00000E-01  1.00000E+00  1.00000E-04  1.10766E-11
  4.01000E-01  1.00000E+00  1.00000E-04  0.00000E+00
  4.02000E-01  1.00000E+00  1.00000E-04  0.00000E+00
  4.03000E-01  1.00000E+00  1.00000E-04  0.00000E+00
  4.04000E-01  1.00000E+00  1.00000E-04 -9.23292E-11
  4.05000E-01  1.00000E+00  1.00000E-04 -3.54305E-08
  4.06000E-01  1.00000E+00  1.00082E-04 -1.26789E-11
  4.07000E-01  1.00000E+00  1.00000E-04  3.54107E-08
  4.08000E-01  1.00000E+00  1.00000E-04  1.25073E-10
  4.09000E-01  1.00000E+00  1.00000E-04  0.00000E+00
  4.10000E-01  1.00000E+00  1.00000E-04  0.00000E+00
  4.11000E-01  1.00000E+00  1.00000E-04  0.00000E+00
  4.12000E-01  1.00000E+00  1.00000E-04  0.00000E+00
  4.13000E-01  1.00000E+00  1.00000E-04  0.00000E+00
  4.14000E-01  1.00000E+00  1.00000E-04  0.00000E+00
  4.15000E-01  1.00000E+00  1.00000E-04 -1.25062E-10
  4.16000E-01  1.00000E+00  1.00000E-04 -3.54127E-08
  4.17000E-01  1.00000E+00  1.00082E-04 -2.58678E-14
  4.18000E-01  1.00000E+00  1.00000E-04  3.54020E-08
  4.19000E-01  1.00000E+00  1.00000E-04  1.26873E-10
  4.20000E-01  1.00000E+00  1.00000E-04  9.28403E-12
  4.21000E-01  1.00000E+00  1.00000E-04  0.00000E+00
  4.22000E-01  1.00000E+00  1.00000E-04  0.00000E+00
  4.23000E-01  1.00000E+00  1.00000E-04  4.43079E-11
  4.24000E-01  1.00000E+00  9.99999E-05  0.00000E+00
  4.25000E-01  1.00000E+00  1.00000E-04 -3.32338E-11
  4.26000E-01  1.00000E+00  1.00000E-04 -1.01786E-16
  4.27000E-01  1.00000E+00  1.00000E-04  2.43657E-10
  4.28000E-01  9.99996E-01  9.99996E-05  1.10818E-11
  4.29000E-01  1.00000E+00  1.00000E-04 -2.65760E-10
  4.30000E-01  1.00000E+00  1.00000E-04  0.00000E+00
  4.31000E-01  1.00000E+00  1.00000E-04  0.00000E+00
  4.32000E-01  1.00000E+00  1.00000E-04  2.21552E-11
  4.33000E-01  1.00000E+00  1.00000E-04  0.00000E+00
  4.34000E-01  1.00000E+00  1.00000E-04 -2.21532E-11
  4.35000E-01  1.00000E+00  1.00000E-04  0.00000E+00
  4.36000E-01  1.00000E+00  1.00000E-04 -7.76996E-17
  4.37000E-01  1.00000E+00  1.00000E-04 -3.32370E-11
  4.38000E-01  1.00000E+00  1.00000E-04  1.10789E-11
  4.39000E-01  1.00000E+00  1.00000E-04  2.21546E-11
  4.40000E-01  1.00000E+00  1.00000E-04  0.00000E+00
  4.41000E-01  1.00000E+00  1.00000E-04  1.10787E-11
  4.42000E-01  1.00000E+00  1.00000E-04  0.00000E+00
  4.43000E-01  1.00000E+00  1.00000E-04 -1.10779E-11
  4.44000E-01  1.00000E+00  1.00000E-04  1.10785E-11
  4.45000E-01  1.00000E+00  1.00000E-04  0.00000E+00
  4.46000E-01  1.00000E+00  1.00000E-04 -1.10758E-11
  4.47000E-01  1.00000E+00  1.00000E-04  0.00000E+00
  4.48000E-01  1.00000E+00  1.00000E-04  0.00000E+00
  4.49000E-01  1.00000E+00  1.00000E-04  0.00000E+00
  4.50000E-01  1.00000E+00  1.00000E-04  1.10775E-11
  4.51000E-01  1.00000E+00  1.00000E-04 -4.43132E-11
  4.52000E-01  1.00000E+00  1.00000E-04 -1.10810E-11
  4.53000E-01  1.00000E+00  1.00000E-04  4.43020E-11
  4.54000E-01  1.00000E+00  1.00000E-04  1.10764E-11
  4.55000E-01  1.00000E+00  1.00000E-04  0.00000E+00
  4.56000E-01  1.00000E+00  1.00000E-04 -5.53945E-12
  4.57000E-01  1.00000E+00  1.00000E-04 -5.53856E-12
  4.58000E-01  1.00000E+00  1.00000E-04  7.76996E-17
  4.59000E-01  1.00000E+00  1.00000E-04  0.00000E+00
  4.60000E-01  1.00000E+00  1.00000E-04  1.10760E-11
  4.61000E-01  1.00000E+00  1.00000E-04 -2.21512E-11
  4.62000E-01  1.00000E+00  1.00000E-04 -1.10789E-11
  4.63000E-01  1.00000E+00  1.00000E-04  2.21565E-11
  4.64000E-01  1.00000E+00  1.00000E-04  1.10772E-11
  4.65000E-01  1.00000E+00  1.00000E-04  0.00000E+00
  4.66000E-01  1.00000E+00  1.00000E-04 -1.10766E-11
  4.67000E-01  1.00000E+00  1.00000E-04  1.10784E-11
  4.68000E-01  1.00000E+00  1.00000E-04  1.10752E-11
  4.69000E-01  1.00000E+00  1.00000E-04 -5.53902E-11
  4.70000E-01  1.00000E+00  1.00000E-04  2.21564E-11
  4.71000E-01  1.00000E+00  1.00000E-04  1.10775E-11
  4.72000E-01  1.00000E+00  1.00000E-04 -4.43067E-11
  4.73000E-01  1.00000E+00  1.00000E-04  1.10798E-11
  4.74000E-01  1.00000E+00  1.00000E-04  3.32270E-11
  4.75000E-01  1.00000E+00  1.00000E-04 -6.59449E-16
  4.76000E-01  1.00000E+00  1.00000E-04  8.54695E-17
  4.77000E-01  1.00000E+00  1.00000E-04 -2.21517E-11
  4.78000E-01  1.00000E+00  1.00000E-04  1.10794E-11
  4.79000E-01  1.00000E+00  1.00000E-04  2.21512E-11
  4.80000E-01  1.00000E+00  1.00000E-04  2.21531E-11
  4.81000E-01  1.00000E+00  1.00000E-04  1.10784E-11
  4.82000E-01  1.00000E+00  1.00000E-04 -3.32309E-11
  4.83000E-01  1.00000E+00  1.00000E-04 -7.75382E-11
  4.84000E-01  1.00000E+00  1.00000E-04 -4.43151E-11
  4.85000E-01  1.00000E+00  1.00000E-04  2.21551E-10
  4.86000E-01  1.00000E+00  9.99999E-05 -3.32246E-11
  4.87000E-01  1.00000E+00  1.00000E-04 -9.67478E-16
  4.88000E-01  9.99999E-01  9.99999E-05 -1.01526E-14
  4.89000E-01  1.00000E+00  1.00000E-04 -5.20610E-10
  4.90000E-01  1.00000E+00  1.00000E-04  1.88306E-10
  4.91000E-01  1.00000E+00  1.00000E-04  2.54683E-10
  4.92000E-01  1.00000E+00  1.00000E-04  7.75349E-11
  4.93000E-01  9.99999E-01  9.99999E-05 -1.10764E-11
  4.94000E-01  1.00000E+00  1.00000E-04 -6.64671E-11
  4.95000E-01  1.00000E+00  1.00000E-04  0.00000E+00
  4.96000E-01  1.00000E+00  1.00000E-04  0.00000E+00
  4.97000E-01  1.00000E+00  1.00000E-04  0.00000E+00
  4.98000E-01  1.00000E+00  1.00000E-04  0.00000E+00
  4.99000E-01  1.00000E+00  1.00000E-04  0.00000E+00
  5.00000E-01  1.00000E+00  1.00000E-04  0.00000E+00
  5.01000E-01  1.00000E+00  1.00000E-04  0.00000E+00
  5.02000E-01  1.00000E+00  1.00000E-04  0.00000E+00
  5.03000E-01  1.00000E+00  1.00000E-04  0.00000E+00
  5.04000E-01  1.00000E+00  1.00000E-04  0.00000E+00
  5.05000E-01  1.00000E+00  1.00000E-04  1.32917E-10
  5.06000E-01  9.99998E-01  9.99998E-05  0.00000E+00
  5.07000E-01  1.00000E+00  1.00000E-04 -1.32930E-10
  5.08000E-01  1.00000E+00  1.00000E-04  0.00000E+00
  5.09000E-01  1.00000E+00  1.00000E-04  0.00000E+00
  5.10000E-01  1.00000E+00  1.00000E-04 -7.76996E-17
  5.11000E-01  1.00000E+00  1.00000E-04  0.00000E+00
  5.12000E-01  1.00000E+00  1.00000E-04  7.76995E-17
  5.13000E-01  1.00000E+00  1.00000E-04  0.00000E+00
  5.14000E-01  1.00000E+00  1.00000E-04  0.00000E+00
  5.15000E-01  1.00000E+00  1.00000E-04  0.00000E+00
  5.16000E-01  1.00000E+00  1.00000E-04  8.86228E-11
  5.17000E-01  9.99999E-01  9.99999E-05  0.00000E+00
  5.18000E-01  1.00000E+00  1.00000E-04 -8.86257E-11
  5.19000E-01  1.00000E+00  1.00000E-04  0.00000E+00
  5.20000E-01  1.00000E+00  1.00000E-04 -7.76996E-17
  5.21000E-01  1.00000E+00  1.00000E-04  0.00000E+00
  5.22000E-01  1.00000E+00  1.00000E-04  7.76996E-17
  5.23000E-01  1.00000E+00  1.00000E-04  0.00000E+00
  5.24000E-01  1.00000E+00  1.00000E-04  0.00000E+00
  5.25000E-01  1.00000E+00  1.00000E-04  0.00000E+00
  5.26000E-01  1.00000E+00  1.00000E-04  0.00000E+00
  5.27000E-01  1.00000E+00  1.00000E-04  0.00000E+00
  5.28000E-01  1.00000E+00  1.00000E-04  0.00000E+00
  5.29000E-01  1.00000E+00  1.00000E-04  4.43093E-11
  5.30000E-01  9.99999E-01  9.99999E-05  0.00000E+00
  5.31000E-01  1.00000E+00  1.00000E-04 -4.43088E-11
  5.32000E-01  1.00000E+00  1.00000E-04  0.00000E+00
  5.33000E-01  1.00000E+00  1.00000E-04 -1.10772E-11
  5.34000E-01  1.00000E+00  1.00000E-04 -1.10763E-11
  5.35000E-01  1.00000E+00  1.00000E-04  0.00000E+00
  5.36000E-01  1.00000E+00  1.00000E-04  1.10768E-11
  5.37000E-01  1.00000E+00  1.00000E-04  1.10771E-11
  5.38000E-01  1.00000E+00  1.00000E-04  0.00000E+00
  5.39000E-01  1.00000E+00  1.00000E-04  0.00000E+00
  5.40000E-01  1.00000E+00  1.00000E-04  0.00000E+00
  5.41000E-01  1.00000E+00  1.00000E-04 -1.10775E-11
  5.42000E-01  1.00000E+00  1.00000E-04  0.00000E+00
  5.43000E-01  1.00000E+00  1.00000E-04  1.10772E-11
  5.44000E-01  1.00000E+00  1.00000E-04  1.10773E-11
  5.45000E-01  1.00000E+00  1.00000E-04  0.00000E+00
  5.46000E-01  1.00000E+00  1.00000E-04 -1.10769E-11
  5.47000E-01  1.00000E+00  1.00000E-04  0.00000E+00
  5.48000E-01  1.00000E+00  1.00000E-04  0.00000E+00
  5.49000E-01  1.00000E+00  1.00000E-04  0.00000E+00
  5.50000E-01  1.00000E+00  1.00000E-04 -1.04927E-15
  5.51000E-01  1.00000E+00  1.00000E-04 -8.61812E-16
  5.52000E-01  1.00000E+00  1.00000E-04  1.91108E-15
  5.53000E-01  1.00000E+00  1.00000E-04  1.10772E-11
  5.54000E-01  1.00000E+00  1.00000E-04  0.00000E+00
  5.55000E-01  1.00000E+00  1.00000E-04 -1.10760E-11
  5.56000E-01  1.00000E+00  1.00000E-04  3.32346E-11
  5.57000E-01  1.00000E+00  1.00000E-04 -9.40165E-17
  5.58000E-01  1.00000E+00  1.00000E-04  0.00000E+00
  5.59000E-01  1.00000E+00  1.00000E-04  0.00000E+00
  5.60000E-01  1.00000E+00  1.00000E-04  0.00000E+00
  5.61000E-01  1.00000E+00  1.00000E-04  9.40165E-17
  5.62000E-01  1.00000E+00  1.00000E-04 -1.66156E-11
  5.63000E-01  1.00000E+00  1.00000E-04 -1.66163E-11
  5.64000E-01  1.00000E+00  1.00000E-04 -6.67503E-12
  5.65000E-01  1.00000E+00  1.00000E-04  6.67407E-12
  5.66000E-01  1.00000E+00  1.00000E-04  2.21549E-11
  5.67000E-01  1.00000E+00  1.00000E-04  0.00000E+00
  5.68000E-01  1.00000E+00  1.00000E-04 -2.21546E-11
  5.69000E-01  1.00000E+00  1.00000E-04  0.00000E+00
  5.70000E-01  1.00000E+00  1.00000E-04  2.21574E-11
  5.71000E-01  1.00000E+00  1.00000E-04 -9.40165E-17
  5.72000E-01  1.00000E+00  1.00000E-04  0.00000E+00
  5.73000E-01  1.00000E+00  1.00000E-04  9.40165E-17
  5.74000E-01  1.00000E+00  1.00000E-04 -2.21515E-11
  5.75000E-01  1.00000E+00  1.00000E-04  0.00000E+00
  5.76000E-01  1.00000E+00  1.00000E-04  0.00000E+00
  5.77000E-01  1.00000E+00  1.00000E-04  0.00000E+00
  5.78000E-01  1.00000E+00  1.00000E-04  0.00000E+00
  5.79000E-01  1.00000E+00  1.00000E-04  0.00000E+00
  5.80000E-01  1.00000E+00  1.00000E-04  0.00000E+00
  5.81000E-01  1.00000E+00  1.00000E-04  1.10764E-11
  5.82000E-01  1.00000E+00  1.00000E-04  0.00000E+00
  5.83000E-01  1.00000E+00  1.00000E-04 -3.32279E-11
  5.84000E-01  1.00000E+00  1.00000E-04  7.38583E-12
  5.85000E-01  1.00000E+00  1.00000E-04  7.38639E-12
  5.86000E-01  1.00000E+00  1.00000E-04  7.38559E-12
  5.87000E-01  1.00000E+00  1.00000E-04  0.00000E+00
  5.88000E-01  1.00000E+00  1.00000E-04  0.00000E+00
  5.89000E-01  1.00000E+00  1.00000E-04  0.00000E+00
  5.90000E-01  1.00000E+00  1.00000E-04  0.00000E+00
  5.91000E-01  1.00000E+00  1.00000E-04  0.00000E+00
  5.92000E-01  1.00000E+00  1.00000E-04  0.00000E+00
  5.93000E-01  1.00000E+00  1.00000E-04  3.32351E-11
  5.94000E-01  1.00000E+00  1.00000E-04 -1.03418E-16
  5.95000E-01  1.00000E+00  1.00000E-04 -9.40164E-17
  5.96000E-01  1.00000E+00  1.00000E-04  0.00000E+00
  5.97000E-01  1.00000E+00  1.00000E-04  3.58972E-16
  5.98000E-01  1.00000E+00  1.00000E-04  1.03418E-16
  5.99000E-01  1.00000E+00  1.00000E-04 -3.32280E-11
  6.00000E-01  1.00000E+00  1.00000E-04  0.00000E+00
  6.01000E-01  1.00000E+00  1.00000E-04 -1.25320E-10
  6.02000E-01  1.00000E+00  1.00000E-04 -3.54681E-08
  6.03000E-01  1.00000E+00  1.00082E-04  4.55834E-11
  6.04000E-01  1.00000E+00  1.00000E-04  3.54200E-08
  6.05000E-01  1.00000E+00  1.00000E-04  1.25635E-10
  6.06000E-01  1.00000E+00  1.00000E-04  9.96957E-11
  6.07000E-01  9.99999E-01  9.99999E-05  1.91415E-15
  6.08000E-01  1.00000E+00  1.00000E-04 -4.43101E-11
  6.09000E-01  9.99999E-01  9.99999E-05  1.10763E-11
  6.10000E-01  1.00000E+00  1.00000E-04 -5.53760E-11
  6.11000E-01  1.00000E+00  1.00000E-04 -1.10780E-11
  6.12000E-01  1.00000E+00  1.00000E-04  3.32342E-11
  6.13000E-01  1.00000E+00  1.00000E-04  0.00000E+00
  6.14000E-01  1.00000E+00  1.00000E-04 -3.32351E-11
  6.15000E-01  1.00000E+00  1.00000E-04  0.00000E+00
  6.16000E-01  1.00000E+00  1.00000E-04  0.00000E+00
  6.17000E-01  1.00000E+00  1.00000E-04  0.00000E+00
  6.18000E-01  1.00000E+00  1.00000E-04  0.00000E+00
  6.19000E-01  1.00000E+00  1.00000E-04  0.00000E+00
  6.20000E-01  1.00000E+00  1.00000E-04  0.00000E+00
  6.21000E-01  1.00000E+00  1.00000E-04  3.32280E-11
  6.22000E-01  1.00000E+00  1.00000E-04 -2.21515E-11
  6.23000E-01  1.00000E+00  1.00000E-04 -3.32340E-11
  6.24000E-01  1.00000E+00  1.00000E-04  1.10785E-11
  6.25000E-01  1.00000E+00  1.00000E-04  1.10782E-11
  6.26000E-01  1.00000E+00  1.00000E-04  0.00000E+00
  6.27000E-01  1.00000E+00  1.00000E-04 -1.10782E-11
  6.28000E-01  1.00000E+00  1.00000E-04  2.21523E-11
  6.29000E-01  1.00000E+00  1.00000E-04  0.00000E+00
  6.30000E-01  1.00000E+00  1.00000E-04 -1.13760E-16
  6.31000E-01  1.00000E+00  1.00000E-04  1.03418E-17
  6.32000E-01  1.00000E+00  1.00000E-04 -6.82979E-17
  6.33000E-01  1.00000E+00  1.00000E-04  8.62465E-17
  6.34000E-01  1.00000E+00  1.00000E-04  8.54695E-17
  6.35000E-01  1.00000E+00  1.00000E-04  0.00000E+00
  6.36000E-01  1.00000E+00  1.00000E-04 -1.10754E-11
  6.37000E-01  1.00000E+00  1.00000E-04 -1.10790E-11
  6.38000E-01  1.00000E+00  1.00000E-04  1.10781E-11
  6.39000E-01  1.00000E+00  1.00000E-04  1.10766E-11
  6.40000E-01  1.00000E+00  1.00000E-04  2.21551E-11
  6.41000E-01  1.00000E+00  1.00000E-04 -1.63169E-16
  6.42000E-01  1.00000E+00  1.00000E-04 -3.32300E-11
  6.43000E-01  1.00000E+00  1.00000E-04 -7.76996E-17
  6.44000E-01  1.00000E+00  1.00000E-04 -7.76995E-18
  6.45000E-01  1.00000E+00  1.00000E-04  8.54695E-17
  6.46000E-01  1.00000E+00  1.00000E-04  1.10783E-11
  6.47000E-01  1.00000E+00  1.00000E-04 -7.76996E-17
  6.48000E-01  1.00000E+00  1.00000E-04  1.10781E-11
  6.49000E-01  1.00000E+00  1.00000E-04  6.64505E-11
  6.50000E-01  9.99999E-01  9.99999E-05 -4.43061E-11
  6.51000E-01  1.00000E+00  1.00000E-04 -4.43161E-11
  6.52000E-01  1.00000E+00  1.00000E-04 -1.10778E-11
  6.53000E-01  1.00000E+00  1.00000E-04  1.10791E-11
  6.54000E-01  1.00000E+00  1.00000E-04 -1.01786E-16
  6.55000E-01  1.00000E+00  1.00000E-04 -6.64677E-11
  6.56000E-01  1.00000E+00  1.00000E-04 -9.40165E-17
  6.57000E-01  1.00000E+00  1.00000E-04  1.10790E-11
  6.58000E-01  1.00000E+00  1.00000E-04  6.64691E-11
  6.59000E-01  1.00000E+00  1.00000E-04 -2.21564E-11
  6.60000E-01  1.00000E+00  1.00000E-04 -1.10766E-11
  6.61000E-01  1.00000E+00  1.00000E-04  6.64582E-11
  6.62000E-01  1.00000E+00  1.00000E-04 -4.43123E-11
  6.63000E-01  1.00000E+00  1.00000E-04  8.54695E-17
  6.64000E-01  1.00000E+00  1.00000E-04  7.76996E-17
  6.65000E-01  1.00000E+00  1.00000E-04 -1.10759E-11
  6.66000E-01  1.00000E+00  1.00000E-04  2.43638E-10
  6.67000E-01  9.99998E-01  9.99998E-05 -6.64556E-11
  6.68000E-01  1.00000E+00  1.00000E-04 -1.43980E-10
  6.69000E-01  1.00000E+00  1.00000E-04  1.10782E-11
  6.70000E-01  1.00000E+00  1.00000E-04 -1.32948E-10
  6.71000E-01  1.00000E+00  1.00000E-04  0.00000E+00
  6.72000E-01  1.00000E+00  1.00000E-04  1.21865E-10
  6.73000E-01  1.00000E+00  1.00000E-04  3.32274E-11
  6.74000E-01  1.00000E+00  1.00000E-04 -2.21541E-11
  6.75000E-01  1.00000E+00  1.00000E-04 -1.47690E-11
  6.76000E-01  1.00000E+00  1.00000E-04 -1.47664E-11
  6.77000E-01  1.00000E+00  1.00000E-04 -1.47692E-11
  6.78000E-01  1.00000E+00  1.00000E-04  3.32324E-11
  6.79000E-01  1.00000E+00  1.00000E-04 -5.53929E-11
  6.80000E-01  1.00000E+00  1.00000E-04  2.21571E-11
  6.81000E-01  1.00000E+00  9.99999E-05  1.21831E-10
  6.82000E-01  9.99999E-01  9.99999E-05 -8.86037E-11
  6.83000E-01  1.00000E+00  1.00000E-04  5.53873E-12
  6.84000E-01  1.00000E+00  1.00000E-04  5.53611E-12
  6.85000E-01  1.00000E+00  1.00000E-04 -2.21528E-11
  6.86000E-01  1.00000E+00  1.00000E-04  5.53922E-11
  6.87000E-01  9.99999E-01  9.99999E-05 -1.10757E-11
  6.88000E-01  1.00000E+00  1.00000E-04 -5.53801E-11
  6.89000E-01  1.00000E+00  1.00000E-04  3.32174E-11
  6.90000E-01  1.00000E+00  1.00000E-04 -2.05458E-15
  6.91000E-01  1.00000E+00  1.00000E-04  1.99349E-10
  6.92000E-01  9.99999E-01  9.99997E-05 -8.85937E-11
  6.93000E-01  1.00000E+00  1.00000E-04 -1.55049E-10
  6.94000E-01  1.00000E+00  9.99999E-05 -2.21374E-11
  6.95000E-01  1.00000E+00  1.00000E-04 -1.43998E-10
  6.96000E-01  1.00000E+00  1.00000E-04  7.08721E-10
  6.97000E-01  9.99995E-01  9.99994E-05 -7.75080E-11
  6.98000E-01  1.00000E+00  1.00000E-04 -4.54011E-10
  6.99000E-01  1.00000E+00  1.00000E-04  0.00000E+00
  7.00000E-01  1.00000E+00  1.00000E-04  0.00000E+00
  7.01000E-01  1.00000E+00  1.00000E-04  0.00000E+00
  7.02000E-01  1.00000E+00  1.00000E-04  0.00000E+00
  7.03000E-01  1.00000E+00  1.00000E-04  0.00000E+00
  7.04000E-01  1.00000E+00  1.00000E-04  0.00000E+00
  7.05000E-01  1.00000E+00  1.00000E-04  7.75428E-11
  7.06000E-01  1.00000E+00  9.99999E-05  4.43030E-11
  7.07000E-01  1.00000E+00  1.00000E-04 -2.10458E-10
  7.08000E-01  1.00000E+00  1.00000E-04  3.32338E-11
  7.09000E-01  1.00000E+00  1.00000E-04  5.53826E-11
  7.10000E-01  1.00000E+00  1.00000E-04  0.00000E+00
  7.11000E-01  1.00000E+00  1.00000E-04  0.00000E+00
  7.12000E-01  1.00000E+00  1.00000E-04  0.00000E+00
  7.13000E-01  1.00000E+00  1.00000E-04  0.00000E+00
  7.14000E-01  1.00000E+00  1.00000E-04  0.00000E+00
  7.15000E-01  1.00000E+00  1.00000E-04  0.00000E+00
  7.16000E-01  1.00000E+00  1.00000E-04  0.00000E+00
  7.17000E-01  1.00000E+00  1.00000E-04 -1.10769E-11
  7.18000E-01  1.00000E+00  1.00000E-04  0.00000E+00
  7.19000E-01  1.00000E+00  1.00000E-04  1.10786E-11
  7.20000E-01  1.00000E+00  1.00000E-04 -1.57771E-10
  7.21000E-01  1.00000E+00  1.00000E-04 -4.46829E-08
  7.22000E-01  1.00000E+00  1.00104E-04 -4.50665E-15
  7.23000E-01  1.00000E+00  1.00000E-04  4.46815E-08
  7.24000E-01  1.00000E+00  1.00000E-04  1.28649E-10
  7.25000E-01  1.00000E+00  1.00000E-04  7.43036E-12
  7.26000E-01  1.00000E+00  1.00000E-04  2.21520E-11
  7.27000E-01  1.00000E+00  1.00000E-04  0.00000E+00
  7.28000E-01  1.00000E+00  1.00000E-04  0.00000E+00
  7.29000E-01  1.00000E+00  1.00000E-04  0.00000E+00
  7.30000E-01  1.00000E+00  1.00000E-04  0.00000E+00
  7.31000E-01  1.00000E+00  1.00000E-04  0.00000E+00
  7.32000E-01  1.00000E+00  1.00000E-04  0.00000E+00
  7.33000E-01  1.00000E+00  1.00000E-04  0.00000E+00
  7.34000E-01  1.00000E+00  1.00000E-04  0.00000E+00
  7.35000E-01  1.00000E+00  1.00000E-04  0.00000E+00
  7.36000E-01  1.00000E+00  1.00000E-04  0.00000E+00
  7.37000E-01  1.00000E+00  1.00000E-04  0.00000E+00
  7.38000E-01  1.00000E+00  1.00000E-04  0.00000E+00
  7.39000E-01  1.00000E+00  1.00000E-04  0.00000E+00
  7.40000E-01  1.00000E+00  1.00000E-04  0.00000E+00
  7.41000E-01  1.00000E+00  1.00000E-04  0.00000E+00
  7.42000E-01  1.00000E+00  1.00000E-04 -2.21550E-11
  7.43000E-01  1.00000E+00  1.00000E-04 -1.10781E-11
  7.44000E-01  1.00000E+00  1.00000E-04  3.32333E-11
  7.45000E-01  1.00000E+00  1.00000E-04  7.76995E-17
  7.46000E-01  1.00000E+00  1.00000E-04  0.00000E+00
  7.47000E-01  1.00000E+00  1.00000E-04  0.00000E+00
  7.48000E-01  1.00000E+00  1.00000E-04  0.00000E+00
  7.49000E-01  1.00000E+00  1.00000E-04 -1.10779E-11
  7.50000E-01  1.00000E+00  1.00000E-04 -1.10777E-11
  7.51000E-01  1.00000E+00  1.00000E-04  2.21553E-11
  7.52000E-01  1.00000E+00  1.00000E-04  1.10759E-11
  7.53000E-01  1.00000E+00  1.00000E-04 -1.10759E-11
  7.54000E-01  1.00000E+00  1.00000E-04  0.00000E+00
  7.55000E-01  1.00000E+00  1.00000E-04  1.10779E-11
  7.56000E-01  1.00000E+00  1.00000E-04  0.00000E+00
  7.57000E-01  1.00000E+00  1.00000E-04 -1.10772E-11
  7.58000E-01  1.00000E+00  1.00000E-04  0.00000E+00
  7.59000E-01  1.00000E+00  1.00000E-04  0.00000E+00
  7.60000E-01  1.00000E+00  1.00000E-04  0.00000E+00
  7.61000E-01  1.00000E+00  1.00000E-04  0.00000E+00
  7.62000E-01  1.00000E+00  1.00000E-04  0.00000E+00
  7.63000E-01  1.00000E+00  1.00000E-04  0.00000E+00
  7.64000E-01  1.00000E+00  1.00000E-04  0.00000E+00
  7.65000E-01  1.00000E+00  1.00000E-04  0.00000E+00
  7.66000E-01  1.00000E+00  1.00000E-04  1.10771E-11
  7.67000E-01  1.00000E+00  1.00000E-04  0.00000E+00
  7.68000E-01  1.00000E+00  1.00000E-04 -1.10779E-11
  7.69000E-01  1.00000E+00  1.00000E-04 -6.64630E-11
  7.70000E-01  1.00000E+00  1.00000E-04  0.00000E+00
  7.71000E-01  1.00000E+00  1.00000E-04 -8.01656E-11
  7.72000E-01  1.00000E+00  1.00000E-04 -4.13030E-08
  7.73000E-01  1.00000E+00  1.00096E-04 -2.04140E-13
  7.74000E-01  1.00000E+00  1.00000E-04  4.11485E-08
  7.75000E-01  1.00000E+00  1.00000E-04 -4.47294E-08
  7.76000E-01  1.00000E+00  1.00105E-04  1.98219E-13
  7.77000E-01  1.00000E+00  1.00000E-04  4.48768E-08
  7.78000E-01  1.00000E+00  1.00000E-04  1.91418E-10
  7.79000E-01  1.00000E+00  1.00000E-04  0.00000E+00
  7.80000E-01  1.00000E+00  1.00000E-04 -3.32318E-11
  7.81000E-01  1.00000E+00  1.00000E-04  1.10771E-11
  7.82000E-01  1.00000E+00  1.00000E-04  0.00000E+00
  7.83000E-01  1.00000E+00  1.00000E-04 -1.10767E-11
  7.84000E-01  1.00000E+00  1.00000E-04  3.32354E-11
  7.85000E-01  1.00000E+00  1.00000E-04  0.00000E+00
  7.86000E-01  1.00000E+00  1.00000E-04 -3.32334E-11
  7.87000E-01  1.00000E+00  1.00000E-04  0.00000E+00
  7.88000E-01  1.00000E+00  1.00000E-04  0.00000E+00
  7.89000E-01  1.00000E+00  1.00000E-04  0.00000E+00
  7.90000E-01  1.00000E+00  1.00000E-04  0.00000E+00
  7.91000E-01  1.00000E+00  1.00000E-04  0.00000E+00
  7.92000E-01  1.00000E+00  1.00000E-04 -1.10762E-11
  7.93000E-01  1.00000E+00  1.00000E-04  0.00000E+00
  7.94000E-01  1.00000E+00  1.00000E-04  1.10761E-11
  7.95000E-01  1.00000E+00  1.00000E-04 -1.10779E-11
  7.96000E-01  1.00000E+00  1.00000E-04  0.00000E+00
  7.97000E-01  1.00000E+00  1.00000E-04  1.10771E-11
  7.98000E-01  1.00000E+00  1.00000E-04  4.43080E-11
  7.99000E-01  9.99999E-01  9.99999E-05  0.00000E+00
  8.00000E-01  1.00000E+00  1.00000E-04 -4.43083E-11
  8.01000E-01  1.00000E+00  1.00000E-04  4.43138E-11
  8.02000E-01  9.99999E-01  9.99999E-05  0.00000E+00
  8.03000E-01  1.00000E+00  1.00000E-04 -4.43051E-11
  8.04000E-01  1.00000E+00  1.00000E-04  0.00000E+00
  8.05000E-01  1.00000E+00  1.00000E-04 -1.25073E-10
  8.06000E-01  1.00000E+00  1.00000E-04 -3.54127E-08
  8.07000E-01  1.00000E+00  1.00082E-04 -1.58843E-13
  8.08000E-01  1.00000E+00  1.00000E-04  3.52888E-08
  8.09000E-01  1.00000E+00  1.00000E-04 -3.52871E-08
  8.10000E-01  1.00000E+00  1.00082E-04  1.68102E-13
  8.11000E-01  1.00000E+00  1.00000E-04  3.54134E-08
  8.12000E-01  1.00000E+00  1.00000E-04  1.57969E-10
  8.13000E-01  1.00000E+00  1.00000E-04  0.00000E+00
  8.14000E-01  1.00000E+00  1.00000E-04 -3.32318E-11
  8.15000E-01  1.00000E+00  1.00000E-04  3.32349E-11
  8.16000E-01  1.00000E+00  1.00000E-04  1.10768E-11
  8.17000E-01  1.00000E+00  1.00000E-04 -6.64618E-11
  8.18000E-01  1.00000E+00  1.00000E-04  1.10782E-11
  8.19000E-01  1.00000E+00  1.00000E-04  1.10770E-11
  8.20000E-01  1.00000E+00  1.00000E-04  0.00000E+00
  8.21000E-01  1.00000E+00  1.00000E-04  0.00000E+00
  8.22000E-01  1.00000E+00  1.00000E-04  0.00000E+00
  8.23000E-01  1.00000E+00  1.00000E-04  2.21543E-11
  8.24000E-01  1.00000E+00  1.00000E-04  2.47443E-16
  8.25000E-01  1.00000E+00  1.00000E-04 -1.10791E-11
  8.26000E-01  1.00000E+00  1.00000E-04  7.76995E-17
  8.27000E-01  1.00000E+00  1.00000E-04 -1.10775E-11
  8.28000E-01  1.00000E+00  1.00000E-04  0.00000E+00
  8.29000E-01  1.00000E+00  1.00000E-04  1.10774E-11
  8.30000E-01  1.00000E+00  1.00000E-04  0.00000E+00
  8.31000E-01  1.00000E+00  1.00000E-04 -1.10781E-11
  8.32000E-01  1.00000E+00  1.00000E-04  0.00000E+00
  8.33000E-01  1.00000E+00  1.00000E-04  0.00000E+00
  8.34000E-01  1.00000E+00  1.00000E-04  2.21577E-11
  8.35000E-01  1.00000E+00  1.00000E-04  0.00000E+00
  8.36000E-01  1.00000E+00  1.00000E-04 -2.21558E-11
  8.37000E-01  1.00000E+00  1.00000E-04  0.00000E+00
  8.38000E-01  1.00000E+00  1.00000E-04 -1.54477E-10
  8.39000E-01  1.00000E+00  1.00000E-04 -4.37433E-08
  8.40000E-01  1.00000E+00  1.00102E-04 -4.56379E-11
  8.41000E-01  1.00000E+00  1.00000E-04  4.37928E-08
  8.42000E-01  1.00000E+00  1.00000E-04  1.76640E-10
  8.43000E-01  1.00000E+00  1.00000E-04  8.54695E-17
  8.44000E-01  1.00000E+00  1.00000E-04 -2.21553E-11
  8.45000E-01  1.00000E+00  1.00000E-04  1.10781E-11
  8.46000E-01  1.00000E+00  1.00000E-04  0.00000E+00
  8.47000E-01  1.00000E+00  1.00000E-04 -2.21545E-11
  8.48000E-01  1.00000E+00  1.00000E-04  1.10796E-11
  8.49000E-01  1.00000E+00  1.00000E-04  0.00000E+00
  8.50000E-01  1.00000E+00  1.00000E-04  0.00000E+00
  8.51000E-01  1.00000E+00  1.00000E-04 -5.53930E-12
  8.52000E-01  1.00000E+00  1.00000E-04 -5.53847E-12
  8.53000E-01  1.00000E+00  1.00000E-04  2.21534E-11
  8.54000E-01  1.00000E+00  1.00000E-04  0.00000E+00
  8.55000E-01  1.00000E+00  1.00000E-04  4.76022E-10
  8.56000E-01  9.99994E-01  9.99994E-05 -5.81046E-16
  8.57000E-01  1.00000E+00  1.00000E-04 -4.86726E-10
  8.58000E-01  1.00000E+00  1.00000E-04  9.92411E-11
  8.59000E-01  9.99999E-01  9.99999E-05  8.54695E-17
  8.60000E-01  1.00000E+00  1.00000E-04 -9.96947E-11
  8.61000E-01  1.00000E+00  1.00000E-04  0.00000E+00
  8.62000E-01  1.00000E+00  1.00000E-04  0.00000E+00
  8.63000E-01  1.00000E+00  1.00000E-04  0.00000E+00
  8.64000E-01  1.00000E+00  1.00000E-04  0.00000E+00
  8.65000E-01  1.00000E+00  1.00000E-04  0.00000E+00
  8.66000E-01  1.00000E+00  1.00000E-04  1.10777E-11
  8.67000E-01  1.00000E+00  1.00000E-04  2.21553E-11
  8.68000E-01  1.00000E+00  1.00000E-04 -3.32336E-11
  8.69000E-01  1.00000E+00  1.00000E-04  0.00000E+00
  8.70000E-01  1.00000E+00  1.00000E-04  0.00000E+00
  8.71000E-01  1.00000E+00  1.00000E-04  1.10787E-11
  8.72000E-01  1.00000E+00  1.00000E-04  3.32305E-11
  8.73000E-01  1.00000E+00  1.00000E-04 -6.64643E-11
  8.74000E-01  1.00000E+00  1.00000E-04  1.10786E-11
  8.75000E-01  1.00000E+00  1.00000E-04  1.10769E-11
  8.76000E-01  1.00000E+00  1.00000E-04  2.21525E-11
  8.77000E-01  1.00000E+00  1.00000E-04  0.00000E+00
  8.78000E-01  1.00000E+00  1.00000E-04 -3.32323E-11
  8.79000E-01  1.00000E+00  1.00000E-04  3.32352E-11
  8.80000E-01  1.00000E+00  1.00000E-04  1.10786E-11
  8.81000E-01  1.00000E+00  1.00000E-04  9.96785E-11
  8.82000E-01  9.99998E-01  9.99998E-05  7.76995E-17
  8.83000E-01  1.00000E+00  1.00000E-04 -1.32909E-10
  8.84000E-01  1.00000E+00  1.00000E-04  1.10774E-11
  8.85000E-01  1.00000E+00  1.00000E-04  0.00000E+00
  8.86000E-01  1.00000E+00  1.00000E-04 -1.10789E-11
  8.87000E-01  1.00000E+00  1.00000E-04  0.00000E+00
  8.88000E-01  1.00000E+00  1.00000E-04  0.00000E+00
  8.89000E-01  1.00000E+00  1.00000E-04  1.10780E-11
  8.90000E-01  1.00000E+00  1.00000E-04  0.00000E+00
  8.91000E-01  1.00000E+00  1.00000E-04 -1.10762E-11
  8.92000E-01  1.00000E+00  1.00000E-04  0.00000E+00
  8.93000E-01  1.00000E+00  1.00000E-04  0.00000E+00
  8.94000E-01  1.00000E+00  1.00000E-04  0.00000E+00
  8.95000E-01  1.00000E+00  1.00000E-04  1.10777E-11
  8.96000E-01  1.00000E+00  1.00000E-04 -1.10784E-11
  8.97000E-01  1.00000E+00  1.00000E-04  0.00000E+00
  8.98000E-01  1.00000E+00  1.00000E-04  0.00000E+00
  8.99000E-01  1.00000E+00  1.00000E-04 -2.44871E-16
  9.00000E-01  1.00000E+00  1.00000E-04  1.14794E-16
  9.01000E-01  1.00000E+00  1.00000E-04  1.30077E-16
  9.02000E-01  1.00000E+00  1.00000E-04  0.00000E+00
  9.03000E-01  1.00000E+00  1.00000E-04 -5.53809E-12
  9.04000E-01  1.00000E+00  1.00000E-04 -5.53937E-12
  9.05000E-01  1.00000E+00  1.00000E-04  8.54695E-17
  9.06000E-01  1.00000E+00  1.00000E-04 -2.21559E-11
  9.07000E-01  1.00000E+00  1.00000E-04  2.21581E-11
  9.08000E-01  1.00000E+00  1.00000E-04  1.10760E-11
  9.09000E-01  1.00000E+00  1.00000E-04  1.10775E-11
  9.10000E-01  1.00000E+00  1.00000E-04 -5.53896E-12
  9.11000E-01  1.00000E+00  1.00000E-04 -5.53823E-12
  9.12000E-01  1.00000E+00  1.00000E-04  7.76995E-17
  9.13000E-01  1.00000E+00  1.00000E-04  0.00000E+00
  9.14000E-01  1.00000E+00  1.00000E-04  0.00000E+00
  9.15000E-01  1.00000E+00  1.00000E-04  0.00000E+00
  9.16000E-01  1.00000E+00  1.00000E-04  4.43082E-11
  9.17000E-01  9.99999E-01  9.99999E-05  0.00000E+00
  9.18000E-01  1.00000E+00  1.00000E-04 -4.43129E-11
  9.19000E-01  1.00000E+00  1.00000E-04  0.00000E+00
  9.20000E-01  1.00000E+00  1.00000E-04  0.00000E+00
  9.21000E-01  1.00000E+00  1.00000E-04  5.53900E-11
  9.22000E-01  9.99999E-01  9.99999E-05  3.02648E-16
  9.23000E-01  1.00000E+00  1.00000E-04 -3.32274E-11
  9.24000E-01  1.00000E+00  1.00000E-04  3.32252E-11
  9.25000E-01  1.00000E+00  1.00000E-04 -3.32254E-11
  9.26000E-01  1.00000E+00  1.00000E-04 -2.21534E-11
  9.27000E-01  1.00000E+00  1.00000E-04  0.00000E+00
  9.28000E-01  1.00000E+00  1.00000E-04 -2.33099E-16
  9.29000E-01  1.00000E+00  1.00000E-04  7.76995E-17
  9.30000E-01  1.00000E+00  1.00000E-04  7.76995E-17
  9.31000E-01  1.00000E+00  1.00000E-04  1.10766E-11
  9.32000E-01  1.00000E+00  1.00000E-04  4.93904E-12
  9.33000E-01  1.00000E+00  1.00000E-04 -4.93916E-12
  9.34000E-01  1.00000E+00  1.00000E-04 -1.10783E-11
  9.35000E-01  1.00000E+00  1.00000E-04  0.00000E+00
  9.36000E-01  1.00000E+00  1.00000E-04 -2.21527E-11
  9.37000E-01  1.00000E+00  1.00000E-04  0.00000E+00
  9.38000E-01  1.00000E+00  1.00000E-04  6.64562E-11
  9.39000E-01  1.00000E+00  1.00000E-04  0.00000E+00
  9.40000E-01  1.00000E+00  1.00000E-04 -6.64680E-11
  9.41000E-01  1.00000E+00  1.00000E-04  0.00000E+00
  9.42000E-01  1.00000E+00  1.00000E-04  7.75323E-11
  9.43000E-01  1.00000E+00  1.00000E-04 -1.10754E-11
  9.44000E-01  1.00000E+00  1.00000E-04 -1.10783E-11
  9.45000E-01  1.00000E+00  1.00000E-04  2.98970E-10
  9.46000E-01  9.99996E-01  9.99996E-05  8.86065E-11
  9.47000E-01  1.00000E+00  1.00000E-04 -4.31841E-10
  9.48000E-01  1.00000E+00  1.00000E-04  1.10769E-11
  9.49000E-01  1.00000E+00  1.00000E-04  1.10764E-11
  9.50000E-01  1.00000E+00  1.00000E-04  3.32248E-11
  9.51000E-01  1.00000E+00  1.00000E-04  1.10778E-11
  9.52000E-01  1.00000E+00  1.00000E-04 -8.24931E-13
  9.53000E-01  1.00000E+00  1.00000E-04 -1.02533E-11
  9.54000E-01  1.00000E+00  1.00000E-04 -9.96816E-11
  9.55000E-01  1.00000E+00  1.00000E-04  3.32349E-11
  9.56000E-01  1.00000E+00  1.00000E-04  3.32372E-11
  9.57000E-01  1.00000E+00  1.00000E-04  1.10788E-11
  9.58000E-01  1.00000E+00  1.00000E-04  2.21532E-11
  9.59000E-01  1.00000E+00  1.00000E-04 -6.64497E-11
  9.60000E-01  1.00000E+00  1.00000E-04  1.10755E-11
  9.61000E-01  1.00000E+00  1.00000E-04  1.10776E-11
  9.62000E-01  1.00000E+00  1.00000E-04 -2.21517E-11
  9.63000E-01  1.00000E+00  1.00000E-04 -4.43132E-11
  9.64000E-01  1.00000E+00  1.00000E-04  1.10772E-10
  9.65000E-01  1.00000E+00  1.00000E-04  1.10780E-11
  9.66000E-01  1.00000E+00  1.00000E-04 -1.32899E-10
  9.67000E-01  1.00000E+00  1.00000E-04  4.43168E-11
  9.68000E-01  1.00000E+00  1.00000E-04 -1.21530E-16
  9.69000E-01  1.00000E+00  1.00000E-04 -1.10790E-11
  9.70000E-01  1.00000E+00  1.00000E-04  1.10774E-11
  9.71000E-01  1.00000E+00  1.00000E-04  7.75235E-11
  9.72000E-01  9.99999E-01  9.99999E-05  2.21556E-11
  9.73000E-01  1.00000E+00  1.00000E-04  3.54314E-10
  9.74000E-01  9.99995E-01  9.99995E-05  2.21484E-11
  9.75000E-01  1.00000E+00  1.00000E-04 -4.65028E-10
  9.76000E-01  1.00000E+00  1.00000E-04  4.43055E-11
  9.77000E-01  1.00000E+00  9.99999E-05  3.32278E-11
  9.78000E-01  1.00000E+00  1.00000E-04 -9.96611E-11
  9.79000E-01  9.99999E-01  1.00000E-04  1.47978E-15
  9.80000E-01  1.00000E+00  1.00000E-04  2.43588E-10
  9.81000E-01  9.99998E-01  9.99998E-05  1.10857E-11
  9.82000E-01  1.00000E+00  1.00000E-04 -3.21141E-10
  9.83000E-01  1.00000E+00  1.00000E-04  4.43022E-11
  9.84000E-01  1.00000E+00  1.00000E-04  2.75202E-15
  9.85000E-01  1.00000E+00  1.00000E-04  3.76529E-10
  9.86000E-01  9.99996E-01  9.99995E-05 -3.09907E-10
  9.87000E-01  1.00001E+00  1.00001E-04 -3.87630E-10
  9.88000E-01  1.00000E+00  1.00000E-04  2.65600E-10
  9.89000E-01  1.00000E+00  1.00000E-04  1.46962E-09
  9.90000E-01  9.99981E-01  9.99981E-05  1.32897E-10
  9.91000E-01  1.00000E+00  1.00000E-04 -1.47392E-09
  9.92000E-01  1.00000E+00  1.00000E-04 -6.84350E-12
  9.93000E-01  1.00000E+00  1.00000E-04  0.00000E+00
  9.94000E-01  1.00000E+00  1.00000E-04 -2.21532E-11
  9.95000E-01  1.00000E+00  1.00000E-04  0.00000E+00
  9.96000E-01  1.00000E+00  1.00000E-04  2.21563E-11
  9.97000E-01  1.00000E+00  1.00000E-04  0.00000E+00
  9.98000E-01  1.00000E+00  1.00000E-04  0.00000E+00
  9.99000E-01  1.00000E+00  1.00000E-04  0.00000E+00
