  0.00000E+00  7.01150E-05  1.44662E-01  1.46777E-03
  1.00000E-02  7.01147E-05  1.44661E-01  4.37030E-03
  2.00000E-02  7.01155E-05  1.44659E-01  6.96880E-03
  3.00000E-02  7.01184E-05  1.44657E-01  9.41443E-03
  4.00000E-02  7.01413E-05  1.44656E-01  1.21446E-02
  5.00000E-02  7.02078E-05  1.44656E-01  1.50448E-02
  6.00000E-02  7.03101E-05  1.44657E-01  1.80190E-02
  7.00000E-02  7.04230E-05  1.44658E-01  2.09045E-02
  8.00000E-02  7.05087E-05  1.44658E-01  2.36238E-02
  9.00000E-02  7.05729E-05  1.44658E-01  2.62637E-02
  1.00000E-01  7.06907E-05  1.44658E-01  2.88842E-02
  1.10000E-01  7.13530E-05  1.44658E-01  3.15453E-02
  1.20000E-01  7.41695E-05  1.44657E-01  3.42528E-02
  1.30000E-01  7.88747E-05  1.44658E-01  3.69511E-02
  1.40000E-01  8.51680E-05  1.44658E-01  3.97731E-02
  1.50000E-01  9.23298E-05  1.44658E-01  4.26363E-02
  1.60000E-01  1.00315E-04  1.44659E-01  4.53917E-02
  1.70000E-01  1.09133E-04  1.44659E-01  4.81599E-02
  1.80000E-01  1.19006E-04  1.44659E-01  5.09613E-02
  1.90000E-01  1.29982E-04  1.44659E-01  5.38074E-02
  2.00000E-01  1.42251E-04  1.44659E-01  5.66540E-02
  2.10000E-01  1.56349E-04  1.44659E-01  5.94123E-02
  2.20000E-01  1.72587E-04  1.44659E-01  6.21361E-02
  2.30000E-01  1.91876E-04  1.44659E-01  6.48575E-02
  2.40000E-01  2.14894E-04  1.44660E-01  6.77172E-02
  2.50000E-01  2.42824E-04  1.44661E-01  7.07076E-02
  2.60000E-01  2.76909E-04  1.44661E-01  7.35900E-02
  2.70000E-01  3.18299E-04  1.44661E-01  7.64112E-02
  2.80000E-01  3.69972E-04  1.44659E-01  7.92363E-02
  2.90000E-01  4.32959E-04  1.44658E-01  8.19872E-02
  3.00000E-01  5.09508E-04  1.44657E-01  8.47633E-02
  3.10000E-01  6.01148E-04  1.44658E-01  8.76437E-02
  3.20000E-01  7.08990E-04  1.44658E-01  9.05139E-02
  3.30000E-01  8.32215E-04  1.44657E-01  9.32265E-02
  3.40000E-01  9.71822E-04  1.44656E-01  9.60211E-02
  3.50000E-01  1.12533E-03  1.44655E-01  9.87702E-02
  3.60000E-01  1.29362E-03  1.44655E-01  1.01597E-01
  3.70000E-01  1.47497E-03  1.44656E-01  1.04478E-01
  3.80000E-01  1.67028E-03  1.44658E-01  1.07310E-01
  3.90000E-01  1.87931E-03  1.44660E-01  1.10150E-01
  4.00000E-01  2.10069E-03  1.44660E-01  1.12951E-01
  4.10000E-01  2.33637E-03  1.44660E-01  1.15787E-01
  4.20000E-01  2.58740E-03  1.44658E-01  1.18689E-01
  4.30000E-01  2.85495E-03  1.44663E-01  1.21566E-01
  4.40000E-01  3.14319E-03  1.44669E-01  1.24460E-01
  4.50000E-01  3.44980E-03  1.44680E-01  1.27388E-01
  4.60000E-01  3.78005E-03  1.44693E-01  1.30167E-01
  4.70000E-01  4.14015E-03  1.44709E-01  1.33039E-01
  4.80000E-01  4.52370E-03  1.44720E-01  1.35732E-01
  4.90000E-01  4.94556E-03  1.44736E-01  1.38681E-01
  5.00000E-01  5.39835E-03  1.44749E-01  1.41413E-01
  5.10000E-01  5.89474E-03  1.44772E-01  1.44309E-01
  5.20000E-01  6.42603E-03  1.44779E-01  1.46858E-01
  5.30000E-01  7.01125E-03  1.44798E-01  1.49856E-01
  5.40000E-01  7.61486E-03  1.44811E-01  1.52441E-01
  5.50000E-01  8.30781E-03  1.44836E-01  1.55592E-01
  5.60000E-01  8.95283E-03  1.44854E-01  1.58144E-01
  5.70000E-01  9.78997E-03  1.44889E-01  1.61294E-01
  5.80000E-01  1.04313E-02  1.44909E-01  1.63859E-01
  5.90000E-01  1.14716E-02  1.44965E-01  1.67056E-01
  6.00000E-01  1.20445E-02  1.44983E-01  1.69673E-01
  6.10000E-01  1.32902E-02  1.45047E-01  1.72706E-01
  6.20000E-01  1.39140E-02  1.45066E-01  1.75292E-01
  6.30000E-01  1.52144E-02  1.45133E-01  1.78353E-01
  6.40000E-01  1.59206E-02  1.45151E-01  1.80898E-01
  6.50000E-01  1.74035E-02  1.45234E-01  1.84045E-01
  6.60000E-01  1.81532E-02  1.45265E-01  1.86766E-01
  6.70000E-01  1.97811E-02  1.45366E-01  1.90020E-01
  6.80000E-01  2.06404E-02  1.45410E-01  1.92582E-01
  6.90000E-01  2.24509E-02  1.45539E-01  1.95806E-01
  7.00000E-01  2.33780E-02  1.45590E-01  1.98330E-01
  7.10000E-01  2.53923E-02  1.45726E-01  2.01677E-01
  7.20000E-01  2.64414E-02  1.45780E-01  2.04048E-01
  7.30000E-01  2.86557E-02  1.45910E-01  2.07529E-01
  7.40000E-01  2.97962E-02  1.45974E-01  2.09868E-01
  7.50000E-01  3.22665E-02  1.46158E-01  2.13490E-01
  7.60000E-01  3.35464E-02  1.46246E-01  2.15822E-01
  7.70000E-01  3.62644E-02  1.46464E-01  2.19601E-01
  7.80000E-01  3.76651E-02  1.46560E-01  2.21932E-01
  7.90000E-01  4.06740E-02  1.46777E-01  2.25853E-01
  8.00000E-01  4.22252E-02  1.46882E-01  2.28336E-01
  8.10000E-01  4.55387E-02  1.47153E-01  2.32259E-01
  8.20000E-01  4.72622E-02  1.47291E-01  2.34552E-01
  8.30000E-01  5.09604E-02  1.47616E-01  2.38527E-01
  8.40000E-01  5.28597E-02  1.47768E-01  2.40968E-01
  8.50000E-01  5.68756E-02  1.48113E-01  2.45101E-01
  8.60000E-01  5.89531E-02  1.48295E-01  2.47730E-01
  8.70000E-01  6.33944E-02  1.48733E-01  2.51827E-01
  8.80000E-01  6.56891E-02  1.48954E-01  2.54503E-01
  8.90000E-01  7.05412E-02  1.49428E-01  2.58706E-01
  9.00000E-01  7.30506E-02  1.49678E-01  2.61676E-01
  9.10000E-01  7.83658E-02  1.50257E-01  2.65685E-01
  9.20000E-01  8.11032E-02  1.50554E-01  2.68266E-01
  9.30000E-01  8.69265E-02  1.51208E-01  2.72377E-01
  9.40000E-01  8.99382E-02  1.51541E-01  2.75562E-01
  9.50000E-01  9.63646E-02  1.52293E-01  2.80078E-01
  9.60000E-01  9.95936E-02  1.52599E-01  2.82659E-01
  9.70000E-01  1.06782E-01  1.53383E-01  2.87971E-01
  9.80000E-01  1.10099E-01  1.53753E-01  2.90427E-01
  9.90000E-01  1.19814E-01  1.54783E-01  2.96182E-01
