  0.00000E+00  4.98839E-05  8.20221E+01  1.69622E-02
  1.00000E-03  4.98841E-05  8.20238E+01  4.68356E-02
  2.00000E-03  4.98857E-05  8.20270E+01  8.02693E-02
  3.00000E-03  4.98886E-05  8.20306E+01  1.06378E-01
  4.00000E-03  4.98958E-05  8.20339E+01  1.23788E-01
  5.00000E-03  4.99223E-05  8.20369E+01  1.41485E-01
  6.00000E-03  4.99764E-05  8.20393E+01  1.67699E-01
  7.00000E-03  5.00451E-05  8.20414E+01  2.02213E-01
  8.00000E-03  5.01184E-05  8.20432E+01  2.43002E-01
  9.00000E-03  5.01738E-05  8.20450E+01  2.85262E-01
  1.00000E-02  5.02122E-05  8.20468E+01  3.26186E-01
  1.10000E-02  5.02626E-05  8.20483E+01  3.69527E-01
  1.20000E-02  5.04664E-05  8.20494E+01  4.17796E-01
  1.30000E-02  5.16464E-05  8.20503E+01  4.68561E-01
  1.40000E-02  5.40022E-05  8.20511E+01  5.19713E-01
  1.50000E-02  5.75328E-05  8.20519E+01  5.73021E-01
  1.60000E-02  6.16902E-05  8.20528E+01  6.25624E-01
  1.70000E-02  6.63514E-05  8.20534E+01  6.81304E-01
  1.80000E-02  7.13828E-05  8.20536E+01  7.40913E-01
  1.90000E-02  7.70023E-05  8.20537E+01  8.01001E-01
  2.00000E-02  8.31841E-05  8.20539E+01  8.61748E-01
  2.10000E-02  8.99565E-05  8.20544E+01  9.21192E-01
  2.20000E-02  9.73828E-05  8.20544E+01  9.81569E-01
  2.30000E-02  1.05920E-04  8.20543E+01  1.04442E+00
  2.40000E-02  1.15100E-04  8.20541E+01  1.10877E+00
  2.50000E-02  1.26173E-04  8.20536E+01  1.17443E+00
  2.60000E-02  1.38741E-04  8.20531E+01  1.24265E+00
  2.70000E-02  1.53570E-04  8.20522E+01  1.31053E+00
  2.80000E-02  1.71455E-04  8.20510E+01  1.37791E+00
  2.90000E-02  1.92234E-04  8.20506E+01  1.44261E+00
  3.00000E-02  2.17582E-04  8.20499E+01  1.50813E+00
  3.10000E-02  2.47884E-04  8.20490E+01  1.57437E+00
  3.20000E-02  2.84478E-04  8.20479E+01  1.64000E+00
  3.30000E-02  3.28303E-04  8.20480E+01  1.70266E+00
  3.40000E-02  3.80232E-04  8.20476E+01  1.76497E+00
  3.50000E-02  4.40504E-04  8.20472E+01  1.82973E+00
  3.60000E-02  5.10900E-04  8.20461E+01  1.89732E+00
  3.70000E-02  5.89576E-04  8.20455E+01  1.96142E+00
  3.80000E-02  6.77293E-04  8.20452E+01  2.02259E+00
  3.90000E-02  7.73794E-04  8.20450E+01  2.08476E+00
  4.00000E-02  8.77514E-04  8.20451E+01  2.14654E+00
  4.10000E-02  9.90433E-04  8.20449E+01  2.21015E+00
  4.20000E-02  1.10958E-03  8.20432E+01  2.27935E+00
  4.30000E-02  1.23605E-03  8.20412E+01  2.34370E+00
  4.40000E-02  1.37234E-03  8.20422E+01  2.40521E+00
  4.50000E-02  1.51354E-03  8.20425E+01  2.46685E+00
  4.60000E-02  1.66480E-03  8.20430E+01  2.52807E+00
  4.70000E-02  1.82256E-03  8.20432E+01  2.58744E+00
  4.80000E-02  1.99237E-03  8.20505E+01  2.63343E+00
  4.90000E-02  2.17173E-03  8.20576E+01  2.67954E+00
  5.00000E-02  2.36044E-03  8.20611E+01  2.73520E+00
  5.10000E-02  2.56536E-03  8.20641E+01  2.79045E+00
  5.20000E-02  2.78007E-03  8.20714E+01  2.83802E+00
  5.30000E-02  3.01452E-03  8.20775E+01  2.89167E+00
  5.40000E-02  3.26305E-03  8.20798E+01  2.95016E+00
  5.50000E-02  3.53177E-03  8.20851E+01  3.00862E+00
  5.60000E-02  3.82068E-03  8.20877E+01  3.06729E+00
  5.70000E-02  4.13235E-03  8.20891E+01  3.13195E+00
  5.80000E-02  4.46488E-03  8.20909E+01  3.19054E+00
  5.90000E-02  4.81938E-03  8.20976E+01  3.24221E+00
  6.00000E-02  5.20668E-03  8.21022E+01  3.29842E+00
  6.10000E-02  5.60867E-03  8.21090E+01  3.35401E+00
  6.20000E-02  6.03975E-03  8.21141E+01  3.40630E+00
  6.30000E-02  6.48604E-03  8.21193E+01  3.45435E+00
  6.40000E-02  6.97640E-03  8.21273E+01  3.52739E+00
  6.50000E-02  7.46509E-03  8.21248E+01  3.58387E+00
  6.60000E-02  7.98765E-03  8.21330E+01  3.64783E+00
  6.70000E-02  8.53009E-03  8.21404E+01  3.71071E+00
  6.80000E-02  9.09787E-03  8.21449E+01  3.75728E+00
  6.90000E-02  9.68736E-03  8.21723E+01  3.80494E+00
  7.00000E-02  1.02980E-02  8.21954E+01  3.85131E+00
  7.10000E-02  1.09508E-02  8.21891E+01  3.91314E+00
  7.20000E-02  1.16131E-02  8.22082E+01  3.97588E+00
  7.30000E-02  1.23068E-02  8.22035E+01  4.03541E+00
  7.40000E-02  1.30431E-02  8.22135E+01  4.08974E+00
  7.50000E-02  1.38137E-02  8.22079E+01  4.15488E+00
  7.60000E-02  1.46108E-02  8.22011E+01  4.20344E+00
  7.70000E-02  1.54414E-02  8.22004E+01  4.25709E+00
  7.80000E-02  1.63247E-02  8.21990E+01  4.30205E+00
  7.90000E-02  1.72362E-02  8.22185E+01  4.36019E+00
  8.00000E-02  1.82074E-02  8.22398E+01  4.41932E+00
  8.10000E-02  1.92124E-02  8.22341E+01  4.47056E+00
  8.20000E-02  2.02633E-02  8.22275E+01  4.53010E+00
  8.30000E-02  2.13620E-02  8.22637E+01  4.57201E+00
  8.40000E-02  2.25108E-02  8.23074E+01  4.62403E+00
  8.50000E-02  2.36971E-02  8.23102E+01  4.66615E+00
  8.60000E-02  2.49566E-02  8.23090E+01  4.73682E+00
  8.70000E-02  2.62454E-02  8.23062E+01  4.80467E+00
  8.80000E-02  2.76207E-02  8.23542E+01  4.85079E+00
  8.90000E-02  2.90515E-02  8.24002E+01  4.89052E+00
  9.00000E-02  3.05310E-02  8.24286E+01  4.94862E+00
  9.10000E-02  3.20991E-02  8.24702E+01  4.99659E+00
  9.20000E-02  3.37137E-02  8.24894E+01  5.05048E+00
  9.30000E-02  3.54210E-02  8.25166E+01  5.10970E+00
  9.40000E-02  3.71534E-02  8.25518E+01  5.16883E+00
  9.50000E-02  3.90168E-02  8.25892E+01  5.23429E+00
  9.60000E-02  4.08893E-02  8.26291E+01  5.29090E+00
  9.70000E-02  4.29024E-02  8.26572E+01  5.34320E+00
  9.80000E-02  4.49362E-02  8.27030E+01  5.39350E+00
  9.90000E-02  4.70811E-02  8.27496E+01  5.45604E+00
  1.00000E-01  4.93087E-02  8.28284E+01  5.52139E+00
  1.01000E-01  5.16125E-02  8.28547E+01  5.57156E+00
  1.02000E-01  5.39641E-02  8.29028E+01  5.62267E+00
  1.03000E-01  5.64642E-02  8.29451E+01  5.67550E+00
  1.04000E-01  5.90080E-02  8.30165E+01  5.73648E+00
  1.05000E-01  6.16533E-02  8.30786E+01  5.79487E+00
  1.06000E-01  6.44377E-02  8.31227E+01  5.84182E+00
  1.07000E-01  6.72756E-02  8.32144E+01  5.90510E+00
  1.08000E-01  7.02131E-02  8.32720E+01  5.95504E+00
  1.09000E-01  7.33326E-02  8.33544E+01  6.01289E+00
  1.10000E-01  7.64209E-02  8.34404E+01  6.07099E+00
  1.11000E-01  7.97360E-02  8.34968E+01  6.11876E+00
  1.12000E-01  8.31566E-02  8.36218E+01  6.18648E+00
  1.13000E-01  8.66056E-02  8.36805E+01  6.23443E+00
  1.14000E-01  9.02749E-02  8.37722E+01  6.29439E+00
  1.15000E-01  9.39994E-02  8.38741E+01  6.35041E+00
  1.16000E-01  9.78990E-02  8.39751E+01  6.40629E+00
  1.17000E-01  1.01944E-01  8.41206E+01  6.47392E+00
  1.18000E-01  1.06039E-01  8.42016E+01  6.51738E+00
  1.19000E-01  1.10427E-01  8.43532E+01  6.57839E+00
  1.20000E-01  1.14859E-01  8.45059E+01  6.64199E+00
  1.21000E-01  1.19364E-01  8.46043E+01  6.69117E+00
  1.22000E-01  1.24239E-01  8.47785E+01  6.76040E+00
  1.23000E-01  1.29057E-01  8.48862E+01  6.81117E+00
  1.24000E-01  1.34167E-01  8.50695E+01  6.87600E+00
  1.25000E-01  1.39451E-01  8.52489E+01  6.93837E+00
  1.26000E-01  1.44811E-01  8.53338E+01  6.98243E+00
  1.27000E-01  1.50452E-01  8.55798E+01  7.05718E+00
  1.28000E-01  1.56259E-01  8.57713E+01  7.11355E+00
  1.29000E-01  1.62236E-01  8.59678E+01  7.16721E+00
  1.30000E-01  1.68464E-01  8.62553E+01  7.23864E+00
  1.31000E-01  1.74789E-01  8.63874E+01  7.27782E+00
  1.32000E-01  1.81354E-01  8.66487E+01  7.34643E+00
  1.33000E-01  1.88169E-01  8.69264E+01  7.41159E+00
  1.34000E-01  1.95101E-01  8.70794E+01  7.45830E+00
  1.35000E-01  2.02389E-01  8.74131E+01  7.54309E+00
  1.36000E-01  2.09833E-01  8.76725E+01  7.60014E+00
  1.37000E-01  2.17472E-01  8.78960E+01  7.64990E+00
  1.38000E-01  2.25543E-01  8.82842E+01  7.73791E+00
  1.39000E-01  2.33726E-01  8.85525E+01  7.78811E+00
  1.40000E-01  2.42176E-01  8.88462E+01  7.84249E+00
  1.41000E-01  2.51301E-01  8.93209E+01  7.92771E+00
  1.42000E-01  2.60121E-01  8.95394E+01  7.96788E+00
  1.43000E-01  2.69645E-01  8.99340E+01  8.03576E+00
  1.44000E-01  2.79764E-01  9.04805E+01  8.12533E+00
  1.45000E-01  2.89389E-01  9.07040E+01  8.16169E+00
  1.46000E-01  3.00036E-01  9.11812E+01  8.23127E+00
  1.47000E-01  3.10908E-01  9.18035E+01  8.32081E+00
  1.48000E-01  3.21944E-01  9.20674E+01  8.35825E+00
  1.49000E-01  3.33262E-01  9.26207E+01  8.43672E+00
  1.50000E-01  3.45745E-01  9.32618E+01  8.52199E+00
  1.51000E-01  3.57623E-01  9.35649E+01  8.55965E+00
  1.52000E-01  3.70275E-01  9.42343E+01  8.64347E+00
  1.53000E-01  3.84620E-01  9.50119E+01  8.73538E+00
  1.54000E-01  3.97197E-01  9.53549E+01  8.76984E+00
  1.55000E-01  4.12009E-01  9.60978E+01  8.85077E+00
  1.56000E-01  4.27132E-01  9.69166E+01  8.94629E+00
  1.57000E-01  4.41844E-01  9.73393E+01  8.98854E+00
  1.58000E-01  4.57847E-01  9.81532E+01  9.07774E+00
  1.59000E-01  4.75343E-01  9.91479E+01  9.17292E+00
  1.60000E-01  4.91431E-01  9.96060E+01  9.20979E+00
  1.61000E-01  5.09917E-01  1.00613E+02  9.29509E+00
  1.62000E-01  5.29247E-01  1.01768E+02  9.40180E+00
  1.63000E-01  5.47600E-01  1.02362E+02  9.44368E+00
  1.64000E-01  5.67305E-01  1.03237E+02  9.52227E+00
  1.65000E-01  5.89708E-01  1.04684E+02  9.64318E+00
  1.66000E-01  6.09995E-01  1.05349E+02  9.69248E+00
  1.67000E-01  6.32610E-01  1.06427E+02  9.76017E+00
  1.68000E-01  6.57773E-01  1.08025E+02  9.88647E+00
  1.69000E-01  6.82141E-01  1.09071E+02  9.95009E+00
  1.70000E-01  7.05651E-01  1.09888E+02  1.00040E+01
  1.71000E-01  7.35404E-01  1.11804E+02  1.01357E+01
  1.72000E-01  7.62476E-01  1.13126E+02  1.02214E+01
  1.73000E-01  7.90786E-01  1.14165E+02  1.02615E+01
  1.74000E-01  8.22145E-01  1.16086E+02  1.03886E+01
  1.75000E-01  8.56350E-01  1.17995E+02  1.05008E+01
  1.76000E-01  8.86010E-01  1.18985E+02  1.05411E+01
  1.77000E-01  9.22479E-01  1.20927E+02  1.06409E+01
  1.78000E-01  9.62568E-01  1.23473E+02  1.07847E+01
  1.79000E-01  9.98184E-01  1.24871E+02  1.08430E+01
  1.80000E-01  1.03766E+00  1.26573E+02  1.09118E+01
  1.81000E-01  1.08349E+00  1.29576E+02  1.10692E+01
  1.82000E-01  1.12839E+00  1.31661E+02  1.11584E+01
  1.83000E-01  1.17136E+00  1.33356E+02  1.12130E+01
  1.84000E-01  1.22358E+00  1.36419E+02  1.13490E+01
  1.85000E-01  1.27988E+00  1.39644E+02  1.14812E+01
  1.86000E-01  1.32905E+00  1.41551E+02  1.15407E+01
  1.87000E-01  1.38730E+00  1.44373E+02  1.16382E+01
  1.88000E-01  1.45405E+00  1.48454E+02  1.18027E+01
  1.89000E-01  1.51728E+00  1.51445E+02  1.18881E+01
  1.90000E-01  1.58159E+00  1.54077E+02  1.19699E+01
  1.91000E-01  1.65655E+00  1.58333E+02  1.21058E+01
  1.92000E-01  1.73940E+00  1.62900E+02  1.22433E+01
  1.93000E-01  1.81300E+00  1.65957E+02  1.23247E+01
  1.94000E-01  1.89995E+00  1.70178E+02  1.24386E+01
  1.95000E-01  1.99838E+00  1.75743E+02  1.25921E+01
  1.96000E-01  2.09212E+00  1.80034E+02  1.26982E+01
  1.97000E-01  2.19292E+00  1.84425E+02  1.27944E+01
  1.98000E-01  2.30784E+00  1.90731E+02  1.29377E+01
  1.99000E-01  2.42570E+00  1.96776E+02  1.30752E+01
  2.00000E-01  2.54520E+00  2.01504E+02  1.31669E+01
  2.01000E-01  2.68421E+00  2.08478E+02  1.33027E+01
  2.02000E-01  2.83720E+00  2.16628E+02  1.34768E+01
  2.03000E-01  2.96725E+00  2.22819E+02  1.35536E+01
  2.04000E-01  3.12897E+00  2.28435E+02  1.36279E+01
  2.05000E-01  3.36015E+00  2.39680E+02  1.38885E+01
  2.06000E-01  3.52522E+00  2.49604E+02  1.40177E+01
  2.07000E-01  3.55396E+00  2.42599E+02  1.37912E+01
  2.08000E-01  3.04835E+00  1.70621E+02  1.15822E+01
  2.09000E-01  1.72827E+00  4.39413E+01  5.08137E+00
  2.10000E-01  1.11443E+00  1.58761E+00  4.53926E-01
  2.11000E-01  1.00534E+00  9.45616E-04  1.62816E-03
  2.12000E-01  1.00000E+00  1.00003E-04  4.46764E-07
  2.13000E-01  1.00000E+00  1.00000E-04  4.84058E-10
  2.14000E-01  9.99998E-01  9.99998E-05 -1.36417E-12
  2.15000E-01  1.00000E+00  1.00000E-04 -4.77044E-10
  2.16000E-01  1.00000E+00  1.00000E-04  0.00000E+00
  2.17000E-01  1.00000E+00  1.00000E-04  0.00000E+00
  2.18000E-01  1.00000E+00  1.00000E-04  0.00000E+00
  2.19000E-01  1.00000E+00  1.00000E-04 -7.76998E-17
  2.20000E-01  1.00000E+00  1.00000E-04  0.00000E+00
  2.21000E-01  1.00000E+00  1.00000E-04  7.76998E-17
  2.22000E-01  1.00000E+00  1.00000E-04  0.00000E+00
  2.23000E-01  1.00000E+00  1.00000E-04  0.00000E+00
  2.24000E-01  1.00000E+00  1.00000E-04  0.00000E+00
  2.25000E-01  1.00000E+00  1.00000E-04  0.00000E+00
  2.26000E-01  1.00000E+00  1.00000E-04  0.00000E+00
  2.27000E-01  1.00000E+00  1.00000E-04  0.00000E+00
  2.28000E-01  1.00000E+00  1.00000E-04  0.00000E+00
  2.29000E-01  1.00000E+00  1.00000E-04  6.36160E-11
  2.30000E-01  1.00000E+00  1.00000E-04  0.00000E+00
  2.31000E-01  1.00000E+00  1.00000E-04 -6.36119E-11
  2.32000E-01  1.00000E+00  1.00000E-04 -4.36673E-16
  2.33000E-01  1.00000E+00  1.00000E-04 -1.90948E-10
  2.34000E-01  1.00000E+00  1.00000E-04  1.27298E-10
  2.35000E-01  1.00000E+00  1.00000E-04  6.36066E-11
  2.36000E-01  1.00000E+00  1.00000E-04  0.00000E+00
  2.37000E-01  1.00000E+00  1.00000E-04  0.00000E+00
  2.38000E-01  1.00000E+00  1.00000E-04  0.00000E+00
  2.39000E-01  1.00000E+00  1.00000E-04  0.00000E+00
  2.40000E-01  1.00000E+00  1.00000E-04  0.00000E+00
  2.41000E-01  1.00000E+00  1.00000E-04  0.00000E+00
  2.42000E-01  1.00000E+00  1.00000E-04  0.00000E+00
  2.43000E-01  1.00000E+00  1.00000E-04  0.00000E+00
  2.44000E-01  1.00000E+00  1.00000E-04  0.00000E+00
  2.45000E-01  1.00000E+00  1.00000E-04  0.00000E+00
  2.46000E-01  1.00000E+00  1.00000E-04  0.00000E+00
  2.47000E-01  1.00000E+00  1.00000E-04 -3.50008E-10
  2.48000E-01  1.00000E+00  1.00000E-04  0.00000E+00
  2.49000E-01  1.00000E+00  1.00000E-04  3.49844E-10
  2.50000E-01  1.00000E+00  1.00000E-04  0.00000E+00
  2.51000E-01  1.00000E+00  1.00000E-04  0.00000E+00
  2.52000E-01  1.00000E+00  1.00000E-04  9.54381E-11
  2.53000E-01  1.00000E+00  1.00000E-04 -6.36091E-11
  2.54000E-01  1.00000E+00  1.00000E-04 -6.36313E-11
  2.55000E-01  1.00000E+00  1.00000E-04 -3.18063E-11
  2.56000E-01  1.00000E+00  1.00000E-04  8.54697E-17
  2.57000E-01  1.00000E+00  1.00000E-04  6.36244E-11
  2.58000E-01  1.00000E+00  1.00000E-04  0.00000E+00
  2.59000E-01  1.00000E+00  1.00000E-04  0.00000E+00
  2.60000E-01  1.00000E+00  1.00000E-04  0.00000E+00
  2.61000E-01  1.00000E+00  1.00000E-04  0.00000E+00
  2.62000E-01  1.00000E+00  1.00000E-04  3.18055E-11
  2.63000E-01  1.00000E+00  1.00000E-04  0.00000E+00
  2.64000E-01  1.00000E+00  1.00000E-04 -3.18193E-11
  2.65000E-01  1.00000E+00  1.00000E-04  0.00000E+00
  2.66000E-01  1.00000E+00  1.00000E-04  0.00000E+00
  2.67000E-01  1.00000E+00  1.00000E-04  0.00000E+00
  2.68000E-01  1.00000E+00  1.00000E-04  0.00000E+00
  2.69000E-01  1.00000E+00  1.00000E-04  0.00000E+00
  2.70000E-01  1.00000E+00  1.00000E-04  9.54647E-11
  2.71000E-01  1.00000E+00  1.00000E-04  6.36068E-11
  2.72000E-01  1.00000E+00  1.00000E-04 -3.18206E-11
  2.73000E-01  1.00000E+00  1.00000E-04 -3.18171E-10
  2.74000E-01  1.00000E+00  1.00000E-04  9.54972E-11
  2.75000E-01  1.00000E+00  1.00000E-04  3.18204E-11
  2.76000E-01  1.00000E+00  1.00000E-04  3.18115E-11
  2.77000E-01  1.00000E+00  1.00000E-04  3.18115E-11
  2.78000E-01  1.00000E+00  1.00000E-04 -3.18123E-11
  2.79000E-01  1.00000E+00  1.00000E-04 -7.76997E-17
  2.80000E-01  1.00000E+00  1.00000E-04  1.47532E-15
  2.81000E-01  1.00000E+00  1.00000E-04  1.43821E-15
  2.82000E-01  1.00000E+00  1.00000E-04  1.03793E-15
  2.83000E-01  1.00000E+00  1.00000E-04 -7.11866E-10
  2.84000E-01  1.00000E+00  1.00000E-04 -1.93429E-07
  2.85000E-01  1.00000E+00  1.00184E-04 -2.95897E-07
  2.86000E-01  1.00000E+00  1.00201E-04  2.38447E-07
  2.87000E-01  1.00000E+00  1.00000E-04  9.47743E-09
  2.88000E-01  1.00000E+00  1.00195E-04  2.36994E-09
  2.89000E-01  1.00000E+00  1.00000E-04  2.37463E-07
  2.90000E-01  1.00000E+00  1.00000E-04  2.33124E-09
  2.91000E-01  1.00000E+00  1.00000E-04  2.90687E-11
  2.92000E-01  1.00000E+00  1.00000E-04  3.18059E-11
  2.93000E-01  1.00000E+00  1.00000E-04 -3.18133E-11
  2.94000E-01  1.00000E+00  1.00000E-04 -9.54064E-11
  2.95000E-01  1.00000E+00  1.00000E-04  0.00000E+00
  2.96000E-01  1.00000E+00  1.00000E-04  0.00000E+00
  2.97000E-01  1.00000E+00  1.00000E-04  0.00000E+00
  2.98000E-01  1.00000E+00  1.00000E-04  0.00000E+00
  2.99000E-01  1.00000E+00  1.00000E-04  0.00000E+00
  3.00000E-01  1.00000E+00  1.00000E-04  0.00000E+00
  3.01000E-01  1.00000E+00  1.00000E-04  0.00000E+00
  3.02000E-01  1.00000E+00  1.00000E-04  0.00000E+00
  3.03000E-01  1.00000E+00  1.00000E-04  0.00000E+00
  3.04000E-01  1.00000E+00  1.00000E-04  0.00000E+00
  3.05000E-01  1.00000E+00  1.00000E-04  0.00000E+00
  3.06000E-01  1.00000E+00  1.00000E-04  0.00000E+00
  3.07000E-01  1.00000E+00  1.00000E-04  9.54472E-11
  3.08000E-01  1.00000E+00  1.00000E-04  6.36358E-11
  3.09000E-01  1.00000E+00  1.00000E-04 -9.54722E-11
  3.10000E-01  1.00000E+00  1.00000E-04 -6.36455E-11
  3.11000E-01  1.00000E+00  1.00000E-04  3.18081E-11
  3.12000E-01  1.00000E+00  1.00000E-04 -3.18006E-11
  3.13000E-01  1.00000E+00  1.00000E-04 -3.18245E-11
  3.14000E-01  1.00000E+00  1.00000E-04  1.59076E-11
  3.15000E-01  1.00000E+00  1.00000E-04  1.59072E-11
  3.16000E-01  1.00000E+00  1.00000E-04  7.76997E-17
  3.17000E-01  1.00000E+00  1.00000E-04  3.18086E-11
  3.18000E-01  1.00000E+00  1.00000E-04 -9.54253E-11
  3.19000E-01  1.00000E+00  1.00000E-04 -3.18222E-11
  3.20000E-01  1.00000E+00  1.00000E-04  1.27284E-10
  3.21000E-01  1.00000E+00  1.00000E-04 -3.18039E-11
  3.22000E-01  1.00000E+00  1.00000E-04 -1.27295E-10
  3.23000E-01  1.00000E+00  1.00000E-04  1.90903E-10
  3.24000E-01  1.00000E+00  1.00000E-04 -1.59018E-10
  3.25000E-01  1.00000E+00  1.00000E-04  1.59140E-11
  3.26000E-01  1.00000E+00  1.00000E-04  1.59122E-11
  3.27000E-01  1.00000E+00  1.00000E-04  1.06094E-11
  3.28000E-01  1.00000E+00  1.00000E-04  1.05988E-11
  3.29000E-01  1.00000E+00  1.00000E-04  1.05972E-11
  3.30000E-01  1.00000E+00  1.00000E-04  3.17997E-11
  3.31000E-01  1.00000E+00  1.00000E-04  0.00000E+00
  3.32000E-01  1.00000E+00  1.00000E-04  9.54341E-11
  3.33000E-01  1.00000E+00  1.00000E-04  3.17998E-11
  3.34000E-01  1.00000E+00  1.00000E-04 -9.54098E-11
  3.35000E-01  1.00000E+00  1.00000E-04  2.39237E-16
  3.36000E-01  1.00000E+00  1.00000E-04  1.03418E-16
  3.37000E-01  1.00000E+00  1.00000E-04 -3.18261E-11
  3.38000E-01  1.00000E+00  1.00000E-04  0.00000E+00
  3.39000E-01  1.00000E+00  1.00000E-04 -1.27229E-10
  3.40000E-01  1.00000E+00  1.00000E-04 -3.18218E-11
  3.41000E-01  1.00000E+00  1.00000E-04  1.27223E-10
  3.42000E-01  1.00000E+00  1.00000E-04 -3.18199E-11
  3.43000E-01  1.00000E+00  1.00000E-04  3.18145E-11
  3.44000E-01  1.00000E+00  1.00000E-04  4.13496E-10
  3.45000E-01  9.99999E-01  9.99999E-05 -5.08797E-10
  3.46000E-01  1.00000E+00  1.00000E-04 -2.71490E-10
  3.47000E-01  1.00000E+00  1.00000E-04 -1.42757E-09
  3.48000E-01  1.00000E+00  1.00001E-04  9.04715E-10
  3.49000E-01  1.00000E+00  9.99996E-05  1.55531E-09
  3.50000E-01  1.00000E+00  1.00000E-04 -8.56432E-10
  3.51000E-01  1.00000E+00  1.00000E-04  2.22656E-10
  3.52000E-01  1.00000E+00  1.00000E-04  0.00000E+00
  3.53000E-01  1.00000E+00  1.00000E-04  0.00000E+00
  3.54000E-01  1.00000E+00  1.00000E-04  0.00000E+00
  3.55000E-01  1.00000E+00  1.00000E-04  0.00000E+00
  3.56000E-01  1.00000E+00  1.00000E-04  0.00000E+00
  3.57000E-01  1.00000E+00  1.00000E-04  0.00000E+00
  3.58000E-01  1.00000E+00  1.00000E-04  0.00000E+00
  3.59000E-01  1.00000E+00  1.00000E-04  0.00000E+00
  3.60000E-01  1.00000E+00  1.00000E-04  0.00000E+00
  3.61000E-01  1.00000E+00  1.00000E-04 -7.76996E-17
  3.62000E-01  1.00000E+00  1.00000E-04  0.00000E+00
  3.63000E-01  1.00000E+00  1.00000E-04  7.76996E-17
  3.64000E-01  1.00000E+00  1.00000E-04  0.00000E+00
  3.65000E-01  1.00000E+00  1.00000E-04  0.00000E+00
  3.66000E-01  1.00000E+00  1.00000E-04  0.00000E+00
  3.67000E-01  1.00000E+00  1.00000E-04  0.00000E+00
  3.68000E-01  1.00000E+00  1.00000E-04  0.00000E+00
  3.69000E-01  1.00000E+00  1.00000E-04  0.00000E+00
  3.70000E-01  1.00000E+00  1.00000E-04  0.00000E+00
  3.71000E-01  1.00000E+00  1.00000E-04  0.00000E+00
  3.72000E-01  1.00000E+00  1.00000E-04 -6.36246E-11
  3.73000E-01  1.00000E+00  1.00000E-04 -6.36295E-11
  3.74000E-01  1.00000E+00  1.00000E-04  9.54592E-11
  3.75000E-01  1.00000E+00  1.00000E-04 -3.49925E-10
  3.76000E-01  1.00000E+00  1.00000E-04  7.78253E-17
  3.77000E-01  1.00000E+00  1.00000E-04  3.81829E-10
  3.78000E-01  1.00000E+00  1.00000E-04  0.00000E+00
  3.79000E-01  1.00000E+00  1.00000E-04  0.00000E+00
  3.80000E-01  1.00000E+00  1.00000E-04  0.00000E+00
  3.81000E-01  1.00000E+00  1.00000E-04  9.54437E-11
  3.82000E-01  1.00000E+00  1.00000E-04  3.18122E-11
  3.83000E-01  1.00000E+00  1.00000E-04 -9.54119E-11
  3.84000E-01  1.00000E+00  1.00000E-04  6.36244E-11
  3.85000E-01  1.00000E+00  1.00000E-04 -1.59962E-16
  3.86000E-01  1.00000E+00  1.00000E-04 -9.54394E-11
  3.87000E-01  1.00000E+00  1.00000E-04  0.00000E+00
  3.88000E-01  1.00000E+00  1.00000E-04  0.00000E+00
  3.89000E-01  1.00000E+00  1.00000E-04  0.00000E+00
  3.90000E-01  1.00000E+00  1.00000E-04  0.00000E+00
  3.91000E-01  1.00000E+00  1.00000E-04  0.00000E+00
  3.92000E-01  1.00000E+00  1.00000E-04  0.00000E+00
  3.93000E-01  1.00000E+00  1.00000E-04  0.00000E+00
  3.94000E-01  1.00000E+00  1.00000E-04  0.00000E+00
  3.95000E-01  1.00000E+00  1.00000E-04  0.00000E+00
  3.96000E-01  1.00000E+00  1.00000E-04  0.00000E+00
  3.97000E-01  1.00000E+00  1.00000E-04  9.54370E-11
  3.98000E-01  1.00000E+00  1.00000E-04 -9.54635E-11
  3.99000E-01  1.00000E+00  1.00000E-04 -3.18099E-11
  4.00000E-01  1.00000E+00  1.00000E-04  3.18079E-11
  4.01000E-01  1.00000E+00  1.00000E-04  0.00000E+00
  4.02000E-01  1.00000E+00  1.00000E-04  0.00000E+00
  4.03000E-01  1.00000E+00  1.00000E-04  0.00000E+00
  4.04000E-01  1.00000E+00  1.00000E-04 -2.17444E-09
  4.05000E-01  1.00000E+00  1.00000E-04 -2.25558E-07
  4.06000E-01  1.00000E+00  1.00184E-04 -3.67940E-11
  4.07000E-01  1.00000E+00  1.00000E-04  2.25507E-07
  4.08000E-01  1.00000E+00  1.00000E-04  2.26607E-09
  4.09000E-01  1.00000E+00  1.00000E-04  0.00000E+00
  4.10000E-01  1.00000E+00  1.00000E-04  0.00000E+00
  4.11000E-01  1.00000E+00  1.00000E-04  0.00000E+00
  4.12000E-01  1.00000E+00  1.00000E-04  0.00000E+00
  4.13000E-01  1.00000E+00  1.00000E-04  0.00000E+00
  4.14000E-01  1.00000E+00  1.00000E-04  0.00000E+00
  4.15000E-01  1.00000E+00  1.00000E-04 -2.26577E-09
  4.16000E-01  1.00000E+00  1.00000E-04 -2.25535E-07
  4.17000E-01  1.00000E+00  1.00184E-04 -1.76882E-13
  4.18000E-01  1.00000E+00  1.00000E-04  2.25511E-07
  4.19000E-01  1.00000E+00  1.00000E-04  2.26865E-09
  4.20000E-01  1.00000E+00  1.00000E-04  3.00159E-11
  4.21000E-01  1.00000E+00  1.00000E-04  0.00000E+00
  4.22000E-01  1.00000E+00  1.00000E-04  0.00000E+00
  4.23000E-01  1.00000E+00  1.00000E-04  1.27245E-10
  4.24000E-01  1.00000E+00  9.99999E-05  0.00000E+00
  4.25000E-01  1.00000E+00  1.00000E-04 -9.54555E-11
  4.26000E-01  1.00000E+00  1.00000E-04 -1.01786E-16
  4.27000E-01  1.00000E+00  1.00000E-04  6.99991E-10
  4.28000E-01  9.99996E-01  9.99996E-05  3.18168E-11
  4.29000E-01  1.00000E+00  1.00000E-04 -7.54932E-10
  4.30000E-01  1.00000E+00  1.00000E-04 -8.32036E-12
  4.31000E-01  1.00000E+00  1.00000E-04  0.00000E+00
  4.32000E-01  1.00000E+00  1.00000E-04  6.36322E-11
  4.33000E-01  1.00000E+00  1.00000E-04  0.00000E+00
  4.34000E-01  1.00000E+00  1.00000E-04 -6.36174E-11
  4.35000E-01  1.00000E+00  1.00000E-04  0.00000E+00
  4.36000E-01  1.00000E+00  1.00000E-04 -7.76996E-17
  4.37000E-01  1.00000E+00  1.00000E-04 -9.54732E-11
  4.38000E-01  1.00000E+00  1.00000E-04  3.18229E-11
  4.39000E-01  1.00000E+00  1.00000E-04  6.36269E-11
  4.40000E-01  1.00000E+00  1.00000E-04  0.00000E+00
  4.41000E-01  1.00000E+00  1.00000E-04  3.18218E-11
  4.42000E-01  1.00000E+00  1.00000E-04  0.00000E+00
  4.43000E-01  1.00000E+00  1.00000E-04 -3.18168E-11
  4.44000E-01  1.00000E+00  1.00000E-04  3.18203E-11
  4.45000E-01  1.00000E+00  1.00000E-04  0.00000E+00
  4.46000E-01  1.00000E+00  1.00000E-04 -3.18031E-11
  4.47000E-01  1.00000E+00  1.00000E-04  0.00000E+00
  4.48000E-01  1.00000E+00  1.00000E-04  0.00000E+00
  4.49000E-01  1.00000E+00  1.00000E-04  0.00000E+00
  4.50000E-01  1.00000E+00  1.00000E-04  3.18143E-11
  4.51000E-01  1.00000E+00  1.00000E-04 -1.27283E-10
  4.52000E-01  1.00000E+00  1.00000E-04 -3.18372E-11
  4.53000E-01  1.00000E+00  1.00000E-04  1.27211E-10
  4.54000E-01  1.00000E+00  1.00000E-04  3.18077E-11
  4.55000E-01  1.00000E+00  1.00000E-04  0.00000E+00
  4.56000E-01  1.00000E+00  1.00000E-04 -1.59083E-11
  4.57000E-01  1.00000E+00  1.00000E-04 -1.59093E-11
  4.58000E-01  1.00000E+00  1.00000E-04  7.76996E-17
  4.59000E-01  1.00000E+00  1.00000E-04  0.00000E+00
  4.60000E-01  1.00000E+00  1.00000E-04  3.18048E-11
  4.61000E-01  1.00000E+00  1.00000E-04 -6.36065E-11
  4.62000E-01  1.00000E+00  1.00000E-04 -3.18231E-11
  4.63000E-01  1.00000E+00  1.00000E-04  6.36387E-11
  4.64000E-01  1.00000E+00  1.00000E-04  3.18124E-11
  4.65000E-01  1.00000E+00  1.00000E-04  0.00000E+00
  4.66000E-01  1.00000E+00  1.00000E-04 -3.18090E-11
  4.67000E-01  1.00000E+00  1.00000E-04  3.18198E-11
  4.68000E-01  1.00000E+00  1.00000E-04  3.18006E-11
  4.69000E-01  1.00000E+00  1.00000E-04 -1.59091E-10
  4.70000E-01  1.00000E+00  1.00000E-04  6.36381E-11
  4.71000E-01  1.00000E+00  1.00000E-04  3.18147E-11
  4.72000E-01  1.00000E+00  1.00000E-04 -1.27242E-10
  4.73000E-01  1.00000E+00  1.00000E-04  3.18263E-11
  4.74000E-01  1.00000E+00  1.00000E-04  9.54118E-11
  4.75000E-01  1.00000E+00  1.00000E-04 -6.59449E-16
  4.76000E-01  1.00000E+00  1.00000E-04  8.54695E-17
  4.77000E-01  1.00000E+00  1.00000E-04 -6.36088E-11
  4.78000E-01  1.00000E+00  1.00000E-04  3.18255E-11
  4.79000E-01  1.00000E+00  1.00000E-04  6.36105E-11
  4.80000E-01  1.00000E+00  1.00000E-04  6.36118E-11
  4.81000E-01  1.00000E+00  1.00000E-04  3.18203E-11
  4.82000E-01  1.00000E+00  1.00000E-04 -9.54244E-11
  4.83000E-01  1.00000E+00  1.00000E-04 -2.22693E-10
  4.84000E-01  1.00000E+00  1.00000E-04 -1.25423E-10
  4.85000E-01  1.00000E+00  1.00000E-04  6.27155E-10
  4.86000E-01  1.00000E+00  9.99999E-05 -8.80904E-11
  4.87000E-01  1.00000E+00  1.00000E-04 -9.67478E-16
  4.88000E-01  9.99999E-01  9.99999E-05 -7.77802E-12
  4.89000E-01  1.00000E+00  1.00000E-04 -1.47704E-09
  4.90000E-01  1.00000E+00  1.00000E-04  5.30034E-10
  4.91000E-01  1.00000E+00  1.00000E-04  7.31492E-10
  4.92000E-01  1.00000E+00  1.00000E-04  2.22673E-10
  4.93000E-01  9.99999E-01  9.99999E-05 -3.18241E-11
  4.94000E-01  1.00000E+00  1.00000E-04 -1.90905E-10
  4.95000E-01  1.00000E+00  1.00000E-04  0.00000E+00
  4.96000E-01  1.00000E+00  1.00000E-04  0.00000E+00
  4.97000E-01  1.00000E+00  1.00000E-04  0.00000E+00
  4.98000E-01  1.00000E+00  1.00000E-04  0.00000E+00
  4.99000E-01  1.00000E+00  1.00000E-04  0.00000E+00
  5.00000E-01  1.00000E+00  1.00000E-04  0.00000E+00
  5.01000E-01  1.00000E+00  1.00000E-04  0.00000E+00
  5.02000E-01  1.00000E+00  1.00000E-04  0.00000E+00
  5.03000E-01  1.00000E+00  1.00000E-04  0.00000E+00
  5.04000E-01  1.00000E+00  1.00000E-04  0.00000E+00
  5.05000E-01  1.00000E+00  1.00000E-04  3.81742E-10
  5.06000E-01  9.99998E-01  9.99998E-05  0.00000E+00
  5.07000E-01  1.00000E+00  1.00000E-04 -3.81830E-10
  5.08000E-01  1.00000E+00  1.00000E-04  0.00000E+00
  5.09000E-01  1.00000E+00  1.00000E-04  0.00000E+00
  5.10000E-01  1.00000E+00  1.00000E-04 -7.76996E-17
  5.11000E-01  1.00000E+00  1.00000E-04  0.00000E+00
  5.12000E-01  1.00000E+00  1.00000E-04  7.76995E-17
  5.13000E-01  1.00000E+00  1.00000E-04  0.00000E+00
  5.14000E-01  1.00000E+00  1.00000E-04  0.00000E+00
  5.15000E-01  1.00000E+00  1.00000E-04  0.00000E+00
  5.16000E-01  1.00000E+00  1.00000E-04  2.54550E-10
  5.17000E-01  9.99999E-01  9.99999E-05  0.00000E+00
  5.18000E-01  1.00000E+00  1.00000E-04 -2.54567E-10
  5.19000E-01  1.00000E+00  1.00000E-04  0.00000E+00
  5.20000E-01  1.00000E+00  1.00000E-04 -7.76996E-17
  5.21000E-01  1.00000E+00  1.00000E-04  0.00000E+00
  5.22000E-01  1.00000E+00  1.00000E-04  7.76996E-17
  5.23000E-01  1.00000E+00  1.00000E-04  0.00000E+00
  5.24000E-01  1.00000E+00  1.00000E-04  0.00000E+00
  5.25000E-01  1.00000E+00  1.00000E-04  0.00000E+00
  5.26000E-01  1.00000E+00  1.00000E-04  0.00000E+00
  5.27000E-01  1.00000E+00  1.00000E-04  0.00000E+00
  5.28000E-01  1.00000E+00  1.00000E-04  0.00000E+00
  5.29000E-01  1.00000E+00  1.00000E-04  1.27254E-10
  5.30000E-01  9.99999E-01  9.99999E-05  0.00000E+00
  5.31000E-01  1.00000E+00  1.00000E-04 -1.27250E-10
  5.32000E-01  1.00000E+00  1.00000E-04  0.00000E+00
  5.33000E-01  1.00000E+00  1.00000E-04 -3.18129E-11
  5.34000E-01  1.00000E+00  1.00000E-04 -3.18061E-11
  5.35000E-01  1.00000E+00  1.00000E-04  0.00000E+00
  5.36000E-01  1.00000E+00  1.00000E-04  3.18093E-11
  5.37000E-01  1.00000E+00  1.00000E-04  3.18124E-11
  5.38000E-01  1.00000E+00  1.00000E-04  0.00000E+00
  5.39000E-01  1.00000E+00  1.00000E-04  0.00000E+00
  5.40000E-01  1.00000E+00  1.00000E-04  0.00000E+00
  5.41000E-01  1.00000E+00  1.00000E-04 -3.18147E-11
  5.42000E-01  1.00000E+00  1.00000E-04  0.00000E+00
  5.43000E-01  1.00000E+00  1.00000E-04  3.18125E-11
  5.44000E-01  1.00000E+00  1.00000E-04  3.18120E-11
  5.45000E-01  1.00000E+00  1.00000E-04  0.00000E+00
  5.46000E-01  1.00000E+00  1.00000E-04 -3.18095E-11
  5.47000E-01  1.00000E+00  1.00000E-04  0.00000E+00
  5.48000E-01  1.00000E+00  1.00000E-04  0.00000E+00
  5.49000E-01  1.00000E+00  1.00000E-04  0.00000E+00
  5.50000E-01  1.00000E+00  1.00000E-04 -1.04927E-15
  5.51000E-01  1.00000E+00  1.00000E-04 -8.61812E-16
  5.52000E-01  1.00000E+00  1.00000E-04  1.91108E-15
  5.53000E-01  1.00000E+00  1.00000E-04  3.18125E-11
  5.54000E-01  1.00000E+00  1.00000E-04  0.00000E+00
  5.55000E-01  1.00000E+00  1.00000E-04 -3.18041E-11
  5.56000E-01  1.00000E+00  1.00000E-04  9.54592E-11
  5.57000E-01  1.00000E+00  1.00000E-04 -9.40165E-17
  5.58000E-01  1.00000E+00  1.00000E-04  0.00000E+00
  5.59000E-01  1.00000E+00  1.00000E-04  0.00000E+00
  5.60000E-01  1.00000E+00  1.00000E-04  0.00000E+00
  5.61000E-01  1.00000E+00  1.00000E-04  9.40165E-17
  5.62000E-01  1.00000E+00  1.00000E-04 -4.77192E-11
  5.63000E-01  1.00000E+00  1.00000E-04 -4.77226E-11
  5.64000E-01  1.00000E+00  1.00000E-04 -1.54634E-11
  5.65000E-01  1.00000E+00  1.00000E-04  1.54590E-11
  5.66000E-01  1.00000E+00  1.00000E-04  6.36291E-11
  5.67000E-01  1.00000E+00  1.00000E-04  0.00000E+00
  5.68000E-01  1.00000E+00  1.00000E-04 -6.36261E-11
  5.69000E-01  1.00000E+00  1.00000E-04  0.00000E+00
  5.70000E-01  1.00000E+00  1.00000E-04  6.36448E-11
  5.71000E-01  1.00000E+00  1.00000E-04 -9.40165E-17
  5.72000E-01  1.00000E+00  1.00000E-04  0.00000E+00
  5.73000E-01  1.00000E+00  1.00000E-04  9.40165E-17
  5.74000E-01  1.00000E+00  1.00000E-04 -6.36061E-11
  5.75000E-01  1.00000E+00  1.00000E-04  0.00000E+00
  5.76000E-01  1.00000E+00  1.00000E-04  0.00000E+00
  5.77000E-01  1.00000E+00  1.00000E-04  0.00000E+00
  5.78000E-01  1.00000E+00  1.00000E-04  0.00000E+00
  5.79000E-01  1.00000E+00  1.00000E-04  0.00000E+00
  5.80000E-01  1.00000E+00  1.00000E-04  0.00000E+00
  5.81000E-01  1.00000E+00  1.00000E-04  3.18068E-11
  5.82000E-01  1.00000E+00  1.00000E-04  0.00000E+00
  5.83000E-01  1.00000E+00  1.00000E-04 -9.54122E-11
  5.84000E-01  1.00000E+00  1.00000E-04  2.12169E-11
  5.85000E-01  1.00000E+00  1.00000E-04  2.12148E-11
  5.86000E-01  1.00000E+00  1.00000E-04  2.12159E-11
  5.87000E-01  1.00000E+00  1.00000E-04  0.00000E+00
  5.88000E-01  1.00000E+00  1.00000E-04  0.00000E+00
  5.89000E-01  1.00000E+00  1.00000E-04  0.00000E+00
  5.90000E-01  1.00000E+00  1.00000E-04  0.00000E+00
  5.91000E-01  1.00000E+00  1.00000E-04  0.00000E+00
  5.92000E-01  1.00000E+00  1.00000E-04  0.00000E+00
  5.93000E-01  1.00000E+00  1.00000E-04  9.54621E-11
  5.94000E-01  1.00000E+00  1.00000E-04 -1.03418E-16
  5.95000E-01  1.00000E+00  1.00000E-04 -9.40164E-17
  5.96000E-01  1.00000E+00  1.00000E-04  0.00000E+00
  5.97000E-01  1.00000E+00  1.00000E-04  3.58972E-16
  5.98000E-01  1.00000E+00  1.00000E-04  1.03418E-16
  5.99000E-01  1.00000E+00  1.00000E-04 -9.54114E-11
  6.00000E-01  1.00000E+00  1.00000E-04  0.00000E+00
  6.01000E-01  1.00000E+00  1.00000E-04 -2.26820E-09
  6.02000E-01  1.00000E+00  1.00000E-04 -2.25743E-07
  6.03000E-01  1.00000E+00  1.00184E-04  1.29532E-10
  6.04000E-01  1.00000E+00  1.00000E-04  2.25580E-07
  6.05000E-01  1.00000E+00  1.00000E-04  2.27561E-09
  6.06000E-01  1.00000E+00  1.00000E-04  3.04962E-10
  6.07000E-01  9.99999E-01  9.99999E-05 -1.86269E-11
  6.08000E-01  1.00000E+00  1.00000E-04 -1.27265E-10
  6.09000E-01  9.99999E-01  9.99999E-05  3.18071E-11
  6.10000E-01  1.00000E+00  1.00000E-04 -1.59004E-10
  6.11000E-01  1.00000E+00  1.00000E-04 -3.18177E-11
  6.12000E-01  1.00000E+00  1.00000E-04  9.54581E-11
  6.13000E-01  1.00000E+00  1.00000E-04  0.00000E+00
  6.14000E-01  1.00000E+00  1.00000E-04 -9.54628E-11
  6.15000E-01  1.00000E+00  1.00000E-04  0.00000E+00
  6.16000E-01  1.00000E+00  1.00000E-04  0.00000E+00
  6.17000E-01  1.00000E+00  1.00000E-04  0.00000E+00
  6.18000E-01  1.00000E+00  1.00000E-04  0.00000E+00
  6.19000E-01  1.00000E+00  1.00000E-04  0.00000E+00
  6.20000E-01  1.00000E+00  1.00000E-04  0.00000E+00
  6.21000E-01  1.00000E+00  1.00000E-04  9.54138E-11
  6.22000E-01  1.00000E+00  1.00000E-04 -6.36068E-11
  6.23000E-01  1.00000E+00  1.00000E-04 -9.54571E-11
  6.24000E-01  1.00000E+00  1.00000E-04  3.18208E-11
  6.25000E-01  1.00000E+00  1.00000E-04  3.18188E-11
  6.26000E-01  1.00000E+00  1.00000E-04  0.00000E+00
  6.27000E-01  1.00000E+00  1.00000E-04 -3.18186E-11
  6.28000E-01  1.00000E+00  1.00000E-04  6.36114E-11
  6.29000E-01  1.00000E+00  1.00000E-04  0.00000E+00
  6.30000E-01  1.00000E+00  1.00000E-04 -1.13760E-16
  6.31000E-01  1.00000E+00  1.00000E-04  1.03418E-17
  6.32000E-01  1.00000E+00  1.00000E-04 -6.82979E-17
  6.33000E-01  1.00000E+00  1.00000E-04  8.62465E-17
  6.34000E-01  1.00000E+00  1.00000E-04  8.54695E-17
  6.35000E-01  1.00000E+00  1.00000E-04  0.00000E+00
  6.36000E-01  1.00000E+00  1.00000E-04 -3.18018E-11
  6.37000E-01  1.00000E+00  1.00000E-04 -3.18234E-11
  6.38000E-01  1.00000E+00  1.00000E-04  3.18181E-11
  6.39000E-01  1.00000E+00  1.00000E-04  3.18080E-11
  6.40000E-01  1.00000E+00  1.00000E-04  6.36308E-11
  6.41000E-01  1.00000E+00  1.00000E-04 -1.63169E-16
  6.42000E-01  1.00000E+00  1.00000E-04 -9.54256E-11
  6.43000E-01  1.00000E+00  1.00000E-04 -7.76996E-17
  6.44000E-01  1.00000E+00  1.00000E-04 -7.76995E-18
  6.45000E-01  1.00000E+00  1.00000E-04  8.54695E-17
  6.46000E-01  1.00000E+00  1.00000E-04  3.18186E-11
  6.47000E-01  1.00000E+00  1.00000E-04 -7.76996E-17
  6.48000E-01  1.00000E+00  1.00000E-04  3.18188E-11
  6.49000E-01  1.00000E+00  1.00000E-04  1.90802E-10
  6.50000E-01  9.99999E-01  9.99999E-05 -1.27236E-10
  6.51000E-01  1.00000E+00  1.00000E-04 -1.27299E-10
  6.52000E-01  1.00000E+00  1.00000E-04 -3.18174E-11
  6.53000E-01  1.00000E+00  1.00000E-04  3.18253E-11
  6.54000E-01  1.00000E+00  1.00000E-04 -1.01786E-16
  6.55000E-01  1.00000E+00  1.00000E-04 -1.90916E-10
  6.56000E-01  1.00000E+00  1.00000E-04 -9.40165E-17
  6.57000E-01  1.00000E+00  1.00000E-04  3.18240E-11
  6.58000E-01  1.00000E+00  1.00000E-04  1.90922E-10
  6.59000E-01  1.00000E+00  1.00000E-04 -6.36387E-11
  6.60000E-01  1.00000E+00  1.00000E-04 -3.18083E-11
  6.61000E-01  1.00000E+00  1.00000E-04  1.90840E-10
  6.62000E-01  1.00000E+00  1.00000E-04 -1.27272E-10
  6.63000E-01  1.00000E+00  1.00000E-04  8.54695E-17
  6.64000E-01  1.00000E+00  1.00000E-04  7.76996E-17
  6.65000E-01  1.00000E+00  1.00000E-04 -2.45102E-11
  6.66000E-01  1.00000E+00  1.00000E-04  6.92276E-10
  6.67000E-01  9.99998E-01  9.99998E-05 -1.90833E-10
  6.68000E-01  1.00000E+00  1.00000E-04 -4.13470E-10
  6.69000E-01  1.00000E+00  1.00000E-04  3.18218E-11
  6.70000E-01  1.00000E+00  1.00000E-04 -3.81904E-10
  6.71000E-01  1.00000E+00  1.00000E-04  0.00000E+00
  6.72000E-01  1.00000E+00  1.00000E-04  3.50054E-10
  6.73000E-01  1.00000E+00  1.00000E-04  9.54115E-11
  6.74000E-01  1.00000E+00  1.00000E-04 -6.36283E-11
  6.75000E-01  1.00000E+00  1.00000E-04 -4.24070E-11
  6.76000E-01  1.00000E+00  1.00000E-04 -4.24088E-11
  6.77000E-01  1.00000E+00  1.00000E-04 -4.24072E-11
  6.78000E-01  1.00000E+00  1.00000E-04  9.54460E-11
  6.79000E-01  1.00000E+00  1.00000E-04 -1.59114E-10
  6.80000E-01  1.00000E+00  1.00000E-04  6.36452E-11
  6.81000E-01  1.00000E+00  9.99999E-05  3.47690E-10
  6.82000E-01  9.99999E-01  9.99999E-05 -2.52294E-10
  6.83000E-01  1.00000E+00  1.00000E-04  1.59020E-11
  6.84000E-01  1.00000E+00  1.00000E-04  1.59019E-11
  6.85000E-01  1.00000E+00  1.00000E-04 -6.36163E-11
  6.86000E-01  1.00000E+00  1.00000E-04  1.59108E-10
  6.87000E-01  9.99999E-01  9.99999E-05 -3.18059E-11
  6.88000E-01  1.00000E+00  1.00000E-04 -1.59027E-10
  6.89000E-01  1.00000E+00  1.00000E-04  9.53917E-11
  6.90000E-01  1.00000E+00  1.00000E-04 -2.05458E-15
  6.91000E-01  1.00000E+00  1.00000E-04  5.72615E-10
  6.92000E-01  9.99999E-01  9.99997E-05 -2.54379E-10
  6.93000E-01  1.00000E+00  1.00000E-04 -4.45464E-10
  6.94000E-01  1.00000E+00  9.99999E-05 -6.35891E-11
  6.95000E-01  1.00000E+00  1.00000E-04 -3.94313E-10
  6.96000E-01  1.00000E+00  1.00000E-04  2.01644E-09
  6.97000E-01  9.99995E-01  9.99994E-05 -2.22650E-10
  6.98000E-01  1.00000E+00  1.00000E-04 -1.28604E-09
  6.99000E-01  1.00000E+00  1.00000E-04 -1.80627E-11
  7.00000E-01  1.00000E+00  1.00000E-04  0.00000E+00
  7.01000E-01  1.00000E+00  1.00000E-04  0.00000E+00
  7.02000E-01  1.00000E+00  1.00000E-04  0.00000E+00
  7.03000E-01  1.00000E+00  1.00000E-04  0.00000E+00
  7.04000E-01  1.00000E+00  1.00000E-04  0.00000E+00
  7.05000E-01  1.00000E+00  1.00000E-04  2.22721E-10
  7.06000E-01  1.00000E+00  9.99999E-05  1.27224E-10
  7.07000E-01  1.00000E+00  1.00000E-04 -6.04420E-10
  7.08000E-01  1.00000E+00  1.00000E-04  9.54538E-11
  7.09000E-01  1.00000E+00  1.00000E-04  1.59049E-10
  7.10000E-01  1.00000E+00  1.00000E-04  0.00000E+00
  7.11000E-01  1.00000E+00  1.00000E-04  0.00000E+00
  7.12000E-01  1.00000E+00  1.00000E-04  0.00000E+00
  7.13000E-01  1.00000E+00  1.00000E-04  0.00000E+00
  7.14000E-01  1.00000E+00  1.00000E-04  0.00000E+00
  7.15000E-01  1.00000E+00  1.00000E-04  0.00000E+00
  7.16000E-01  1.00000E+00  1.00000E-04  0.00000E+00
  7.17000E-01  1.00000E+00  1.00000E-04 -3.18099E-11
  7.18000E-01  1.00000E+00  1.00000E-04  0.00000E+00
  7.19000E-01  1.00000E+00  1.00000E-04  3.18209E-11
  7.20000E-01  1.00000E+00  1.00000E-04 -2.85846E-09
  7.21000E-01  1.00000E+00  1.00000E-04 -2.84534E-07
  7.22000E-01  1.00000E+00  1.00233E-04 -5.80550E-14
  7.23000E-01  1.00000E+00  1.00000E-04  2.84518E-07
  7.24000E-01  1.00000E+00  1.00000E-04  2.77114E-09
  7.25000E-01  1.00000E+00  1.00000E-04  2.81710E-11
  7.26000E-01  1.00000E+00  1.00000E-04  6.36101E-11
  7.27000E-01  1.00000E+00  1.00000E-04  0.00000E+00
  7.28000E-01  1.00000E+00  1.00000E-04  0.00000E+00
  7.29000E-01  1.00000E+00  1.00000E-04  0.00000E+00
  7.30000E-01  1.00000E+00  1.00000E-04  0.00000E+00
  7.31000E-01  1.00000E+00  1.00000E-04  0.00000E+00
  7.32000E-01  1.00000E+00  1.00000E-04  0.00000E+00
  7.33000E-01  1.00000E+00  1.00000E-04  0.00000E+00
  7.34000E-01  1.00000E+00  1.00000E-04  0.00000E+00
  7.35000E-01  1.00000E+00  1.00000E-04  0.00000E+00
  7.36000E-01  1.00000E+00  1.00000E-04  0.00000E+00
  7.37000E-01  1.00000E+00  1.00000E-04  0.00000E+00
  7.38000E-01  1.00000E+00  1.00000E-04  0.00000E+00
  7.39000E-01  1.00000E+00  1.00000E-04  0.00000E+00
  7.40000E-01  1.00000E+00  1.00000E-04  0.00000E+00
  7.41000E-01  1.00000E+00  1.00000E-04  0.00000E+00
  7.42000E-01  1.00000E+00  1.00000E-04 -6.36295E-11
  7.43000E-01  1.00000E+00  1.00000E-04 -3.18186E-11
  7.44000E-01  1.00000E+00  1.00000E-04  9.54508E-11
  7.45000E-01  1.00000E+00  1.00000E-04  7.76995E-17
  7.46000E-01  1.00000E+00  1.00000E-04  0.00000E+00
  7.47000E-01  1.00000E+00  1.00000E-04  0.00000E+00
  7.48000E-01  1.00000E+00  1.00000E-04  0.00000E+00
  7.49000E-01  1.00000E+00  1.00000E-04 -3.18170E-11
  7.50000E-01  1.00000E+00  1.00000E-04 -3.18161E-11
  7.51000E-01  1.00000E+00  1.00000E-04  6.36313E-11
  7.52000E-01  1.00000E+00  1.00000E-04  3.18039E-11
  7.53000E-01  1.00000E+00  1.00000E-04 -3.18041E-11
  7.54000E-01  1.00000E+00  1.00000E-04  0.00000E+00
  7.55000E-01  1.00000E+00  1.00000E-04  3.18177E-11
  7.56000E-01  1.00000E+00  1.00000E-04  0.00000E+00
  7.57000E-01  1.00000E+00  1.00000E-04 -3.18122E-11
  7.58000E-01  1.00000E+00  1.00000E-04  0.00000E+00
  7.59000E-01  1.00000E+00  1.00000E-04  0.00000E+00
  7.60000E-01  1.00000E+00  1.00000E-04  0.00000E+00
  7.61000E-01  1.00000E+00  1.00000E-04  0.00000E+00
  7.62000E-01  1.00000E+00  1.00000E-04  0.00000E+00
  7.63000E-01  1.00000E+00  1.00000E-04  0.00000E+00
  7.64000E-01  1.00000E+00  1.00000E-04  0.00000E+00
  7.65000E-01  1.00000E+00  1.00000E-04  0.00000E+00
  7.66000E-01  1.00000E+00  1.00000E-04  3.18113E-11
  7.67000E-01  1.00000E+00  1.00000E-04  0.00000E+00
  7.68000E-01  1.00000E+00  1.00000E-04 -3.18171E-11
  7.69000E-01  1.00000E+00  1.00000E-04 -1.90888E-10
  7.70000E-01  1.00000E+00  1.00000E-04  0.00000E+00
  7.71000E-01  1.00000E+00  1.00000E-04 -2.45997E-09
  7.72000E-01  1.00000E+00  1.00000E-04 -2.63204E-07
  7.73000E-01  1.00000E+00  1.00215E-04 -1.06437E-11
  7.74000E-01  1.00000E+00  1.00000E-04  2.60351E-07
  7.75000E-01  1.00000E+00  1.00000E-04 -2.83326E-07
  7.76000E-01  1.00000E+00  1.00234E-04  1.01252E-11
  7.77000E-01  1.00000E+00  1.00000E-04  2.86030E-07
  7.78000E-01  1.00000E+00  1.00000E-04  2.96614E-09
  7.79000E-01  1.00000E+00  1.00000E-04  0.00000E+00
  7.80000E-01  1.00000E+00  1.00000E-04 -9.54390E-11
  7.81000E-01  1.00000E+00  1.00000E-04  3.18120E-11
  7.82000E-01  1.00000E+00  1.00000E-04  0.00000E+00
  7.83000E-01  1.00000E+00  1.00000E-04 -3.18083E-11
  7.84000E-01  1.00000E+00  1.00000E-04  9.54639E-11
  7.85000E-01  1.00000E+00  1.00000E-04  0.00000E+00
  7.86000E-01  1.00000E+00  1.00000E-04 -9.54518E-11
  7.87000E-01  1.00000E+00  1.00000E-04  0.00000E+00
  7.88000E-01  1.00000E+00  1.00000E-04  0.00000E+00
  7.89000E-01  1.00000E+00  1.00000E-04  0.00000E+00
  7.90000E-01  1.00000E+00  1.00000E-04  0.00000E+00
  7.91000E-01  1.00000E+00  1.00000E-04  0.00000E+00
  7.92000E-01  1.00000E+00  1.00000E-04 -3.18058E-11
  7.93000E-01  1.00000E+00  1.00000E-04  0.00000E+00
  7.94000E-01  1.00000E+00  1.00000E-04  3.18054E-11
  7.95000E-01  1.00000E+00  1.00000E-04 -3.18181E-11
  7.96000E-01  1.00000E+00  1.00000E-04  0.00000E+00
  7.97000E-01  1.00000E+00  1.00000E-04  3.18119E-11
  7.98000E-01  1.00000E+00  1.00000E-04  1.27245E-10
  7.99000E-01  9.99999E-01  9.99999E-05  0.00000E+00
  8.00000E-01  1.00000E+00  1.00000E-04 -1.27248E-10
  8.01000E-01  1.00000E+00  1.00000E-04  1.27285E-10
  8.02000E-01  9.99999E-01  9.99999E-05  0.00000E+00
  8.03000E-01  1.00000E+00  1.00000E-04 -1.27224E-10
  8.04000E-01  1.00000E+00  1.00000E-04  0.00000E+00
  8.05000E-01  1.00000E+00  1.00000E-04 -2.26625E-09
  8.06000E-01  1.00000E+00  1.00000E-04 -2.25535E-07
  8.07000E-01  1.00000E+00  1.00184E-04 -8.52076E-12
  8.08000E-01  1.00000E+00  1.00000E-04  2.23258E-07
  8.09000E-01  1.00000E+00  1.00000E-04 -2.23231E-07
  8.10000E-01  1.00000E+00  1.00184E-04  8.64761E-12
  8.11000E-01  1.00000E+00  1.00000E-04  2.25543E-07
  8.12000E-01  1.00000E+00  1.00000E-04  2.35891E-09
  8.13000E-01  1.00000E+00  1.00000E-04  0.00000E+00
  8.14000E-01  1.00000E+00  1.00000E-04 -9.54385E-11
  8.15000E-01  1.00000E+00  1.00000E-04  9.54616E-11
  8.16000E-01  1.00000E+00  1.00000E-04  3.18104E-11
  8.17000E-01  1.00000E+00  1.00000E-04 -1.90870E-10
  8.18000E-01  1.00000E+00  1.00000E-04  3.18196E-11
  8.19000E-01  1.00000E+00  1.00000E-04  3.18114E-11
  8.20000E-01  1.00000E+00  1.00000E-04  0.00000E+00
  8.21000E-01  1.00000E+00  1.00000E-04  0.00000E+00
  8.22000E-01  1.00000E+00  1.00000E-04  0.00000E+00
  8.23000E-01  1.00000E+00  1.00000E-04  6.36231E-11
  8.24000E-01  1.00000E+00  1.00000E-04  2.47443E-16
  8.25000E-01  1.00000E+00  1.00000E-04 -3.18228E-11
  8.26000E-01  1.00000E+00  1.00000E-04  7.76995E-17
  8.27000E-01  1.00000E+00  1.00000E-04 -3.18147E-11
  8.28000E-01  1.00000E+00  1.00000E-04  0.00000E+00
  8.29000E-01  1.00000E+00  1.00000E-04  3.18136E-11
  8.30000E-01  1.00000E+00  1.00000E-04  0.00000E+00
  8.31000E-01  1.00000E+00  1.00000E-04 -3.18188E-11
  8.32000E-01  1.00000E+00  1.00000E-04  0.00000E+00
  8.33000E-01  1.00000E+00  1.00000E-04  0.00000E+00
  8.34000E-01  1.00000E+00  1.00000E-04  6.36453E-11
  8.35000E-01  1.00000E+00  1.00000E-04  0.00000E+00
  8.36000E-01  1.00000E+00  1.00000E-04 -6.36347E-11
  8.37000E-01  1.00000E+00  1.00000E-04  0.00000E+00
  8.38000E-01  1.00000E+00  1.00000E-04 -2.80091E-09
  8.39000E-01  1.00000E+00  1.00000E-04 -2.78881E-07
  8.40000E-01  1.00000E+00  1.00228E-04 -1.29443E-10
  8.41000E-01  1.00000E+00  1.00000E-04  2.79072E-07
  8.42000E-01  1.00000E+00  1.00000E-04  2.86477E-09
  8.43000E-01  1.00000E+00  1.00000E-04  8.54695E-17
  8.44000E-01  1.00000E+00  1.00000E-04 -6.36328E-11
  8.45000E-01  1.00000E+00  1.00000E-04  3.18184E-11
  8.46000E-01  1.00000E+00  1.00000E-04  0.00000E+00
  8.47000E-01  1.00000E+00  1.00000E-04 -6.36255E-11
  8.48000E-01  1.00000E+00  1.00000E-04  3.18278E-11
  8.49000E-01  1.00000E+00  1.00000E-04  0.00000E+00
  8.50000E-01  1.00000E+00  1.00000E-04  0.00000E+00
  8.51000E-01  1.00000E+00  1.00000E-04 -1.59088E-11
  8.52000E-01  1.00000E+00  1.00000E-04 -1.59071E-11
  8.53000E-01  1.00000E+00  1.00000E-04  6.36168E-11
  8.54000E-01  1.00000E+00  1.00000E-04  1.86993E-11
  8.55000E-01  1.00000E+00  1.00000E-04  1.34880E-09
  8.56000E-01  9.99994E-01  9.99994E-05 -5.81046E-16
  8.57000E-01  1.00000E+00  1.00000E-04 -1.37848E-09
  8.58000E-01  1.00000E+00  1.00000E-04  2.65070E-10
  8.59000E-01  9.99999E-01  9.99999E-05  8.54695E-17
  8.60000E-01  1.00000E+00  1.00000E-04 -2.86332E-10
  8.61000E-01  1.00000E+00  1.00000E-04  0.00000E+00
  8.62000E-01  1.00000E+00  1.00000E-04  0.00000E+00
  8.63000E-01  1.00000E+00  1.00000E-04  0.00000E+00
  8.64000E-01  1.00000E+00  1.00000E-04  0.00000E+00
  8.65000E-01  1.00000E+00  1.00000E-04  0.00000E+00
  8.66000E-01  1.00000E+00  1.00000E-04  3.18164E-11
  8.67000E-01  1.00000E+00  1.00000E-04  6.36333E-11
  8.68000E-01  1.00000E+00  1.00000E-04 -9.54550E-11
  8.69000E-01  1.00000E+00  1.00000E-04  0.00000E+00
  8.70000E-01  1.00000E+00  1.00000E-04  0.00000E+00
  8.71000E-01  1.00000E+00  1.00000E-04  3.18218E-11
  8.72000E-01  1.00000E+00  1.00000E-04  9.54326E-11
  8.73000E-01  1.00000E+00  1.00000E-04 -1.90885E-10
  8.74000E-01  1.00000E+00  1.00000E-04  3.18214E-11
  8.75000E-01  1.00000E+00  1.00000E-04  3.18112E-11
  8.76000E-01  1.00000E+00  1.00000E-04  6.36144E-11
  8.77000E-01  1.00000E+00  1.00000E-04  0.00000E+00
  8.78000E-01  1.00000E+00  1.00000E-04 -9.54447E-11
  8.79000E-01  1.00000E+00  1.00000E-04  9.54625E-11
  8.80000E-01  1.00000E+00  1.00000E-04  3.18219E-11
  8.81000E-01  1.00000E+00  1.00000E-04  2.86251E-10
  8.82000E-01  9.99998E-01  9.99998E-05  7.76995E-17
  8.83000E-01  1.00000E+00  1.00000E-04 -3.81667E-10
  8.84000E-01  1.00000E+00  1.00000E-04  3.18133E-11
  8.85000E-01  1.00000E+00  1.00000E-04  0.00000E+00
  8.86000E-01  1.00000E+00  1.00000E-04 -3.18230E-11
  8.87000E-01  1.00000E+00  1.00000E-04  0.00000E+00
  8.88000E-01  1.00000E+00  1.00000E-04  0.00000E+00
  8.89000E-01  1.00000E+00  1.00000E-04  3.18172E-11
  8.90000E-01  1.00000E+00  1.00000E-04  0.00000E+00
  8.91000E-01  1.00000E+00  1.00000E-04 -3.18056E-11
  8.92000E-01  1.00000E+00  1.00000E-04  0.00000E+00
  8.93000E-01  1.00000E+00  1.00000E-04  0.00000E+00
  8.94000E-01  1.00000E+00  1.00000E-04  0.00000E+00
  8.95000E-01  1.00000E+00  1.00000E-04  3.18159E-11
  8.96000E-01  1.00000E+00  1.00000E-04 -3.18200E-11
  8.97000E-01  1.00000E+00  1.00000E-04  0.00000E+00
  8.98000E-01  1.00000E+00  1.00000E-04  0.00000E+00
  8.99000E-01  1.00000E+00  1.00000E-04 -2.44871E-16
  9.00000E-01  1.00000E+00  1.00000E-04  1.14794E-16
  9.01000E-01  1.00000E+00  1.00000E-04  1.30077E-16
  9.02000E-01  1.00000E+00  1.00000E-04  0.00000E+00
  9.03000E-01  1.00000E+00  1.00000E-04 -1.59061E-11
  9.04000E-01  1.00000E+00  1.00000E-04 -1.59077E-11
  9.05000E-01  1.00000E+00  1.00000E-04  8.54695E-17
  9.06000E-01  1.00000E+00  1.00000E-04 -6.36343E-11
  9.07000E-01  1.00000E+00  1.00000E-04  6.36489E-11
  9.08000E-01  1.00000E+00  1.00000E-04  3.18056E-11
  9.09000E-01  1.00000E+00  1.00000E-04  3.18146E-11
  9.10000E-01  1.00000E+00  1.00000E-04 -1.59068E-11
  9.11000E-01  1.00000E+00  1.00000E-04 -1.59052E-11
  9.12000E-01  1.00000E+00  1.00000E-04  7.76995E-17
  9.13000E-01  1.00000E+00  1.00000E-04  0.00000E+00
  9.14000E-01  1.00000E+00  1.00000E-04  0.00000E+00
  9.15000E-01  1.00000E+00  1.00000E-04  0.00000E+00
  9.16000E-01  1.00000E+00  1.00000E-04  1.27248E-10
  9.17000E-01  9.99999E-01  9.99999E-05  0.00000E+00
  9.18000E-01  1.00000E+00  1.00000E-04 -1.27278E-10
  9.19000E-01  1.00000E+00  1.00000E-04  0.00000E+00
  9.20000E-01  1.00000E+00  1.00000E-04  0.00000E+00
  9.21000E-01  1.00000E+00  1.00000E-04  1.59089E-10
  9.22000E-01  9.99999E-01  9.99999E-05  3.02648E-16
  9.23000E-01  1.00000E+00  1.00000E-04 -9.54104E-11
  9.24000E-01  1.00000E+00  1.00000E-04  9.53997E-11
  9.25000E-01  1.00000E+00  1.00000E-04 -9.54010E-11
  9.26000E-01  1.00000E+00  1.00000E-04 -6.36194E-11
  9.27000E-01  1.00000E+00  1.00000E-04  0.00000E+00
  9.28000E-01  1.00000E+00  1.00000E-04 -2.33099E-16
  9.29000E-01  1.00000E+00  1.00000E-04  7.76995E-17
  9.30000E-01  1.00000E+00  1.00000E-04  7.76995E-17
  9.31000E-01  1.00000E+00  1.00000E-04  3.18082E-11
  9.32000E-01  1.00000E+00  1.00000E-04  9.30797E-12
  9.33000E-01  1.00000E+00  1.00000E-04 -9.30798E-12
  9.34000E-01  1.00000E+00  1.00000E-04 -3.18198E-11
  9.35000E-01  1.00000E+00  1.00000E-04  0.00000E+00
  9.36000E-01  1.00000E+00  1.00000E-04 -6.36169E-11
  9.37000E-01  1.00000E+00  1.00000E-04  0.00000E+00
  9.38000E-01  1.00000E+00  1.00000E-04  1.90830E-10
  9.39000E-01  1.00000E+00  1.00000E-04  0.00000E+00
  9.40000E-01  1.00000E+00  1.00000E-04 -1.90914E-10
  9.41000E-01  1.00000E+00  1.00000E-04  0.00000E+00
  9.42000E-01  1.00000E+00  1.00000E-04  2.22636E-10
  9.43000E-01  1.00000E+00  1.00000E-04 -3.18024E-11
  9.44000E-01  1.00000E+00  1.00000E-04 -3.18194E-11
  9.45000E-01  1.00000E+00  1.00000E-04  8.58637E-10
  9.46000E-01  9.99996E-01  9.99996E-05  2.54081E-10
  9.47000E-01  1.00000E+00  1.00000E-04 -1.23606E-09
  9.48000E-01  1.00000E+00  1.00000E-04  3.00005E-11
  9.49000E-01  1.00000E+00  1.00000E-04  2.99995E-11
  9.50000E-01  1.00000E+00  1.00000E-04  9.53961E-11
  9.51000E-01  1.00000E+00  1.00000E-04  3.18151E-11
  9.52000E-01  1.00000E+00  1.00000E-04 -4.69508E-12
  9.53000E-01  1.00000E+00  1.00000E-04 -2.71231E-11
  9.54000E-01  1.00000E+00  1.00000E-04 -2.86236E-10
  9.55000E-01  1.00000E+00  1.00000E-04  9.54631E-11
  9.56000E-01  1.00000E+00  1.00000E-04  9.54753E-11
  9.57000E-01  1.00000E+00  1.00000E-04  3.18226E-11
  9.58000E-01  1.00000E+00  1.00000E-04  6.36198E-11
  9.59000E-01  1.00000E+00  1.00000E-04 -1.90793E-10
  9.60000E-01  1.00000E+00  1.00000E-04  3.18025E-11
  9.61000E-01  1.00000E+00  1.00000E-04  3.18155E-11
  9.62000E-01  1.00000E+00  1.00000E-04 -6.36157E-11
  9.63000E-01  1.00000E+00  1.00000E-04 -1.27294E-10
  9.64000E-01  1.00000E+00  1.00000E-04  3.18162E-10
  9.65000E-01  1.00000E+00  1.00000E-04  3.18091E-11
  9.66000E-01  1.00000E+00  1.00000E-04 -3.81582E-10
  9.67000E-01  1.00000E+00  1.00000E-04  1.27305E-10
  9.68000E-01  1.00000E+00  1.00000E-04 -1.21530E-16
  9.69000E-01  1.00000E+00  1.00000E-04 -3.18235E-11
  9.70000E-01  1.00000E+00  1.00000E-04  3.18163E-11
  9.71000E-01  1.00000E+00  1.00000E-04  2.22586E-10
  9.72000E-01  9.99999E-01  9.99999E-05  6.36347E-11
  9.73000E-01  1.00000E+00  1.00000E-04  1.01796E-09
  9.74000E-01  9.99995E-01  9.99995E-05  6.36100E-11
  9.75000E-01  1.00000E+00  1.00000E-04 -1.31619E-09
  9.76000E-01  1.00000E+00  1.00000E-04  1.07678E-10
  9.77000E-01  1.00000E+00  9.99999E-05  9.54409E-11
  9.78000E-01  1.00000E+00  1.00000E-04 -2.86298E-10
  9.79000E-01  9.99999E-01  1.00000E-04  1.47978E-15
  9.80000E-01  1.00000E+00  1.00000E-04  6.99498E-10
  9.81000E-01  9.99998E-01  9.99998E-05  3.18133E-11
  9.82000E-01  1.00000E+00  1.00000E-04 -9.22150E-10
  9.83000E-01  1.00000E+00  1.00000E-04  1.27245E-10
  9.84000E-01  1.00000E+00  1.00000E-04  1.52373E-11
  9.85000E-01  1.00000E+00  1.00000E-04  1.05700E-09
  9.86000E-01  9.99996E-01  9.99995E-05 -8.81155E-10
  9.87000E-01  1.00001E+00  1.00001E-04 -1.11362E-09
  9.88000E-01  1.00000E+00  1.00000E-04  7.81204E-10
  9.89000E-01  1.00000E+00  1.00000E-04  4.19266E-09
  9.90000E-01  9.99981E-01  9.99981E-05  3.78204E-10
  9.91000E-01  1.00000E+00  1.00000E-04 -4.18219E-09
  9.92000E-01  1.00000E+00  1.00000E-04 -5.71553E-11
  9.93000E-01  1.00000E+00  1.00000E-04  0.00000E+00
  9.94000E-01  1.00000E+00  1.00000E-04 -6.36178E-11
  9.95000E-01  1.00000E+00  1.00000E-04  0.00000E+00
  9.96000E-01  1.00000E+00  1.00000E-04  6.36380E-11
  9.97000E-01  1.00000E+00  1.00000E-04  0.00000E+00
  9.98000E-01  1.00000E+00  1.00000E-04  0.00000E+00
  9.99000E-01  1.00000E+00  1.00000E-04  0.00000E+00
