  0.00000E+00  1.47217E-04  4.98059E+02  1.19881E-01
  1.00000E-03  1.47219E-04  4.98058E+02  3.61613E-01
  2.00000E-03  1.47225E-04  4.98056E+02  6.08327E-01
  3.00000E-03  1.47288E-04  4.98055E+02  8.58951E-01
  4.00000E-03  1.47479E-04  4.98057E+02  1.11275E+00
  5.00000E-03  1.47754E-04  4.98057E+02  1.36615E+00
  6.00000E-03  1.47999E-04  4.98057E+02  1.61669E+00
  7.00000E-03  1.48233E-04  4.98057E+02  1.86333E+00
  8.00000E-03  1.48963E-04  4.98057E+02  2.10955E+00
  9.00000E-03  1.53527E-04  4.98057E+02  2.35675E+00
  1.00000E-02  1.65656E-04  4.98055E+02  2.60301E+00
  1.10000E-02  1.82389E-04  4.98055E+02  2.85062E+00
  1.20000E-02  2.02763E-04  4.98054E+02  3.09855E+00
  1.30000E-02  2.25601E-04  4.98055E+02  3.34817E+00
  1.40000E-02  2.51819E-04  4.98055E+02  3.59839E+00
  1.50000E-02  2.82271E-04  4.98055E+02  3.84574E+00
  1.60000E-02  3.17923E-04  4.98057E+02  4.09408E+00
  1.70000E-02  3.60301E-04  4.98058E+02  4.34360E+00
  1.80000E-02  4.13134E-04  4.98059E+02  4.59165E+00
  1.90000E-02  4.79905E-04  4.98060E+02  4.84079E+00
  2.00000E-02  5.65398E-04  4.98061E+02  5.08892E+00
  2.10000E-02  6.76754E-04  4.98063E+02  5.33595E+00
  2.20000E-02  8.20971E-04  4.98064E+02  5.58136E+00
  2.30000E-02  1.00796E-03  4.98069E+02  5.82544E+00
  2.40000E-02  1.24410E-03  4.98075E+02  6.07240E+00
  2.50000E-02  1.53431E-03  4.98082E+02  6.31775E+00
  2.60000E-02  1.87865E-03  4.98090E+02  6.56321E+00
  2.70000E-02  2.27639E-03  4.98103E+02  6.81100E+00
  2.80000E-02  2.72197E-03  4.98115E+02  7.05642E+00
  2.90000E-02  3.21567E-03  4.98134E+02  7.30230E+00
  3.00000E-02  3.75450E-03  4.98154E+02  7.54864E+00
  3.10000E-02  4.34181E-03  4.98176E+02  7.79235E+00
  3.20000E-02  4.97588E-03  4.98209E+02  8.04003E+00
  3.30000E-02  5.66248E-03  4.98239E+02  8.28454E+00
  3.40000E-02  6.41276E-03  4.98277E+02  8.53249E+00
  3.50000E-02  7.23110E-03  4.98318E+02  8.77629E+00
  3.60000E-02  8.13120E-03  4.98384E+02  9.02786E+00
  3.70000E-02  9.12260E-03  4.98438E+02  9.27160E+00
  3.80000E-02  1.02217E-02  4.98523E+02  9.52379E+00
  3.90000E-02  1.14436E-02  4.98591E+02  9.76464E+00
  4.00000E-02  1.27963E-02  4.98696E+02  1.00154E+01
  4.10000E-02  1.42966E-02  4.98793E+02  1.02559E+01
  4.20000E-02  1.59334E-02  4.98931E+02  1.05056E+01
  4.30000E-02  1.77305E-02  4.99086E+02  1.07538E+01
  4.40000E-02  1.96542E-02  4.99235E+02  1.09969E+01
  4.50000E-02  2.17310E-02  4.99452E+02  1.12519E+01
  4.60000E-02  2.39432E-02  4.99603E+02  1.14896E+01
  4.70000E-02  2.62936E-02  4.99908E+02  1.17532E+01
  4.80000E-02  2.87903E-02  5.00078E+02  1.19829E+01
  4.90000E-02  3.14416E-02  5.00444E+02  1.22468E+01
  5.00000E-02  3.42618E-02  5.00691E+02  1.24834E+01
  5.10000E-02  3.72730E-02  5.01043E+02  1.27362E+01
  5.20000E-02  4.04983E-02  5.01454E+02  1.29907E+01
  5.30000E-02  4.39265E-02  5.01774E+02  1.32234E+01
  5.40000E-02  4.76118E-02  5.02430E+02  1.35004E+01
  5.50000E-02  5.15392E-02  5.02765E+02  1.37215E+01
  5.60000E-02  5.57529E-02  5.03543E+02  1.40052E+01
  5.70000E-02  6.02399E-02  5.04082E+02  1.42428E+01
  5.80000E-02  6.50352E-02  5.04778E+02  1.44984E+01
  5.90000E-02  7.01676E-02  5.05754E+02  1.47753E+01
  6.00000E-02  7.55945E-02  5.06273E+02  1.49897E+01
  6.10000E-02  8.14346E-02  5.07576E+02  1.52951E+01
  6.20000E-02  8.76468E-02  5.08301E+02  1.55130E+01
  6.30000E-02  9.42899E-02  5.09514E+02  1.57834E+01
  6.40000E-02  1.01430E-01  5.11016E+02  1.60634E+01
  6.50000E-02  1.08922E-01  5.11856E+02  1.62700E+01
  6.60000E-02  1.17048E-01  5.13950E+02  1.66025E+01
  6.70000E-02  1.25553E-01  5.15106E+02  1.68153E+01
  6.80000E-02  1.34618E-01  5.16841E+02  1.70812E+01
  6.90000E-02  1.44369E-01  5.19324E+02  1.73945E+01
  7.00000E-02  1.54417E-01  5.20417E+02  1.75788E+01
  7.10000E-02  1.65423E-01  5.23449E+02  1.79260E+01
  7.20000E-02  1.76917E-01  5.25771E+02  1.81779E+01
  7.30000E-02  1.89003E-01  5.27747E+02  1.83978E+01
  7.40000E-02  2.02293E-01  5.32027E+02  1.87865E+01
  7.50000E-02  2.15846E-01  5.34064E+02  1.89763E+01
  7.60000E-02  2.30509E-01  5.37540E+02  1.92651E+01
  7.70000E-02  2.46416E-01  5.42547E+02  1.96405E+01
  7.80000E-02  2.62488E-01  5.44750E+02  1.98079E+01
  7.90000E-02  2.80309E-01  5.50078E+02  2.01637E+01
  8.00000E-02  2.99440E-01  5.55849E+02  2.05219E+01
  8.10000E-02  3.18540E-01  5.58575E+02  2.06824E+01
  8.20000E-02  3.40472E-01  5.65981E+02  2.10903E+01
  8.30000E-02  3.63452E-01  5.72814E+02  2.14462E+01
  8.40000E-02  3.86566E-01  5.76489E+02  2.16057E+01
  8.50000E-02  4.13559E-01  5.86220E+02  2.20536E+01
  8.60000E-02  4.41580E-01  5.94578E+02  2.24205E+01
  8.70000E-02  4.69602E-01  5.99330E+02  2.25794E+01
  8.80000E-02  5.03005E-01  6.11664E+02  2.30588E+01
  8.90000E-02  5.37859E-01  6.22786E+02  2.34701E+01
  9.00000E-02  5.71959E-01  6.28813E+02  2.36256E+01
  9.10000E-02  6.13069E-01  6.43741E+02  2.41076E+01
  9.20000E-02  6.57366E-01  6.59343E+02  2.45926E+01
  9.30000E-02  6.99437E-01  6.67154E+02  2.47556E+01
  9.40000E-02  7.50160E-01  6.84415E+02  2.52103E+01
  9.50000E-02  8.08089E-01  7.06661E+02  2.58026E+01
  9.60000E-02  8.61552E-01  7.17541E+02  2.59983E+01
  9.70000E-02  9.24426E-01  7.36628E+02  2.63775E+01
  9.80000E-02  1.00148E+00  7.67366E+02  2.70783E+01
  9.90000E-02  1.07297E+00  7.85062E+02  2.73679E+01
  1.00000E-01  1.15007E+00  8.04829E+02  2.76373E+01
  1.01000E-01  1.25189E+00  8.44787E+02  2.84021E+01
  1.02000E-01  1.35242E+00  8.75546E+02  2.88736E+01
  1.03000E-01  1.45125E+00  8.97519E+02  2.90811E+01
  1.04000E-01  1.58048E+00  9.43165E+02  2.97421E+01
  1.05000E-01  1.72450E+00  9.94470E+02  3.04102E+01
  1.06000E-01  1.86243E+00  1.02388E+03  3.06782E+01
  1.07000E-01  2.03249E+00  1.07658E+03  3.12238E+01
  1.08000E-01  2.23375E+00  1.14865E+03  3.20107E+01
  1.09000E-01  2.42072E+00  1.20236E+03  3.23372E+01
  1.10000E-01  2.65375E+00  1.25405E+03  3.26755E+01
  1.11000E-01  3.00129E+00  1.36387E+03  3.38495E+01
  1.12000E-01  3.26063E+00  1.45729E+03  3.43143E+01
  1.13000E-01  3.30266E+00  1.37042E+03  3.32236E+01
  1.14000E-01  2.61011E+00  7.86179E+02  2.48694E+01
  1.15000E-01  1.46789E+00  1.36883E+02  7.79590E+00
  1.16000E-01  1.05846E+00  2.70844E+00  4.00949E-01
  1.17000E-01  1.00196E+00  5.46644E-04  6.52182E-04
  1.18000E-01  1.00000E+00  1.00000E-04  6.22594E-08
  1.19000E-01  1.00000E+00  1.00000E-04  1.07208E-13
  1.20000E-01  1.00000E+00  1.00000E-04  6.31581E-11
  1.21000E-01  1.00000E+00  9.99999E-05  7.01718E-12
  1.22000E-01  1.00000E+00  1.00000E-04 -6.31533E-11
  1.23000E-01  1.00000E+00  1.00000E-04 -4.91277E-11
  1.24000E-01  1.00000E+00  1.00000E-04  7.01886E-12
  1.25000E-01  1.00000E+00  1.00000E-04  3.50908E-11
  1.26000E-01  1.00000E+00  1.00000E-04  0.00000E+00
  1.27000E-01  1.00000E+00  1.00000E-04  0.00000E+00
  1.28000E-01  1.00000E+00  1.00000E-04  0.00000E+00
  1.29000E-01  1.00000E+00  1.00000E-04  0.00000E+00
  1.30000E-01  1.00000E+00  1.00000E-04  0.00000E+00
  1.31000E-01  1.00000E+00  1.00000E-04  0.00000E+00
  1.32000E-01  1.00000E+00  1.00000E-04  7.01799E-12
  1.33000E-01  1.00000E+00  1.00000E-04 -3.50866E-12
  1.34000E-01  1.00000E+00  1.00000E-04 -3.50999E-12
  1.35000E-01  1.00000E+00  1.00000E-04  7.77002E-17
  1.36000E-01  1.00000E+00  1.00000E-04  0.00000E+00
  1.37000E-01  1.00000E+00  1.00000E-04  0.00000E+00
  1.38000E-01  1.00000E+00  1.00000E-04  0.00000E+00
  1.39000E-01  1.00000E+00  1.00000E-04 -1.40381E-11
  1.40000E-01  1.00000E+00  1.00000E-04 -7.01915E-12
  1.41000E-01  1.00000E+00  1.00000E-04  2.10568E-11
  1.42000E-01  1.00000E+00  1.00000E-04  7.77001E-17
  1.43000E-01  1.00000E+00  1.00000E-04  0.00000E+00
  1.44000E-01  1.00000E+00  1.00000E-04  0.00000E+00
  1.45000E-01  1.00000E+00  1.00000E-04  6.31609E-11
  1.46000E-01  9.99999E-01  9.99999E-05  7.01789E-12
  1.47000E-01  1.00000E+00  1.00000E-04 -6.31579E-11
  1.48000E-01  1.00000E+00  1.00000E-04 -7.01787E-12
  1.49000E-01  1.00000E+00  1.00000E-04 -7.67482E-16
  1.50000E-01  1.00000E+00  1.00000E-04  3.42958E-16
  1.51000E-01  1.00000E+00  1.00000E-04  4.24524E-16
  1.52000E-01  1.00000E+00  1.00000E-04  0.00000E+00
  1.53000E-01  1.00000E+00  1.00000E-04 -7.77001E-17
  1.54000E-01  1.00000E+00  1.00000E-04  0.00000E+00
  1.55000E-01  1.00000E+00  1.00000E-04  7.77001E-17
  1.56000E-01  1.00000E+00  1.00000E-04  0.00000E+00
  1.57000E-01  1.00000E+00  1.00000E-04  0.00000E+00
  1.58000E-01  1.00000E+00  1.00000E-04  0.00000E+00
  1.59000E-01  1.00000E+00  1.00000E-04  0.00000E+00
  1.60000E-01  1.00000E+00  1.00000E-04  7.01935E-12
  1.61000E-01  1.00000E+00  1.00000E-04  0.00000E+00
  1.62000E-01  1.00000E+00  1.00000E-04 -7.01886E-12
  1.63000E-01  1.00000E+00  1.00000E-04  0.00000E+00
  1.64000E-01  1.00000E+00  1.00000E-04  7.01888E-12
  1.65000E-01  1.00000E+00  1.00000E-04  0.00000E+00
  1.66000E-01  1.00000E+00  1.00000E-04 -7.01913E-12
  1.67000E-01  1.00000E+00  1.00000E-04  0.00000E+00
  1.68000E-01  1.00000E+00  1.00000E-04  1.40370E-11
  1.69000E-01  1.00000E+00  1.00000E-04  1.40354E-11
  1.70000E-01  1.00000E+00  1.00000E-04 -4.21119E-11
  1.71000E-01  1.00000E+00  1.00000E-04  1.63170E-16
  1.72000E-01  1.00000E+00  1.00000E-04  1.40385E-11
  1.73000E-01  1.00000E+00  1.00000E-04  0.00000E+00
  1.74000E-01  1.00000E+00  1.00000E-04  2.10564E-11
  1.75000E-01  1.00000E+00  1.00000E-04  0.00000E+00
  1.76000E-01  1.00000E+00  1.00000E-04 -2.10569E-11
  1.77000E-01  1.00000E+00  1.00000E-04 -4.43905E-16
  1.78000E-01  1.00000E+00  1.00000E-04  1.01030E-16
  1.79000E-01  1.00000E+00  1.00000E-04  3.42876E-16
  1.80000E-01  1.00000E+00  1.00000E-04  0.00000E+00
  1.81000E-01  1.00000E+00  1.00000E-04  0.00000E+00
  1.82000E-01  1.00000E+00  1.00000E-04  0.00000E+00
  1.83000E-01  1.00000E+00  1.00000E-04  0.00000E+00
  1.84000E-01  1.00000E+00  1.00000E-04  0.00000E+00
  1.85000E-01  1.00000E+00  1.00000E-04  0.00000E+00
  1.86000E-01  1.00000E+00  1.00000E-04  0.00000E+00
  1.87000E-01  1.00000E+00  1.00000E-04  0.00000E+00
  1.88000E-01  1.00000E+00  1.00000E-04  0.00000E+00
  1.89000E-01  1.00000E+00  1.00000E-04  0.00000E+00
  1.90000E-01  1.00000E+00  1.00000E-04  0.00000E+00
  1.91000E-01  1.00000E+00  1.00000E-04  0.00000E+00
  1.92000E-01  1.00000E+00  1.00000E-04  7.01904E-12
  1.93000E-01  1.00000E+00  1.00000E-04  0.00000E+00
  1.94000E-01  1.00000E+00  1.00000E-04 -7.01804E-12
  1.95000E-01  1.00000E+00  1.00000E-04  0.00000E+00
  1.96000E-01  1.00000E+00  1.00000E-04  0.00000E+00
  1.97000E-01  1.00000E+00  1.00000E-04  0.00000E+00
  1.98000E-01  1.00000E+00  1.00000E-04  0.00000E+00
  1.99000E-01  1.00000E+00  1.00000E-04  0.00000E+00
  2.00000E-01  1.00000E+00  1.00000E-04  0.00000E+00
  2.01000E-01  1.00000E+00  1.00000E-04  0.00000E+00
  2.02000E-01  1.00000E+00  1.00000E-04  0.00000E+00
  2.03000E-01  1.00000E+00  1.00000E-04  0.00000E+00
  2.04000E-01  1.00000E+00  1.00000E-04  0.00000E+00
  2.05000E-01  1.00000E+00  1.00000E-04  0.00000E+00
  2.06000E-01  1.00000E+00  1.00000E-04  0.00000E+00
  2.07000E-01  1.00000E+00  1.00000E-04  0.00000E+00
  2.08000E-01  1.00000E+00  1.00000E-04  0.00000E+00
  2.09000E-01  1.00000E+00  1.00000E-04  0.00000E+00
  2.10000E-01  1.00000E+00  1.00000E-04  0.00000E+00
  2.11000E-01  1.00000E+00  1.00000E-04  0.00000E+00
  2.12000E-01  1.00000E+00  1.00000E-04  0.00000E+00
  2.13000E-01  1.00000E+00  1.00000E-04  1.05272E-10
  2.14000E-01  9.99998E-01  9.99998E-05  0.00000E+00
  2.15000E-01  1.00000E+00  1.00000E-04 -1.05261E-10
  2.16000E-01  1.00000E+00  1.00000E-04  0.00000E+00
  2.17000E-01  1.00000E+00  1.00000E-04  0.00000E+00
  2.18000E-01  1.00000E+00  1.00000E-04  0.00000E+00
  2.19000E-01  1.00000E+00  1.00000E-04 -7.76998E-17
  2.20000E-01  1.00000E+00  1.00000E-04  0.00000E+00
  2.21000E-01  1.00000E+00  1.00000E-04  7.76998E-17
  2.22000E-01  1.00000E+00  1.00000E-04  0.00000E+00
  2.23000E-01  1.00000E+00  1.00000E-04  0.00000E+00
  2.24000E-01  1.00000E+00  1.00000E-04  0.00000E+00
  2.25000E-01  1.00000E+00  1.00000E-04  0.00000E+00
  2.26000E-01  1.00000E+00  1.00000E-04  0.00000E+00
  2.27000E-01  1.00000E+00  1.00000E-04  0.00000E+00
  2.28000E-01  1.00000E+00  1.00000E-04  0.00000E+00
  2.29000E-01  1.00000E+00  1.00000E-04  1.40362E-11
  2.30000E-01  1.00000E+00  1.00000E-04  0.00000E+00
  2.31000E-01  1.00000E+00  1.00000E-04 -1.40359E-11
  2.32000E-01  1.00000E+00  1.00000E-04 -4.36673E-16
  2.33000E-01  1.00000E+00  1.00000E-04 -4.21147E-11
  2.34000E-01  1.00000E+00  1.00000E-04  2.80766E-11
  2.35000E-01  1.00000E+00  1.00000E-04  1.40356E-11
  2.36000E-01  1.00000E+00  1.00000E-04  0.00000E+00
  2.37000E-01  1.00000E+00  1.00000E-04  0.00000E+00
  2.38000E-01  1.00000E+00  1.00000E-04  0.00000E+00
  2.39000E-01  1.00000E+00  1.00000E-04  0.00000E+00
  2.40000E-01  1.00000E+00  1.00000E-04  0.00000E+00
  2.41000E-01  1.00000E+00  1.00000E-04  0.00000E+00
  2.42000E-01  1.00000E+00  1.00000E-04  0.00000E+00
  2.43000E-01  1.00000E+00  1.00000E-04  0.00000E+00
  2.44000E-01  1.00000E+00  1.00000E-04  0.00000E+00
  2.45000E-01  1.00000E+00  1.00000E-04  0.00000E+00
  2.46000E-01  1.00000E+00  1.00000E-04  0.00000E+00
  2.47000E-01  1.00000E+00  1.00000E-04 -7.71961E-11
  2.48000E-01  1.00000E+00  1.00000E-04  0.00000E+00
  2.49000E-01  1.00000E+00  1.00000E-04  7.71848E-11
  2.50000E-01  1.00000E+00  1.00000E-04  0.00000E+00
  2.51000E-01  1.00000E+00  1.00000E-04  0.00000E+00
  2.52000E-01  1.00000E+00  1.00000E-04  2.10551E-11
  2.53000E-01  1.00000E+00  1.00000E-04 -1.40358E-11
  2.54000E-01  1.00000E+00  1.00000E-04 -1.40370E-11
  2.55000E-01  1.00000E+00  1.00000E-04 -7.01794E-12
  2.56000E-01  1.00000E+00  1.00000E-04  8.54697E-17
  2.57000E-01  1.00000E+00  1.00000E-04  1.40367E-11
  2.58000E-01  1.00000E+00  1.00000E-04  0.00000E+00
  2.59000E-01  1.00000E+00  1.00000E-04  0.00000E+00
  2.60000E-01  1.00000E+00  1.00000E-04  0.00000E+00
  2.61000E-01  1.00000E+00  1.00000E-04  0.00000E+00
  2.62000E-01  1.00000E+00  1.00000E-04  7.01799E-12
  2.63000E-01  1.00000E+00  1.00000E-04  0.00000E+00
  2.64000E-01  1.00000E+00  1.00000E-04 -7.01889E-12
  2.65000E-01  1.00000E+00  1.00000E-04  0.00000E+00
  2.66000E-01  1.00000E+00  1.00000E-04  0.00000E+00
  2.67000E-01  1.00000E+00  1.00000E-04  0.00000E+00
  2.68000E-01  1.00000E+00  1.00000E-04  0.00000E+00
  2.69000E-01  1.00000E+00  1.00000E-04  0.00000E+00
  2.70000E-01  1.00000E+00  1.00000E-04  2.10569E-11
  2.71000E-01  1.00000E+00  1.00000E-04  1.40352E-11
  2.72000E-01  1.00000E+00  1.00000E-04 -7.01883E-12
  2.73000E-01  1.00000E+00  1.00000E-04 -7.01858E-11
  2.74000E-01  1.00000E+00  1.00000E-04  2.10591E-11
  2.75000E-01  1.00000E+00  1.00000E-04  7.01947E-12
  2.76000E-01  1.00000E+00  1.00000E-04  7.01749E-12
  2.77000E-01  1.00000E+00  1.00000E-04  7.01829E-12
  2.78000E-01  1.00000E+00  1.00000E-04 -7.01835E-12
  2.79000E-01  1.00000E+00  1.00000E-04 -7.76997E-17
  2.80000E-01  1.00000E+00  1.00000E-04  1.47532E-15
  2.81000E-01  1.00000E+00  1.00000E-04  1.43821E-15
  2.82000E-01  1.00000E+00  1.00000E-04  1.03793E-15
  2.83000E-01  1.00000E+00  1.00000E-04 -8.42491E-12
  2.84000E-01  1.00000E+00  1.00000E-04 -1.35319E-08
  2.85000E-01  1.00000E+00  1.00058E-04 -2.07893E-08
  2.86000E-01  1.00000E+00  1.00064E-04  1.69864E-08
  2.87000E-01  1.00000E+00  1.00000E-04  5.41572E-10
  2.88000E-01  1.00000E+00  1.00062E-04  2.29682E-11
  2.89000E-01  1.00000E+00  1.00000E-04  1.67754E-08
  2.90000E-01  1.00000E+00  1.00000E-04  2.63361E-11
  2.91000E-01  1.00000E+00  1.00000E-04  4.27123E-12
  2.92000E-01  1.00000E+00  1.00000E-04  7.01795E-12
  2.93000E-01  1.00000E+00  1.00000E-04 -7.01845E-12
  2.94000E-01  1.00000E+00  1.00000E-04 -2.10529E-11
  2.95000E-01  1.00000E+00  1.00000E-04  0.00000E+00
  2.96000E-01  1.00000E+00  1.00000E-04  0.00000E+00
  2.97000E-01  1.00000E+00  1.00000E-04  0.00000E+00
  2.98000E-01  1.00000E+00  1.00000E-04  0.00000E+00
  2.99000E-01  1.00000E+00  1.00000E-04  0.00000E+00
  3.00000E-01  1.00000E+00  1.00000E-04  0.00000E+00
  3.01000E-01  1.00000E+00  1.00000E-04  0.00000E+00
  3.02000E-01  1.00000E+00  1.00000E-04  0.00000E+00
  3.03000E-01  1.00000E+00  1.00000E-04  0.00000E+00
  3.04000E-01  1.00000E+00  1.00000E-04  0.00000E+00
  3.05000E-01  1.00000E+00  1.00000E-04  0.00000E+00
  3.06000E-01  1.00000E+00  1.00000E-04  0.00000E+00
  3.07000E-01  1.00000E+00  1.00000E-04  2.10557E-11
  3.08000E-01  1.00000E+00  1.00000E-04  1.40376E-11
  3.09000E-01  1.00000E+00  1.00000E-04 -2.10576E-11
  3.10000E-01  1.00000E+00  1.00000E-04 -1.40382E-11
  3.11000E-01  1.00000E+00  1.00000E-04  7.01812E-12
  3.12000E-01  1.00000E+00  1.00000E-04 -7.01713E-12
  3.13000E-01  1.00000E+00  1.00000E-04 -7.01979E-12
  3.14000E-01  1.00000E+00  1.00000E-04  3.50953E-12
  3.15000E-01  1.00000E+00  1.00000E-04  3.50908E-12
  3.16000E-01  1.00000E+00  1.00000E-04  7.76997E-17
  3.17000E-01  1.00000E+00  1.00000E-04  7.01807E-12
  3.18000E-01  1.00000E+00  1.00000E-04 -2.10545E-11
  3.19000E-01  1.00000E+00  1.00000E-04 -7.01913E-12
  3.20000E-01  1.00000E+00  1.00000E-04  2.80760E-11
  3.21000E-01  1.00000E+00  1.00000E-04 -7.01779E-12
  3.22000E-01  1.00000E+00  1.00000E-04 -2.80765E-11
  3.23000E-01  1.00000E+00  1.00000E-04  4.21117E-11
  3.24000E-01  1.00000E+00  1.00000E-04 -3.50885E-11
  3.25000E-01  1.00000E+00  1.00000E-04  3.51379E-12
  3.26000E-01  1.00000E+00  1.00000E-04  3.51238E-12
  3.27000E-01  1.00000E+00  1.00000E-04  2.34368E-12
  3.28000E-01  1.00000E+00  1.00000E-04  2.33399E-12
  3.29000E-01  1.00000E+00  1.00000E-04  2.33297E-12
  3.30000E-01  1.00000E+00  1.00000E-04  7.01747E-12
  3.31000E-01  1.00000E+00  1.00000E-04  0.00000E+00
  3.32000E-01  1.00000E+00  1.00000E-04  2.10549E-11
  3.33000E-01  1.00000E+00  1.00000E-04  7.01723E-12
  3.34000E-01  1.00000E+00  1.00000E-04 -2.10534E-11
  3.35000E-01  1.00000E+00  1.00000E-04  2.39237E-16
  3.36000E-01  1.00000E+00  1.00000E-04  1.03418E-16
  3.37000E-01  1.00000E+00  1.00000E-04 -7.01940E-12
  3.38000E-01  1.00000E+00  1.00000E-04  0.00000E+00
  3.39000E-01  1.00000E+00  1.00000E-04 -2.80710E-11
  3.40000E-01  1.00000E+00  1.00000E-04 -7.01858E-12
  3.41000E-01  1.00000E+00  1.00000E-04  2.80705E-11
  3.42000E-01  1.00000E+00  1.00000E-04 -7.01899E-12
  3.43000E-01  1.00000E+00  1.00000E-04  7.01889E-12
  3.44000E-01  1.00000E+00  1.00000E-04  9.12292E-11
  3.45000E-01  9.99999E-01  9.99999E-05 -1.12268E-10
  3.46000E-01  1.00000E+00  1.00000E-04 -5.61425E-11
  3.47000E-01  1.00000E+00  1.00000E-04 -3.22007E-10
  3.48000E-01  1.00000E+00  1.00001E-04  2.03421E-10
  3.49000E-01  1.00000E+00  9.99996E-05  3.50065E-10
  3.50000E-01  1.00000E+00  1.00000E-04 -1.96398E-10
  3.51000E-01  1.00000E+00  1.00000E-04  4.91230E-11
  3.52000E-01  1.00000E+00  1.00000E-04  0.00000E+00
  3.53000E-01  1.00000E+00  1.00000E-04  0.00000E+00
  3.54000E-01  1.00000E+00  1.00000E-04  0.00000E+00
  3.55000E-01  1.00000E+00  1.00000E-04  0.00000E+00
  3.56000E-01  1.00000E+00  1.00000E-04  0.00000E+00
  3.57000E-01  1.00000E+00  1.00000E-04  0.00000E+00
  3.58000E-01  1.00000E+00  1.00000E-04  0.00000E+00
  3.59000E-01  1.00000E+00  1.00000E-04  0.00000E+00
  3.60000E-01  1.00000E+00  1.00000E-04  0.00000E+00
  3.61000E-01  1.00000E+00  1.00000E-04 -7.76996E-17
  3.62000E-01  1.00000E+00  1.00000E-04  0.00000E+00
  3.63000E-01  1.00000E+00  1.00000E-04  7.76996E-17
  3.64000E-01  1.00000E+00  1.00000E-04  0.00000E+00
  3.65000E-01  1.00000E+00  1.00000E-04  0.00000E+00
  3.66000E-01  1.00000E+00  1.00000E-04  0.00000E+00
  3.67000E-01  1.00000E+00  1.00000E-04  0.00000E+00
  3.68000E-01  1.00000E+00  1.00000E-04  0.00000E+00
  3.69000E-01  1.00000E+00  1.00000E-04  0.00000E+00
  3.70000E-01  1.00000E+00  1.00000E-04  0.00000E+00
  3.71000E-01  1.00000E+00  1.00000E-04  0.00000E+00
  3.72000E-01  1.00000E+00  1.00000E-04 -1.40366E-11
  3.73000E-01  1.00000E+00  1.00000E-04 -1.40371E-11
  3.74000E-01  1.00000E+00  1.00000E-04  2.10565E-11
  3.75000E-01  1.00000E+00  1.00000E-04 -7.71882E-11
  3.76000E-01  1.00000E+00  1.00000E-04  7.77393E-17
  3.77000E-01  1.00000E+00  1.00000E-04  8.42125E-11
  3.78000E-01  1.00000E+00  1.00000E-04  0.00000E+00
  3.79000E-01  1.00000E+00  1.00000E-04  0.00000E+00
  3.80000E-01  1.00000E+00  1.00000E-04  0.00000E+00
  3.81000E-01  1.00000E+00  1.00000E-04  2.10553E-11
  3.82000E-01  1.00000E+00  1.00000E-04  7.01816E-12
  3.83000E-01  1.00000E+00  1.00000E-04 -2.10530E-11
  3.84000E-01  1.00000E+00  1.00000E-04  1.40371E-11
  3.85000E-01  1.00000E+00  1.00000E-04 -1.59962E-16
  3.86000E-01  1.00000E+00  1.00000E-04 -2.10555E-11
  3.87000E-01  1.00000E+00  1.00000E-04  0.00000E+00
  3.88000E-01  1.00000E+00  1.00000E-04  0.00000E+00
  3.89000E-01  1.00000E+00  1.00000E-04  0.00000E+00
  3.90000E-01  1.00000E+00  1.00000E-04  0.00000E+00
  3.91000E-01  1.00000E+00  1.00000E-04  0.00000E+00
  3.92000E-01  1.00000E+00  1.00000E-04  0.00000E+00
  3.93000E-01  1.00000E+00  1.00000E-04  0.00000E+00
  3.94000E-01  1.00000E+00  1.00000E-04  0.00000E+00
  3.95000E-01  1.00000E+00  1.00000E-04  0.00000E+00
  3.96000E-01  1.00000E+00  1.00000E-04  0.00000E+00
  3.97000E-01  1.00000E+00  1.00000E-04  2.10549E-11
  3.98000E-01  1.00000E+00  1.00000E-04 -2.10565E-11
  3.99000E-01  1.00000E+00  1.00000E-04 -7.01824E-12
  4.00000E-01  1.00000E+00  1.00000E-04  7.01813E-12
  4.01000E-01  1.00000E+00  1.00000E-04  0.00000E+00
  4.02000E-01  1.00000E+00  1.00000E-04  0.00000E+00
  4.03000E-01  1.00000E+00  1.00000E-04  0.00000E+00
  4.04000E-01  1.00000E+00  1.00000E-04 -1.46226E-11
  4.05000E-01  1.00000E+00  1.00000E-04 -1.58707E-08
  4.06000E-01  1.00000E+00  1.00058E-04 -7.96325E-12
  4.07000E-01  1.00000E+00  1.00000E-04  1.58579E-08
  4.08000E-01  1.00000E+00  1.00000E-04  3.54922E-11
  4.09000E-01  1.00000E+00  1.00000E-04  0.00000E+00
  4.10000E-01  1.00000E+00  1.00000E-04  0.00000E+00
  4.11000E-01  1.00000E+00  1.00000E-04  0.00000E+00
  4.12000E-01  1.00000E+00  1.00000E-04  0.00000E+00
  4.13000E-01  1.00000E+00  1.00000E-04  0.00000E+00
  4.14000E-01  1.00000E+00  1.00000E-04  0.00000E+00
  4.15000E-01  1.00000E+00  1.00000E-04 -3.54925E-11
  4.16000E-01  1.00000E+00  1.00000E-04 -1.58584E-08
  4.17000E-01  1.00000E+00  1.00058E-04 -1.10419E-14
  4.18000E-01  1.00000E+00  1.00000E-04  1.58516E-08
  4.19000E-01  1.00000E+00  1.00000E-04  3.72790E-11
  4.20000E-01  1.00000E+00  1.00000E-04  5.22544E-12
  4.21000E-01  1.00000E+00  1.00000E-04  0.00000E+00
  4.22000E-01  1.00000E+00  1.00000E-04  0.00000E+00
  4.23000E-01  1.00000E+00  1.00000E-04  2.80729E-11
  4.24000E-01  1.00000E+00  9.99999E-05  0.00000E+00
  4.25000E-01  1.00000E+00  1.00000E-04 -2.10561E-11
  4.26000E-01  1.00000E+00  1.00000E-04 -1.01786E-16
  4.27000E-01  1.00000E+00  1.00000E-04  1.54347E-10
  4.28000E-01  9.99996E-01  9.99996E-05  7.02298E-12
  4.29000E-01  1.00000E+00  1.00000E-04 -1.68364E-10
  4.30000E-01  1.00000E+00  1.00000E-04  0.00000E+00
  4.31000E-01  1.00000E+00  1.00000E-04  0.00000E+00
  4.32000E-01  1.00000E+00  1.00000E-04  1.40372E-11
  4.33000E-01  1.00000E+00  1.00000E-04  0.00000E+00
  4.34000E-01  1.00000E+00  1.00000E-04 -1.40361E-11
  4.35000E-01  1.00000E+00  1.00000E-04  0.00000E+00
  4.36000E-01  1.00000E+00  1.00000E-04 -7.76996E-17
  4.37000E-01  1.00000E+00  1.00000E-04 -2.10576E-11
  4.38000E-01  1.00000E+00  1.00000E-04  7.01917E-12
  4.39000E-01  1.00000E+00  1.00000E-04  1.40369E-11
  4.40000E-01  1.00000E+00  1.00000E-04  0.00000E+00
  4.41000E-01  1.00000E+00  1.00000E-04  7.01912E-12
  4.42000E-01  1.00000E+00  1.00000E-04  0.00000E+00
  4.43000E-01  1.00000E+00  1.00000E-04 -7.01883E-12
  4.44000E-01  1.00000E+00  1.00000E-04  7.01900E-12
  4.45000E-01  1.00000E+00  1.00000E-04  0.00000E+00
  4.46000E-01  1.00000E+00  1.00000E-04 -7.01781E-12
  4.47000E-01  1.00000E+00  1.00000E-04  0.00000E+00
  4.48000E-01  1.00000E+00  1.00000E-04  0.00000E+00
  4.49000E-01  1.00000E+00  1.00000E-04  0.00000E+00
  4.50000E-01  1.00000E+00  1.00000E-04  7.01858E-12
  4.51000E-01  1.00000E+00  1.00000E-04 -2.80752E-11
  4.52000E-01  1.00000E+00  1.00000E-04 -7.02013E-12
  4.53000E-01  1.00000E+00  1.00000E-04  2.80701E-11
  4.54000E-01  1.00000E+00  1.00000E-04  7.01808E-12
  4.55000E-01  1.00000E+00  1.00000E-04  0.00000E+00
  4.56000E-01  1.00000E+00  1.00000E-04 -3.50840E-12
  4.57000E-01  1.00000E+00  1.00000E-04 -3.51044E-12
  4.58000E-01  1.00000E+00  1.00000E-04  7.76996E-17
  4.59000E-01  1.00000E+00  1.00000E-04  0.00000E+00
  4.60000E-01  1.00000E+00  1.00000E-04  7.01787E-12
  4.61000E-01  1.00000E+00  1.00000E-04 -1.40353E-11
  4.62000E-01  1.00000E+00  1.00000E-04 -7.01923E-12
  4.63000E-01  1.00000E+00  1.00000E-04  1.40377E-11
  4.64000E-01  1.00000E+00  1.00000E-04  7.01843E-12
  4.65000E-01  1.00000E+00  1.00000E-04  0.00000E+00
  4.66000E-01  1.00000E+00  1.00000E-04 -7.01818E-12
  4.67000E-01  1.00000E+00  1.00000E-04  7.01892E-12
  4.68000E-01  1.00000E+00  1.00000E-04  7.01745E-12
  4.69000E-01  1.00000E+00  1.00000E-04 -3.50935E-11
  4.70000E-01  1.00000E+00  1.00000E-04  1.40376E-11
  4.71000E-01  1.00000E+00  1.00000E-04  7.01850E-12
  4.72000E-01  1.00000E+00  1.00000E-04 -2.80721E-11
  4.73000E-01  1.00000E+00  1.00000E-04  7.01983E-12
  4.74000E-01  1.00000E+00  1.00000E-04  2.10526E-11
  4.75000E-01  1.00000E+00  1.00000E-04 -6.59449E-16
  4.76000E-01  1.00000E+00  1.00000E-04  8.54695E-17
  4.77000E-01  1.00000E+00  1.00000E-04 -1.40355E-11
  4.78000E-01  1.00000E+00  1.00000E-04  7.01945E-12
  4.79000E-01  1.00000E+00  1.00000E-04  1.40344E-11
  4.80000E-01  1.00000E+00  1.00000E-04  1.40372E-11
  4.81000E-01  1.00000E+00  1.00000E-04  7.01895E-12
  4.82000E-01  1.00000E+00  1.00000E-04 -2.10558E-11
  4.83000E-01  1.00000E+00  1.00000E-04 -4.91261E-11
  4.84000E-01  1.00000E+00  1.00000E-04 -2.80760E-11
  4.85000E-01  1.00000E+00  1.00000E-04  1.40368E-10
  4.86000E-01  1.00000E+00  9.99999E-05 -2.10516E-11
  4.87000E-01  1.00000E+00  1.00000E-04 -9.67478E-16
  4.88000E-01  9.99999E-01  9.99999E-05 -1.01526E-14
  4.89000E-01  1.00000E+00  1.00000E-04 -3.29788E-10
  4.90000E-01  1.00000E+00  1.00000E-04  1.19289E-10
  4.91000E-01  1.00000E+00  1.00000E-04  1.61341E-10
  4.92000E-01  1.00000E+00  1.00000E-04  4.91243E-11
  4.93000E-01  9.99999E-01  9.99999E-05 -7.01634E-12
  4.94000E-01  1.00000E+00  1.00000E-04 -4.21118E-11
  4.95000E-01  1.00000E+00  1.00000E-04  0.00000E+00
  4.96000E-01  1.00000E+00  1.00000E-04  0.00000E+00
  4.97000E-01  1.00000E+00  1.00000E-04  0.00000E+00
  4.98000E-01  1.00000E+00  1.00000E-04  0.00000E+00
  4.99000E-01  1.00000E+00  1.00000E-04  0.00000E+00
  5.00000E-01  1.00000E+00  1.00000E-04  0.00000E+00
  5.01000E-01  1.00000E+00  1.00000E-04  0.00000E+00
  5.02000E-01  1.00000E+00  1.00000E-04  0.00000E+00
  5.03000E-01  1.00000E+00  1.00000E-04  0.00000E+00
  5.04000E-01  1.00000E+00  1.00000E-04  0.00000E+00
  5.05000E-01  1.00000E+00  1.00000E-04  8.42112E-11
  5.06000E-01  9.99998E-01  9.99998E-05  0.00000E+00
  5.07000E-01  1.00000E+00  1.00000E-04 -8.42173E-11
  5.08000E-01  1.00000E+00  1.00000E-04  0.00000E+00
  5.09000E-01  1.00000E+00  1.00000E-04  0.00000E+00
  5.10000E-01  1.00000E+00  1.00000E-04 -7.76996E-17
  5.11000E-01  1.00000E+00  1.00000E-04  0.00000E+00
  5.12000E-01  1.00000E+00  1.00000E-04  7.76995E-17
  5.13000E-01  1.00000E+00  1.00000E-04  0.00000E+00
  5.14000E-01  1.00000E+00  1.00000E-04  0.00000E+00
  5.15000E-01  1.00000E+00  1.00000E-04  0.00000E+00
  5.16000E-01  1.00000E+00  1.00000E-04  5.61484E-11
  5.17000E-01  9.99999E-01  9.99999E-05  0.00000E+00
  5.18000E-01  1.00000E+00  1.00000E-04 -5.61496E-11
  5.19000E-01  1.00000E+00  1.00000E-04  0.00000E+00
  5.20000E-01  1.00000E+00  1.00000E-04 -7.76996E-17
  5.21000E-01  1.00000E+00  1.00000E-04  0.00000E+00
  5.22000E-01  1.00000E+00  1.00000E-04  7.76996E-17
  5.23000E-01  1.00000E+00  1.00000E-04  0.00000E+00
  5.24000E-01  1.00000E+00  1.00000E-04  0.00000E+00
  5.25000E-01  1.00000E+00  1.00000E-04  0.00000E+00
  5.26000E-01  1.00000E+00  1.00000E-04  0.00000E+00
  5.27000E-01  1.00000E+00  1.00000E-04  0.00000E+00
  5.28000E-01  1.00000E+00  1.00000E-04  0.00000E+00
  5.29000E-01  1.00000E+00  1.00000E-04  2.80740E-11
  5.30000E-01  9.99999E-01  9.99999E-05  0.00000E+00
  5.31000E-01  1.00000E+00  1.00000E-04 -2.80736E-11
  5.32000E-01  1.00000E+00  1.00000E-04  0.00000E+00
  5.33000E-01  1.00000E+00  1.00000E-04 -7.01839E-12
  5.34000E-01  1.00000E+00  1.00000E-04 -7.01804E-12
  5.35000E-01  1.00000E+00  1.00000E-04  0.00000E+00
  5.36000E-01  1.00000E+00  1.00000E-04  7.01823E-12
  5.37000E-01  1.00000E+00  1.00000E-04  7.01836E-12
  5.38000E-01  1.00000E+00  1.00000E-04  0.00000E+00
  5.39000E-01  1.00000E+00  1.00000E-04  0.00000E+00
  5.40000E-01  1.00000E+00  1.00000E-04  0.00000E+00
  5.41000E-01  1.00000E+00  1.00000E-04 -7.01859E-12
  5.42000E-01  1.00000E+00  1.00000E-04  0.00000E+00
  5.43000E-01  1.00000E+00  1.00000E-04  7.01844E-12
  5.44000E-01  1.00000E+00  1.00000E-04  7.01848E-12
  5.45000E-01  1.00000E+00  1.00000E-04  0.00000E+00
  5.46000E-01  1.00000E+00  1.00000E-04 -7.01831E-12
  5.47000E-01  1.00000E+00  1.00000E-04  0.00000E+00
  5.48000E-01  1.00000E+00  1.00000E-04  0.00000E+00
  5.49000E-01  1.00000E+00  1.00000E-04  0.00000E+00
  5.50000E-01  1.00000E+00  1.00000E-04 -1.04927E-15
  5.51000E-01  1.00000E+00  1.00000E-04 -8.61812E-16
  5.52000E-01  1.00000E+00  1.00000E-04  1.91108E-15
  5.53000E-01  1.00000E+00  1.00000E-04  7.01843E-12
  5.54000E-01  1.00000E+00  1.00000E-04  0.00000E+00
  5.55000E-01  1.00000E+00  1.00000E-04 -7.01789E-12
  5.56000E-01  1.00000E+00  1.00000E-04  2.10564E-11
  5.57000E-01  1.00000E+00  1.00000E-04 -9.40165E-17
  5.58000E-01  1.00000E+00  1.00000E-04  0.00000E+00
  5.59000E-01  1.00000E+00  1.00000E-04  0.00000E+00
  5.60000E-01  1.00000E+00  1.00000E-04  0.00000E+00
  5.61000E-01  1.00000E+00  1.00000E-04  9.40165E-17
  5.62000E-01  1.00000E+00  1.00000E-04 -1.05268E-11
  5.63000E-01  1.00000E+00  1.00000E-04 -1.05285E-11
  5.64000E-01  1.00000E+00  1.00000E-04 -4.60706E-12
  5.65000E-01  1.00000E+00  1.00000E-04  4.60660E-12
  5.66000E-01  1.00000E+00  1.00000E-04  1.40372E-11
  5.67000E-01  1.00000E+00  1.00000E-04  0.00000E+00
  5.68000E-01  1.00000E+00  1.00000E-04 -1.40370E-11
  5.69000E-01  1.00000E+00  1.00000E-04  0.00000E+00
  5.70000E-01  1.00000E+00  1.00000E-04  1.40381E-11
  5.71000E-01  1.00000E+00  1.00000E-04 -9.40165E-17
  5.72000E-01  1.00000E+00  1.00000E-04  0.00000E+00
  5.73000E-01  1.00000E+00  1.00000E-04  9.40165E-17
  5.74000E-01  1.00000E+00  1.00000E-04 -1.40356E-11
  5.75000E-01  1.00000E+00  1.00000E-04  0.00000E+00
  5.76000E-01  1.00000E+00  1.00000E-04  0.00000E+00
  5.77000E-01  1.00000E+00  1.00000E-04  0.00000E+00
  5.78000E-01  1.00000E+00  1.00000E-04  0.00000E+00
  5.79000E-01  1.00000E+00  1.00000E-04  0.00000E+00
  5.80000E-01  1.00000E+00  1.00000E-04  0.00000E+00
  5.81000E-01  1.00000E+00  1.00000E-04  7.01805E-12
  5.82000E-01  1.00000E+00  1.00000E-04  0.00000E+00
  5.83000E-01  1.00000E+00  1.00000E-04 -2.10537E-11
  5.84000E-01  1.00000E+00  1.00000E-04  4.67989E-12
  5.85000E-01  1.00000E+00  1.00000E-04  4.67858E-12
  5.86000E-01  1.00000E+00  1.00000E-04  4.67990E-12
  5.87000E-01  1.00000E+00  1.00000E-04  0.00000E+00
  5.88000E-01  1.00000E+00  1.00000E-04  0.00000E+00
  5.89000E-01  1.00000E+00  1.00000E-04  0.00000E+00
  5.90000E-01  1.00000E+00  1.00000E-04  0.00000E+00
  5.91000E-01  1.00000E+00  1.00000E-04  0.00000E+00
  5.92000E-01  1.00000E+00  1.00000E-04  0.00000E+00
  5.93000E-01  1.00000E+00  1.00000E-04  2.10567E-11
  5.94000E-01  1.00000E+00  1.00000E-04 -1.03418E-16
  5.95000E-01  1.00000E+00  1.00000E-04 -9.40164E-17
  5.96000E-01  1.00000E+00  1.00000E-04  0.00000E+00
  5.97000E-01  1.00000E+00  1.00000E-04  3.58972E-16
  5.98000E-01  1.00000E+00  1.00000E-04  1.03418E-16
  5.99000E-01  1.00000E+00  1.00000E-04 -2.10537E-11
  6.00000E-01  1.00000E+00  1.00000E-04  0.00000E+00
  6.01000E-01  1.00000E+00  1.00000E-04 -3.55953E-11
  6.02000E-01  1.00000E+00  1.00000E-04 -1.58924E-08
  6.03000E-01  1.00000E+00  1.00058E-04  2.88884E-11
  6.04000E-01  1.00000E+00  1.00000E-04  1.58629E-08
  6.05000E-01  1.00000E+00  1.00000E-04  3.56068E-11
  6.06000E-01  1.00000E+00  1.00000E-04  6.31638E-11
  6.07000E-01  9.99999E-01  9.99999E-05  1.91415E-15
  6.08000E-01  1.00000E+00  1.00000E-04 -2.80739E-11
  6.09000E-01  9.99999E-01  9.99999E-05  7.01790E-12
  6.10000E-01  1.00000E+00  1.00000E-04 -3.50869E-11
  6.11000E-01  1.00000E+00  1.00000E-04 -7.01880E-12
  6.12000E-01  1.00000E+00  1.00000E-04  2.10564E-11
  6.13000E-01  1.00000E+00  1.00000E-04  0.00000E+00
  6.14000E-01  1.00000E+00  1.00000E-04 -2.10567E-11
  6.15000E-01  1.00000E+00  1.00000E-04  0.00000E+00
  6.16000E-01  1.00000E+00  1.00000E-04  0.00000E+00
  6.17000E-01  1.00000E+00  1.00000E-04  0.00000E+00
  6.18000E-01  1.00000E+00  1.00000E-04  0.00000E+00
  6.19000E-01  1.00000E+00  1.00000E-04  0.00000E+00
  6.20000E-01  1.00000E+00  1.00000E-04  0.00000E+00
  6.21000E-01  1.00000E+00  1.00000E-04  2.10534E-11
  6.22000E-01  1.00000E+00  1.00000E-04 -1.40355E-11
  6.23000E-01  1.00000E+00  1.00000E-04 -2.10563E-11
  6.24000E-01  1.00000E+00  1.00000E-04  7.01899E-12
  6.25000E-01  1.00000E+00  1.00000E-04  7.01890E-12
  6.26000E-01  1.00000E+00  1.00000E-04  0.00000E+00
  6.27000E-01  1.00000E+00  1.00000E-04 -7.01888E-12
  6.28000E-01  1.00000E+00  1.00000E-04  1.40359E-11
  6.29000E-01  1.00000E+00  1.00000E-04  0.00000E+00
  6.30000E-01  1.00000E+00  1.00000E-04 -1.13760E-16
  6.31000E-01  1.00000E+00  1.00000E-04  1.03418E-17
  6.32000E-01  1.00000E+00  1.00000E-04 -6.82979E-17
  6.33000E-01  1.00000E+00  1.00000E-04  8.62465E-17
  6.34000E-01  1.00000E+00  1.00000E-04  8.54695E-17
  6.35000E-01  1.00000E+00  1.00000E-04  0.00000E+00
  6.36000E-01  1.00000E+00  1.00000E-04 -7.01761E-12
  6.37000E-01  1.00000E+00  1.00000E-04 -7.01925E-12
  6.38000E-01  1.00000E+00  1.00000E-04  7.01885E-12
  6.39000E-01  1.00000E+00  1.00000E-04  7.01817E-12
  6.40000E-01  1.00000E+00  1.00000E-04  1.40370E-11
  6.41000E-01  1.00000E+00  1.00000E-04 -1.63169E-16
  6.42000E-01  1.00000E+00  1.00000E-04 -2.10543E-11
  6.43000E-01  1.00000E+00  1.00000E-04 -7.76996E-17
  6.44000E-01  1.00000E+00  1.00000E-04 -7.76995E-18
  6.45000E-01  1.00000E+00  1.00000E-04  8.54695E-17
  6.46000E-01  1.00000E+00  1.00000E-04  7.01898E-12
  6.47000E-01  1.00000E+00  1.00000E-04 -7.76996E-17
  6.48000E-01  1.00000E+00  1.00000E-04  7.01877E-12
  6.49000E-01  1.00000E+00  1.00000E-04  4.21039E-11
  6.50000E-01  9.99999E-01  9.99999E-05 -2.80722E-11
  6.51000E-01  1.00000E+00  1.00000E-04 -2.80765E-11
  6.52000E-01  1.00000E+00  1.00000E-04 -7.01847E-12
  6.53000E-01  1.00000E+00  1.00000E-04  7.01916E-12
  6.54000E-01  1.00000E+00  1.00000E-04 -1.01786E-16
  6.55000E-01  1.00000E+00  1.00000E-04 -4.21122E-11
  6.56000E-01  1.00000E+00  1.00000E-04 -9.40165E-17
  6.57000E-01  1.00000E+00  1.00000E-04  7.01918E-12
  6.58000E-01  1.00000E+00  1.00000E-04  4.21129E-11
  6.59000E-01  1.00000E+00  1.00000E-04 -1.40375E-11
  6.60000E-01  1.00000E+00  1.00000E-04 -7.01819E-12
  6.61000E-01  1.00000E+00  1.00000E-04  4.21078E-11
  6.62000E-01  1.00000E+00  1.00000E-04 -2.80751E-11
  6.63000E-01  1.00000E+00  1.00000E-04  8.54695E-17
  6.64000E-01  1.00000E+00  1.00000E-04  7.76996E-17
  6.65000E-01  1.00000E+00  1.00000E-04 -7.01734E-12
  6.66000E-01  1.00000E+00  1.00000E-04  1.54370E-10
  6.67000E-01  9.99998E-01  9.99998E-05 -4.21059E-11
  6.68000E-01  1.00000E+00  1.00000E-04 -9.12215E-11
  6.69000E-01  1.00000E+00  1.00000E-04  7.01855E-12
  6.70000E-01  1.00000E+00  1.00000E-04 -8.42292E-11
  6.71000E-01  1.00000E+00  1.00000E-04  0.00000E+00
  6.72000E-01  1.00000E+00  1.00000E-04  7.72081E-11
  6.73000E-01  1.00000E+00  1.00000E-04  2.10531E-11
  6.74000E-01  1.00000E+00  1.00000E-04 -1.40362E-11
  6.75000E-01  1.00000E+00  1.00000E-04 -9.35756E-12
  6.76000E-01  1.00000E+00  1.00000E-04 -9.35556E-12
  6.77000E-01  1.00000E+00  1.00000E-04 -9.35867E-12
  6.78000E-01  1.00000E+00  1.00000E-04  2.10555E-11
  6.79000E-01  1.00000E+00  1.00000E-04 -3.50944E-11
  6.80000E-01  1.00000E+00  1.00000E-04  1.40378E-11
  6.81000E-01  1.00000E+00  9.99999E-05  7.71924E-11
  6.82000E-01  9.99999E-01  9.99999E-05 -5.61391E-11
  6.83000E-01  1.00000E+00  1.00000E-04  3.50815E-12
  6.84000E-01  1.00000E+00  1.00000E-04  3.50854E-12
  6.85000E-01  1.00000E+00  1.00000E-04 -1.40359E-11
  6.86000E-01  1.00000E+00  1.00000E-04  3.50942E-11
  6.87000E-01  9.99999E-01  9.99999E-05 -7.01744E-12
  6.88000E-01  1.00000E+00  1.00000E-04 -3.50892E-11
  6.89000E-01  1.00000E+00  1.00000E-04  2.10442E-11
  6.90000E-01  1.00000E+00  1.00000E-04 -2.05458E-15
  6.91000E-01  1.00000E+00  1.00000E-04  1.26288E-10
  6.92000E-01  9.99999E-01  9.99997E-05 -5.61335E-11
  6.93000E-01  1.00000E+00  1.00000E-04 -9.82135E-11
  6.94000E-01  1.00000E+00  9.99999E-05 -1.40217E-11
  6.95000E-01  1.00000E+00  1.00000E-04 -9.12270E-11
  6.96000E-01  1.00000E+00  1.00000E-04  4.48964E-10
  6.97000E-01  9.99995E-01  9.99994E-05 -4.90970E-11
  6.98000E-01  1.00000E+00  1.00000E-04 -2.87606E-10
  6.99000E-01  1.00000E+00  1.00000E-04  0.00000E+00
  7.00000E-01  1.00000E+00  1.00000E-04  0.00000E+00
  7.01000E-01  1.00000E+00  1.00000E-04  0.00000E+00
  7.02000E-01  1.00000E+00  1.00000E-04  0.00000E+00
  7.03000E-01  1.00000E+00  1.00000E-04  0.00000E+00
  7.04000E-01  1.00000E+00  1.00000E-04  0.00000E+00
  7.05000E-01  1.00000E+00  1.00000E-04  4.91283E-11
  7.06000E-01  1.00000E+00  9.99999E-05  2.80699E-11
  7.07000E-01  1.00000E+00  1.00000E-04 -1.33342E-10
  7.08000E-01  1.00000E+00  1.00000E-04  2.10559E-11
  7.09000E-01  1.00000E+00  1.00000E-04  3.50897E-11
  7.10000E-01  1.00000E+00  1.00000E-04  0.00000E+00
  7.11000E-01  1.00000E+00  1.00000E-04  0.00000E+00
  7.12000E-01  1.00000E+00  1.00000E-04  0.00000E+00
  7.13000E-01  1.00000E+00  1.00000E-04  0.00000E+00
  7.14000E-01  1.00000E+00  1.00000E-04  0.00000E+00
  7.15000E-01  1.00000E+00  1.00000E-04  0.00000E+00
  7.16000E-01  1.00000E+00  1.00000E-04  0.00000E+00
  7.17000E-01  1.00000E+00  1.00000E-04 -7.01837E-12
  7.18000E-01  1.00000E+00  1.00000E-04  0.00000E+00
  7.19000E-01  1.00000E+00  1.00000E-04  7.01911E-12
  7.20000E-01  1.00000E+00  1.00000E-04 -4.47765E-11
  7.21000E-01  1.00000E+00  1.00000E-04 -2.00124E-08
  7.22000E-01  1.00000E+00  1.00073E-04 -1.26710E-15
  7.23000E-01  1.00000E+00  1.00000E-04  2.00120E-08
  7.24000E-01  1.00000E+00  1.00000E-04  2.75336E-11
  7.25000E-01  1.00000E+00  1.00000E-04  3.37117E-12
  7.26000E-01  1.00000E+00  1.00000E-04  1.40357E-11
  7.27000E-01  1.00000E+00  1.00000E-04  0.00000E+00
  7.28000E-01  1.00000E+00  1.00000E-04  0.00000E+00
  7.29000E-01  1.00000E+00  1.00000E-04  0.00000E+00
  7.30000E-01  1.00000E+00  1.00000E-04  0.00000E+00
  7.31000E-01  1.00000E+00  1.00000E-04  0.00000E+00
  7.32000E-01  1.00000E+00  1.00000E-04  0.00000E+00
  7.33000E-01  1.00000E+00  1.00000E-04  0.00000E+00
  7.34000E-01  1.00000E+00  1.00000E-04  0.00000E+00
  7.35000E-01  1.00000E+00  1.00000E-04  0.00000E+00
  7.36000E-01  1.00000E+00  1.00000E-04  0.00000E+00
  7.37000E-01  1.00000E+00  1.00000E-04  0.00000E+00
  7.38000E-01  1.00000E+00  1.00000E-04  0.00000E+00
  7.39000E-01  1.00000E+00  1.00000E-04  0.00000E+00
  7.40000E-01  1.00000E+00  1.00000E-04  0.00000E+00
  7.41000E-01  1.00000E+00  1.00000E-04  0.00000E+00
  7.42000E-01  1.00000E+00  1.00000E-04 -1.40371E-11
  7.43000E-01  1.00000E+00  1.00000E-04 -7.01884E-12
  7.44000E-01  1.00000E+00  1.00000E-04  2.10559E-11
  7.45000E-01  1.00000E+00  1.00000E-04  7.76995E-17
  7.46000E-01  1.00000E+00  1.00000E-04  0.00000E+00
  7.47000E-01  1.00000E+00  1.00000E-04  0.00000E+00
  7.48000E-01  1.00000E+00  1.00000E-04  0.00000E+00
  7.49000E-01  1.00000E+00  1.00000E-04 -7.01872E-12
  7.50000E-01  1.00000E+00  1.00000E-04 -7.01867E-12
  7.51000E-01  1.00000E+00  1.00000E-04  1.40373E-11
  7.52000E-01  1.00000E+00  1.00000E-04  7.01787E-12
  7.53000E-01  1.00000E+00  1.00000E-04 -7.01786E-12
  7.54000E-01  1.00000E+00  1.00000E-04  0.00000E+00
  7.55000E-01  1.00000E+00  1.00000E-04  7.01872E-12
  7.56000E-01  1.00000E+00  1.00000E-04  0.00000E+00
  7.57000E-01  1.00000E+00  1.00000E-04 -7.01840E-12
  7.58000E-01  1.00000E+00  1.00000E-04  0.00000E+00
  7.59000E-01  1.00000E+00  1.00000E-04  0.00000E+00
  7.60000E-01  1.00000E+00  1.00000E-04  0.00000E+00
  7.61000E-01  1.00000E+00  1.00000E-04  0.00000E+00
  7.62000E-01  1.00000E+00  1.00000E-04  0.00000E+00
  7.63000E-01  1.00000E+00  1.00000E-04  0.00000E+00
  7.64000E-01  1.00000E+00  1.00000E-04  0.00000E+00
  7.65000E-01  1.00000E+00  1.00000E-04  0.00000E+00
  7.66000E-01  1.00000E+00  1.00000E-04  7.01835E-12
  7.67000E-01  1.00000E+00  1.00000E-04  0.00000E+00
  7.68000E-01  1.00000E+00  1.00000E-04 -7.01874E-12
  7.69000E-01  1.00000E+00  1.00000E-04 -4.21090E-11
  7.70000E-01  1.00000E+00  1.00000E-04  0.00000E+00
  7.71000E-01  1.00000E+00  1.00000E-04  4.74141E-13
  7.72000E-01  1.00000E+00  1.00000E-04 -1.84945E-08
  7.73000E-01  1.00000E+00  1.00068E-04 -3.78073E-14
  7.74000E-01  1.00000E+00  1.00000E-04  1.84509E-08
  7.75000E-01  1.00000E+00  1.00000E-04 -2.00531E-08
  7.76000E-01  1.00000E+00  1.00074E-04  3.19429E-14
  7.77000E-01  1.00000E+00  1.00000E-04  2.00949E-08
  7.78000E-01  1.00000E+00  1.00000E-04  6.59104E-11
  7.79000E-01  1.00000E+00  1.00000E-04  0.00000E+00
  7.80000E-01  1.00000E+00  1.00000E-04 -2.10552E-11
  7.81000E-01  1.00000E+00  1.00000E-04  7.01837E-12
  7.82000E-01  1.00000E+00  1.00000E-04  0.00000E+00
  7.83000E-01  1.00000E+00  1.00000E-04 -7.01816E-12
  7.84000E-01  1.00000E+00  1.00000E-04  2.10568E-11
  7.85000E-01  1.00000E+00  1.00000E-04  0.00000E+00
  7.86000E-01  1.00000E+00  1.00000E-04 -2.10559E-11
  7.87000E-01  1.00000E+00  1.00000E-04  0.00000E+00
  7.88000E-01  1.00000E+00  1.00000E-04  0.00000E+00
  7.89000E-01  1.00000E+00  1.00000E-04  0.00000E+00
  7.90000E-01  1.00000E+00  1.00000E-04  0.00000E+00
  7.91000E-01  1.00000E+00  1.00000E-04  0.00000E+00
  7.92000E-01  1.00000E+00  1.00000E-04 -7.01793E-12
  7.93000E-01  1.00000E+00  1.00000E-04  0.00000E+00
  7.94000E-01  1.00000E+00  1.00000E-04  7.01791E-12
  7.95000E-01  1.00000E+00  1.00000E-04 -7.01873E-12
  7.96000E-01  1.00000E+00  1.00000E-04  0.00000E+00
  7.97000E-01  1.00000E+00  1.00000E-04  7.01831E-12
  7.98000E-01  1.00000E+00  1.00000E-04  2.80729E-11
  7.99000E-01  9.99999E-01  9.99999E-05  0.00000E+00
  8.00000E-01  1.00000E+00  1.00000E-04 -2.80732E-11
  8.01000E-01  1.00000E+00  1.00000E-04  2.80757E-11
  8.02000E-01  9.99999E-01  9.99999E-05  0.00000E+00
  8.03000E-01  1.00000E+00  1.00000E-04 -2.80717E-11
  8.04000E-01  1.00000E+00  1.00000E-04  0.00000E+00
  8.05000E-01  1.00000E+00  1.00000E-04 -3.54946E-11
  8.06000E-01  1.00000E+00  1.00000E-04 -1.58585E-08
  8.07000E-01  1.00000E+00  1.00058E-04 -2.72066E-14
  8.08000E-01  1.00000E+00  1.00000E-04  1.58235E-08
  8.09000E-01  1.00000E+00  1.00000E-04 -1.58229E-08
  8.10000E-01  1.00000E+00  1.00058E-04  3.01388E-14
  8.11000E-01  1.00000E+00  1.00000E-04  1.58587E-08
  8.12000E-01  1.00000E+00  1.00000E-04  5.64062E-11
  8.13000E-01  1.00000E+00  1.00000E-04  0.00000E+00
  8.14000E-01  1.00000E+00  1.00000E-04 -2.10553E-11
  8.15000E-01  1.00000E+00  1.00000E-04  2.10565E-11
  8.16000E-01  1.00000E+00  1.00000E-04  7.01805E-12
  8.17000E-01  1.00000E+00  1.00000E-04 -4.21098E-11
  8.18000E-01  1.00000E+00  1.00000E-04  7.01890E-12
  8.19000E-01  1.00000E+00  1.00000E-04  7.01827E-12
  8.20000E-01  1.00000E+00  1.00000E-04  0.00000E+00
  8.21000E-01  1.00000E+00  1.00000E-04  0.00000E+00
  8.22000E-01  1.00000E+00  1.00000E-04  0.00000E+00
  8.23000E-01  1.00000E+00  1.00000E-04  1.40368E-11
  8.24000E-01  1.00000E+00  1.00000E-04  2.47443E-16
  8.25000E-01  1.00000E+00  1.00000E-04 -7.01946E-12
  8.26000E-01  1.00000E+00  1.00000E-04  7.76995E-17
  8.27000E-01  1.00000E+00  1.00000E-04 -7.01862E-12
  8.28000E-01  1.00000E+00  1.00000E-04  0.00000E+00
  8.29000E-01  1.00000E+00  1.00000E-04  7.01854E-12
  8.30000E-01  1.00000E+00  1.00000E-04  0.00000E+00
  8.31000E-01  1.00000E+00  1.00000E-04 -7.01888E-12
  8.32000E-01  1.00000E+00  1.00000E-04  0.00000E+00
  8.33000E-01  1.00000E+00  1.00000E-04  0.00000E+00
  8.34000E-01  1.00000E+00  1.00000E-04  1.40384E-11
  8.35000E-01  1.00000E+00  1.00000E-04  0.00000E+00
  8.36000E-01  1.00000E+00  1.00000E-04 -1.40377E-11
  8.37000E-01  1.00000E+00  1.00000E-04  0.00000E+00
  8.38000E-01  1.00000E+00  1.00000E-04 -4.38493E-11
  8.39000E-01  1.00000E+00  1.00000E-04 -1.95847E-08
  8.40000E-01  1.00000E+00  1.00072E-04 -2.89378E-11
  8.41000E-01  1.00000E+00  1.00000E-04  1.96148E-08
  8.42000E-01  1.00000E+00  1.00000E-04  5.78833E-11
  8.43000E-01  1.00000E+00  1.00000E-04  8.54695E-17
  8.44000E-01  1.00000E+00  1.00000E-04 -1.40373E-11
  8.45000E-01  1.00000E+00  1.00000E-04  7.01885E-12
  8.46000E-01  1.00000E+00  1.00000E-04  0.00000E+00
  8.47000E-01  1.00000E+00  1.00000E-04 -1.40369E-11
  8.48000E-01  1.00000E+00  1.00000E-04  7.01951E-12
  8.49000E-01  1.00000E+00  1.00000E-04  0.00000E+00
  8.50000E-01  1.00000E+00  1.00000E-04  0.00000E+00
  8.51000E-01  1.00000E+00  1.00000E-04 -3.50989E-12
  8.52000E-01  1.00000E+00  1.00000E-04 -3.50883E-12
  8.53000E-01  1.00000E+00  1.00000E-04  1.40364E-11
  8.54000E-01  1.00000E+00  1.00000E-04  0.00000E+00
  8.55000E-01  1.00000E+00  1.00000E-04  3.01518E-10
  8.56000E-01  9.99994E-01  9.99994E-05 -5.81046E-16
  8.57000E-01  1.00000E+00  1.00000E-04 -3.08556E-10
  8.58000E-01  1.00000E+00  1.00000E-04  6.31568E-11
  8.59000E-01  9.99999E-01  9.99999E-05  8.54695E-17
  8.60000E-01  1.00000E+00  1.00000E-04 -6.31631E-11
  8.61000E-01  1.00000E+00  1.00000E-04  0.00000E+00
  8.62000E-01  1.00000E+00  1.00000E-04  0.00000E+00
  8.63000E-01  1.00000E+00  1.00000E-04  0.00000E+00
  8.64000E-01  1.00000E+00  1.00000E-04  0.00000E+00
  8.65000E-01  1.00000E+00  1.00000E-04  0.00000E+00
  8.66000E-01  1.00000E+00  1.00000E-04  7.01871E-12
  8.67000E-01  1.00000E+00  1.00000E-04  1.40372E-11
  8.68000E-01  1.00000E+00  1.00000E-04 -2.10560E-11
  8.69000E-01  1.00000E+00  1.00000E-04  0.00000E+00
  8.70000E-01  1.00000E+00  1.00000E-04  0.00000E+00
  8.71000E-01  1.00000E+00  1.00000E-04  7.01910E-12
  8.72000E-01  1.00000E+00  1.00000E-04  2.10545E-11
  8.73000E-01  1.00000E+00  1.00000E-04 -4.21107E-11
  8.74000E-01  1.00000E+00  1.00000E-04  7.01902E-12
  8.75000E-01  1.00000E+00  1.00000E-04  7.01823E-12
  8.76000E-01  1.00000E+00  1.00000E-04  1.40358E-11
  8.77000E-01  1.00000E+00  1.00000E-04  0.00000E+00
  8.78000E-01  1.00000E+00  1.00000E-04 -2.10553E-11
  8.79000E-01  1.00000E+00  1.00000E-04  2.10568E-11
  8.80000E-01  1.00000E+00  1.00000E-04  7.01893E-12
  8.81000E-01  1.00000E+00  1.00000E-04  6.31552E-11
  8.82000E-01  9.99998E-01  9.99998E-05  7.76995E-17
  8.83000E-01  1.00000E+00  1.00000E-04 -8.42093E-11
  8.84000E-01  1.00000E+00  1.00000E-04  7.01853E-12
  8.85000E-01  1.00000E+00  1.00000E-04  0.00000E+00
  8.86000E-01  1.00000E+00  1.00000E-04 -7.01916E-12
  8.87000E-01  1.00000E+00  1.00000E-04  0.00000E+00
  8.88000E-01  1.00000E+00  1.00000E-04  0.00000E+00
  8.89000E-01  1.00000E+00  1.00000E-04  7.01887E-12
  8.90000E-01  1.00000E+00  1.00000E-04  0.00000E+00
  8.91000E-01  1.00000E+00  1.00000E-04 -7.01802E-12
  8.92000E-01  1.00000E+00  1.00000E-04  0.00000E+00
  8.93000E-01  1.00000E+00  1.00000E-04  0.00000E+00
  8.94000E-01  1.00000E+00  1.00000E-04  0.00000E+00
  8.95000E-01  1.00000E+00  1.00000E-04  7.01867E-12
  8.96000E-01  1.00000E+00  1.00000E-04 -7.01896E-12
  8.97000E-01  1.00000E+00  1.00000E-04  0.00000E+00
  8.98000E-01  1.00000E+00  1.00000E-04  0.00000E+00
  8.99000E-01  1.00000E+00  1.00000E-04 -2.44871E-16
  9.00000E-01  1.00000E+00  1.00000E-04  1.14794E-16
  9.01000E-01  1.00000E+00  1.00000E-04  1.30077E-16
  9.02000E-01  1.00000E+00  1.00000E-04  0.00000E+00
  9.03000E-01  1.00000E+00  1.00000E-04 -3.50886E-12
  9.04000E-01  1.00000E+00  1.00000E-04 -3.50969E-12
  9.05000E-01  1.00000E+00  1.00000E-04  8.54695E-17
  9.06000E-01  1.00000E+00  1.00000E-04 -1.40375E-11
  9.07000E-01  1.00000E+00  1.00000E-04  1.40385E-11
  9.08000E-01  1.00000E+00  1.00000E-04  7.01787E-12
  9.09000E-01  1.00000E+00  1.00000E-04  7.01860E-12
  9.10000E-01  1.00000E+00  1.00000E-04 -3.50837E-12
  9.11000E-01  1.00000E+00  1.00000E-04 -3.51011E-12
  9.12000E-01  1.00000E+00  1.00000E-04  7.76995E-17
  9.13000E-01  1.00000E+00  1.00000E-04  0.00000E+00
  9.14000E-01  1.00000E+00  1.00000E-04  0.00000E+00
  9.15000E-01  1.00000E+00  1.00000E-04  0.00000E+00
  9.16000E-01  1.00000E+00  1.00000E-04  2.80731E-11
  9.17000E-01  9.99999E-01  9.99999E-05  0.00000E+00
  9.18000E-01  1.00000E+00  1.00000E-04 -2.80753E-11
  9.19000E-01  1.00000E+00  1.00000E-04  0.00000E+00
  9.20000E-01  1.00000E+00  1.00000E-04  0.00000E+00
  9.21000E-01  1.00000E+00  1.00000E-04  3.50931E-11
  9.22000E-01  9.99999E-01  9.99999E-05  3.02648E-16
  9.23000E-01  1.00000E+00  1.00000E-04 -2.10532E-11
  9.24000E-01  1.00000E+00  1.00000E-04  2.10521E-11
  9.25000E-01  1.00000E+00  1.00000E-04 -2.10522E-11
  9.26000E-01  1.00000E+00  1.00000E-04 -1.40364E-11
  9.27000E-01  1.00000E+00  1.00000E-04  0.00000E+00
  9.28000E-01  1.00000E+00  1.00000E-04 -2.33099E-16
  9.29000E-01  1.00000E+00  1.00000E-04  7.76995E-17
  9.30000E-01  1.00000E+00  1.00000E-04  7.76995E-17
  9.31000E-01  1.00000E+00  1.00000E-04  7.01821E-12
  9.32000E-01  1.00000E+00  1.00000E-04  3.59846E-12
  9.33000E-01  1.00000E+00  1.00000E-04 -3.59860E-12
  9.34000E-01  1.00000E+00  1.00000E-04 -7.01889E-12
  9.35000E-01  1.00000E+00  1.00000E-04  0.00000E+00
  9.36000E-01  1.00000E+00  1.00000E-04 -1.40359E-11
  9.37000E-01  1.00000E+00  1.00000E-04  0.00000E+00
  9.38000E-01  1.00000E+00  1.00000E-04  4.21069E-11
  9.39000E-01  1.00000E+00  1.00000E-04  0.00000E+00
  9.40000E-01  1.00000E+00  1.00000E-04 -4.21126E-11
  9.41000E-01  1.00000E+00  1.00000E-04  0.00000E+00
  9.42000E-01  1.00000E+00  1.00000E-04  4.91249E-11
  9.43000E-01  1.00000E+00  1.00000E-04 -7.01748E-12
  9.44000E-01  1.00000E+00  1.00000E-04 -7.01888E-12
  9.45000E-01  1.00000E+00  1.00000E-04  1.89402E-10
  9.46000E-01  9.99996E-01  9.99996E-05  5.61358E-11
  9.47000E-01  1.00000E+00  1.00000E-04 -2.73591E-10
  9.48000E-01  1.00000E+00  1.00000E-04  7.01838E-12
  9.49000E-01  1.00000E+00  1.00000E-04  7.01782E-12
  9.50000E-01  1.00000E+00  1.00000E-04  2.10519E-11
  9.51000E-01  1.00000E+00  1.00000E-04  7.01877E-12
  9.52000E-01  1.00000E+00  1.00000E-04 -3.15087E-13
  9.53000E-01  1.00000E+00  1.00000E-04 -6.70387E-12
  9.54000E-01  1.00000E+00  1.00000E-04 -6.31595E-11
  9.55000E-01  1.00000E+00  1.00000E-04  2.10564E-11
  9.56000E-01  1.00000E+00  1.00000E-04  2.10577E-11
  9.57000E-01  1.00000E+00  1.00000E-04  7.01909E-12
  9.58000E-01  1.00000E+00  1.00000E-04  1.40361E-11
  9.59000E-01  1.00000E+00  1.00000E-04 -4.21042E-11
  9.60000E-01  1.00000E+00  1.00000E-04  7.01762E-12
  9.61000E-01  1.00000E+00  1.00000E-04  7.01858E-12
  9.62000E-01  1.00000E+00  1.00000E-04 -1.40349E-11
  9.63000E-01  1.00000E+00  1.00000E-04 -2.80740E-11
  9.64000E-01  1.00000E+00  1.00000E-04  7.01809E-11
  9.65000E-01  1.00000E+00  1.00000E-04  7.01965E-12
  9.66000E-01  1.00000E+00  1.00000E-04 -8.42076E-11
  9.67000E-01  1.00000E+00  1.00000E-04  2.80768E-11
  9.68000E-01  1.00000E+00  1.00000E-04 -1.21530E-16
  9.69000E-01  1.00000E+00  1.00000E-04 -7.01929E-12
  9.70000E-01  1.00000E+00  1.00000E-04  7.01827E-12
  9.71000E-01  1.00000E+00  1.00000E-04  4.91206E-11
  9.72000E-01  9.99999E-01  9.99999E-05  1.40373E-11
  9.73000E-01  1.00000E+00  1.00000E-04  2.24423E-10
  9.74000E-01  9.99995E-01  9.99995E-05  1.40319E-11
  9.75000E-01  1.00000E+00  1.00000E-04 -2.94576E-10
  9.76000E-01  1.00000E+00  1.00000E-04  2.80720E-11
  9.77000E-01  1.00000E+00  9.99999E-05  2.10508E-11
  9.78000E-01  1.00000E+00  1.00000E-04 -6.31302E-11
  9.79000E-01  9.99999E-01  1.00000E-04  1.47978E-15
  9.80000E-01  1.00000E+00  1.00000E-04  1.54321E-10
  9.81000E-01  9.99998E-01  9.99998E-05  7.02765E-12
  9.82000E-01  1.00000E+00  1.00000E-04 -2.03469E-10
  9.83000E-01  1.00000E+00  1.00000E-04  2.80670E-11
  9.84000E-01  1.00000E+00  1.00000E-04  2.75202E-15
  9.85000E-01  1.00000E+00  1.00000E-04  2.38534E-10
  9.86000E-01  9.99996E-01  9.99995E-05 -1.96268E-10
  9.87000E-01  1.00001E+00  1.00001E-04 -2.45548E-10
  9.88000E-01  1.00000E+00  1.00000E-04  1.68179E-10
  9.89000E-01  1.00000E+00  1.00000E-04  9.29781E-10
  9.90000E-01  9.99981E-01  9.99981E-05  8.41910E-11
  9.91000E-01  1.00000E+00  1.00000E-04 -9.34036E-10
  9.92000E-01  1.00000E+00  1.00000E-04 -2.78493E-12
  9.93000E-01  1.00000E+00  1.00000E-04  0.00000E+00
  9.94000E-01  1.00000E+00  1.00000E-04 -1.40362E-11
  9.95000E-01  1.00000E+00  1.00000E-04  0.00000E+00
  9.96000E-01  1.00000E+00  1.00000E-04  1.40376E-11
  9.97000E-01  1.00000E+00  1.00000E-04  0.00000E+00
  9.98000E-01  1.00000E+00  1.00000E-04  0.00000E+00
  9.99000E-01  1.00000E+00  1.00000E-04  0.00000E+00
