  0.00000E+00  2.56370E-05  2.70456E+01  1.15593E-02
  1.00000E-03  2.56366E-05  2.70458E+01  3.38708E-02
  2.00000E-03  2.56368E-05  2.70461E+01  5.73473E-02
  3.00000E-03  2.56373E-05  2.70463E+01  8.15129E-02
  4.00000E-03  2.56380E-05  2.70463E+01  1.06361E-01
  5.00000E-03  2.56392E-05  2.70462E+01  1.31993E-01
  6.00000E-03  2.56477E-05  2.70461E+01  1.54745E-01
  7.00000E-03  2.56654E-05  2.70460E+01  1.75968E-01
  8.00000E-03  2.56898E-05  2.70460E+01  1.98570E-01
  9.00000E-03  2.57214E-05  2.70461E+01  2.21540E-01
  1.00000E-02  2.57483E-05  2.70461E+01  2.43886E-01
  1.10000E-02  2.57774E-05  2.70461E+01  2.67467E-01
  1.20000E-02  2.57923E-05  2.70461E+01  2.91540E-01
  1.30000E-02  2.58073E-05  2.70461E+01  3.14781E-01
  1.40000E-02  2.58237E-05  2.70460E+01  3.38050E-01
  1.50000E-02  2.59053E-05  2.70461E+01  3.60573E-01
  1.60000E-02  2.62098E-05  2.70460E+01  3.82099E-01
  1.70000E-02  2.70825E-05  2.70461E+01  4.05575E-01
  1.80000E-02  2.82049E-05  2.70460E+01  4.30370E-01
  1.90000E-02  2.97720E-05  2.70460E+01  4.54716E-01
  2.00000E-02  3.15383E-05  2.70460E+01  4.78234E-01
  2.10000E-02  3.32743E-05  2.70459E+01  5.00954E-01
  2.20000E-02  3.54114E-05  2.70460E+01  5.24290E-01
  2.30000E-02  3.75505E-05  2.70460E+01  5.47583E-01
  2.40000E-02  3.98854E-05  2.70459E+01  5.69316E-01
  2.50000E-02  4.24199E-05  2.70459E+01  5.92067E-01
  2.60000E-02  4.52210E-05  2.70458E+01  6.14297E-01
  2.70000E-02  4.81155E-05  2.70458E+01  6.37655E-01
  2.80000E-02  5.13386E-05  2.70457E+01  6.60191E-01
  2.90000E-02  5.49328E-05  2.70457E+01  6.82612E-01
  3.00000E-02  5.87050E-05  2.70457E+01  7.06521E-01
  3.10000E-02  6.30595E-05  2.70457E+01  7.28146E-01
  3.20000E-02  6.80861E-05  2.70458E+01  7.50702E-01
  3.30000E-02  7.34399E-05  2.70458E+01  7.74273E-01
  3.40000E-02  7.99215E-05  2.70457E+01  7.95094E-01
  3.50000E-02  8.72723E-05  2.70459E+01  8.17141E-01
  3.60000E-02  9.53614E-05  2.70464E+01  8.35586E-01
  3.70000E-02  1.05263E-04  2.70475E+01  8.43499E-01
  3.80000E-02  1.16293E-04  2.70490E+01  8.45682E-01
  3.90000E-02  1.29314E-04  2.70505E+01  8.48847E-01
  4.00000E-02  1.44524E-04  2.70526E+01  8.55898E-01
  4.10000E-02  1.61779E-04  2.70544E+01  8.61804E-01
  4.20000E-02  1.82175E-04  2.70561E+01  8.69061E-01
  4.30000E-02  2.04575E-04  2.70581E+01  8.78287E-01
  4.40000E-02  2.31040E-04  2.70603E+01  8.89736E-01
  4.50000E-02  2.59230E-04  2.70625E+01  9.00527E-01
  4.60000E-02  2.92581E-04  2.70649E+01  9.11861E-01
  4.70000E-02  3.25684E-04  2.70671E+01  9.26440E-01
  4.80000E-02  3.64492E-04  2.70696E+01  9.40086E-01
  4.90000E-02  4.05468E-04  2.70720E+01  9.55903E-01
  5.00000E-02  4.47342E-04  2.70745E+01  9.72857E-01
  5.10000E-02  4.94731E-04  2.70769E+01  9.90117E-01
  5.20000E-02  5.41288E-04  2.70796E+01  1.00798E+00
  5.30000E-02  5.93168E-04  2.70821E+01  1.02621E+00
  5.40000E-02  6.46286E-04  2.70839E+01  1.05087E+00
  5.50000E-02  7.01473E-04  2.70846E+01  1.07788E+00
  5.60000E-02  7.61009E-04  2.70853E+01  1.11503E+00
  5.70000E-02  8.20226E-04  2.70852E+01  1.14503E+00
  5.80000E-02  8.84751E-04  2.70851E+01  1.17701E+00
  5.90000E-02  9.49481E-04  2.70861E+01  1.21013E+00
  6.00000E-02  1.02364E-03  2.70864E+01  1.24475E+00
  6.10000E-02  1.09164E-03  2.70867E+01  1.27381E+00
  6.20000E-02  1.17051E-03  2.70861E+01  1.30187E+00
  6.30000E-02  1.25042E-03  2.70876E+01  1.33402E+00
  6.40000E-02  1.33811E-03  2.70870E+01  1.36931E+00
  6.50000E-02  1.42722E-03  2.70880E+01  1.39651E+00
  6.60000E-02  1.51808E-03  2.70878E+01  1.42891E+00
  6.70000E-02  1.62303E-03  2.70881E+01  1.45780E+00
  6.80000E-02  1.72500E-03  2.70882E+01  1.48672E+00
  6.90000E-02  1.84321E-03  2.70888E+01  1.51872E+00
  7.00000E-02  1.96270E-03  2.70885E+01  1.54356E+00
  7.10000E-02  2.07899E-03  2.70897E+01  1.57854E+00
  7.20000E-02  2.22423E-03  2.70888E+01  1.59931E+00
  7.30000E-02  2.36746E-03  2.70905E+01  1.63443E+00
  7.40000E-02  2.51310E-03  2.70890E+01  1.65889E+00
  7.50000E-02  2.67390E-03  2.70904E+01  1.68621E+00
  7.60000E-02  2.83281E-03  2.70899E+01  1.72041E+00
  7.70000E-02  3.01267E-03  2.70902E+01  1.73809E+00
  7.80000E-02  3.19070E-03  2.70900E+01  1.77195E+00
  7.90000E-02  3.37761E-03  2.70897E+01  1.80057E+00
  8.00000E-02  3.57876E-03  2.70899E+01  1.81628E+00
  8.10000E-02  3.79292E-03  2.70894E+01  1.84964E+00
  8.20000E-02  3.98776E-03  2.70877E+01  1.87849E+00
  8.30000E-02  4.20596E-03  2.70881E+01  1.89615E+00
  8.40000E-02  4.44940E-03  2.70882E+01  1.92063E+00
  8.50000E-02  4.66785E-03  2.70864E+01  1.95483E+00
  8.60000E-02  4.91449E-03  2.70864E+01  1.97534E+00
  8.70000E-02  5.16917E-03  2.70868E+01  1.99821E+00
  8.80000E-02  5.41893E-03  2.70820E+01  2.02489E+00
  8.90000E-02  5.68809E-03  2.70784E+01  2.03688E+00
  9.00000E-02  5.96874E-03  2.70660E+01  2.03884E+00
  9.10000E-02  6.23251E-03  2.70587E+01  2.02902E+00
  9.20000E-02  6.54344E-03  2.70520E+01  2.01725E+00
  9.30000E-02  6.85232E-03  2.70581E+01  2.00321E+00
  9.40000E-02  7.17266E-03  2.70737E+01  1.99797E+00
  9.50000E-02  7.49311E-03  2.70849E+01  2.00494E+00
  9.60000E-02  7.87061E-03  2.70966E+01  2.02433E+00
  9.70000E-02  8.18178E-03  2.70992E+01  2.04216E+00
  9.80000E-02  8.56769E-03  2.71008E+01  2.07692E+00
  9.90000E-02  8.96449E-03  2.71064E+01  2.10600E+00
  1.00000E-01  9.35639E-03  2.71035E+01  2.13758E+00
  1.01000E-01  9.77478E-03  2.71129E+01  2.16571E+00
  1.02000E-01  1.02074E-02  2.71110E+01  2.19336E+00
  1.03000E-01  1.06105E-02  2.71131E+01  2.21516E+00
  1.04000E-01  1.11099E-02  2.71188E+01  2.25278E+00
  1.05000E-01  1.15400E-02  2.71191E+01  2.26974E+00
  1.06000E-01  1.20669E-02  2.71200E+01  2.29575E+00
  1.07000E-01  1.25493E-02  2.71264E+01  2.32660E+00
  1.08000E-01  1.30894E-02  2.71262E+01  2.34579E+00
  1.09000E-01  1.36642E-02  2.71173E+01  2.36043E+00
  1.10000E-01  1.41641E-02  2.71030E+01  2.37393E+00
  1.11000E-01  1.47608E-02  2.70920E+01  2.39107E+00
  1.12000E-01  1.53732E-02  2.70901E+01  2.41168E+00
  1.13000E-01  1.59411E-02  2.70945E+01  2.43747E+00
  1.14000E-01  1.66684E-02  2.70886E+01  2.47090E+00
  1.15000E-01  1.72749E-02  2.71018E+01  2.50309E+00
  1.16000E-01  1.79938E-02  2.70947E+01  2.52751E+00
  1.17000E-01  1.87151E-02  2.71067E+01  2.56356E+00
  1.18000E-01  1.93857E-02  2.71010E+01  2.58628E+00
  1.19000E-01  2.01950E-02  2.71068E+01  2.61805E+00
  1.20000E-01  2.09305E-02  2.71033E+01  2.65034E+00
  1.21000E-01  2.17692E-02  2.71060E+01  2.66615E+00
  1.22000E-01  2.25795E-02  2.71063E+01  2.69354E+00
  1.23000E-01  2.34780E-02  2.71108E+01  2.71825E+00
  1.24000E-01  2.42821E-02  2.71323E+01  2.73102E+00
  1.25000E-01  2.52593E-02  2.71397E+01  2.73903E+00
  1.26000E-01  2.62297E-02  2.71669E+01  2.72834E+00
  1.27000E-01  2.71295E-02  2.71959E+01  2.73174E+00
  1.28000E-01  2.82205E-02  2.72148E+01  2.74619E+00
  1.29000E-01  2.91000E-02  2.72246E+01  2.76499E+00
  1.30000E-01  3.02605E-02  2.72312E+01  2.80591E+00
  1.31000E-01  3.12710E-02  2.72189E+01  2.82088E+00
  1.32000E-01  3.23925E-02  2.72260E+01  2.84346E+00
  1.33000E-01  3.35526E-02  2.72185E+01  2.88390E+00
  1.34000E-01  3.47813E-02  2.72186E+01  2.92328E+00
  1.35000E-01  3.58603E-02  2.72161E+01  2.95171E+00
  1.36000E-01  3.71147E-02  2.72079E+01  2.96740E+00
  1.37000E-01  3.84096E-02  2.72081E+01  3.00406E+00
  1.38000E-01  3.95454E-02  2.72071E+01  3.04132E+00
  1.39000E-01  4.09425E-02  2.72093E+01  3.07628E+00
  1.40000E-01  4.24340E-02  2.72335E+01  3.08549E+00
  1.41000E-01  4.38582E-02  2.72497E+01  3.09308E+00
  1.42000E-01  4.52815E-02  2.72923E+01  3.08812E+00
  1.43000E-01  4.66744E-02  2.73312E+01  3.09029E+00
  1.44000E-01  4.82403E-02  2.73568E+01  3.10448E+00
  1.45000E-01  4.98034E-02  2.73739E+01  3.12507E+00
  1.46000E-01  5.16912E-02  2.73735E+01  3.16093E+00
  1.47000E-01  5.31584E-02  2.73725E+01  3.19719E+00
  1.48000E-01  5.47710E-02  2.73818E+01  3.21390E+00
  1.49000E-01  5.64293E-02  2.74033E+01  3.23559E+00
  1.50000E-01  5.83314E-02  2.74056E+01  3.27733E+00
  1.51000E-01  6.00323E-02  2.74111E+01  3.29006E+00
  1.52000E-01  6.21602E-02  2.74237E+01  3.31712E+00
  1.53000E-01  6.37816E-02  2.74113E+01  3.34986E+00
  1.54000E-01  6.57468E-02  2.74144E+01  3.36340E+00
  1.55000E-01  6.79416E-02  2.74077E+01  3.39770E+00
  1.56000E-01  6.96187E-02  2.74076E+01  3.43734E+00
  1.57000E-01  7.17490E-02  2.74044E+01  3.46200E+00
  1.58000E-01  7.42008E-02  2.74581E+01  3.47241E+00
  1.59000E-01  7.60679E-02  2.74756E+01  3.48932E+00
  1.60000E-01  7.85029E-02  2.75321E+01  3.48016E+00
  1.61000E-01  8.12835E-02  2.75683E+01  3.49832E+00
  1.62000E-01  8.31684E-02  2.75935E+01  3.52088E+00
  1.63000E-01  8.56183E-02  2.75920E+01  3.55511E+00
  1.64000E-01  8.83695E-02  2.75940E+01  3.59309E+00
  1.65000E-01  9.06142E-02  2.76399E+01  3.60369E+00
  1.66000E-01  9.34319E-02  2.77094E+01  3.60609E+00
  1.67000E-01  9.63875E-02  2.77325E+01  3.63505E+00
  1.68000E-01  9.85754E-02  2.77311E+01  3.67235E+00
  1.69000E-01  1.01275E-01  2.77433E+01  3.69878E+00
  1.70000E-01  1.04618E-01  2.78035E+01  3.71080E+00
  1.71000E-01  1.07087E-01  2.78003E+01  3.74741E+00
  1.72000E-01  1.10172E-01  2.78184E+01  3.77082E+00
  1.73000E-01  1.13399E-01  2.78760E+01  3.79082E+00
  1.74000E-01  1.16180E-01  2.78487E+01  3.82263E+00
  1.75000E-01  1.19327E-01  2.78440E+01  3.86017E+00
  1.76000E-01  1.22593E-01  2.78622E+01  3.88778E+00
  1.77000E-01  1.26234E-01  2.79328E+01  3.89401E+00
  1.78000E-01  1.29367E-01  2.80041E+01  3.90753E+00
  1.79000E-01  1.32845E-01  2.80193E+01  3.92547E+00
  1.80000E-01  1.37018E-01  2.80657E+01  3.95676E+00
  1.81000E-01  1.40175E-01  2.81227E+01  3.98526E+00
  1.82000E-01  1.43622E-01  2.81451E+01  4.00974E+00
  1.83000E-01  1.48095E-01  2.82269E+01  4.01359E+00
  1.84000E-01  1.52173E-01  2.82899E+01  4.03797E+00
  1.85000E-01  1.55469E-01  2.82896E+01  4.06476E+00
  1.86000E-01  1.59492E-01  2.82758E+01  4.09881E+00
  1.87000E-01  1.63856E-01  2.83258E+01  4.11172E+00
  1.88000E-01  1.67879E-01  2.83990E+01  4.13342E+00
  1.89000E-01  1.72962E-01  2.85217E+01  4.14400E+00
  1.90000E-01  1.77362E-01  2.85758E+01  4.17999E+00
  1.91000E-01  1.81686E-01  2.85905E+01  4.22336E+00
  1.92000E-01  1.85919E-01  2.86026E+01  4.25007E+00
  1.93000E-01  1.91211E-01  2.87044E+01  4.25903E+00
  1.94000E-01  1.95886E-01  2.87368E+01  4.27416E+00
  1.95000E-01  2.01039E-01  2.87725E+01  4.28437E+00
  1.96000E-01  2.05940E-01  2.88883E+01  4.34171E+00
  1.97000E-01  2.10905E-01  2.89196E+01  4.37186E+00
  1.98000E-01  2.16561E-01  2.89990E+01  4.39121E+00
  1.99000E-01  2.22334E-01  2.90874E+01  4.39496E+00
  2.00000E-01  2.28113E-01  2.91576E+01  4.41083E+00
  2.01000E-01  2.33201E-01  2.92632E+01  4.46707E+00
  2.02000E-01  2.39034E-01  2.92793E+01  4.49198E+00
  2.03000E-01  2.45555E-01  2.93559E+01  4.51173E+00
  2.04000E-01  2.51447E-01  2.93867E+01  4.51906E+00
  2.05000E-01  2.57214E-01  2.94416E+01  4.52545E+00
  2.06000E-01  2.63435E-01  2.95846E+01  4.56821E+00
  2.07000E-01  2.71265E-01  2.97662E+01  4.62018E+00
  2.08000E-01  2.76792E-01  2.98107E+01  4.64531E+00
  2.09000E-01  2.85148E-01  2.98793E+01  4.66189E+00
  2.10000E-01  2.90946E-01  2.99375E+01  4.68448E+00
  2.11000E-01  2.98532E-01  3.00583E+01  4.71380E+00
  2.12000E-01  3.04956E-01  3.00727E+01  4.71963E+00
  2.13000E-01  3.11952E-01  3.01654E+01  4.73366E+00
  2.14000E-01  3.21207E-01  3.03971E+01  4.79471E+00
  2.15000E-01  3.28605E-01  3.05163E+01  4.83301E+00
  2.16000E-01  3.38527E-01  3.06385E+01  4.85530E+00
  2.17000E-01  3.44789E-01  3.06906E+01  4.87715E+00
  2.18000E-01  3.54221E-01  3.08203E+01  4.90209E+00
  2.19000E-01  3.61045E-01  3.08442E+01  4.91768E+00
  2.20000E-01  3.70718E-01  3.10319E+01  4.93285E+00
  2.21000E-01  3.80749E-01  3.12743E+01  4.99635E+00
  2.22000E-01  3.89478E-01  3.13669E+01  5.02790E+00
  2.23000E-01  4.00904E-01  3.15142E+01  5.04430E+00
  2.24000E-01  4.09084E-01  3.16570E+01  5.06254E+00
  2.25000E-01  4.19245E-01  3.16830E+01  5.07636E+00
  2.26000E-01  4.29006E-01  3.18946E+01  5.11491E+00
  2.27000E-01  4.40988E-01  3.22032E+01  5.17694E+00
  2.28000E-01  4.50444E-01  3.22841E+01  5.19189E+00
  2.29000E-01  4.61718E-01  3.23725E+01  5.19990E+00
  2.30000E-01  4.73322E-01  3.25211E+01  5.22830E+00
  2.31000E-01  4.85351E-01  3.27847E+01  5.27305E+00
  2.32000E-01  4.99660E-01  3.30928E+01  5.31918E+00
  2.33000E-01  5.10089E-01  3.32374E+01  5.33673E+00
  2.34000E-01  5.22340E-01  3.33142E+01  5.34518E+00
  2.35000E-01  5.35567E-01  3.35761E+01  5.38194E+00
  2.36000E-01  5.49932E-01  3.38591E+01  5.42446E+00
  2.37000E-01  5.64103E-01  3.40941E+01  5.45414E+00
  2.38000E-01  5.77407E-01  3.42617E+01  5.47683E+00
  2.39000E-01  5.91872E-01  3.43623E+01  5.48923E+00
  2.40000E-01  6.03964E-01  3.45317E+01  5.52421E+00
  2.41000E-01  6.22659E-01  3.48779E+01  5.57890E+00
  2.42000E-01  6.37147E-01  3.51548E+01  5.62074E+00
  2.43000E-01  6.54002E-01  3.54169E+01  5.65106E+00
  2.44000E-01  6.72439E-01  3.57943E+01  5.68168E+00
  2.45000E-01  6.87752E-01  3.59954E+01  5.69574E+00
  2.46000E-01  7.06252E-01  3.62623E+01  5.72081E+00
  2.47000E-01  7.24420E-01  3.66384E+01  5.77661E+00
  2.48000E-01  7.45038E-01  3.69433E+01  5.82839E+00
  2.49000E-01  7.61958E-01  3.72058E+01  5.85508E+00
  2.50000E-01  7.82510E-01  3.75360E+01  5.88146E+00
  2.51000E-01  8.07314E-01  3.80522E+01  5.90933E+00
  2.52000E-01  8.24746E-01  3.83135E+01  5.93244E+00
  2.53000E-01  8.47683E-01  3.85808E+01  5.97025E+00
  2.54000E-01  8.69697E-01  3.89774E+01  6.03090E+00
  2.55000E-01  8.95292E-01  3.94585E+01  6.08341E+00
  2.56000E-01  9.16936E-01  3.96804E+01  6.09770E+00
  2.57000E-01  9.41086E-01  4.02001E+01  6.12405E+00
  2.58000E-01  9.71558E-01  4.07753E+01  6.16909E+00
  2.59000E-01  9.94733E-01  4.11158E+01  6.20611E+00
  2.60000E-01  1.02312E+00  4.15144E+01  6.24814E+00
  2.61000E-01  1.05154E+00  4.19987E+01  6.29181E+00
  2.62000E-01  1.08023E+00  4.25279E+01  6.32864E+00
  2.63000E-01  1.11477E+00  4.31132E+01  6.35474E+00
  2.64000E-01  1.14357E+00  4.36054E+01  6.40284E+00
  2.65000E-01  1.17806E+00  4.41363E+01  6.44847E+00
  2.66000E-01  1.20979E+00  4.46685E+01  6.47985E+00
  2.67000E-01  1.24677E+00  4.53314E+01  6.53057E+00
  2.68000E-01  1.28360E+00  4.58974E+01  6.56944E+00
  2.69000E-01  1.31983E+00  4.65944E+01  6.60096E+00
  2.70000E-01  1.35838E+00  4.70516E+01  6.64989E+00
  2.71000E-01  1.40205E+00  4.79602E+01  6.70288E+00
  2.72000E-01  1.44350E+00  4.86214E+01  6.73136E+00
  2.73000E-01  1.48969E+00  4.93461E+01  6.77929E+00
  2.74000E-01  1.52980E+00  5.00092E+01  6.82808E+00
  2.75000E-01  1.58606E+00  5.10357E+01  6.86033E+00
  2.76000E-01  1.62666E+00  5.16805E+01  6.90683E+00
  2.77000E-01  1.68026E+00  5.23998E+01  6.96067E+00
  2.78000E-01  1.73885E+00  5.36167E+01  7.00572E+00
  2.79000E-01  1.78931E+00  5.43045E+01  7.04517E+00
  2.80000E-01  1.85231E+00  5.52803E+01  7.09952E+00
  2.81000E-01  1.90712E+00  5.63196E+01  7.13075E+00
  2.82000E-01  1.97766E+00  5.73951E+01  7.18775E+00
  2.83000E-01  2.03517E+00  5.83082E+01  7.23564E+00
  2.84000E-01  2.10758E+00  5.95032E+01  7.27514E+00
  2.85000E-01  2.18452E+00  6.08499E+01  7.33835E+00
  2.86000E-01  2.24636E+00  6.16567E+01  7.37634E+00
  2.87000E-01  2.33629E+00  6.31592E+01  7.42154E+00
  2.88000E-01  2.41236E+00  6.44746E+01  7.47648E+00
  2.89000E-01  2.50101E+00  6.57813E+01  7.53732E+00
  2.90000E-01  2.59072E+00  6.72354E+01  7.56732E+00
  2.91000E-01  2.68370E+00  6.87111E+01  7.62658E+00
  2.92000E-01  2.77772E+00  7.01945E+01  7.68790E+00
  2.93000E-01  2.87939E+00  7.17865E+01  7.71665E+00
  2.94000E-01  2.99393E+00  7.34661E+01  7.78275E+00
  2.95000E-01  3.10175E+00  7.52604E+01  7.84589E+00
  2.96000E-01  3.22337E+00  7.74166E+01  7.88455E+00
  2.97000E-01  3.32204E+00  7.82862E+01  7.90830E+00
  2.98000E-01  3.50236E+00  8.10547E+01  7.99476E+00
  2.99000E-01  3.63433E+00  8.36085E+01  8.07433E+00
  3.00000E-01  3.66675E+00  8.30017E+01  8.02574E+00
  3.01000E-01  3.43434E+00  6.91921E+01  7.33248E+00
  3.02000E-01  2.09321E+00  2.41744E+01  4.12725E+00
  3.03000E-01  1.19563E+00  1.31660E+00  5.36891E-01
  3.04000E-01  1.01370E+00  3.50252E-03  5.62562E-03
  3.05000E-01  1.00000E+00  1.00021E-04  2.65672E-06
  3.06000E-01  1.00000E+00  1.00000E-04  4.79124E-11
  3.07000E-01  1.00000E+00  1.00000E-04  2.41267E-10
  3.08000E-01  1.00000E+00  1.00000E-04  1.60862E-10
  3.09000E-01  1.00000E+00  1.00000E-04 -2.41384E-10
  3.10000E-01  1.00000E+00  1.00000E-04 -1.60917E-10
  3.11000E-01  1.00000E+00  1.00000E-04  8.03825E-11
  3.12000E-01  1.00000E+00  1.00000E-04 -8.03436E-11
  3.13000E-01  1.00000E+00  1.00000E-04 -8.04630E-11
  3.14000E-01  1.00000E+00  1.00000E-04  4.02084E-11
  3.15000E-01  1.00000E+00  1.00000E-04  4.02074E-11
  3.16000E-01  1.00000E+00  1.00000E-04  7.76997E-17
  3.17000E-01  1.00000E+00  1.00000E-04  8.03842E-11
  3.18000E-01  1.00000E+00  1.00000E-04 -2.41144E-10
  3.19000E-01  1.00000E+00  1.00000E-04 -8.04565E-11
  3.20000E-01  1.00000E+00  1.00000E-04  3.21795E-10
  3.21000E-01  1.00000E+00  1.00000E-04 -8.03597E-11
  3.22000E-01  1.00000E+00  1.00000E-04 -3.21848E-10
  3.23000E-01  1.00000E+00  1.00000E-04  4.53394E-10
  3.24000E-01  1.00000E+00  1.00000E-04 -3.72629E-10
  3.25000E-01  1.00000E+00  1.00000E-04  4.02228E-11
  3.26000E-01  1.00000E+00  1.00000E-04  4.02228E-11
  3.27000E-01  1.00000E+00  1.00000E-04  2.68095E-11
  3.28000E-01  1.00000E+00  1.00000E-04  2.67958E-11
  3.29000E-01  1.00000E+00  1.00000E-04  2.67953E-11
  3.30000E-01  1.00000E+00  1.00000E-04  8.03395E-11
  3.31000E-01  1.00000E+00  1.00000E-04  0.00000E+00
  3.32000E-01  1.00000E+00  1.00000E-04  2.41192E-10
  3.33000E-01  1.00000E+00  1.00000E-04  8.03399E-11
  3.34000E-01  1.00000E+00  1.00000E-04 -2.41075E-10
  3.35000E-01  1.00000E+00  1.00000E-04  2.39237E-16
  3.36000E-01  1.00000E+00  1.00000E-04  1.03418E-16
  3.37000E-01  1.00000E+00  1.00000E-04 -8.04731E-11
  3.38000E-01  1.00000E+00  1.00000E-04  0.00000E+00
  3.39000E-01  1.00000E+00  1.00000E-04 -3.21504E-10
  3.40000E-01  1.00000E+00  1.00000E-04 -8.04561E-11
  3.41000E-01  1.00000E+00  1.00000E-04  3.21479E-10
  3.42000E-01  1.00000E+00  1.00000E-04 -8.04437E-11
  3.43000E-01  1.00000E+00  1.00000E-04  8.04148E-11
  3.44000E-01  1.00000E+00  1.00000E-04  1.00342E-09
  3.45000E-01  9.99999E-01  9.99999E-05 -1.24395E-09
  3.46000E-01  1.00000E+00  1.00000E-04 -7.42330E-10
  3.47000E-01  1.00000E+00  1.00000E-04 -3.48775E-09
  3.48000E-01  1.00000E+00  1.00001E-04  2.22197E-09
  3.49000E-01  1.00000E+00  9.99996E-05  3.80609E-09
  3.50000E-01  1.00000E+00  1.00000E-04 -1.98306E-09
  3.51000E-01  1.00000E+00  1.00000E-04  5.06520E-10
  3.52000E-01  1.00000E+00  1.00000E-04  0.00000E+00
  3.53000E-01  1.00000E+00  1.00000E-04  0.00000E+00
  3.54000E-01  1.00000E+00  1.00000E-04  0.00000E+00
  3.55000E-01  1.00000E+00  1.00000E-04  0.00000E+00
  3.56000E-01  1.00000E+00  1.00000E-04  0.00000E+00
  3.57000E-01  1.00000E+00  1.00000E-04  0.00000E+00
  3.58000E-01  1.00000E+00  1.00000E-04  0.00000E+00
  3.59000E-01  1.00000E+00  1.00000E-04  0.00000E+00
  3.60000E-01  1.00000E+00  1.00000E-04  0.00000E+00
  3.61000E-01  1.00000E+00  1.00000E-04 -7.76996E-17
  3.62000E-01  1.00000E+00  1.00000E-04  0.00000E+00
  3.63000E-01  1.00000E+00  1.00000E-04  7.76996E-17
  3.64000E-01  1.00000E+00  1.00000E-04  0.00000E+00
  3.65000E-01  1.00000E+00  1.00000E-04  0.00000E+00
  3.66000E-01  1.00000E+00  1.00000E-04  0.00000E+00
  3.67000E-01  1.00000E+00  1.00000E-04  0.00000E+00
  3.68000E-01  1.00000E+00  1.00000E-04  0.00000E+00
  3.69000E-01  1.00000E+00  1.00000E-04  0.00000E+00
  3.70000E-01  1.00000E+00  1.00000E-04  0.00000E+00
  3.71000E-01  1.00000E+00  1.00000E-04  0.00000E+00
  3.72000E-01  1.00000E+00  1.00000E-04 -1.60808E-10
  3.73000E-01  1.00000E+00  1.00000E-04 -1.60836E-10
  3.74000E-01  1.00000E+00  1.00000E-04  2.41323E-10
  3.75000E-01  1.00000E+00  1.00000E-04 -8.84429E-10
  3.76000E-01  1.00000E+00  1.00000E-04  7.79544E-17
  3.77000E-01  1.00000E+00  1.00000E-04  9.31852E-10
  3.78000E-01  1.00000E+00  1.00000E-04  3.34489E-11
  3.79000E-01  1.00000E+00  1.00000E-04  0.00000E+00
  3.80000E-01  1.00000E+00  1.00000E-04  0.00000E+00
  3.81000E-01  1.00000E+00  1.00000E-04  2.41249E-10
  3.82000E-01  1.00000E+00  1.00000E-04  8.04049E-11
  3.83000E-01  1.00000E+00  1.00000E-04 -2.41078E-10
  3.84000E-01  1.00000E+00  1.00000E-04  1.60807E-10
  3.85000E-01  1.00000E+00  1.00000E-04 -1.59962E-16
  3.86000E-01  1.00000E+00  1.00000E-04 -2.41221E-10
  3.87000E-01  1.00000E+00  1.00000E-04  0.00000E+00
  3.88000E-01  1.00000E+00  1.00000E-04  0.00000E+00
  3.89000E-01  1.00000E+00  1.00000E-04  0.00000E+00
  3.90000E-01  1.00000E+00  1.00000E-04  0.00000E+00
  3.91000E-01  1.00000E+00  1.00000E-04  0.00000E+00
  3.92000E-01  1.00000E+00  1.00000E-04  0.00000E+00
  3.93000E-01  1.00000E+00  1.00000E-04  0.00000E+00
  3.94000E-01  1.00000E+00  1.00000E-04  0.00000E+00
  3.95000E-01  1.00000E+00  1.00000E-04  0.00000E+00
  3.96000E-01  1.00000E+00  1.00000E-04  0.00000E+00
  3.97000E-01  1.00000E+00  1.00000E-04  2.41210E-10
  3.98000E-01  1.00000E+00  1.00000E-04 -2.41340E-10
  3.99000E-01  1.00000E+00  1.00000E-04 -8.03930E-11
  4.00000E-01  1.00000E+00  1.00000E-04  8.03812E-11
  4.01000E-01  1.00000E+00  1.00000E-04  0.00000E+00
  4.02000E-01  1.00000E+00  1.00000E-04  0.00000E+00
  4.03000E-01  1.00000E+00  1.00000E-04 -8.45090E-11
  4.04000E-01  1.00000E+00  1.00000E-04 -2.77676E-08
  4.05000E-01  1.00000E+00  1.00000E-04 -1.13289E-06
  4.06000E-01  1.00000E+00  1.00373E-04 -9.24807E-11
  4.07000E-01  1.00000E+00  1.00000E-04  1.13281E-06
  4.08000E-01  1.00000E+00  1.00000E-04  2.79941E-08
  4.09000E-01  1.00000E+00  1.00000E-04  8.57658E-11
  4.10000E-01  1.00000E+00  1.00000E-04  0.00000E+00
  4.11000E-01  1.00000E+00  1.00000E-04  0.00000E+00
  4.12000E-01  1.00000E+00  1.00000E-04  0.00000E+00
  4.13000E-01  1.00000E+00  1.00000E-04  0.00000E+00
  4.14000E-01  1.00000E+00  1.00000E-04 -8.57172E-11
  4.15000E-01  1.00000E+00  1.00000E-04 -2.79856E-08
  4.16000E-01  1.00000E+00  1.00000E-04 -1.13312E-06
  4.17000E-01  1.00000E+00  1.00373E-04 -4.82448E-13
  4.18000E-01  1.00000E+00  1.00000E-04  1.13312E-06
  4.19000E-01  1.00000E+00  1.00000E-04  2.80346E-08
  4.20000E-01  1.00000E+00  1.00000E-04  1.36278E-10
  4.21000E-01  1.00000E+00  1.00000E-04  0.00000E+00
  4.22000E-01  1.00000E+00  1.00000E-04  0.00000E+00
  4.23000E-01  1.00000E+00  1.00000E-04  3.21600E-10
  4.24000E-01  1.00000E+00  9.99999E-05  0.00000E+00
  4.25000E-01  1.00000E+00  1.00000E-04 -2.41308E-10
  4.26000E-01  1.00000E+00  1.00000E-04  1.41252E-11
  4.27000E-01  1.00000E+00  1.00000E-04  1.75566E-09
  4.28000E-01  9.99996E-01  9.99996E-05  8.04086E-11
  4.29000E-01  1.00000E+00  1.00000E-04 -1.86865E-09
  4.30000E-01  1.00000E+00  1.00000E-04 -6.00494E-11
  4.31000E-01  1.00000E+00  1.00000E-04  0.00000E+00
  4.32000E-01  1.00000E+00  1.00000E-04  1.60839E-10
  4.33000E-01  1.00000E+00  1.00000E-04  0.00000E+00
  4.34000E-01  1.00000E+00  1.00000E-04 -1.60777E-10
  4.35000E-01  1.00000E+00  1.00000E-04  0.00000E+00
  4.36000E-01  1.00000E+00  1.00000E-04 -7.76996E-17
  4.37000E-01  1.00000E+00  1.00000E-04 -2.41386E-10
  4.38000E-01  1.00000E+00  1.00000E-04  8.04606E-11
  4.39000E-01  1.00000E+00  1.00000E-04  1.60815E-10
  4.40000E-01  1.00000E+00  1.00000E-04  0.00000E+00
  4.41000E-01  1.00000E+00  1.00000E-04  8.04535E-11
  4.42000E-01  1.00000E+00  1.00000E-04  0.00000E+00
  4.43000E-01  1.00000E+00  1.00000E-04 -8.04264E-11
  4.44000E-01  1.00000E+00  1.00000E-04  8.04454E-11
  4.45000E-01  1.00000E+00  1.00000E-04  0.00000E+00
  4.46000E-01  1.00000E+00  1.00000E-04 -8.03559E-11
  4.47000E-01  1.00000E+00  1.00000E-04  0.00000E+00
  4.48000E-01  1.00000E+00  1.00000E-04  0.00000E+00
  4.49000E-01  1.00000E+00  1.00000E-04  0.00000E+00
  4.50000E-01  1.00000E+00  1.00000E-04  8.04114E-11
  4.51000E-01  1.00000E+00  1.00000E-04 -3.21792E-10
  4.52000E-01  1.00000E+00  1.00000E-04 -8.05286E-11
  4.53000E-01  1.00000E+00  1.00000E-04  3.21413E-10
  4.54000E-01  1.00000E+00  1.00000E-04  8.03788E-11
  4.55000E-01  1.00000E+00  1.00000E-04  0.00000E+00
  4.56000E-01  1.00000E+00  1.00000E-04 -4.02152E-11
  4.57000E-01  1.00000E+00  1.00000E-04 -4.02167E-11
  4.58000E-01  1.00000E+00  1.00000E-04  7.76996E-17
  4.59000E-01  1.00000E+00  1.00000E-04  0.00000E+00
  4.60000E-01  1.00000E+00  1.00000E-04  8.03633E-11
  4.61000E-01  1.00000E+00  1.00000E-04 -1.60712E-10
  4.62000E-01  1.00000E+00  1.00000E-04 -8.04602E-11
  4.63000E-01  1.00000E+00  1.00000E-04  1.60883E-10
  4.64000E-01  1.00000E+00  1.00000E-04  8.04043E-11
  4.65000E-01  1.00000E+00  1.00000E-04  0.00000E+00
  4.66000E-01  1.00000E+00  1.00000E-04 -8.03842E-11
  4.67000E-01  1.00000E+00  1.00000E-04  8.04448E-11
  4.68000E-01  1.00000E+00  1.00000E-04  8.03430E-11
  4.69000E-01  1.00000E+00  1.00000E-04 -4.02181E-10
  4.70000E-01  1.00000E+00  1.00000E-04  1.60884E-10
  4.71000E-01  1.00000E+00  1.00000E-04  8.04187E-11
  4.72000E-01  1.00000E+00  1.00000E-04 -3.21569E-10
  4.73000E-01  1.00000E+00  1.00000E-04  8.04745E-11
  4.74000E-01  1.00000E+00  1.00000E-04  2.41082E-10
  4.75000E-01  1.00000E+00  1.00000E-04 -6.59449E-16
  4.76000E-01  1.00000E+00  1.00000E-04  8.54695E-17
  4.77000E-01  1.00000E+00  1.00000E-04 -1.60722E-10
  4.78000E-01  1.00000E+00  1.00000E-04  8.04707E-11
  4.79000E-01  1.00000E+00  1.00000E-04  1.60734E-10
  4.80000E-01  1.00000E+00  1.00000E-04  1.60737E-10
  4.81000E-01  1.00000E+00  1.00000E-04  8.04456E-11
  4.82000E-01  1.00000E+00  1.00000E-04 -2.41139E-10
  4.83000E-01  1.00000E+00  1.00000E-04 -5.62871E-10
  4.84000E-01  1.00000E+00  1.00000E-04 -2.71366E-10
  4.85000E-01  1.00000E+00  1.00000E-04  1.50215E-09
  4.86000E-01  1.00000E+00  9.99999E-05 -1.85145E-10
  4.87000E-01  1.00000E+00  1.00000E-04 -9.67478E-16
  4.88000E-01  9.99999E-01  9.99999E-05 -8.59955E-11
  4.89000E-01  1.00000E+00  1.00000E-04 -3.58828E-09
  4.90000E-01  1.00000E+00  1.00000E-04  1.25975E-09
  4.91000E-01  1.00000E+00  1.00000E-04  1.84862E-09
  4.92000E-01  1.00000E+00  1.00000E-04  5.62773E-10
  4.93000E-01  9.99999E-01  9.99999E-05 -8.04774E-11
  4.94000E-01  1.00000E+00  1.00000E-04 -4.82576E-10
  4.95000E-01  1.00000E+00  1.00000E-04  0.00000E+00
  4.96000E-01  1.00000E+00  1.00000E-04  0.00000E+00
  4.97000E-01  1.00000E+00  1.00000E-04  0.00000E+00
  4.98000E-01  1.00000E+00  1.00000E-04  0.00000E+00
  4.99000E-01  1.00000E+00  1.00000E-04  0.00000E+00
  5.00000E-01  1.00000E+00  1.00000E-04  0.00000E+00
  5.01000E-01  1.00000E+00  1.00000E-04  0.00000E+00
  5.02000E-01  1.00000E+00  1.00000E-04  0.00000E+00
  5.03000E-01  1.00000E+00  1.00000E-04  0.00000E+00
  5.04000E-01  1.00000E+00  1.00000E-04  3.34374E-11
  5.05000E-01  1.00000E+00  1.00000E-04  9.31400E-10
  5.06000E-01  9.99998E-01  9.99998E-05  0.00000E+00
  5.07000E-01  1.00000E+00  1.00000E-04 -9.31849E-10
  5.08000E-01  1.00000E+00  1.00000E-04 -3.34505E-11
  5.09000E-01  1.00000E+00  1.00000E-04  0.00000E+00
  5.10000E-01  1.00000E+00  1.00000E-04 -7.76996E-17
  5.11000E-01  1.00000E+00  1.00000E-04  0.00000E+00
  5.12000E-01  1.00000E+00  1.00000E-04  7.76995E-17
  5.13000E-01  1.00000E+00  1.00000E-04  0.00000E+00
  5.14000E-01  1.00000E+00  1.00000E-04  0.00000E+00
  5.15000E-01  1.00000E+00  1.00000E-04  9.98188E-12
  5.16000E-01  1.00000E+00  1.00000E-04  6.33521E-10
  5.17000E-01  9.99999E-01  9.99999E-05  0.00000E+00
  5.18000E-01  1.00000E+00  1.00000E-04 -6.33597E-10
  5.19000E-01  1.00000E+00  1.00000E-04 -9.98963E-12
  5.20000E-01  1.00000E+00  1.00000E-04 -5.39112E-15
  5.21000E-01  1.00000E+00  1.00000E-04  2.65674E-15
  5.22000E-01  1.00000E+00  1.00000E-04  2.73438E-15
  5.23000E-01  1.00000E+00  1.00000E-04  0.00000E+00
  5.24000E-01  1.00000E+00  1.00000E-04  0.00000E+00
  5.25000E-01  1.00000E+00  1.00000E-04  0.00000E+00
  5.26000E-01  1.00000E+00  1.00000E-04  0.00000E+00
  5.27000E-01  1.00000E+00  1.00000E-04  0.00000E+00
  5.28000E-01  1.00000E+00  1.00000E-04  0.00000E+00
  5.29000E-01  1.00000E+00  1.00000E-04  3.21635E-10
  5.30000E-01  9.99999E-01  9.99999E-05  0.00000E+00
  5.31000E-01  1.00000E+00  1.00000E-04 -3.21617E-10
  5.32000E-01  1.00000E+00  1.00000E-04  0.00000E+00
  5.33000E-01  1.00000E+00  1.00000E-04 -8.04064E-11
  5.34000E-01  1.00000E+00  1.00000E-04 -8.03732E-11
  5.35000E-01  1.00000E+00  1.00000E-04  0.00000E+00
  5.36000E-01  1.00000E+00  1.00000E-04  8.03857E-11
  5.37000E-01  1.00000E+00  1.00000E-04  8.04044E-11
  5.38000E-01  1.00000E+00  1.00000E-04  0.00000E+00
  5.39000E-01  1.00000E+00  1.00000E-04  0.00000E+00
  5.40000E-01  1.00000E+00  1.00000E-04  0.00000E+00
  5.41000E-01  1.00000E+00  1.00000E-04 -8.04125E-11
  5.42000E-01  1.00000E+00  1.00000E-04  0.00000E+00
  5.43000E-01  1.00000E+00  1.00000E-04  8.04049E-11
  5.44000E-01  1.00000E+00  1.00000E-04  8.04029E-11
  5.45000E-01  1.00000E+00  1.00000E-04  0.00000E+00
  5.46000E-01  1.00000E+00  1.00000E-04 -8.03881E-11
  5.47000E-01  1.00000E+00  1.00000E-04  0.00000E+00
  5.48000E-01  1.00000E+00  1.00000E-04  0.00000E+00
  5.49000E-01  1.00000E+00  1.00000E-04  0.00000E+00
  5.50000E-01  1.00000E+00  1.00000E-04 -1.04927E-15
  5.51000E-01  1.00000E+00  1.00000E-04 -8.61812E-16
  5.52000E-01  1.00000E+00  1.00000E-04  1.91108E-15
  5.53000E-01  1.00000E+00  1.00000E-04  8.04041E-11
  5.54000E-01  1.00000E+00  1.00000E-04  0.00000E+00
  5.55000E-01  1.00000E+00  1.00000E-04 -8.03600E-11
  5.56000E-01  1.00000E+00  1.00000E-04  2.41322E-10
  5.57000E-01  1.00000E+00  1.00000E-04 -9.40165E-17
  5.58000E-01  1.00000E+00  1.00000E-04  0.00000E+00
  5.59000E-01  1.00000E+00  1.00000E-04  0.00000E+00
  5.60000E-01  1.00000E+00  1.00000E-04  0.00000E+00
  5.61000E-01  1.00000E+00  1.00000E-04  9.40165E-17
  5.62000E-01  1.00000E+00  1.00000E-04 -1.20616E-10
  5.63000E-01  1.00000E+00  1.00000E-04 -1.20618E-10
  5.64000E-01  1.00000E+00  1.00000E-04 -3.48493E-11
  5.65000E-01  1.00000E+00  1.00000E-04  3.48322E-11
  5.66000E-01  1.00000E+00  1.00000E-04  1.60822E-10
  5.67000E-01  1.00000E+00  1.00000E-04  0.00000E+00
  5.68000E-01  1.00000E+00  1.00000E-04 -1.60811E-10
  5.69000E-01  1.00000E+00  1.00000E-04  0.00000E+00
  5.70000E-01  1.00000E+00  1.00000E-04  1.60910E-10
  5.71000E-01  1.00000E+00  1.00000E-04 -9.40165E-17
  5.72000E-01  1.00000E+00  1.00000E-04  0.00000E+00
  5.73000E-01  1.00000E+00  1.00000E-04  9.40165E-17
  5.74000E-01  1.00000E+00  1.00000E-04 -1.60710E-10
  5.75000E-01  1.00000E+00  1.00000E-04  0.00000E+00
  5.76000E-01  1.00000E+00  1.00000E-04  0.00000E+00
  5.77000E-01  1.00000E+00  1.00000E-04  0.00000E+00
  5.78000E-01  1.00000E+00  1.00000E-04  0.00000E+00
  5.79000E-01  1.00000E+00  1.00000E-04  0.00000E+00
  5.80000E-01  1.00000E+00  1.00000E-04  0.00000E+00
  5.81000E-01  1.00000E+00  1.00000E-04  8.03734E-11
  5.82000E-01  1.00000E+00  1.00000E-04  0.00000E+00
  5.83000E-01  1.00000E+00  1.00000E-04 -2.41086E-10
  5.84000E-01  1.00000E+00  1.00000E-04  5.36373E-11
  5.85000E-01  1.00000E+00  1.00000E-04  5.36421E-11
  5.86000E-01  1.00000E+00  1.00000E-04  5.36389E-11
  5.87000E-01  1.00000E+00  1.00000E-04  0.00000E+00
  5.88000E-01  1.00000E+00  1.00000E-04  0.00000E+00
  5.89000E-01  1.00000E+00  1.00000E-04  0.00000E+00
  5.90000E-01  1.00000E+00  1.00000E-04  0.00000E+00
  5.91000E-01  1.00000E+00  1.00000E-04  0.00000E+00
  5.92000E-01  1.00000E+00  1.00000E-04  0.00000E+00
  5.93000E-01  1.00000E+00  1.00000E-04  2.41338E-10
  5.94000E-01  1.00000E+00  1.00000E-04 -1.03418E-16
  5.95000E-01  1.00000E+00  1.00000E-04 -9.40164E-17
  5.96000E-01  1.00000E+00  1.00000E-04  0.00000E+00
  5.97000E-01  1.00000E+00  1.00000E-04  3.58972E-16
  5.98000E-01  1.00000E+00  1.00000E-04  1.03418E-16
  5.99000E-01  1.00000E+00  1.00000E-04 -2.41080E-10
  6.00000E-01  1.00000E+00  1.00000E-04 -8.72440E-11
  6.01000E-01  1.00000E+00  1.00000E-04 -2.80070E-08
  6.02000E-01  1.00000E+00  1.00000E-04 -1.13411E-06
  6.03000E-01  1.00000E+00  1.00374E-04  3.14586E-10
  6.04000E-01  1.00000E+00  1.00000E-04  1.13343E-06
  6.05000E-01  1.00000E+00  1.00000E-04  2.81016E-08
  6.06000E-01  1.00000E+00  1.00000E-04  8.43771E-10
  6.07000E-01  9.99999E-01  9.99999E-05 -6.72307E-11
  6.08000E-01  1.00000E+00  1.00000E-04 -3.21684E-10
  6.09000E-01  9.99999E-01  9.99999E-05  8.03757E-11
  6.10000E-01  1.00000E+00  1.00000E-04 -4.01733E-10
  6.11000E-01  1.00000E+00  1.00000E-04 -8.04301E-11
  6.12000E-01  1.00000E+00  1.00000E-04  2.41315E-10
  6.13000E-01  1.00000E+00  1.00000E-04  0.00000E+00
  6.14000E-01  1.00000E+00  1.00000E-04 -2.41343E-10
  6.15000E-01  1.00000E+00  1.00000E-04  0.00000E+00
  6.16000E-01  1.00000E+00  1.00000E-04  0.00000E+00
  6.17000E-01  1.00000E+00  1.00000E-04  0.00000E+00
  6.18000E-01  1.00000E+00  1.00000E-04  0.00000E+00
  6.19000E-01  1.00000E+00  1.00000E-04  0.00000E+00
  6.20000E-01  1.00000E+00  1.00000E-04  0.00000E+00
  6.21000E-01  1.00000E+00  1.00000E-04  2.41090E-10
  6.22000E-01  1.00000E+00  1.00000E-04 -1.60713E-10
  6.23000E-01  1.00000E+00  1.00000E-04 -2.41309E-10
  6.24000E-01  1.00000E+00  1.00000E-04  8.04473E-11
  6.25000E-01  1.00000E+00  1.00000E-04  8.04351E-11
  6.26000E-01  1.00000E+00  1.00000E-04  0.00000E+00
  6.27000E-01  1.00000E+00  1.00000E-04 -8.04338E-11
  6.28000E-01  1.00000E+00  1.00000E-04  1.60741E-10
  6.29000E-01  1.00000E+00  1.00000E-04  0.00000E+00
  6.30000E-01  1.00000E+00  1.00000E-04 -1.13760E-16
  6.31000E-01  1.00000E+00  1.00000E-04  1.03418E-17
  6.32000E-01  1.00000E+00  1.00000E-04 -6.82979E-17
  6.33000E-01  1.00000E+00  1.00000E-04  8.62465E-17
  6.34000E-01  1.00000E+00  1.00000E-04  8.54695E-17
  6.35000E-01  1.00000E+00  1.00000E-04  0.00000E+00
  6.36000E-01  1.00000E+00  1.00000E-04 -8.03487E-11
  6.37000E-01  1.00000E+00  1.00000E-04 -8.04629E-11
  6.38000E-01  1.00000E+00  1.00000E-04  8.04341E-11
  6.39000E-01  1.00000E+00  1.00000E-04  8.03805E-11
  6.40000E-01  1.00000E+00  1.00000E-04  1.60836E-10
  6.41000E-01  1.00000E+00  1.00000E-04 -1.63169E-16
  6.42000E-01  1.00000E+00  1.00000E-04 -2.41150E-10
  6.43000E-01  1.00000E+00  1.00000E-04 -7.76996E-17
  6.44000E-01  1.00000E+00  1.00000E-04 -7.76995E-18
  6.45000E-01  1.00000E+00  1.00000E-04  8.54695E-17
  6.46000E-01  1.00000E+00  1.00000E-04  8.04373E-11
  6.47000E-01  1.00000E+00  1.00000E-04 -7.76996E-17
  6.48000E-01  1.00000E+00  1.00000E-04  8.04396E-11
  6.49000E-01  1.00000E+00  1.00000E-04  4.58084E-10
  6.50000E-01  9.99999E-01  9.99999E-05 -2.97556E-10
  6.51000E-01  1.00000E+00  1.00000E-04 -3.21881E-10
  6.52000E-01  1.00000E+00  1.00000E-04 -8.04338E-11
  6.53000E-01  1.00000E+00  1.00000E-04  8.04719E-11
  6.54000E-01  1.00000E+00  1.00000E-04 -1.01786E-16
  6.55000E-01  1.00000E+00  1.00000E-04 -4.82630E-10
  6.56000E-01  1.00000E+00  1.00000E-04 -9.40165E-17
  6.57000E-01  1.00000E+00  1.00000E-04  8.04647E-11
  6.58000E-01  1.00000E+00  1.00000E-04  4.72686E-10
  6.59000E-01  1.00000E+00  1.00000E-04 -1.50896E-10
  6.60000E-01  1.00000E+00  1.00000E-04 -8.03796E-11
  6.61000E-01  1.00000E+00  1.00000E-04  4.82246E-10
  6.62000E-01  1.00000E+00  1.00000E-04 -3.21742E-10
  6.63000E-01  1.00000E+00  1.00000E-04  8.54695E-17
  6.64000E-01  1.00000E+00  1.00000E-04  7.76996E-17
  6.65000E-01  1.00000E+00  1.00000E-04 -2.28220E-11
  6.66000E-01  1.00000E+00  1.00000E-04  1.69832E-09
  6.67000E-01  9.99998E-01  9.99998E-05 -4.70693E-10
  6.68000E-01  1.00000E+00  1.00000E-04 -1.00474E-09
  6.69000E-01  1.00000E+00  1.00000E-04  3.47454E-12
  6.70000E-01  1.00000E+00  1.00000E-04 -9.28811E-10
  6.71000E-01  1.00000E+00  1.00000E-04  0.00000E+00
  6.72000E-01  1.00000E+00  1.00000E-04  8.85052E-10
  6.73000E-01  1.00000E+00  1.00000E-04  2.41082E-10
  6.74000E-01  1.00000E+00  1.00000E-04 -1.60834E-10
  6.75000E-01  1.00000E+00  1.00000E-04 -1.07157E-10
  6.76000E-01  1.00000E+00  1.00000E-04 -1.07158E-10
  6.77000E-01  1.00000E+00  1.00000E-04 -1.07159E-10
  6.78000E-01  1.00000E+00  1.00000E-04  2.31276E-10
  6.79000E-01  1.00000E+00  1.00000E-04 -3.92301E-10
  6.80000E-01  1.00000E+00  1.00000E-04  1.60915E-10
  6.81000E-01  1.00000E+00  9.99999E-05  8.33206E-10
  6.82000E-01  9.99999E-01  9.99999E-05 -5.92183E-10
  6.83000E-01  1.00000E+00  1.00000E-04  4.01832E-11
  6.84000E-01  1.00000E+00  1.00000E-04  4.01805E-11
  6.85000E-01  1.00000E+00  1.00000E-04 -1.60762E-10
  6.86000E-01  1.00000E+00  1.00000E-04  4.02261E-10
  6.87000E-01  9.99999E-01  9.99999E-05 -8.03712E-11
  6.88000E-01  1.00000E+00  1.00000E-04 -3.91929E-10
  6.89000E-01  1.00000E+00  1.00000E-04  2.31094E-10
  6.90000E-01  1.00000E+00  1.00000E-04  1.77828E-11
  6.91000E-01  1.00000E+00  1.00000E-04  1.41792E-09
  6.92000E-01  9.99999E-01  9.99997E-05 -6.30919E-10
  6.93000E-01  1.00000E+00  1.00000E-04 -1.09288E-09
  6.94000E-01  1.00000E+00  9.99999E-05 -2.13547E-10
  6.95000E-01  1.00000E+00  1.00000E-04 -8.52954E-10
  6.96000E-01  1.00000E+00  1.00000E-04  4.93446E-09
  6.97000E-01  9.99995E-01  9.99994E-05 -5.36192E-10
  6.98000E-01  1.00000E+00  1.00000E-04 -3.17916E-09
  6.99000E-01  1.00000E+00  1.00000E-04 -1.05838E-10
  7.00000E-01  1.00000E+00  1.00000E-04  0.00000E+00
  7.01000E-01  1.00000E+00  1.00000E-04  0.00000E+00
  7.02000E-01  1.00000E+00  1.00000E-04  0.00000E+00
  7.03000E-01  1.00000E+00  1.00000E-04  0.00000E+00
  7.04000E-01  1.00000E+00  1.00000E-04  0.00000E+00
  7.05000E-01  1.00000E+00  1.00000E-04  5.63012E-10
  7.06000E-01  1.00000E+00  9.99999E-05  3.03876E-10
  7.07000E-01  1.00000E+00  1.00000E-04 -1.48995E-09
  7.08000E-01  1.00000E+00  1.00000E-04  2.21268E-10
  7.09000E-01  1.00000E+00  1.00000E-04  4.01961E-10
  7.10000E-01  1.00000E+00  1.00000E-04  0.00000E+00
  7.11000E-01  1.00000E+00  1.00000E-04  0.00000E+00
  7.12000E-01  1.00000E+00  1.00000E-04  0.00000E+00
  7.13000E-01  1.00000E+00  1.00000E-04  0.00000E+00
  7.14000E-01  1.00000E+00  1.00000E-04  0.00000E+00
  7.15000E-01  1.00000E+00  1.00000E-04  0.00000E+00
  7.16000E-01  1.00000E+00  1.00000E-04  0.00000E+00
  7.17000E-01  1.00000E+00  1.00000E-04 -8.03889E-11
  7.18000E-01  1.00000E+00  1.00000E-04 -8.81616E-12
  7.19000E-01  1.00000E+00  1.00000E-04 -2.19177E-11
  7.20000E-01  1.00000E+00  1.00000E-04 -3.53117E-08
  7.21000E-01  1.00000E+00  1.00000E-04 -1.42949E-06
  7.22000E-01  1.00000E+00  1.00471E-04 -1.56396E-12
  7.23000E-01  1.00000E+00  1.00000E-04  1.42933E-06
  7.24000E-01  1.00000E+00  1.00000E-04  3.51274E-08
  7.25000E-01  1.00000E+00  1.00000E-04  1.59903E-10
  7.26000E-01  1.00000E+00  1.00000E-04  1.60734E-10
  7.27000E-01  1.00000E+00  1.00000E-04  0.00000E+00
  7.28000E-01  1.00000E+00  1.00000E-04  0.00000E+00
  7.29000E-01  1.00000E+00  1.00000E-04  0.00000E+00
  7.30000E-01  1.00000E+00  1.00000E-04  0.00000E+00
  7.31000E-01  1.00000E+00  1.00000E-04  0.00000E+00
  7.32000E-01  1.00000E+00  1.00000E-04  0.00000E+00
  7.33000E-01  1.00000E+00  1.00000E-04  0.00000E+00
  7.34000E-01  1.00000E+00  1.00000E-04  0.00000E+00
  7.35000E-01  1.00000E+00  1.00000E-04  0.00000E+00
  7.36000E-01  1.00000E+00  1.00000E-04  0.00000E+00
  7.37000E-01  1.00000E+00  1.00000E-04  0.00000E+00
  7.38000E-01  1.00000E+00  1.00000E-04  0.00000E+00
  7.39000E-01  1.00000E+00  1.00000E-04  0.00000E+00
  7.40000E-01  1.00000E+00  1.00000E-04  0.00000E+00
  7.41000E-01  1.00000E+00  1.00000E-04  0.00000E+00
  7.42000E-01  1.00000E+00  1.00000E-04 -1.60834E-10
  7.43000E-01  1.00000E+00  1.00000E-04 -8.04371E-11
  7.44000E-01  1.00000E+00  1.00000E-04  2.41273E-10
  7.45000E-01  1.00000E+00  1.00000E-04  7.76995E-17
  7.46000E-01  1.00000E+00  1.00000E-04  0.00000E+00
  7.47000E-01  1.00000E+00  1.00000E-04  0.00000E+00
  7.48000E-01  1.00000E+00  1.00000E-04  0.00000E+00
  7.49000E-01  1.00000E+00  1.00000E-04 -8.04291E-11
  7.50000E-01  1.00000E+00  1.00000E-04 -8.04230E-11
  7.51000E-01  1.00000E+00  1.00000E-04  1.60843E-10
  7.52000E-01  1.00000E+00  1.00000E-04  8.03599E-11
  7.53000E-01  1.00000E+00  1.00000E-04 -8.03607E-11
  7.54000E-01  1.00000E+00  1.00000E-04  0.00000E+00
  7.55000E-01  1.00000E+00  1.00000E-04  8.04299E-11
  7.56000E-01  1.00000E+00  1.00000E-04  0.00000E+00
  7.57000E-01  1.00000E+00  1.00000E-04 -8.04038E-11
  7.58000E-01  1.00000E+00  1.00000E-04  0.00000E+00
  7.59000E-01  1.00000E+00  1.00000E-04  0.00000E+00
  7.60000E-01  1.00000E+00  1.00000E-04  0.00000E+00
  7.61000E-01  1.00000E+00  1.00000E-04  0.00000E+00
  7.62000E-01  1.00000E+00  1.00000E-04  0.00000E+00
  7.63000E-01  1.00000E+00  1.00000E-04  0.00000E+00
  7.64000E-01  1.00000E+00  1.00000E-04  0.00000E+00
  7.65000E-01  1.00000E+00  1.00000E-04  0.00000E+00
  7.66000E-01  1.00000E+00  1.00000E-04  8.03997E-11
  7.67000E-01  1.00000E+00  1.00000E-04  0.00000E+00
  7.68000E-01  1.00000E+00  1.00000E-04 -8.04295E-11
  7.69000E-01  1.00000E+00  1.00000E-04 -4.82502E-10
  7.70000E-01  1.00000E+00  1.00000E-04 -9.96687E-11
  7.71000E-01  1.00000E+00  1.00000E-04 -3.22521E-08
  7.72000E-01  1.00000E+00  1.00000E-04 -1.32393E-06
  7.73000E-01  1.00000E+00  1.00437E-04 -3.43612E-10
  7.74000E-01  1.00000E+00  1.00000E-04  1.28732E-06
  7.75000E-01  1.00000E+00  1.00000E-04 -1.40482E-06
  7.76000E-01  1.00000E+00  1.00475E-04  3.25104E-10
  7.77000E-01  1.00000E+00  1.00000E-04  1.43943E-06
  7.78000E-01  1.00000E+00  1.00000E-04  3.57772E-08
  7.79000E-01  1.00000E+00  1.00000E-04  1.00240E-10
  7.80000E-01  1.00000E+00  1.00000E-04 -2.41221E-10
  7.81000E-01  1.00000E+00  1.00000E-04  8.04019E-11
  7.82000E-01  1.00000E+00  1.00000E-04  0.00000E+00
  7.83000E-01  1.00000E+00  1.00000E-04 -8.03849E-11
  7.84000E-01  1.00000E+00  1.00000E-04  2.41347E-10
  7.85000E-01  1.00000E+00  1.00000E-04  0.00000E+00
  7.86000E-01  1.00000E+00  1.00000E-04 -2.41293E-10
  7.87000E-01  1.00000E+00  1.00000E-04  0.00000E+00
  7.88000E-01  1.00000E+00  1.00000E-04  0.00000E+00
  7.89000E-01  1.00000E+00  1.00000E-04  0.00000E+00
  7.90000E-01  1.00000E+00  1.00000E-04  0.00000E+00
  7.91000E-01  1.00000E+00  1.00000E-04  0.00000E+00
  7.92000E-01  1.00000E+00  1.00000E-04 -8.03711E-11
  7.93000E-01  1.00000E+00  1.00000E-04  0.00000E+00
  7.94000E-01  1.00000E+00  1.00000E-04  8.03689E-11
  7.95000E-01  1.00000E+00  1.00000E-04 -8.04317E-11
  7.96000E-01  1.00000E+00  1.00000E-04  0.00000E+00
  7.97000E-01  1.00000E+00  1.00000E-04  8.04029E-11
  7.98000E-01  1.00000E+00  1.00000E-04  3.21602E-10
  7.99000E-01  9.99999E-01  9.99999E-05  0.00000E+00
  8.00000E-01  1.00000E+00  1.00000E-04 -3.11645E-10
  8.01000E-01  1.00000E+00  1.00000E-04  3.11829E-10
  8.02000E-01  9.99999E-01  9.99999E-05  0.00000E+00
  8.03000E-01  1.00000E+00  1.00000E-04 -3.21488E-10
  8.04000E-01  1.00000E+00  1.00000E-04 -8.72102E-11
  8.05000E-01  1.00000E+00  1.00000E-04 -2.79955E-08
  8.06000E-01  1.00000E+00  1.00000E-04 -1.13309E-06
  8.07000E-01  1.00000E+00  1.00373E-04 -2.74276E-10
  8.08000E-01  1.00000E+00  1.00000E-04  1.10389E-06
  8.09000E-01  1.00000E+00  1.00000E-04 -1.10363E-06
  8.10000E-01  1.00000E+00  1.00373E-04  2.77591E-10
  8.11000E-01  1.00000E+00  1.00000E-04  1.13317E-06
  8.12000E-01  1.00000E+00  1.00000E-04  2.82274E-08
  8.13000E-01  1.00000E+00  1.00000E-04  7.64079E-11
  8.14000E-01  1.00000E+00  1.00000E-04 -2.41218E-10
  8.15000E-01  1.00000E+00  1.00000E-04  2.41335E-10
  8.16000E-01  1.00000E+00  1.00000E-04  8.03977E-11
  8.17000E-01  1.00000E+00  1.00000E-04 -4.82382E-10
  8.18000E-01  1.00000E+00  1.00000E-04  8.04390E-11
  8.19000E-01  1.00000E+00  1.00000E-04  8.04023E-11
  8.20000E-01  1.00000E+00  1.00000E-04  0.00000E+00
  8.21000E-01  1.00000E+00  1.00000E-04  0.00000E+00
  8.22000E-01  1.00000E+00  1.00000E-04  0.00000E+00
  8.23000E-01  1.00000E+00  1.00000E-04  1.60804E-10
  8.24000E-01  1.00000E+00  1.00000E-04  2.47443E-16
  8.25000E-01  1.00000E+00  1.00000E-04 -8.04565E-11
  8.26000E-01  1.00000E+00  1.00000E-04  7.76995E-17
  8.27000E-01  1.00000E+00  1.00000E-04 -8.04118E-11
  8.28000E-01  1.00000E+00  1.00000E-04  0.00000E+00
  8.29000E-01  1.00000E+00  1.00000E-04  8.04079E-11
  8.30000E-01  1.00000E+00  1.00000E-04  0.00000E+00
  8.31000E-01  1.00000E+00  1.00000E-04 -8.04346E-11
  8.32000E-01  1.00000E+00  1.00000E-04  0.00000E+00
  8.33000E-01  1.00000E+00  1.00000E-04  0.00000E+00
  8.34000E-01  1.00000E+00  1.00000E-04  1.60913E-10
  8.35000E-01  1.00000E+00  1.00000E-04  0.00000E+00
  8.36000E-01  1.00000E+00  1.00000E-04 -1.60852E-10
  8.37000E-01  1.00000E+00  1.00000E-04 -1.08644E-10
  8.38000E-01  1.00000E+00  1.00000E-04 -3.46492E-08
  8.39000E-01  1.00000E+00  1.00000E-04 -1.40383E-06
  8.40000E-01  1.00000E+00  1.00463E-04 -3.11814E-10
  8.41000E-01  1.00000E+00  1.00000E-04  1.40476E-06
  8.42000E-01  1.00000E+00  1.00000E-04  3.48247E-08
  8.43000E-01  1.00000E+00  1.00000E-04  1.00461E-10
  8.44000E-01  1.00000E+00  1.00000E-04 -1.60837E-10
  8.45000E-01  1.00000E+00  1.00000E-04  8.04327E-11
  8.46000E-01  1.00000E+00  1.00000E-04  0.00000E+00
  8.47000E-01  1.00000E+00  1.00000E-04 -1.60812E-10
  8.48000E-01  1.00000E+00  1.00000E-04  8.04851E-11
  8.49000E-01  1.00000E+00  1.00000E-04  0.00000E+00
  8.50000E-01  1.00000E+00  1.00000E-04  0.00000E+00
  8.51000E-01  1.00000E+00  1.00000E-04 -4.02115E-11
  8.52000E-01  1.00000E+00  1.00000E-04 -4.02094E-11
  8.53000E-01  1.00000E+00  1.00000E-04  1.60773E-10
  8.54000E-01  1.00000E+00  1.00000E-04  1.17201E-10
  8.55000E-01  1.00000E+00  1.00000E-04  3.29858E-09
  8.56000E-01  9.99994E-01  9.99994E-05 -1.06089E-12
  8.57000E-01  1.00000E+00  1.00000E-04 -3.35551E-09
  8.58000E-01  1.00000E+00  1.00000E-04  5.81577E-10
  8.59000E-01  9.99999E-01  9.99999E-05  8.54695E-17
  8.60000E-01  1.00000E+00  1.00000E-04 -7.05987E-10
  8.61000E-01  1.00000E+00  1.00000E-04 -1.77896E-11
  8.62000E-01  1.00000E+00  1.00000E-04  0.00000E+00
  8.63000E-01  1.00000E+00  1.00000E-04  0.00000E+00
  8.64000E-01  1.00000E+00  1.00000E-04  0.00000E+00
  8.65000E-01  1.00000E+00  1.00000E-04  0.00000E+00
  8.66000E-01  1.00000E+00  1.00000E-04  8.04228E-11
  8.67000E-01  1.00000E+00  1.00000E-04  1.60846E-10
  8.68000E-01  1.00000E+00  1.00000E-04 -2.41303E-10
  8.69000E-01  1.00000E+00  1.00000E-04  0.00000E+00
  8.70000E-01  1.00000E+00  1.00000E-04  0.00000E+00
  8.71000E-01  1.00000E+00  1.00000E-04  8.04560E-11
  8.72000E-01  1.00000E+00  1.00000E-04  2.41187E-10
  8.73000E-01  1.00000E+00  1.00000E-04 -4.82469E-10
  8.74000E-01  1.00000E+00  1.00000E-04  8.04492E-11
  8.75000E-01  1.00000E+00  1.00000E-04  8.03996E-11
  8.76000E-01  1.00000E+00  1.00000E-04  1.60754E-10
  8.77000E-01  1.00000E+00  1.00000E-04  0.00000E+00
  8.78000E-01  1.00000E+00  1.00000E-04 -2.41250E-10
  8.79000E-01  1.00000E+00  1.00000E-04  2.41333E-10
  8.80000E-01  1.00000E+00  1.00000E-04  9.03745E-11
  8.81000E-01  1.00000E+00  1.00000E-04  7.13402E-10
  8.82000E-01  9.99998E-01  9.99998E-05  7.76995E-17
  8.83000E-01  1.00000E+00  1.00000E-04 -9.27386E-10
  8.84000E-01  1.00000E+00  1.00000E-04  4.33661E-11
  8.85000E-01  1.00000E+00  1.00000E-04  0.00000E+00
  8.86000E-01  1.00000E+00  1.00000E-04 -8.04602E-11
  8.87000E-01  1.00000E+00  1.00000E-04  0.00000E+00
  8.88000E-01  1.00000E+00  1.00000E-04  0.00000E+00
  8.89000E-01  1.00000E+00  1.00000E-04  8.04281E-11
  8.90000E-01  1.00000E+00  1.00000E-04  0.00000E+00
  8.91000E-01  1.00000E+00  1.00000E-04 -8.03677E-11
  8.92000E-01  1.00000E+00  1.00000E-04  0.00000E+00
  8.93000E-01  1.00000E+00  1.00000E-04  0.00000E+00
  8.94000E-01  1.00000E+00  1.00000E-04  0.00000E+00
  8.95000E-01  1.00000E+00  1.00000E-04  8.04216E-11
  8.96000E-01  1.00000E+00  1.00000E-04 -8.04429E-11
  8.97000E-01  1.00000E+00  1.00000E-04  0.00000E+00
  8.98000E-01  1.00000E+00  1.00000E-04  0.00000E+00
  8.99000E-01  1.00000E+00  1.00000E-04 -2.44871E-16
  9.00000E-01  1.00000E+00  1.00000E-04  1.14794E-16
  9.01000E-01  1.00000E+00  1.00000E-04  1.30077E-16
  9.02000E-01  1.00000E+00  1.00000E-04  0.00000E+00
  9.03000E-01  1.00000E+00  1.00000E-04 -4.02046E-11
  9.04000E-01  1.00000E+00  1.00000E-04 -4.02063E-11
  9.05000E-01  1.00000E+00  1.00000E-04  8.54695E-17
  9.06000E-01  1.00000E+00  1.00000E-04 -1.60859E-10
  9.07000E-01  1.00000E+00  1.00000E-04  1.60934E-10
  9.08000E-01  1.00000E+00  1.00000E-04  8.03672E-11
  9.09000E-01  1.00000E+00  1.00000E-04  8.04128E-11
  9.10000E-01  1.00000E+00  1.00000E-04 -4.01999E-11
  9.11000E-01  1.00000E+00  1.00000E-04 -4.02009E-11
  9.12000E-01  1.00000E+00  1.00000E-04  7.76995E-17
  9.13000E-01  1.00000E+00  1.00000E-04  0.00000E+00
  9.14000E-01  1.00000E+00  1.00000E-04  0.00000E+00
  9.15000E-01  1.00000E+00  1.00000E-04  0.00000E+00
  9.16000E-01  1.00000E+00  1.00000E-04  3.21610E-10
  9.17000E-01  9.99999E-01  9.99999E-05  0.00000E+00
  9.18000E-01  1.00000E+00  1.00000E-04 -3.21770E-10
  9.19000E-01  1.00000E+00  1.00000E-04  0.00000E+00
  9.20000E-01  1.00000E+00  1.00000E-04  0.00000E+00
  9.21000E-01  1.00000E+00  1.00000E-04  4.02176E-10
  9.22000E-01  9.99999E-01  9.99999E-05  3.02648E-16
  9.23000E-01  1.00000E+00  1.00000E-04 -2.41081E-10
  9.24000E-01  1.00000E+00  1.00000E-04  2.41022E-10
  9.25000E-01  1.00000E+00  1.00000E-04 -2.41026E-10
  9.26000E-01  1.00000E+00  1.00000E-04 -1.60774E-10
  9.27000E-01  1.00000E+00  1.00000E-04  0.00000E+00
  9.28000E-01  1.00000E+00  1.00000E-04 -2.33099E-16
  9.29000E-01  1.00000E+00  1.00000E-04  7.76995E-17
  9.30000E-01  1.00000E+00  1.00000E-04  7.76995E-17
  9.31000E-01  1.00000E+00  1.00000E-04  8.03800E-11
  9.32000E-01  1.00000E+00  1.00000E-04  2.08019E-11
  9.33000E-01  1.00000E+00  1.00000E-04 -2.08018E-11
  9.34000E-01  1.00000E+00  1.00000E-04 -8.04433E-11
  9.35000E-01  1.00000E+00  1.00000E-04  0.00000E+00
  9.36000E-01  1.00000E+00  1.00000E-04 -1.60763E-10
  9.37000E-01  1.00000E+00  1.00000E-04  0.00000E+00
  9.38000E-01  1.00000E+00  1.00000E-04  4.82199E-10
  9.39000E-01  1.00000E+00  1.00000E-04  0.00000E+00
  9.40000E-01  1.00000E+00  1.00000E-04 -4.82611E-10
  9.41000E-01  1.00000E+00  1.00000E-04  0.00000E+00
  9.42000E-01  1.00000E+00  1.00000E-04  5.52662E-10
  9.43000E-01  1.00000E+00  1.00000E-04 -7.04373E-11
  9.44000E-01  1.00000E+00  1.00000E-04 -4.02828E-11
  9.45000E-01  1.00000E+00  1.00000E-04  2.12958E-09
  9.46000E-01  9.99996E-01  9.99996E-05  5.94236E-10
  9.47000E-01  1.00000E+00  1.00000E-04 -3.00973E-09
  9.48000E-01  1.00000E+00  1.00000E-04  4.31827E-11
  9.49000E-01  1.00000E+00  1.00000E-04  4.31872E-11
  9.50000E-01  1.00000E+00  1.00000E-04  2.41000E-10
  9.51000E-01  1.00000E+00  1.00000E-04  8.04199E-11
  9.52000E-01  1.00000E+00  1.00000E-04 -1.48303E-11
  9.53000E-01  1.00000E+00  1.00000E-04 -6.55965E-11
  9.54000E-01  1.00000E+00  1.00000E-04 -7.23243E-10
  9.55000E-01  1.00000E+00  1.00000E-04  2.41338E-10
  9.56000E-01  1.00000E+00  1.00000E-04  2.41400E-10
  9.57000E-01  1.00000E+00  1.00000E-04  8.04580E-11
  9.58000E-01  1.00000E+00  1.00000E-04  1.60776E-10
  9.59000E-01  1.00000E+00  1.00000E-04 -4.82008E-10
  9.60000E-01  1.00000E+00  1.00000E-04  8.03517E-11
  9.61000E-01  1.00000E+00  1.00000E-04  8.04234E-11
  9.62000E-01  1.00000E+00  1.00000E-04 -1.60760E-10
  9.63000E-01  1.00000E+00  1.00000E-04 -3.21857E-10
  9.64000E-01  1.00000E+00  1.00000E-04  8.04281E-10
  9.65000E-01  1.00000E+00  1.00000E-04  8.03786E-11
  9.66000E-01  1.00000E+00  1.00000E-04 -9.54072E-10
  9.67000E-01  1.00000E+00  1.00000E-04  3.11982E-10
  9.68000E-01  1.00000E+00  1.00000E-04 -1.21530E-16
  9.69000E-01  1.00000E+00  1.00000E-04 -8.04611E-11
  9.70000E-01  1.00000E+00  1.00000E-04  8.04268E-11
  9.71000E-01  1.00000E+00  1.00000E-04  5.62308E-10
  9.72000E-01  9.99999E-01  9.99999E-05  2.05723E-10
  9.73000E-01  1.00000E+00  1.00000E-04  2.51074E-09
  9.74000E-01  9.99995E-01  9.99995E-05  1.34473E-10
  9.75000E-01  1.00000E+00  1.00000E-04 -3.20670E-09
  9.76000E-01  1.00000E+00  1.00000E-04  1.96585E-10
  9.77000E-01  1.00000E+00  9.99999E-05  2.41246E-10
  9.78000E-01  1.00000E+00  1.00000E-04 -7.23730E-10
  9.79000E-01  9.99999E-01  1.00000E-04  1.47978E-15
  9.80000E-01  1.00000E+00  1.00000E-04  1.76723E-09
  9.81000E-01  9.99998E-01  9.99998E-05  8.03662E-11
  9.82000E-01  1.00000E+00  1.00000E-04 -2.27374E-09
  9.83000E-01  1.00000E+00  1.00000E-04  2.65549E-10
  9.84000E-01  1.00000E+00  1.00000E-04  9.13235E-11
  9.85000E-01  1.00000E+00  1.00000E-04  2.54351E-09
  9.86000E-01  9.99996E-01  9.99995E-05 -2.15197E-09
  9.87000E-01  1.00001E+00  1.00001E-04 -2.77056E-09
  9.88000E-01  1.00000E+00  1.00000E-04  1.99774E-09
  9.89000E-01  1.00000E+00  1.00000E-04  1.04708E-08
  9.90000E-01  9.99981E-01  9.99981E-05  9.34092E-10
  9.91000E-01  1.00000E+00  1.00000E-04 -1.02865E-08
  9.92000E-01  1.00000E+00  1.00000E-04 -3.49409E-10
  9.93000E-01  1.00000E+00  1.00000E-04  0.00000E+00
  9.94000E-01  1.00000E+00  1.00000E-04 -1.60772E-10
  9.95000E-01  1.00000E+00  1.00000E-04  0.00000E+00
  9.96000E-01  1.00000E+00  1.00000E-04  1.60872E-10
  9.97000E-01  1.00000E+00  1.00000E-04  0.00000E+00
  9.98000E-01  1.00000E+00  1.00000E-04  0.00000E+00
  9.99000E-01  1.00000E+00  1.00000E-04  0.00000E+00
