  0.00000E+00  7.39699E-05  1.58159E+02  4.22613E-02
  1.00000E-03  7.39701E-05  1.58160E+02  1.26436E-01
  2.00000E-03  7.39712E-05  1.58162E+02  2.16906E-01
  3.00000E-03  7.39766E-05  1.58163E+02  3.13069E-01
  4.00000E-03  7.40056E-05  1.58164E+02  4.11092E-01
  5.00000E-03  7.40792E-05  1.58165E+02  5.08299E-01
  6.00000E-03  7.41941E-05  1.58165E+02  6.04393E-01
  7.00000E-03  7.43096E-05  1.58166E+02  7.01092E-01
  8.00000E-03  7.44013E-05  1.58168E+02  7.98300E-01
  9.00000E-03  7.44680E-05  1.58169E+02  8.93537E-01
  1.00000E-02  7.46430E-05  1.58170E+02  9.84662E-01
  1.10000E-02  7.56926E-05  1.58170E+02  1.07581E+00
  1.20000E-02  7.92078E-05  1.58170E+02  1.17033E+00
  1.30000E-02  8.47371E-05  1.58170E+02  1.26840E+00
  1.40000E-02  9.17374E-05  1.58170E+02  1.36665E+00
  1.50000E-02  9.97795E-05  1.58171E+02  1.46230E+00
  1.60000E-02  1.08423E-04  1.58172E+02  1.55405E+00
  1.70000E-02  1.18335E-04  1.58173E+02  1.64398E+00
  1.80000E-02  1.29277E-04  1.58175E+02  1.73588E+00
  1.90000E-02  1.41589E-04  1.58178E+02  1.82792E+00
  2.00000E-02  1.55352E-04  1.58180E+02  1.91822E+00
  2.10000E-02  1.71362E-04  1.58182E+02  2.00889E+00
  2.20000E-02  1.89945E-04  1.58184E+02  2.10064E+00
  2.30000E-02  2.12198E-04  1.58185E+02  2.19435E+00
  2.40000E-02  2.39206E-04  1.58186E+02  2.29201E+00
  2.50000E-02  2.71899E-04  1.58187E+02  2.39209E+00
  2.60000E-02  3.12033E-04  1.58187E+02  2.48933E+00
  2.70000E-02  3.61780E-04  1.58187E+02  2.58690E+00
  2.80000E-02  4.22617E-04  1.58187E+02  2.68562E+00
  2.90000E-02  4.98458E-04  1.58188E+02  2.78435E+00
  3.00000E-02  5.88686E-04  1.58189E+02  2.88017E+00
  3.10000E-02  6.97031E-04  1.58191E+02  2.97865E+00
  3.20000E-02  8.22411E-04  1.58191E+02  3.07214E+00
  3.30000E-02  9.65496E-04  1.58192E+02  3.16314E+00
  3.40000E-02  1.12548E-03  1.58191E+02  3.26224E+00
  3.50000E-02  1.29918E-03  1.58195E+02  3.35480E+00
  3.60000E-02  1.49003E-03  1.58195E+02  3.45979E+00
  3.70000E-02  1.69511E-03  1.58196E+02  3.55550E+00
  3.80000E-02  1.91408E-03  1.58195E+02  3.64451E+00
  3.90000E-02  2.14816E-03  1.58195E+02  3.74242E+00
  4.00000E-02  2.39711E-03  1.58193E+02  3.83368E+00
  4.10000E-02  2.66211E-03  1.58194E+02  3.92521E+00
  4.20000E-02  2.94581E-03  1.58193E+02  4.02040E+00
  4.30000E-02  3.24886E-03  1.58197E+02  4.11329E+00
  4.40000E-02  3.57611E-03  1.58207E+02  4.20703E+00
  4.50000E-02  3.92453E-03  1.58208E+02  4.29922E+00
  4.60000E-02  4.30368E-03  1.58210E+02  4.39591E+00
  4.70000E-02  4.71471E-03  1.58218E+02  4.48817E+00
  4.80000E-02  5.15762E-03  1.58228E+02  4.58157E+00
  4.90000E-02  5.64360E-03  1.58245E+02  4.68496E+00
  5.00000E-02  6.16861E-03  1.58250E+02  4.77318E+00
  5.10000E-02  6.73945E-03  1.58255E+02  4.85910E+00
  5.20000E-02  7.35724E-03  1.58271E+02  4.95536E+00
  5.30000E-02  8.01731E-03  1.58286E+02  5.05429E+00
  5.40000E-02  8.72934E-03  1.58300E+02  5.15790E+00
  5.50000E-02  9.47995E-03  1.58309E+02  5.25179E+00
  5.60000E-02  1.02811E-02  1.58320E+02  5.33732E+00
  5.70000E-02  1.11194E-02  1.58342E+02  5.43810E+00
  5.80000E-02  1.20127E-02  1.58368E+02  5.53419E+00
  5.90000E-02  1.29390E-02  1.58382E+02  5.62635E+00
  6.00000E-02  1.39106E-02  1.58409E+02  5.72164E+00
  6.10000E-02  1.49350E-02  1.58443E+02  5.82498E+00
  6.20000E-02  1.60025E-02  1.58476E+02  5.92161E+00
  6.30000E-02  1.71311E-02  1.58489E+02  6.01483E+00
  6.40000E-02  1.83171E-02  1.58533E+02  6.11167E+00
  6.50000E-02  1.95582E-02  1.58554E+02  6.20578E+00
  6.60000E-02  2.08724E-02  1.58592E+02  6.30262E+00
  6.70000E-02  2.22614E-02  1.58632E+02  6.39404E+00
  6.80000E-02  2.37111E-02  1.58672E+02  6.48787E+00
  6.90000E-02  2.52510E-02  1.58723E+02  6.58107E+00
  7.00000E-02  2.68684E-02  1.58774E+02  6.67380E+00
  7.10000E-02  2.85744E-02  1.58832E+02  6.76977E+00
  7.20000E-02  3.03671E-02  1.58884E+02  6.86156E+00
  7.30000E-02  3.22567E-02  1.58968E+02  6.96201E+00
  7.40000E-02  3.42329E-02  1.59011E+02  7.05009E+00
  7.50000E-02  3.63142E-02  1.59107E+02  7.14972E+00
  7.60000E-02  3.85026E-02  1.59181E+02  7.24371E+00
  7.70000E-02  4.08022E-02  1.59266E+02  7.33993E+00
  7.80000E-02  4.32273E-02  1.59375E+02  7.43937E+00
  7.90000E-02  4.57627E-02  1.59445E+02  7.52881E+00
  8.00000E-02  4.84539E-02  1.59599E+02  7.63591E+00
  8.10000E-02  5.12450E-02  1.59668E+02  7.72385E+00
  8.20000E-02  5.42081E-02  1.59819E+02  7.82781E+00
  8.30000E-02  5.72856E-02  1.59944E+02  7.92511E+00
  8.40000E-02  6.05088E-02  1.60076E+02  8.01951E+00
  8.50000E-02  6.39041E-02  1.60260E+02  8.12365E+00
  8.60000E-02  6.74106E-02  1.60357E+02  8.20726E+00
  8.70000E-02  7.11118E-02  1.60579E+02  8.31830E+00
  8.80000E-02  7.49446E-02  1.60723E+02  8.40740E+00
  8.90000E-02  7.89579E-02  1.60923E+02  8.50564E+00
  9.00000E-02  8.31777E-02  1.61186E+02  8.61282E+00
  9.10000E-02  8.75137E-02  1.61342E+02  8.69461E+00
  9.20000E-02  9.21138E-02  1.61672E+02  8.81306E+00
  9.30000E-02  9.68415E-02  1.61871E+02  8.90013E+00
  9.40000E-02  1.01824E-01  1.62122E+02  8.99778E+00
  9.50000E-02  1.07004E-01  1.62484E+02  9.11016E+00
  9.60000E-02  1.12364E-01  1.62651E+02  9.18816E+00
  9.70000E-02  1.17997E-01  1.63083E+02  9.31037E+00
  9.80000E-02  1.23846E-01  1.63383E+02  9.40239E+00
  9.90000E-02  1.29922E-01  1.63703E+02  9.49732E+00
  1.00000E-01  1.36354E-01  1.64241E+02  9.62258E+00
  1.01000E-01  1.42885E-01  1.64500E+02  9.69680E+00
  1.02000E-01  1.49856E-01  1.65055E+02  9.81958E+00
  1.03000E-01  1.57031E-01  1.65535E+02  9.92337E+00
  1.04000E-01  1.64464E-01  1.65859E+02  1.00030E+01
  1.05000E-01  1.72353E-01  1.66587E+02  1.01407E+01
  1.06000E-01  1.80387E-01  1.66959E+02  1.02199E+01
  1.07000E-01  1.88825E-01  1.67526E+02  1.03258E+01
  1.08000E-01  1.97804E-01  1.68354E+02  1.04587E+01
  1.09000E-01  2.06788E-01  1.68709E+02  1.05273E+01
  1.10000E-01  2.16550E-01  1.69576E+02  1.06576E+01
  1.11000E-01  2.26559E-01  1.70384E+02  1.07744E+01
  1.12000E-01  2.36739E-01  1.70846E+02  1.08454E+01
  1.13000E-01  2.47872E-01  1.72009E+02  1.09980E+01
  1.14000E-01  2.59005E-01  1.72799E+02  1.10972E+01
  1.15000E-01  2.70613E-01  1.73393E+02  1.11719E+01
  1.16000E-01  2.83087E-01  1.74798E+02  1.13357E+01
  1.17000E-01  2.95795E-01  1.75623E+02  1.14289E+01
  1.18000E-01  3.08743E-01  1.76410E+02  1.15157E+01
  1.19000E-01  3.23126E-01  1.78064E+02  1.16884E+01
  1.20000E-01  3.37231E-01  1.78924E+02  1.17745E+01
  1.21000E-01  3.52222E-01  1.79985E+02  1.18739E+01
  1.22000E-01  3.68545E-01  1.81934E+02  1.20493E+01
  1.23000E-01  3.84827E-01  1.82933E+02  1.21304E+01
  1.24000E-01  4.01747E-01  1.84211E+02  1.22296E+01
  1.25000E-01  4.21002E-01  1.86524E+02  1.24160E+01
  1.26000E-01  4.39223E-01  1.87703E+02  1.25011E+01
  1.27000E-01  4.58675E-01  1.89197E+02  1.26079E+01
  1.28000E-01  4.80701E-01  1.91855E+02  1.28052E+01
  1.29000E-01  5.01599E-01  1.93353E+02  1.28968E+01
  1.30000E-01  5.23687E-01  1.94986E+02  1.29947E+01
  1.31000E-01  5.49468E-01  1.98260E+02  1.32018E+01
  1.32000E-01  5.73731E-01  2.00114E+02  1.33074E+01
  1.33000E-01  5.99276E-01  2.01961E+02  1.33968E+01
  1.34000E-01  6.28757E-01  2.05660E+02  1.36180E+01
  1.35000E-01  6.58098E-01  2.08277E+02  1.37494E+01
  1.36000E-01  6.86758E-01  2.10128E+02  1.38219E+01
  1.37000E-01  7.21629E-01  2.14391E+02  1.40380E+01
  1.38000E-01  7.57140E-01  2.18075E+02  1.42115E+01
  1.39000E-01  7.90244E-01  2.20108E+02  1.42763E+01
  1.40000E-01  8.30236E-01  2.24546E+02  1.44704E+01
  1.41000E-01  8.74005E-01  2.29754E+02  1.46953E+01
  1.42000E-01  9.13057E-01  2.32321E+02  1.47710E+01
  1.43000E-01  9.58284E-01  2.36664E+02  1.49179E+01
  1.44000E-01  1.01178E+00  2.43337E+02  1.51848E+01
  1.45000E-01  1.06036E+00  2.47250E+02  1.53020E+01
  1.46000E-01  1.11176E+00  2.51421E+02  1.54068E+01
  1.47000E-01  1.17602E+00  2.59244E+02  1.56820E+01
  1.48000E-01  1.23878E+00  2.65443E+02  1.58682E+01
  1.49000E-01  1.29860E+00  2.69632E+02  1.59489E+01
  1.50000E-01  1.37312E+00  2.77800E+02  1.61754E+01
  1.51000E-01  1.45478E+00  2.87095E+02  1.64356E+01
  1.52000E-01  1.53007E+00  2.92970E+02  1.65512E+01
  1.53000E-01  1.61416E+00  3.00510E+02  1.67131E+01
  1.54000E-01  1.71590E+00  3.12100E+02  1.69954E+01
  1.55000E-01  1.81568E+00  3.21612E+02  1.71837E+01
  1.56000E-01  1.91705E+00  3.29601E+02  1.73159E+01
  1.57000E-01  2.03846E+00  3.42332E+02  1.75675E+01
  1.58000E-01  2.16874E+00  3.56220E+02  1.78137E+01
  1.59000E-01  2.29617E+00  3.65843E+02  1.79544E+01
  1.60000E-01  2.44672E+00  3.80031E+02  1.81763E+01
  1.61000E-01  2.61688E+00  3.97986E+02  1.84781E+01
  1.62000E-01  2.77103E+00  4.13053E+02  1.86232E+01
  1.63000E-01  2.95002E+00  4.24508E+02  1.87396E+01
  1.64000E-01  3.21363E+00  4.49187E+02  1.91580E+01
  1.65000E-01  3.42751E+00  4.73955E+02  1.94256E+01
  1.66000E-01  3.47888E+00  4.62906E+02  1.91292E+01
  1.67000E-01  3.02241E+00  3.27821E+02  1.60925E+01
  1.68000E-01  1.73079E+00  8.54326E+01  7.10408E+00
  1.69000E-01  1.11612E+00  3.15390E+00  6.45281E-01
  1.70000E-01  1.00552E+00  1.81591E-03  2.34020E-03
  1.71000E-01  1.00000E+00  1.00005E-04  6.36565E-07
  1.72000E-01  1.00000E+00  1.00000E-04  3.97004E-11
  1.73000E-01  1.00000E+00  1.00000E-04  0.00000E+00
  1.74000E-01  1.00000E+00  1.00000E-04  5.51061E-11
  1.75000E-01  1.00000E+00  1.00000E-04  0.00000E+00
  1.76000E-01  1.00000E+00  1.00000E-04 -5.51086E-11
  1.77000E-01  1.00000E+00  1.00000E-04 -4.43905E-16
  1.78000E-01  1.00000E+00  1.00000E-04  1.01030E-16
  1.79000E-01  1.00000E+00  1.00000E-04  3.42876E-16
  1.80000E-01  1.00000E+00  1.00000E-04  0.00000E+00
  1.81000E-01  1.00000E+00  1.00000E-04  0.00000E+00
  1.82000E-01  1.00000E+00  1.00000E-04  0.00000E+00
  1.83000E-01  1.00000E+00  1.00000E-04  0.00000E+00
  1.84000E-01  1.00000E+00  1.00000E-04  0.00000E+00
  1.85000E-01  1.00000E+00  1.00000E-04  0.00000E+00
  1.86000E-01  1.00000E+00  1.00000E-04  0.00000E+00
  1.87000E-01  1.00000E+00  1.00000E-04  0.00000E+00
  1.88000E-01  1.00000E+00  1.00000E-04  0.00000E+00
  1.89000E-01  1.00000E+00  1.00000E-04  0.00000E+00
  1.90000E-01  1.00000E+00  1.00000E-04  0.00000E+00
  1.91000E-01  1.00000E+00  1.00000E-04  0.00000E+00
  1.92000E-01  1.00000E+00  1.00000E-04  1.83698E-11
  1.93000E-01  1.00000E+00  1.00000E-04  0.00000E+00
  1.94000E-01  1.00000E+00  1.00000E-04 -1.83641E-11
  1.95000E-01  1.00000E+00  1.00000E-04  0.00000E+00
  1.96000E-01  1.00000E+00  1.00000E-04  0.00000E+00
  1.97000E-01  1.00000E+00  1.00000E-04  0.00000E+00
  1.98000E-01  1.00000E+00  1.00000E-04  0.00000E+00
  1.99000E-01  1.00000E+00  1.00000E-04  0.00000E+00
  2.00000E-01  1.00000E+00  1.00000E-04  0.00000E+00
  2.01000E-01  1.00000E+00  1.00000E-04  0.00000E+00
  2.02000E-01  1.00000E+00  1.00000E-04  0.00000E+00
  2.03000E-01  1.00000E+00  1.00000E-04  0.00000E+00
  2.04000E-01  1.00000E+00  1.00000E-04  0.00000E+00
  2.05000E-01  1.00000E+00  1.00000E-04  0.00000E+00
  2.06000E-01  1.00000E+00  1.00000E-04  0.00000E+00
  2.07000E-01  1.00000E+00  1.00000E-04  0.00000E+00
  2.08000E-01  1.00000E+00  1.00000E-04  0.00000E+00
  2.09000E-01  1.00000E+00  1.00000E-04  0.00000E+00
  2.10000E-01  1.00000E+00  1.00000E-04  0.00000E+00
  2.11000E-01  1.00000E+00  1.00000E-04  0.00000E+00
  2.12000E-01  1.00000E+00  1.00000E-04  0.00000E+00
  2.13000E-01  1.00000E+00  1.00000E-04  2.75538E-10
  2.14000E-01  9.99998E-01  9.99998E-05  0.00000E+00
  2.15000E-01  1.00000E+00  1.00000E-04 -2.75482E-10
  2.16000E-01  1.00000E+00  1.00000E-04  0.00000E+00
  2.17000E-01  1.00000E+00  1.00000E-04  0.00000E+00
  2.18000E-01  1.00000E+00  1.00000E-04  0.00000E+00
  2.19000E-01  1.00000E+00  1.00000E-04 -7.76998E-17
  2.20000E-01  1.00000E+00  1.00000E-04  0.00000E+00
  2.21000E-01  1.00000E+00  1.00000E-04  7.76998E-17
  2.22000E-01  1.00000E+00  1.00000E-04  0.00000E+00
  2.23000E-01  1.00000E+00  1.00000E-04  0.00000E+00
  2.24000E-01  1.00000E+00  1.00000E-04  0.00000E+00
  2.25000E-01  1.00000E+00  1.00000E-04  0.00000E+00
  2.26000E-01  1.00000E+00  1.00000E-04  0.00000E+00
  2.27000E-01  1.00000E+00  1.00000E-04  0.00000E+00
  2.28000E-01  1.00000E+00  1.00000E-04  0.00000E+00
  2.29000E-01  1.00000E+00  1.00000E-04  3.67297E-11
  2.30000E-01  1.00000E+00  1.00000E-04  0.00000E+00
  2.31000E-01  1.00000E+00  1.00000E-04 -3.67280E-11
  2.32000E-01  1.00000E+00  1.00000E-04 -4.36673E-16
  2.33000E-01  1.00000E+00  1.00000E-04 -1.10226E-10
  2.34000E-01  1.00000E+00  1.00000E-04  7.34838E-11
  2.35000E-01  1.00000E+00  1.00000E-04  3.67258E-11
  2.36000E-01  1.00000E+00  1.00000E-04  0.00000E+00
  2.37000E-01  1.00000E+00  1.00000E-04  0.00000E+00
  2.38000E-01  1.00000E+00  1.00000E-04  0.00000E+00
  2.39000E-01  1.00000E+00  1.00000E-04  0.00000E+00
  2.40000E-01  1.00000E+00  1.00000E-04  0.00000E+00
  2.41000E-01  1.00000E+00  1.00000E-04  0.00000E+00
  2.42000E-01  1.00000E+00  1.00000E-04  0.00000E+00
  2.43000E-01  1.00000E+00  1.00000E-04  0.00000E+00
  2.44000E-01  1.00000E+00  1.00000E-04  0.00000E+00
  2.45000E-01  1.00000E+00  1.00000E-04  0.00000E+00
  2.46000E-01  1.00000E+00  1.00000E-04  0.00000E+00
  2.47000E-01  1.00000E+00  1.00000E-04 -2.02050E-10
  2.48000E-01  1.00000E+00  1.00000E-04  0.00000E+00
  2.49000E-01  1.00000E+00  1.00000E-04  2.01989E-10
  2.50000E-01  1.00000E+00  1.00000E-04  0.00000E+00
  2.51000E-01  1.00000E+00  1.00000E-04  0.00000E+00
  2.52000E-01  1.00000E+00  1.00000E-04  5.50995E-11
  2.53000E-01  1.00000E+00  1.00000E-04 -3.67269E-11
  2.54000E-01  1.00000E+00  1.00000E-04 -3.67352E-11
  2.55000E-01  1.00000E+00  1.00000E-04 -1.83640E-11
  2.56000E-01  1.00000E+00  1.00000E-04  8.54697E-17
  2.57000E-01  1.00000E+00  1.00000E-04  3.67327E-11
  2.58000E-01  1.00000E+00  1.00000E-04  0.00000E+00
  2.59000E-01  1.00000E+00  1.00000E-04  0.00000E+00
  2.60000E-01  1.00000E+00  1.00000E-04  0.00000E+00
  2.61000E-01  1.00000E+00  1.00000E-04  0.00000E+00
  2.62000E-01  1.00000E+00  1.00000E-04  1.83639E-11
  2.63000E-01  1.00000E+00  1.00000E-04  0.00000E+00
  2.64000E-01  1.00000E+00  1.00000E-04 -1.83691E-11
  2.65000E-01  1.00000E+00  1.00000E-04  0.00000E+00
  2.66000E-01  1.00000E+00  1.00000E-04  0.00000E+00
  2.67000E-01  1.00000E+00  1.00000E-04  0.00000E+00
  2.68000E-01  1.00000E+00  1.00000E-04  0.00000E+00
  2.69000E-01  1.00000E+00  1.00000E-04  0.00000E+00
  2.70000E-01  1.00000E+00  1.00000E-04  5.51095E-11
  2.71000E-01  1.00000E+00  1.00000E-04  3.67259E-11
  2.72000E-01  1.00000E+00  1.00000E-04 -1.83694E-11
  2.73000E-01  1.00000E+00  1.00000E-04 -1.83681E-10
  2.74000E-01  1.00000E+00  1.00000E-04  5.51219E-11
  2.75000E-01  1.00000E+00  1.00000E-04  1.83690E-11
  2.76000E-01  1.00000E+00  1.00000E-04  1.83661E-11
  2.77000E-01  1.00000E+00  1.00000E-04  1.83662E-11
  2.78000E-01  1.00000E+00  1.00000E-04 -1.83664E-11
  2.79000E-01  1.00000E+00  1.00000E-04 -7.76997E-17
  2.80000E-01  1.00000E+00  1.00000E-04  1.47532E-15
  2.81000E-01  1.00000E+00  1.00000E-04  1.43821E-15
  2.82000E-01  1.00000E+00  1.00000E-04  1.03793E-15
  2.83000E-01  1.00000E+00  1.00000E-04 -1.51859E-10
  2.84000E-01  1.00000E+00  1.00000E-04 -7.36123E-08
  2.85000E-01  1.00000E+00  1.00121E-04 -1.13032E-07
  2.86000E-01  1.00000E+00  1.00132E-04  9.17028E-08
  2.87000E-01  1.00000E+00  1.00000E-04  3.24438E-09
  2.88000E-01  1.00000E+00  1.00128E-04  5.00002E-10
  2.89000E-01  1.00000E+00  1.00000E-04  9.08991E-08
  2.90000E-01  1.00000E+00  1.00000E-04  4.97967E-10
  2.91000E-01  1.00000E+00  1.00000E-04  1.56202E-11
  2.92000E-01  1.00000E+00  1.00000E-04  1.83642E-11
  2.93000E-01  1.00000E+00  1.00000E-04 -1.83667E-11
  2.94000E-01  1.00000E+00  1.00000E-04 -5.50877E-11
  2.95000E-01  1.00000E+00  1.00000E-04  0.00000E+00
  2.96000E-01  1.00000E+00  1.00000E-04  0.00000E+00
  2.97000E-01  1.00000E+00  1.00000E-04  0.00000E+00
  2.98000E-01  1.00000E+00  1.00000E-04  0.00000E+00
  2.99000E-01  1.00000E+00  1.00000E-04  0.00000E+00
  3.00000E-01  1.00000E+00  1.00000E-04  0.00000E+00
  3.01000E-01  1.00000E+00  1.00000E-04  0.00000E+00
  3.02000E-01  1.00000E+00  1.00000E-04  0.00000E+00
  3.03000E-01  1.00000E+00  1.00000E-04  0.00000E+00
  3.04000E-01  1.00000E+00  1.00000E-04  0.00000E+00
  3.05000E-01  1.00000E+00  1.00000E-04  0.00000E+00
  3.06000E-01  1.00000E+00  1.00000E-04  0.00000E+00
  3.07000E-01  1.00000E+00  1.00000E-04  5.51036E-11
  3.08000E-01  1.00000E+00  1.00000E-04  3.67364E-11
  3.09000E-01  1.00000E+00  1.00000E-04 -5.51123E-11
  3.10000E-01  1.00000E+00  1.00000E-04 -3.67409E-11
  3.11000E-01  1.00000E+00  1.00000E-04  1.83652E-11
  3.12000E-01  1.00000E+00  1.00000E-04 -1.83615E-11
  3.13000E-01  1.00000E+00  1.00000E-04 -1.83714E-11
  3.14000E-01  1.00000E+00  1.00000E-04  9.18337E-12
  3.15000E-01  1.00000E+00  1.00000E-04  9.18400E-12
  3.16000E-01  1.00000E+00  1.00000E-04  7.76997E-17
  3.17000E-01  1.00000E+00  1.00000E-04  1.83652E-11
  3.18000E-01  1.00000E+00  1.00000E-04 -5.50947E-11
  3.19000E-01  1.00000E+00  1.00000E-04 -1.83702E-11
  3.20000E-01  1.00000E+00  1.00000E-04  7.34787E-11
  3.21000E-01  1.00000E+00  1.00000E-04 -1.83632E-11
  3.22000E-01  1.00000E+00  1.00000E-04 -7.34830E-11
  3.23000E-01  1.00000E+00  1.00000E-04  1.10210E-10
  3.24000E-01  1.00000E+00  1.00000E-04 -9.18144E-11
  3.25000E-01  1.00000E+00  1.00000E-04  9.18768E-12
  3.26000E-01  1.00000E+00  1.00000E-04  9.18849E-12
  3.27000E-01  1.00000E+00  1.00000E-04  6.12945E-12
  3.28000E-01  1.00000E+00  1.00000E-04  6.11385E-12
  3.29000E-01  1.00000E+00  1.00000E-04  6.11567E-12
  3.30000E-01  1.00000E+00  1.00000E-04  1.83616E-11
  3.31000E-01  1.00000E+00  1.00000E-04  0.00000E+00
  3.32000E-01  1.00000E+00  1.00000E-04  5.50980E-11
  3.33000E-01  1.00000E+00  1.00000E-04  1.83614E-11
  3.34000E-01  1.00000E+00  1.00000E-04 -5.50894E-11
  3.35000E-01  1.00000E+00  1.00000E-04  2.39237E-16
  3.36000E-01  1.00000E+00  1.00000E-04  1.03418E-16
  3.37000E-01  1.00000E+00  1.00000E-04 -1.83718E-11
  3.38000E-01  1.00000E+00  1.00000E-04  0.00000E+00
  3.39000E-01  1.00000E+00  1.00000E-04 -7.34568E-11
  3.40000E-01  1.00000E+00  1.00000E-04 -1.83697E-11
  3.41000E-01  1.00000E+00  1.00000E-04  7.34548E-11
  3.42000E-01  1.00000E+00  1.00000E-04 -1.83694E-11
  3.43000E-01  1.00000E+00  1.00000E-04  1.83674E-11
  3.44000E-01  1.00000E+00  1.00000E-04  2.38736E-10
  3.45000E-01  9.99999E-01  9.99999E-05 -2.93777E-10
  3.46000E-01  1.00000E+00  1.00000E-04 -1.50431E-10
  3.47000E-01  1.00000E+00  1.00000E-04 -8.35963E-10
  3.48000E-01  1.00000E+00  1.00001E-04  5.28042E-10
  3.49000E-01  1.00000E+00  9.99996E-05  9.06291E-10
  3.50000E-01  1.00000E+00  1.00000E-04 -5.03055E-10
  3.51000E-01  1.00000E+00  1.00000E-04  1.28551E-10
  3.52000E-01  1.00000E+00  1.00000E-04  0.00000E+00
  3.53000E-01  1.00000E+00  1.00000E-04  0.00000E+00
  3.54000E-01  1.00000E+00  1.00000E-04  0.00000E+00
  3.55000E-01  1.00000E+00  1.00000E-04  0.00000E+00
  3.56000E-01  1.00000E+00  1.00000E-04  0.00000E+00
  3.57000E-01  1.00000E+00  1.00000E-04  0.00000E+00
  3.58000E-01  1.00000E+00  1.00000E-04  0.00000E+00
  3.59000E-01  1.00000E+00  1.00000E-04  0.00000E+00
  3.60000E-01  1.00000E+00  1.00000E-04  0.00000E+00
  3.61000E-01  1.00000E+00  1.00000E-04 -7.76996E-17
  3.62000E-01  1.00000E+00  1.00000E-04  0.00000E+00
  3.63000E-01  1.00000E+00  1.00000E-04  7.76996E-17
  3.64000E-01  1.00000E+00  1.00000E-04  0.00000E+00
  3.65000E-01  1.00000E+00  1.00000E-04  0.00000E+00
  3.66000E-01  1.00000E+00  1.00000E-04  0.00000E+00
  3.67000E-01  1.00000E+00  1.00000E-04  0.00000E+00
  3.68000E-01  1.00000E+00  1.00000E-04  0.00000E+00
  3.69000E-01  1.00000E+00  1.00000E-04  0.00000E+00
  3.70000E-01  1.00000E+00  1.00000E-04  0.00000E+00
  3.71000E-01  1.00000E+00  1.00000E-04  0.00000E+00
  3.72000E-01  1.00000E+00  1.00000E-04 -3.67328E-11
  3.73000E-01  1.00000E+00  1.00000E-04 -3.67346E-11
  3.74000E-01  1.00000E+00  1.00000E-04  5.51074E-11
  3.75000E-01  1.00000E+00  1.00000E-04 -2.02017E-10
  3.76000E-01  1.00000E+00  1.00000E-04  7.77823E-17
  3.77000E-01  1.00000E+00  1.00000E-04  2.20419E-10
  3.78000E-01  1.00000E+00  1.00000E-04  0.00000E+00
  3.79000E-01  1.00000E+00  1.00000E-04  0.00000E+00
  3.80000E-01  1.00000E+00  1.00000E-04  0.00000E+00
  3.81000E-01  1.00000E+00  1.00000E-04  5.51019E-11
  3.82000E-01  1.00000E+00  1.00000E-04  1.83662E-11
  3.83000E-01  1.00000E+00  1.00000E-04 -5.50895E-11
  3.84000E-01  1.00000E+00  1.00000E-04  3.67330E-11
  3.85000E-01  1.00000E+00  1.00000E-04 -1.59962E-16
  3.86000E-01  1.00000E+00  1.00000E-04 -5.51007E-11
  3.87000E-01  1.00000E+00  1.00000E-04  0.00000E+00
  3.88000E-01  1.00000E+00  1.00000E-04  0.00000E+00
  3.89000E-01  1.00000E+00  1.00000E-04  0.00000E+00
  3.90000E-01  1.00000E+00  1.00000E-04  0.00000E+00
  3.91000E-01  1.00000E+00  1.00000E-04  0.00000E+00
  3.92000E-01  1.00000E+00  1.00000E-04  0.00000E+00
  3.93000E-01  1.00000E+00  1.00000E-04  0.00000E+00
  3.94000E-01  1.00000E+00  1.00000E-04  0.00000E+00
  3.95000E-01  1.00000E+00  1.00000E-04  0.00000E+00
  3.96000E-01  1.00000E+00  1.00000E-04  0.00000E+00
  3.97000E-01  1.00000E+00  1.00000E-04  5.50988E-11
  3.98000E-01  1.00000E+00  1.00000E-04 -5.51087E-11
  3.99000E-01  1.00000E+00  1.00000E-04 -1.83657E-11
  4.00000E-01  1.00000E+00  1.00000E-04  1.83649E-11
  4.01000E-01  1.00000E+00  1.00000E-04  0.00000E+00
  4.02000E-01  1.00000E+00  1.00000E-04  0.00000E+00
  4.03000E-01  1.00000E+00  1.00000E-04  0.00000E+00
  4.04000E-01  1.00000E+00  1.00000E-04 -4.49053E-10
  4.05000E-01  1.00000E+00  1.00000E-04 -8.61402E-08
  4.06000E-01  1.00000E+00  1.00121E-04 -2.11891E-11
  4.07000E-01  1.00000E+00  1.00000E-04  8.61088E-08
  4.08000E-01  1.00000E+00  1.00000E-04  5.02799E-10
  4.09000E-01  1.00000E+00  1.00000E-04  0.00000E+00
  4.10000E-01  1.00000E+00  1.00000E-04  0.00000E+00
  4.11000E-01  1.00000E+00  1.00000E-04  0.00000E+00
  4.12000E-01  1.00000E+00  1.00000E-04  0.00000E+00
  4.13000E-01  1.00000E+00  1.00000E-04  0.00000E+00
  4.14000E-01  1.00000E+00  1.00000E-04  0.00000E+00
  4.15000E-01  1.00000E+00  1.00000E-04 -5.02757E-10
  4.16000E-01  1.00000E+00  1.00000E-04 -8.61167E-08
  4.17000E-01  1.00000E+00  1.00121E-04 -6.41849E-14
  4.18000E-01  1.00000E+00  1.00000E-04  8.60993E-08
  4.19000E-01  1.00000E+00  1.00000E-04  5.04726E-10
  4.20000E-01  1.00000E+00  1.00000E-04  1.65726E-11
  4.21000E-01  1.00000E+00  1.00000E-04  0.00000E+00
  4.22000E-01  1.00000E+00  1.00000E-04  0.00000E+00
  4.23000E-01  1.00000E+00  1.00000E-04  7.34641E-11
  4.24000E-01  1.00000E+00  9.99999E-05  0.00000E+00
  4.25000E-01  1.00000E+00  1.00000E-04 -5.51063E-11
  4.26000E-01  1.00000E+00  1.00000E-04 -1.01786E-16
  4.27000E-01  1.00000E+00  1.00000E-04  4.04064E-10
  4.28000E-01  9.99996E-01  9.99996E-05  1.83710E-11
  4.29000E-01  1.00000E+00  1.00000E-04 -4.40658E-10
  4.30000E-01  1.00000E+00  1.00000E-04  0.00000E+00
  4.31000E-01  1.00000E+00  1.00000E-04  0.00000E+00
  4.32000E-01  1.00000E+00  1.00000E-04  3.67349E-11
  4.33000E-01  1.00000E+00  1.00000E-04  0.00000E+00
  4.34000E-01  1.00000E+00  1.00000E-04 -3.67307E-11
  4.35000E-01  1.00000E+00  1.00000E-04  0.00000E+00
  4.36000E-01  1.00000E+00  1.00000E-04 -7.76996E-17
  4.37000E-01  1.00000E+00  1.00000E-04 -5.51127E-11
  4.38000E-01  1.00000E+00  1.00000E-04  1.83706E-11
  4.39000E-01  1.00000E+00  1.00000E-04  3.67335E-11
  4.40000E-01  1.00000E+00  1.00000E-04  0.00000E+00
  4.41000E-01  1.00000E+00  1.00000E-04  1.83699E-11
  4.42000E-01  1.00000E+00  1.00000E-04  0.00000E+00
  4.43000E-01  1.00000E+00  1.00000E-04 -1.83678E-11
  4.44000E-01  1.00000E+00  1.00000E-04  1.83694E-11
  4.45000E-01  1.00000E+00  1.00000E-04  0.00000E+00
  4.46000E-01  1.00000E+00  1.00000E-04 -1.83630E-11
  4.47000E-01  1.00000E+00  1.00000E-04  0.00000E+00
  4.48000E-01  1.00000E+00  1.00000E-04  0.00000E+00
  4.49000E-01  1.00000E+00  1.00000E-04  0.00000E+00
  4.50000E-01  1.00000E+00  1.00000E-04  1.83671E-11
  4.51000E-01  1.00000E+00  1.00000E-04 -7.34775E-11
  4.52000E-01  1.00000E+00  1.00000E-04 -1.83758E-11
  4.53000E-01  1.00000E+00  1.00000E-04  7.34507E-11
  4.54000E-01  1.00000E+00  1.00000E-04  1.83648E-11
  4.55000E-01  1.00000E+00  1.00000E-04  0.00000E+00
  4.56000E-01  1.00000E+00  1.00000E-04 -9.18438E-12
  4.57000E-01  1.00000E+00  1.00000E-04 -9.18394E-12
  4.58000E-01  1.00000E+00  1.00000E-04  7.76996E-17
  4.59000E-01  1.00000E+00  1.00000E-04  0.00000E+00
  4.60000E-01  1.00000E+00  1.00000E-04  1.83635E-11
  4.61000E-01  1.00000E+00  1.00000E-04 -3.67257E-11
  4.62000E-01  1.00000E+00  1.00000E-04 -1.83705E-11
  4.63000E-01  1.00000E+00  1.00000E-04  3.67382E-11
  4.64000E-01  1.00000E+00  1.00000E-04  1.83665E-11
  4.65000E-01  1.00000E+00  1.00000E-04  0.00000E+00
  4.66000E-01  1.00000E+00  1.00000E-04 -1.83651E-11
  4.67000E-01  1.00000E+00  1.00000E-04  1.83693E-11
  4.68000E-01  1.00000E+00  1.00000E-04  1.83618E-11
  4.69000E-01  1.00000E+00  1.00000E-04 -9.18430E-11
  4.70000E-01  1.00000E+00  1.00000E-04  3.67380E-11
  4.71000E-01  1.00000E+00  1.00000E-04  1.83673E-11
  4.72000E-01  1.00000E+00  1.00000E-04 -7.34621E-11
  4.73000E-01  1.00000E+00  1.00000E-04  1.83721E-11
  4.74000E-01  1.00000E+00  1.00000E-04  5.50892E-11
  4.75000E-01  1.00000E+00  1.00000E-04 -6.59449E-16
  4.76000E-01  1.00000E+00  1.00000E-04  8.54695E-17
  4.77000E-01  1.00000E+00  1.00000E-04 -3.67265E-11
  4.78000E-01  1.00000E+00  1.00000E-04  1.83716E-11
  4.79000E-01  1.00000E+00  1.00000E-04  3.67259E-11
  4.80000E-01  1.00000E+00  1.00000E-04  3.67294E-11
  4.81000E-01  1.00000E+00  1.00000E-04  1.83695E-11
  4.82000E-01  1.00000E+00  1.00000E-04 -5.50954E-11
  4.83000E-01  1.00000E+00  1.00000E-04 -1.28565E-10
  4.84000E-01  1.00000E+00  1.00000E-04 -7.34825E-11
  4.85000E-01  1.00000E+00  1.00000E-04  3.67355E-10
  4.86000E-01  1.00000E+00  9.99999E-05 -5.50836E-11
  4.87000E-01  1.00000E+00  1.00000E-04 -9.67478E-16
  4.88000E-01  9.99999E-01  9.99999E-05 -1.01526E-14
  4.89000E-01  1.00000E+00  1.00000E-04 -8.63360E-10
  4.90000E-01  1.00000E+00  1.00000E-04  3.12270E-10
  4.91000E-01  1.00000E+00  1.00000E-04  4.22309E-10
  4.92000E-01  1.00000E+00  1.00000E-04  1.28558E-10
  4.93000E-01  9.99999E-01  9.99999E-05 -1.83690E-11
  4.94000E-01  1.00000E+00  1.00000E-04 -1.10210E-10
  4.95000E-01  1.00000E+00  1.00000E-04  0.00000E+00
  4.96000E-01  1.00000E+00  1.00000E-04  0.00000E+00
  4.97000E-01  1.00000E+00  1.00000E-04  0.00000E+00
  4.98000E-01  1.00000E+00  1.00000E-04  0.00000E+00
  4.99000E-01  1.00000E+00  1.00000E-04  0.00000E+00
  5.00000E-01  1.00000E+00  1.00000E-04  0.00000E+00
  5.01000E-01  1.00000E+00  1.00000E-04  0.00000E+00
  5.02000E-01  1.00000E+00  1.00000E-04  0.00000E+00
  5.03000E-01  1.00000E+00  1.00000E-04  0.00000E+00
  5.04000E-01  1.00000E+00  1.00000E-04  0.00000E+00
  5.05000E-01  1.00000E+00  1.00000E-04  2.20388E-10
  5.06000E-01  9.99998E-01  9.99998E-05  0.00000E+00
  5.07000E-01  1.00000E+00  1.00000E-04 -2.20422E-10
  5.08000E-01  1.00000E+00  1.00000E-04  0.00000E+00
  5.09000E-01  1.00000E+00  1.00000E-04  0.00000E+00
  5.10000E-01  1.00000E+00  1.00000E-04 -7.76996E-17
  5.11000E-01  1.00000E+00  1.00000E-04  0.00000E+00
  5.12000E-01  1.00000E+00  1.00000E-04  7.76995E-17
  5.13000E-01  1.00000E+00  1.00000E-04  0.00000E+00
  5.14000E-01  1.00000E+00  1.00000E-04  0.00000E+00
  5.15000E-01  1.00000E+00  1.00000E-04  0.00000E+00
  5.16000E-01  1.00000E+00  1.00000E-04  1.46949E-10
  5.17000E-01  9.99999E-01  9.99999E-05  0.00000E+00
  5.18000E-01  1.00000E+00  1.00000E-04 -1.46955E-10
  5.19000E-01  1.00000E+00  1.00000E-04  0.00000E+00
  5.20000E-01  1.00000E+00  1.00000E-04 -7.76996E-17
  5.21000E-01  1.00000E+00  1.00000E-04  0.00000E+00
  5.22000E-01  1.00000E+00  1.00000E-04  7.76996E-17
  5.23000E-01  1.00000E+00  1.00000E-04  0.00000E+00
  5.24000E-01  1.00000E+00  1.00000E-04  0.00000E+00
  5.25000E-01  1.00000E+00  1.00000E-04  0.00000E+00
  5.26000E-01  1.00000E+00  1.00000E-04  0.00000E+00
  5.27000E-01  1.00000E+00  1.00000E-04  0.00000E+00
  5.28000E-01  1.00000E+00  1.00000E-04  0.00000E+00
  5.29000E-01  1.00000E+00  1.00000E-04  7.34672E-11
  5.30000E-01  9.99999E-01  9.99999E-05  0.00000E+00
  5.31000E-01  1.00000E+00  1.00000E-04 -7.34659E-11
  5.32000E-01  1.00000E+00  1.00000E-04  0.00000E+00
  5.33000E-01  1.00000E+00  1.00000E-04 -1.83666E-11
  5.34000E-01  1.00000E+00  1.00000E-04 -1.83641E-11
  5.35000E-01  1.00000E+00  1.00000E-04  0.00000E+00
  5.36000E-01  1.00000E+00  1.00000E-04  1.83654E-11
  5.37000E-01  1.00000E+00  1.00000E-04  1.83664E-11
  5.38000E-01  1.00000E+00  1.00000E-04  0.00000E+00
  5.39000E-01  1.00000E+00  1.00000E-04  0.00000E+00
  5.40000E-01  1.00000E+00  1.00000E-04  0.00000E+00
  5.41000E-01  1.00000E+00  1.00000E-04 -1.83671E-11
  5.42000E-01  1.00000E+00  1.00000E-04  0.00000E+00
  5.43000E-01  1.00000E+00  1.00000E-04  1.83665E-11
  5.44000E-01  1.00000E+00  1.00000E-04  1.83664E-11
  5.45000E-01  1.00000E+00  1.00000E-04  0.00000E+00
  5.46000E-01  1.00000E+00  1.00000E-04 -1.83654E-11
  5.47000E-01  1.00000E+00  1.00000E-04  0.00000E+00
  5.48000E-01  1.00000E+00  1.00000E-04  0.00000E+00
  5.49000E-01  1.00000E+00  1.00000E-04  0.00000E+00
  5.50000E-01  1.00000E+00  1.00000E-04 -1.04927E-15
  5.51000E-01  1.00000E+00  1.00000E-04 -8.61812E-16
  5.52000E-01  1.00000E+00  1.00000E-04  1.91108E-15
  5.53000E-01  1.00000E+00  1.00000E-04  1.83665E-11
  5.54000E-01  1.00000E+00  1.00000E-04  0.00000E+00
  5.55000E-01  1.00000E+00  1.00000E-04 -1.83634E-11
  5.56000E-01  1.00000E+00  1.00000E-04  5.51075E-11
  5.57000E-01  1.00000E+00  1.00000E-04 -9.40165E-17
  5.58000E-01  1.00000E+00  1.00000E-04  0.00000E+00
  5.59000E-01  1.00000E+00  1.00000E-04  0.00000E+00
  5.60000E-01  1.00000E+00  1.00000E-04  0.00000E+00
  5.61000E-01  1.00000E+00  1.00000E-04  9.40165E-17
  5.62000E-01  1.00000E+00  1.00000E-04 -2.75497E-11
  5.63000E-01  1.00000E+00  1.00000E-04 -2.75511E-11
  5.64000E-01  1.00000E+00  1.00000E-04 -9.93289E-12
  5.65000E-01  1.00000E+00  1.00000E-04  9.93099E-12
  5.66000E-01  1.00000E+00  1.00000E-04  3.67343E-11
  5.67000E-01  1.00000E+00  1.00000E-04  0.00000E+00
  5.68000E-01  1.00000E+00  1.00000E-04 -3.67333E-11
  5.69000E-01  1.00000E+00  1.00000E-04  0.00000E+00
  5.70000E-01  1.00000E+00  1.00000E-04  3.67404E-11
  5.71000E-01  1.00000E+00  1.00000E-04 -9.40165E-17
  5.72000E-01  1.00000E+00  1.00000E-04  0.00000E+00
  5.73000E-01  1.00000E+00  1.00000E-04  9.40165E-17
  5.74000E-01  1.00000E+00  1.00000E-04 -3.67257E-11
  5.75000E-01  1.00000E+00  1.00000E-04  0.00000E+00
  5.76000E-01  1.00000E+00  1.00000E-04  0.00000E+00
  5.77000E-01  1.00000E+00  1.00000E-04  0.00000E+00
  5.78000E-01  1.00000E+00  1.00000E-04  0.00000E+00
  5.79000E-01  1.00000E+00  1.00000E-04  0.00000E+00
  5.80000E-01  1.00000E+00  1.00000E-04  0.00000E+00
  5.81000E-01  1.00000E+00  1.00000E-04  1.83644E-11
  5.82000E-01  1.00000E+00  1.00000E-04  0.00000E+00
  5.83000E-01  1.00000E+00  1.00000E-04 -5.50900E-11
  5.84000E-01  1.00000E+00  1.00000E-04  1.22471E-11
  5.85000E-01  1.00000E+00  1.00000E-04  1.22462E-11
  5.86000E-01  1.00000E+00  1.00000E-04  1.22480E-11
  5.87000E-01  1.00000E+00  1.00000E-04  0.00000E+00
  5.88000E-01  1.00000E+00  1.00000E-04  0.00000E+00
  5.89000E-01  1.00000E+00  1.00000E-04  0.00000E+00
  5.90000E-01  1.00000E+00  1.00000E-04  0.00000E+00
  5.91000E-01  1.00000E+00  1.00000E-04  0.00000E+00
  5.92000E-01  1.00000E+00  1.00000E-04  0.00000E+00
  5.93000E-01  1.00000E+00  1.00000E-04  5.51088E-11
  5.94000E-01  1.00000E+00  1.00000E-04 -1.03418E-16
  5.95000E-01  1.00000E+00  1.00000E-04 -9.40164E-17
  5.96000E-01  1.00000E+00  1.00000E-04  0.00000E+00
  5.97000E-01  1.00000E+00  1.00000E-04  3.58972E-16
  5.98000E-01  1.00000E+00  1.00000E-04  1.03418E-16
  5.99000E-01  1.00000E+00  1.00000E-04 -5.50899E-11
  6.00000E-01  1.00000E+00  1.00000E-04  0.00000E+00
  6.01000E-01  1.00000E+00  1.00000E-04 -5.03493E-10
  6.02000E-01  1.00000E+00  1.00000E-04 -8.62154E-08
  6.03000E-01  1.00000E+00  1.00121E-04  7.54003E-11
  6.04000E-01  1.00000E+00  1.00000E-04  8.61308E-08
  6.05000E-01  1.00000E+00  1.00000E-04  5.05216E-10
  6.06000E-01  1.00000E+00  1.00000E-04  1.70486E-10
  6.07000E-01  9.99999E-01  9.99999E-05 -5.17983E-12
  6.08000E-01  1.00000E+00  1.00000E-04 -7.34696E-11
  6.09000E-01  9.99999E-01  9.99999E-05  1.83646E-11
  6.10000E-01  1.00000E+00  1.00000E-04 -9.18094E-11
  6.11000E-01  1.00000E+00  1.00000E-04 -1.83681E-11
  6.12000E-01  1.00000E+00  1.00000E-04  5.51070E-11
  6.13000E-01  1.00000E+00  1.00000E-04  0.00000E+00
  6.14000E-01  1.00000E+00  1.00000E-04 -5.51087E-11
  6.15000E-01  1.00000E+00  1.00000E-04  0.00000E+00
  6.16000E-01  1.00000E+00  1.00000E-04  0.00000E+00
  6.17000E-01  1.00000E+00  1.00000E-04  0.00000E+00
  6.18000E-01  1.00000E+00  1.00000E-04  0.00000E+00
  6.19000E-01  1.00000E+00  1.00000E-04  0.00000E+00
  6.20000E-01  1.00000E+00  1.00000E-04  0.00000E+00
  6.21000E-01  1.00000E+00  1.00000E-04  5.50903E-11
  6.22000E-01  1.00000E+00  1.00000E-04 -3.67260E-11
  6.23000E-01  1.00000E+00  1.00000E-04 -5.51068E-11
  6.24000E-01  1.00000E+00  1.00000E-04  1.83696E-11
  6.25000E-01  1.00000E+00  1.00000E-04  1.83687E-11
  6.26000E-01  1.00000E+00  1.00000E-04  0.00000E+00
  6.27000E-01  1.00000E+00  1.00000E-04 -1.83685E-11
  6.28000E-01  1.00000E+00  1.00000E-04  3.67282E-11
  6.29000E-01  1.00000E+00  1.00000E-04  0.00000E+00
  6.30000E-01  1.00000E+00  1.00000E-04 -1.13760E-16
  6.31000E-01  1.00000E+00  1.00000E-04  1.03418E-17
  6.32000E-01  1.00000E+00  1.00000E-04 -6.82979E-17
  6.33000E-01  1.00000E+00  1.00000E-04  8.62465E-17
  6.34000E-01  1.00000E+00  1.00000E-04  8.54695E-17
  6.35000E-01  1.00000E+00  1.00000E-04  0.00000E+00
  6.36000E-01  1.00000E+00  1.00000E-04 -1.83623E-11
  6.37000E-01  1.00000E+00  1.00000E-04 -1.83705E-11
  6.38000E-01  1.00000E+00  1.00000E-04  1.83685E-11
  6.39000E-01  1.00000E+00  1.00000E-04  1.83650E-11
  6.40000E-01  1.00000E+00  1.00000E-04  3.67347E-11
  6.41000E-01  1.00000E+00  1.00000E-04 -1.63169E-16
  6.42000E-01  1.00000E+00  1.00000E-04 -5.50947E-11
  6.43000E-01  1.00000E+00  1.00000E-04 -7.76996E-17
  6.44000E-01  1.00000E+00  1.00000E-04 -7.76995E-18
  6.45000E-01  1.00000E+00  1.00000E-04  8.54695E-17
  6.46000E-01  1.00000E+00  1.00000E-04  1.83688E-11
  6.47000E-01  1.00000E+00  1.00000E-04 -7.76996E-17
  6.48000E-01  1.00000E+00  1.00000E-04  1.83688E-11
  6.49000E-01  1.00000E+00  1.00000E-04  1.10170E-10
  6.50000E-01  9.99999E-01  9.99999E-05 -7.34602E-11
  6.51000E-01  1.00000E+00  1.00000E-04 -7.34846E-11
  6.52000E-01  1.00000E+00  1.00000E-04 -1.83681E-11
  6.53000E-01  1.00000E+00  1.00000E-04  1.83714E-11
  6.54000E-01  1.00000E+00  1.00000E-04 -1.01786E-16
  6.55000E-01  1.00000E+00  1.00000E-04 -1.10214E-10
  6.56000E-01  1.00000E+00  1.00000E-04 -9.40165E-17
  6.57000E-01  1.00000E+00  1.00000E-04  1.83708E-11
  6.58000E-01  1.00000E+00  1.00000E-04  1.10216E-10
  6.59000E-01  1.00000E+00  1.00000E-04 -3.67380E-11
  6.60000E-01  1.00000E+00  1.00000E-04 -1.83649E-11
  6.61000E-01  1.00000E+00  1.00000E-04  1.10185E-10
  6.62000E-01  1.00000E+00  1.00000E-04 -7.34742E-11
  6.63000E-01  1.00000E+00  1.00000E-04  8.54695E-17
  6.64000E-01  1.00000E+00  1.00000E-04  7.76996E-17
  6.65000E-01  1.00000E+00  1.00000E-04 -1.83645E-11
  6.66000E-01  1.00000E+00  1.00000E-04  4.03937E-10
  6.67000E-01  9.99998E-01  9.99998E-05 -1.10182E-10
  6.68000E-01  1.00000E+00  1.00000E-04 -2.38723E-10
  6.69000E-01  1.00000E+00  1.00000E-04  1.83696E-11
  6.70000E-01  1.00000E+00  1.00000E-04 -2.20454E-10
  6.71000E-01  1.00000E+00  1.00000E-04  0.00000E+00
  6.72000E-01  1.00000E+00  1.00000E-04  2.02074E-10
  6.73000E-01  1.00000E+00  1.00000E-04  5.50893E-11
  6.74000E-01  1.00000E+00  1.00000E-04 -3.67336E-11
  6.75000E-01  1.00000E+00  1.00000E-04 -2.44858E-11
  6.76000E-01  1.00000E+00  1.00000E-04 -2.44841E-11
  6.77000E-01  1.00000E+00  1.00000E-04 -2.44857E-11
  6.78000E-01  1.00000E+00  1.00000E-04  5.51022E-11
  6.79000E-01  1.00000E+00  1.00000E-04 -9.18509E-11
  6.80000E-01  1.00000E+00  1.00000E-04  3.67404E-11
  6.81000E-01  1.00000E+00  9.99999E-05  2.01989E-10
  6.82000E-01  9.99999E-01  9.99999E-05 -1.46904E-10
  6.83000E-01  1.00000E+00  1.00000E-04  9.18229E-12
  6.84000E-01  1.00000E+00  1.00000E-04  9.18021E-12
  6.85000E-01  1.00000E+00  1.00000E-04 -3.67292E-11
  6.86000E-01  1.00000E+00  1.00000E-04  9.18491E-11
  6.87000E-01  9.99999E-01  9.99999E-05 -1.83637E-11
  6.88000E-01  1.00000E+00  1.00000E-04 -9.18185E-11
  6.89000E-01  1.00000E+00  1.00000E-04  5.50767E-11
  6.90000E-01  1.00000E+00  1.00000E-04 -2.05458E-15
  6.91000E-01  1.00000E+00  1.00000E-04  3.30564E-10
  6.92000E-01  9.99999E-01  9.99997E-05 -1.46882E-10
  6.93000E-01  1.00000E+00  1.00000E-04 -2.57130E-10
  6.94000E-01  1.00000E+00  9.99999E-05 -3.67109E-11
  6.95000E-01  1.00000E+00  1.00000E-04 -2.35051E-10
  6.96000E-01  1.00000E+00  1.00000E-04  1.17150E-09
  6.97000E-01  9.99995E-01  9.99994E-05 -1.28532E-10
  6.98000E-01  1.00000E+00  1.00000E-04 -7.48241E-10
  6.99000E-01  1.00000E+00  1.00000E-04 -4.61622E-12
  7.00000E-01  1.00000E+00  1.00000E-04  0.00000E+00
  7.01000E-01  1.00000E+00  1.00000E-04  0.00000E+00
  7.02000E-01  1.00000E+00  1.00000E-04  0.00000E+00
  7.03000E-01  1.00000E+00  1.00000E-04  0.00000E+00
  7.04000E-01  1.00000E+00  1.00000E-04  0.00000E+00
  7.05000E-01  1.00000E+00  1.00000E-04  1.28576E-10
  7.06000E-01  1.00000E+00  9.99999E-05  7.34551E-11
  7.07000E-01  1.00000E+00  1.00000E-04 -3.48953E-10
  7.08000E-01  1.00000E+00  1.00000E-04  5.51054E-11
  7.09000E-01  1.00000E+00  1.00000E-04  9.18265E-11
  7.10000E-01  1.00000E+00  1.00000E-04  0.00000E+00
  7.11000E-01  1.00000E+00  1.00000E-04  0.00000E+00
  7.12000E-01  1.00000E+00  1.00000E-04  0.00000E+00
  7.13000E-01  1.00000E+00  1.00000E-04  0.00000E+00
  7.14000E-01  1.00000E+00  1.00000E-04  0.00000E+00
  7.15000E-01  1.00000E+00  1.00000E-04  0.00000E+00
  7.16000E-01  1.00000E+00  1.00000E-04  0.00000E+00
  7.17000E-01  1.00000E+00  1.00000E-04 -1.83656E-11
  7.18000E-01  1.00000E+00  1.00000E-04  0.00000E+00
  7.19000E-01  1.00000E+00  1.00000E-04  1.83697E-11
  7.20000E-01  1.00000E+00  1.00000E-04 -6.34222E-10
  7.21000E-01  1.00000E+00  1.00000E-04 -1.08649E-07
  7.22000E-01  1.00000E+00  1.00153E-04 -8.15664E-15
  7.23000E-01  1.00000E+00  1.00000E-04  1.08645E-07
  7.24000E-01  1.00000E+00  1.00000E-04  5.84186E-10
  7.25000E-01  1.00000E+00  1.00000E-04  1.47209E-11
  7.26000E-01  1.00000E+00  1.00000E-04  3.67272E-11
  7.27000E-01  1.00000E+00  1.00000E-04  0.00000E+00
  7.28000E-01  1.00000E+00  1.00000E-04  0.00000E+00
  7.29000E-01  1.00000E+00  1.00000E-04  0.00000E+00
  7.30000E-01  1.00000E+00  1.00000E-04  0.00000E+00
  7.31000E-01  1.00000E+00  1.00000E-04  0.00000E+00
  7.32000E-01  1.00000E+00  1.00000E-04  0.00000E+00
  7.33000E-01  1.00000E+00  1.00000E-04  0.00000E+00
  7.34000E-01  1.00000E+00  1.00000E-04  0.00000E+00
  7.35000E-01  1.00000E+00  1.00000E-04  0.00000E+00
  7.36000E-01  1.00000E+00  1.00000E-04  0.00000E+00
  7.37000E-01  1.00000E+00  1.00000E-04  0.00000E+00
  7.38000E-01  1.00000E+00  1.00000E-04  0.00000E+00
  7.39000E-01  1.00000E+00  1.00000E-04  0.00000E+00
  7.40000E-01  1.00000E+00  1.00000E-04  0.00000E+00
  7.41000E-01  1.00000E+00  1.00000E-04  0.00000E+00
  7.42000E-01  1.00000E+00  1.00000E-04 -3.67345E-11
  7.43000E-01  1.00000E+00  1.00000E-04 -1.83688E-11
  7.44000E-01  1.00000E+00  1.00000E-04  5.51039E-11
  7.45000E-01  1.00000E+00  1.00000E-04  7.76995E-17
  7.46000E-01  1.00000E+00  1.00000E-04  0.00000E+00
  7.47000E-01  1.00000E+00  1.00000E-04  0.00000E+00
  7.48000E-01  1.00000E+00  1.00000E-04  0.00000E+00
  7.49000E-01  1.00000E+00  1.00000E-04 -1.83682E-11
  7.50000E-01  1.00000E+00  1.00000E-04 -1.83678E-11
  7.51000E-01  1.00000E+00  1.00000E-04  3.67352E-11
  7.52000E-01  1.00000E+00  1.00000E-04  1.83633E-11
  7.53000E-01  1.00000E+00  1.00000E-04 -1.83633E-11
  7.54000E-01  1.00000E+00  1.00000E-04  0.00000E+00
  7.55000E-01  1.00000E+00  1.00000E-04  1.83683E-11
  7.56000E-01  1.00000E+00  1.00000E-04  0.00000E+00
  7.57000E-01  1.00000E+00  1.00000E-04 -1.83664E-11
  7.58000E-01  1.00000E+00  1.00000E-04  0.00000E+00
  7.59000E-01  1.00000E+00  1.00000E-04  0.00000E+00
  7.60000E-01  1.00000E+00  1.00000E-04  0.00000E+00
  7.61000E-01  1.00000E+00  1.00000E-04  0.00000E+00
  7.62000E-01  1.00000E+00  1.00000E-04  0.00000E+00
  7.63000E-01  1.00000E+00  1.00000E-04  0.00000E+00
  7.64000E-01  1.00000E+00  1.00000E-04  0.00000E+00
  7.65000E-01  1.00000E+00  1.00000E-04  0.00000E+00
  7.66000E-01  1.00000E+00  1.00000E-04  1.83662E-11
  7.67000E-01  1.00000E+00  1.00000E-04  0.00000E+00
  7.68000E-01  1.00000E+00  1.00000E-04 -1.83682E-11
  7.69000E-01  1.00000E+00  1.00000E-04 -1.10202E-10
  7.70000E-01  1.00000E+00  1.00000E-04  0.00000E+00
  7.71000E-01  1.00000E+00  1.00000E-04 -4.78557E-10
  7.72000E-01  1.00000E+00  1.00000E-04 -1.00459E-07
  7.73000E-01  1.00000E+00  1.00142E-04 -1.33380E-12
  7.74000E-01  1.00000E+00  1.00000E-04  9.98333E-08
  7.75000E-01  1.00000E+00  1.00000E-04 -1.08564E-07
  7.76000E-01  1.00000E+00  1.00154E-04  1.29138E-12
  7.77000E-01  1.00000E+00  1.00000E-04  1.09159E-07
  7.78000E-01  1.00000E+00  1.00000E-04  6.91524E-10
  7.79000E-01  1.00000E+00  1.00000E-04  0.00000E+00
  7.80000E-01  1.00000E+00  1.00000E-04 -5.51001E-11
  7.81000E-01  1.00000E+00  1.00000E-04  1.83663E-11
  7.82000E-01  1.00000E+00  1.00000E-04  0.00000E+00
  7.83000E-01  1.00000E+00  1.00000E-04 -1.83650E-11
  7.84000E-01  1.00000E+00  1.00000E-04  5.51092E-11
  7.85000E-01  1.00000E+00  1.00000E-04  0.00000E+00
  7.86000E-01  1.00000E+00  1.00000E-04 -5.51049E-11
  7.87000E-01  1.00000E+00  1.00000E-04  0.00000E+00
  7.88000E-01  1.00000E+00  1.00000E-04  0.00000E+00
  7.89000E-01  1.00000E+00  1.00000E-04  0.00000E+00
  7.90000E-01  1.00000E+00  1.00000E-04  0.00000E+00
  7.91000E-01  1.00000E+00  1.00000E-04  0.00000E+00
  7.92000E-01  1.00000E+00  1.00000E-04 -1.83638E-11
  7.93000E-01  1.00000E+00  1.00000E-04  0.00000E+00
  7.94000E-01  1.00000E+00  1.00000E-04  1.83639E-11
  7.95000E-01  1.00000E+00  1.00000E-04 -1.83684E-11
  7.96000E-01  1.00000E+00  1.00000E-04  0.00000E+00
  7.97000E-01  1.00000E+00  1.00000E-04  1.83663E-11
  7.98000E-01  1.00000E+00  1.00000E-04  7.34641E-11
  7.99000E-01  9.99999E-01  9.99999E-05  0.00000E+00
  8.00000E-01  1.00000E+00  1.00000E-04 -7.34650E-11
  8.01000E-01  1.00000E+00  1.00000E-04  7.34789E-11
  8.02000E-01  9.99999E-01  9.99999E-05  0.00000E+00
  8.03000E-01  1.00000E+00  1.00000E-04 -7.34567E-11
  8.04000E-01  1.00000E+00  1.00000E-04  0.00000E+00
  8.05000E-01  1.00000E+00  1.00000E-04 -5.02826E-10
  8.06000E-01  1.00000E+00  1.00000E-04 -8.61165E-08
  8.07000E-01  1.00000E+00  1.00121E-04 -1.07301E-12
  8.08000E-01  1.00000E+00  1.00000E-04  8.56144E-08
  8.09000E-01  1.00000E+00  1.00000E-04 -8.56091E-08
  8.10000E-01  1.00000E+00  1.00121E-04  1.10076E-12
  8.11000E-01  1.00000E+00  1.00000E-04  8.61185E-08
  8.12000E-01  1.00000E+00  1.00000E-04  5.57009E-10
  8.13000E-01  1.00000E+00  1.00000E-04  0.00000E+00
  8.14000E-01  1.00000E+00  1.00000E-04 -5.50999E-11
  8.15000E-01  1.00000E+00  1.00000E-04  5.51084E-11
  8.16000E-01  1.00000E+00  1.00000E-04  1.83657E-11
  8.17000E-01  1.00000E+00  1.00000E-04 -1.10196E-10
  8.18000E-01  1.00000E+00  1.00000E-04  1.83690E-11
  8.19000E-01  1.00000E+00  1.00000E-04  1.83662E-11
  8.20000E-01  1.00000E+00  1.00000E-04  0.00000E+00
  8.21000E-01  1.00000E+00  1.00000E-04  0.00000E+00
  8.22000E-01  1.00000E+00  1.00000E-04  0.00000E+00
  8.23000E-01  1.00000E+00  1.00000E-04  3.67325E-11
  8.24000E-01  1.00000E+00  1.00000E-04  2.47443E-16
  8.25000E-01  1.00000E+00  1.00000E-04 -1.83707E-11
  8.26000E-01  1.00000E+00  1.00000E-04  7.76995E-17
  8.27000E-01  1.00000E+00  1.00000E-04 -1.83672E-11
  8.28000E-01  1.00000E+00  1.00000E-04  0.00000E+00
  8.29000E-01  1.00000E+00  1.00000E-04  1.83669E-11
  8.30000E-01  1.00000E+00  1.00000E-04  0.00000E+00
  8.31000E-01  1.00000E+00  1.00000E-04 -1.83686E-11
  8.32000E-01  1.00000E+00  1.00000E-04  0.00000E+00
  8.33000E-01  1.00000E+00  1.00000E-04  0.00000E+00
  8.34000E-01  1.00000E+00  1.00000E-04  3.67409E-11
  8.35000E-01  1.00000E+00  1.00000E-04  0.00000E+00
  8.36000E-01  1.00000E+00  1.00000E-04 -3.67361E-11
  8.37000E-01  1.00000E+00  1.00000E-04  0.00000E+00
  8.38000E-01  1.00000E+00  1.00000E-04 -6.21181E-10
  8.39000E-01  1.00000E+00  1.00000E-04 -1.06415E-07
  8.40000E-01  1.00000E+00  1.00150E-04 -7.54311E-11
  8.41000E-01  1.00000E+00  1.00000E-04  1.06506E-07
  8.42000E-01  1.00000E+00  1.00000E-04  6.57955E-10
  8.43000E-01  1.00000E+00  1.00000E-04  8.54695E-17
  8.44000E-01  1.00000E+00  1.00000E-04 -3.67351E-11
  8.45000E-01  1.00000E+00  1.00000E-04  1.83685E-11
  8.46000E-01  1.00000E+00  1.00000E-04  0.00000E+00
  8.47000E-01  1.00000E+00  1.00000E-04 -3.67331E-11
  8.48000E-01  1.00000E+00  1.00000E-04  1.83722E-11
  8.49000E-01  1.00000E+00  1.00000E-04  0.00000E+00
  8.50000E-01  1.00000E+00  1.00000E-04  0.00000E+00
  8.51000E-01  1.00000E+00  1.00000E-04 -9.18390E-12
  8.52000E-01  1.00000E+00  1.00000E-04 -9.18385E-12
  8.53000E-01  1.00000E+00  1.00000E-04  3.67306E-11
  8.54000E-01  1.00000E+00  1.00000E-04  5.25122E-12
  8.55000E-01  1.00000E+00  1.00000E-04  7.84167E-10
  8.56000E-01  9.99994E-01  9.99994E-05 -5.81046E-16
  8.57000E-01  1.00000E+00  1.00000E-04 -8.00208E-10
  8.58000E-01  1.00000E+00  1.00000E-04  1.57541E-10
  8.59000E-01  9.99999E-01  9.99999E-05  8.54695E-17
  8.60000E-01  1.00000E+00  1.00000E-04 -1.65302E-10
  8.61000E-01  1.00000E+00  1.00000E-04  0.00000E+00
  8.62000E-01  1.00000E+00  1.00000E-04  0.00000E+00
  8.63000E-01  1.00000E+00  1.00000E-04  0.00000E+00
  8.64000E-01  1.00000E+00  1.00000E-04  0.00000E+00
  8.65000E-01  1.00000E+00  1.00000E-04  0.00000E+00
  8.66000E-01  1.00000E+00  1.00000E-04  1.83676E-11
  8.67000E-01  1.00000E+00  1.00000E-04  3.67351E-11
  8.68000E-01  1.00000E+00  1.00000E-04 -5.51061E-11
  8.69000E-01  1.00000E+00  1.00000E-04  0.00000E+00
  8.70000E-01  1.00000E+00  1.00000E-04  0.00000E+00
  8.71000E-01  1.00000E+00  1.00000E-04  1.83701E-11
  8.72000E-01  1.00000E+00  1.00000E-04  5.50970E-11
  8.73000E-01  1.00000E+00  1.00000E-04 -1.10202E-10
  8.74000E-01  1.00000E+00  1.00000E-04  1.83697E-11
  8.75000E-01  1.00000E+00  1.00000E-04  1.83660E-11
  8.76000E-01  1.00000E+00  1.00000E-04  3.67292E-11
  8.77000E-01  1.00000E+00  1.00000E-04  0.00000E+00
  8.78000E-01  1.00000E+00  1.00000E-04 -5.51022E-11
  8.79000E-01  1.00000E+00  1.00000E-04  5.51088E-11
  8.80000E-01  1.00000E+00  1.00000E-04  1.83699E-11
  8.81000E-01  1.00000E+00  1.00000E-04  1.65269E-10
  8.82000E-01  9.99998E-01  9.99998E-05  7.76995E-17
  8.83000E-01  1.00000E+00  1.00000E-04 -2.20361E-10
  8.84000E-01  1.00000E+00  1.00000E-04  1.83668E-11
  8.85000E-01  1.00000E+00  1.00000E-04  0.00000E+00
  8.86000E-01  1.00000E+00  1.00000E-04 -1.83706E-11
  8.87000E-01  1.00000E+00  1.00000E-04  0.00000E+00
  8.88000E-01  1.00000E+00  1.00000E-04  0.00000E+00
  8.89000E-01  1.00000E+00  1.00000E-04  1.83680E-11
  8.90000E-01  1.00000E+00  1.00000E-04  0.00000E+00
  8.91000E-01  1.00000E+00  1.00000E-04 -1.83640E-11
  8.92000E-01  1.00000E+00  1.00000E-04  0.00000E+00
  8.93000E-01  1.00000E+00  1.00000E-04  0.00000E+00
  8.94000E-01  1.00000E+00  1.00000E-04  0.00000E+00
  8.95000E-01  1.00000E+00  1.00000E-04  1.83676E-11
  8.96000E-01  1.00000E+00  1.00000E-04 -1.83693E-11
  8.97000E-01  1.00000E+00  1.00000E-04  0.00000E+00
  8.98000E-01  1.00000E+00  1.00000E-04  0.00000E+00
  8.99000E-01  1.00000E+00  1.00000E-04 -2.44871E-16
  9.00000E-01  1.00000E+00  1.00000E-04  1.14794E-16
  9.01000E-01  1.00000E+00  1.00000E-04  1.30077E-16
  9.02000E-01  1.00000E+00  1.00000E-04  0.00000E+00
  9.03000E-01  1.00000E+00  1.00000E-04 -9.18425E-12
  9.04000E-01  1.00000E+00  1.00000E-04 -9.18279E-12
  9.05000E-01  1.00000E+00  1.00000E-04  8.54695E-17
  9.06000E-01  1.00000E+00  1.00000E-04 -3.67361E-11
  9.07000E-01  1.00000E+00  1.00000E-04  3.67421E-11
  9.08000E-01  1.00000E+00  1.00000E-04  1.83639E-11
  9.09000E-01  1.00000E+00  1.00000E-04  1.83672E-11
  9.10000E-01  1.00000E+00  1.00000E-04 -9.18256E-12
  9.11000E-01  1.00000E+00  1.00000E-04 -9.18374E-12
  9.12000E-01  1.00000E+00  1.00000E-04  7.76995E-17
  9.13000E-01  1.00000E+00  1.00000E-04  0.00000E+00
  9.14000E-01  1.00000E+00  1.00000E-04  0.00000E+00
  9.15000E-01  1.00000E+00  1.00000E-04  0.00000E+00
  9.16000E-01  1.00000E+00  1.00000E-04  7.34648E-11
  9.17000E-01  9.99999E-01  9.99999E-05  0.00000E+00
  9.18000E-01  1.00000E+00  1.00000E-04 -7.34764E-11
  9.19000E-01  1.00000E+00  1.00000E-04  0.00000E+00
  9.20000E-01  1.00000E+00  1.00000E-04  0.00000E+00
  9.21000E-01  1.00000E+00  1.00000E-04  9.18426E-11
  9.22000E-01  9.99999E-01  9.99999E-05  3.02648E-16
  9.23000E-01  1.00000E+00  1.00000E-04 -5.50891E-11
  9.24000E-01  1.00000E+00  1.00000E-04  5.50847E-11
  9.25000E-01  1.00000E+00  1.00000E-04 -5.50852E-11
  9.26000E-01  1.00000E+00  1.00000E-04 -3.67308E-11
  9.27000E-01  1.00000E+00  1.00000E-04  0.00000E+00
  9.28000E-01  1.00000E+00  1.00000E-04 -2.33099E-16
  9.29000E-01  1.00000E+00  1.00000E-04  7.76995E-17
  9.30000E-01  1.00000E+00  1.00000E-04  7.76995E-17
  9.31000E-01  1.00000E+00  1.00000E-04  1.83649E-11
  9.32000E-01  1.00000E+00  1.00000E-04  6.37478E-12
  9.33000E-01  1.00000E+00  1.00000E-04 -6.37487E-12
  9.34000E-01  1.00000E+00  1.00000E-04 -1.83693E-11
  9.35000E-01  1.00000E+00  1.00000E-04  0.00000E+00
  9.36000E-01  1.00000E+00  1.00000E-04 -3.67295E-11
  9.37000E-01  1.00000E+00  1.00000E-04  0.00000E+00
  9.38000E-01  1.00000E+00  1.00000E-04  1.10181E-10
  9.39000E-01  1.00000E+00  1.00000E-04  0.00000E+00
  9.40000E-01  1.00000E+00  1.00000E-04 -1.10213E-10
  9.41000E-01  1.00000E+00  1.00000E-04  0.00000E+00
  9.42000E-01  1.00000E+00  1.00000E-04  1.28548E-10
  9.43000E-01  1.00000E+00  1.00000E-04 -1.83624E-11
  9.44000E-01  1.00000E+00  1.00000E-04 -1.83691E-11
  9.45000E-01  1.00000E+00  1.00000E-04  4.95735E-10
  9.46000E-01  9.99996E-01  9.99996E-05  1.46922E-10
  9.47000E-01  1.00000E+00  1.00000E-04 -7.16009E-10
  9.48000E-01  1.00000E+00  1.00000E-04  1.83673E-11
  9.49000E-01  1.00000E+00  1.00000E-04  1.83635E-11
  9.50000E-01  1.00000E+00  1.00000E-04  5.50833E-11
  9.51000E-01  1.00000E+00  1.00000E-04  1.83677E-11
  9.52000E-01  1.00000E+00  1.00000E-04 -2.01801E-12
  9.53000E-01  1.00000E+00  1.00000E-04 -1.63506E-11
  9.54000E-01  1.00000E+00  1.00000E-04 -1.65268E-10
  9.55000E-01  1.00000E+00  1.00000E-04  5.51088E-11
  9.56000E-01  1.00000E+00  1.00000E-04  5.51135E-11
  9.57000E-01  1.00000E+00  1.00000E-04  1.83704E-11
  9.58000E-01  1.00000E+00  1.00000E-04  3.67306E-11
  9.59000E-01  1.00000E+00  1.00000E-04 -1.10167E-10
  9.60000E-01  1.00000E+00  1.00000E-04  1.83625E-11
  9.61000E-01  1.00000E+00  1.00000E-04  1.83676E-11
  9.62000E-01  1.00000E+00  1.00000E-04 -3.67285E-11
  9.63000E-01  1.00000E+00  1.00000E-04 -7.34809E-11
  9.64000E-01  1.00000E+00  1.00000E-04  1.83675E-10
  9.65000E-01  1.00000E+00  1.00000E-04  1.83661E-11
  9.66000E-01  1.00000E+00  1.00000E-04 -2.20333E-10
  9.67000E-01  1.00000E+00  1.00000E-04  7.34868E-11
  9.68000E-01  1.00000E+00  1.00000E-04 -1.21530E-16
  9.69000E-01  1.00000E+00  1.00000E-04 -1.83708E-11
  9.70000E-01  1.00000E+00  1.00000E-04  1.83676E-11
  9.71000E-01  1.00000E+00  1.00000E-04  1.28526E-10
  9.72000E-01  9.99999E-01  9.99999E-05  3.67364E-11
  9.73000E-01  1.00000E+00  1.00000E-04  5.87602E-10
  9.74000E-01  9.99995E-01  9.99995E-05  3.67246E-11
  9.75000E-01  1.00000E+00  1.00000E-04 -7.65024E-10
  9.76000E-01  1.00000E+00  1.00000E-04  6.73504E-11
  9.77000E-01  1.00000E+00  9.99999E-05  5.50975E-11
  9.78000E-01  1.00000E+00  1.00000E-04 -1.65270E-10
  9.79000E-01  9.99999E-01  1.00000E-04  1.47978E-15
  9.80000E-01  1.00000E+00  1.00000E-04  4.03880E-10
  9.81000E-01  9.99998E-01  9.99998E-05  1.83729E-11
  9.82000E-01  1.00000E+00  1.00000E-04 -5.32447E-10
  9.83000E-01  1.00000E+00  1.00000E-04  7.34596E-11
  9.84000E-01  1.00000E+00  1.00000E-04  1.78877E-12
  9.85000E-01  1.00000E+00  1.00000E-04  6.22572E-10
  9.86000E-01  9.99996E-01  9.99995E-05 -5.13991E-10
  9.87000E-01  1.00001E+00  1.00001E-04 -6.42820E-10
  9.88000E-01  1.00000E+00  1.00000E-04  4.44982E-10
  9.89000E-01  1.00000E+00  1.00000E-04  2.43108E-09
  9.90000E-01  9.99981E-01  9.99981E-05  2.16852E-10
  9.91000E-01  1.00000E+00  1.00000E-04 -2.43093E-09
  9.92000E-01  1.00000E+00  1.00000E-04 -1.96030E-11
  9.93000E-01  1.00000E+00  1.00000E-04  0.00000E+00
  9.94000E-01  1.00000E+00  1.00000E-04 -3.67301E-11
  9.95000E-01  1.00000E+00  1.00000E-04  0.00000E+00
  9.96000E-01  1.00000E+00  1.00000E-04  3.67378E-11
  9.97000E-01  1.00000E+00  1.00000E-04  0.00000E+00
  9.98000E-01  1.00000E+00  1.00000E-04  0.00000E+00
  9.99000E-01  1.00000E+00  1.00000E-04  0.00000E+00
