  0.00000E+00  4.00481E-05  5.68809E+01  8.09390E-03
  1.00000E-03  4.00487E-05  5.68823E+01  2.50109E-02
  2.00000E-03  4.00494E-05  5.68849E+01  6.26750E-02
  3.00000E-03  4.00522E-05  5.68879E+01  1.11994E-01
  4.00000E-03  4.00554E-05  5.68903E+01  1.61007E-01
  5.00000E-03  4.00678E-05  5.68923E+01  2.05653E-01
  6.00000E-03  4.01008E-05  5.68940E+01  2.45904E-01
  7.00000E-03  4.01471E-05  5.68954E+01  2.83897E-01
  8.00000E-03  4.02026E-05  5.68966E+01  3.23073E-01
  9.00000E-03  4.02538E-05  5.68974E+01  3.64485E-01
  1.00000E-02  4.02914E-05  5.68983E+01  4.05703E-01
  1.10000E-02  4.03183E-05  5.68991E+01  4.44331E-01
  1.20000E-02  4.03514E-05  5.68998E+01  4.82906E-01
  1.30000E-02  4.05463E-05  5.69001E+01  5.23697E-01
  1.40000E-02  4.13597E-05  5.69005E+01  5.66109E-01
  1.50000E-02  4.31409E-05  5.69010E+01  6.08504E-01
  1.60000E-02  4.56400E-05  5.69019E+01  6.54086E-01
  1.70000E-02  4.87009E-05  5.69028E+01  7.01004E-01
  1.80000E-02  5.20530E-05  5.69036E+01  7.48366E-01
  1.90000E-02  5.57312E-05  5.69041E+01  7.94887E-01
  2.00000E-02  5.96807E-05  5.69045E+01  8.37458E-01
  2.10000E-02  6.42192E-05  5.69045E+01  8.78886E-01
  2.20000E-02  6.88280E-05  5.69043E+01  9.22690E-01
  2.30000E-02  7.42036E-05  5.69041E+01  9.64388E-01
  2.40000E-02  7.99846E-05  5.69042E+01  1.00576E+00
  2.50000E-02  8.62364E-05  5.69044E+01  1.04889E+00
  2.60000E-02  9.36053E-05  5.69048E+01  1.09126E+00
  2.70000E-02  1.01671E-04  5.69047E+01  1.13142E+00
  2.80000E-02  1.11176E-04  5.69046E+01  1.17300E+00
  2.90000E-02  1.22216E-04  5.69046E+01  1.21359E+00
  3.00000E-02  1.35128E-04  5.69054E+01  1.24753E+00
  3.10000E-02  1.50167E-04  5.69063E+01  1.28457E+00
  3.20000E-02  1.68225E-04  5.69071E+01  1.32577E+00
  3.30000E-02  1.89265E-04  5.69084E+01  1.36782E+00
  3.40000E-02  2.14702E-04  5.69097E+01  1.40811E+00
  3.50000E-02  2.44878E-04  5.69113E+01  1.44692E+00
  3.60000E-02  2.79847E-04  5.69124E+01  1.48503E+00
  3.70000E-02  3.21324E-04  5.69132E+01  1.52489E+00
  3.80000E-02  3.68718E-04  5.69146E+01  1.56633E+00
  3.90000E-02  4.22275E-04  5.69162E+01  1.60684E+00
  4.00000E-02  4.83139E-04  5.69171E+01  1.64541E+00
  4.10000E-02  5.48462E-04  5.69180E+01  1.68758E+00
  4.20000E-02  6.21048E-04  5.69186E+01  1.73269E+00
  4.30000E-02  6.98890E-04  5.69193E+01  1.77998E+00
  4.40000E-02  7.81574E-04  5.69200E+01  1.82245E+00
  4.50000E-02  8.70347E-04  5.69195E+01  1.86522E+00
  4.60000E-02  9.62882E-04  5.69179E+01  1.91596E+00
  4.70000E-02  1.06313E-03  5.69167E+01  1.95176E+00
  4.80000E-02  1.16644E-03  5.69158E+01  1.98910E+00
  4.90000E-02  1.27562E-03  5.69141E+01  2.02793E+00
  5.00000E-02  1.39095E-03  5.69103E+01  2.06092E+00
  5.10000E-02  1.51230E-03  5.69104E+01  2.10414E+00
  5.20000E-02  1.64065E-03  5.69100E+01  2.14826E+00
  5.30000E-02  1.77619E-03  5.69121E+01  2.19208E+00
  5.40000E-02  1.92083E-03  5.69150E+01  2.23046E+00
  5.50000E-02  2.07004E-03  5.69135E+01  2.26580E+00
  5.60000E-02  2.23765E-03  5.69126E+01  2.30116E+00
  5.70000E-02  2.40596E-03  5.69102E+01  2.33018E+00
  5.80000E-02  2.59441E-03  5.69043E+01  2.35187E+00
  5.90000E-02  2.78731E-03  5.68984E+01  2.38020E+00
  6.00000E-02  3.00313E-03  5.68929E+01  2.41859E+00
  6.10000E-02  3.22950E-03  5.68914E+01  2.46069E+00
  6.20000E-02  3.46633E-03  5.68876E+01  2.49206E+00
  6.30000E-02  3.72985E-03  5.68864E+01  2.53395E+00
  6.40000E-02  4.00511E-03  5.68861E+01  2.57970E+00
  6.50000E-02  4.29745E-03  5.68857E+01  2.62554E+00
  6.60000E-02  4.60061E-03  5.68802E+01  2.66539E+00
  6.70000E-02  4.92564E-03  5.68784E+01  2.70717E+00
  6.80000E-02  5.26961E-03  5.68775E+01  2.74829E+00
  6.90000E-02  5.62581E-03  5.68740E+01  2.79216E+00
  7.00000E-02  5.99691E-03  5.68726E+01  2.83613E+00
  7.10000E-02  6.38601E-03  5.68706E+01  2.88157E+00
  7.20000E-02  6.79222E-03  5.68691E+01  2.92682E+00
  7.30000E-02  7.20052E-03  5.68788E+01  2.96788E+00
  7.40000E-02  7.63999E-03  5.68894E+01  3.00464E+00
  7.50000E-02  8.09891E-03  5.68962E+01  3.04372E+00
  7.60000E-02  8.57419E-03  5.69132E+01  3.08844E+00
  7.70000E-02  9.04327E-03  5.69096E+01  3.12118E+00
  7.80000E-02  9.56725E-03  5.69107E+01  3.16960E+00
  7.90000E-02  1.00957E-02  5.69110E+01  3.20981E+00
  8.00000E-02  1.06424E-02  5.69141E+01  3.25605E+00
  8.10000E-02  1.12319E-02  5.69314E+01  3.28736E+00
  8.20000E-02  1.18240E-02  5.69398E+01  3.33497E+00
  8.30000E-02  1.24634E-02  5.69389E+01  3.37512E+00
  8.40000E-02  1.30949E-02  5.69411E+01  3.42073E+00
  8.50000E-02  1.37979E-02  5.69443E+01  3.45687E+00
  8.60000E-02  1.45051E-02  5.69439E+01  3.50301E+00
  8.70000E-02  1.52679E-02  5.69456E+01  3.55145E+00
  8.80000E-02  1.60269E-02  5.69580E+01  3.59330E+00
  8.90000E-02  1.68394E-02  5.69820E+01  3.62188E+00
  9.00000E-02  1.76800E-02  5.69976E+01  3.65481E+00
  9.10000E-02  1.85473E-02  5.70177E+01  3.68665E+00
  9.20000E-02  1.94714E-02  5.70372E+01  3.72654E+00
  9.30000E-02  2.04195E-02  5.70365E+01  3.77088E+00
  9.40000E-02  2.14055E-02  5.70373E+01  3.81712E+00
  9.50000E-02  2.24290E-02  5.70409E+01  3.85743E+00
  9.60000E-02  2.34957E-02  5.70587E+01  3.88409E+00
  9.70000E-02  2.46077E-02  5.70561E+01  3.93576E+00
  9.80000E-02  2.57598E-02  5.70665E+01  3.98543E+00
  9.90000E-02  2.70016E-02  5.70695E+01  4.03379E+00
  1.00000E-01  2.82152E-02  5.71034E+01  4.06154E+00
  1.01000E-01  2.95477E-02  5.71444E+01  4.08899E+00
  1.02000E-01  3.08971E-02  5.71466E+01  4.13572E+00
  1.03000E-01  3.22538E-02  5.71497E+01  4.18322E+00
  1.04000E-01  3.37438E-02  5.71617E+01  4.21760E+00
  1.05000E-01  3.52405E-02  5.71957E+01  4.25003E+00
  1.06000E-01  3.67786E-02  5.71999E+01  4.28792E+00
  1.07000E-01  3.84100E-02  5.72353E+01  4.31426E+00
  1.08000E-01  4.01007E-02  5.72903E+01  4.36467E+00
  1.09000E-01  4.18185E-02  5.73418E+01  4.41715E+00
  1.10000E-01  4.35929E-02  5.73259E+01  4.44955E+00
  1.11000E-01  4.54030E-02  5.73095E+01  4.49599E+00
  1.12000E-01  4.73128E-02  5.73160E+01  4.55127E+00
  1.13000E-01  4.92758E-02  5.73702E+01  4.59091E+00
  1.14000E-01  5.13274E-02  5.74482E+01  4.62808E+00
  1.15000E-01  5.34685E-02  5.74792E+01  4.65890E+00
  1.16000E-01  5.55956E-02  5.74802E+01  4.70602E+00
  1.17000E-01  5.77998E-02  5.74844E+01  4.74284E+00
  1.18000E-01  6.01393E-02  5.74925E+01  4.80112E+00
  1.19000E-01  6.25230E-02  5.75635E+01  4.83285E+00
  1.20000E-01  6.50134E-02  5.76500E+01  4.86845E+00
  1.21000E-01  6.75300E-02  5.76777E+01  4.90326E+00
  1.22000E-01  7.01881E-02  5.76949E+01  4.95337E+00
  1.23000E-01  7.28298E-02  5.77578E+01  4.98314E+00
  1.24000E-01  7.56936E-02  5.78188E+01  5.01517E+00
  1.25000E-01  7.86031E-02  5.79114E+01  5.08591E+00
  1.26000E-01  8.15419E-02  5.79332E+01  5.12614E+00
  1.27000E-01  8.45711E-02  5.79717E+01  5.17174E+00
  1.28000E-01  8.77297E-02  5.80247E+01  5.18712E+00
  1.29000E-01  9.09101E-02  5.80554E+01  5.22292E+00
  1.30000E-01  9.43226E-02  5.81215E+01  5.28505E+00
  1.31000E-01  9.76368E-02  5.81589E+01  5.33967E+00
  1.32000E-01  1.01348E-01  5.82697E+01  5.36546E+00
  1.33000E-01  1.04802E-01  5.83018E+01  5.42524E+00
  1.34000E-01  1.08779E-01  5.83977E+01  5.46964E+00
  1.35000E-01  1.12680E-01  5.85006E+01  5.49616E+00
  1.36000E-01  1.16602E-01  5.85757E+01  5.55560E+00
  1.37000E-01  1.20934E-01  5.87089E+01  5.59744E+00
  1.38000E-01  1.24909E-01  5.87725E+01  5.61394E+00
  1.39000E-01  1.29491E-01  5.88619E+01  5.66208E+00
  1.40000E-01  1.33834E-01  5.89334E+01  5.70364E+00
  1.41000E-01  1.38412E-01  5.90067E+01  5.73770E+00
  1.42000E-01  1.43337E-01  5.91796E+01  5.79841E+00
  1.43000E-01  1.48080E-01  5.92445E+01  5.83888E+00
  1.44000E-01  1.53009E-01  5.93279E+01  5.88146E+00
  1.45000E-01  1.58392E-01  5.94752E+01  5.93092E+00
  1.46000E-01  1.63482E-01  5.95695E+01  5.97635E+00
  1.47000E-01  1.69082E-01  5.97658E+01  6.03290E+00
  1.48000E-01  1.74760E-01  5.98919E+01  6.07304E+00
  1.49000E-01  1.80502E-01  6.00088E+01  6.10324E+00
  1.50000E-01  1.86378E-01  6.02093E+01  6.15102E+00
  1.51000E-01  1.92833E-01  6.03397E+01  6.18335E+00
  1.52000E-01  1.98704E-01  6.04451E+01  6.22884E+00
  1.53000E-01  2.05638E-01  6.06556E+01  6.29508E+00
  1.54000E-01  2.11872E-01  6.07337E+01  6.32999E+00
  1.55000E-01  2.19225E-01  6.09470E+01  6.37786E+00
  1.56000E-01  2.26158E-01  6.11911E+01  6.43370E+00
  1.57000E-01  2.33457E-01  6.13432E+01  6.46739E+00
  1.58000E-01  2.41147E-01  6.15995E+01  6.52615E+00
  1.59000E-01  2.48611E-01  6.17669E+01  6.56246E+00
  1.60000E-01  2.56828E-01  6.19888E+01  6.60473E+00
  1.61000E-01  2.64928E-01  6.22841E+01  6.66799E+00
  1.62000E-01  2.73358E-01  6.24154E+01  6.69930E+00
  1.63000E-01  2.82017E-01  6.26674E+01  6.75045E+00
  1.64000E-01  2.91115E-01  6.30235E+01  6.81947E+00
  1.65000E-01  3.00295E-01  6.31740E+01  6.84708E+00
  1.66000E-01  3.09499E-01  6.34570E+01  6.89087E+00
  1.67000E-01  3.19969E-01  6.38555E+01  6.95723E+00
  1.68000E-01  3.29632E-01  6.40436E+01  6.99145E+00
  1.69000E-01  3.39732E-01  6.43327E+01  7.04412E+00
  1.70000E-01  3.51574E-01  6.48018E+01  7.11614E+00
  1.71000E-01  3.61946E-01  6.50377E+01  7.14555E+00
  1.72000E-01  3.73357E-01  6.53150E+01  7.18669E+00
  1.73000E-01  3.86026E-01  6.58643E+01  7.26754E+00
  1.74000E-01  3.97394E-01  6.61101E+01  7.30450E+00
  1.75000E-01  4.10286E-01  6.64723E+01  7.35148E+00
  1.76000E-01  4.23698E-01  6.70346E+01  7.42348E+00
  1.77000E-01  4.36470E-01  6.73092E+01  7.45479E+00
  1.78000E-01  4.50690E-01  6.77662E+01  7.51156E+00
  1.79000E-01  4.65073E-01  6.83620E+01  7.58815E+00
  1.80000E-01  4.79711E-01  6.86806E+01  7.62198E+00
  1.81000E-01  4.94699E-01  6.91669E+01  7.67476E+00
  1.82000E-01  5.11705E-01  6.99087E+01  7.75914E+00
  1.83000E-01  5.27371E-01  7.02608E+01  7.79583E+00
  1.84000E-01  5.44076E-01  7.07407E+01  7.83861E+00
  1.85000E-01  5.62323E-01  7.15480E+01  7.92867E+00
  1.86000E-01  5.81094E-01  7.21183E+01  7.97563E+00
  1.87000E-01  5.98413E-01  7.25383E+01  8.00992E+00
  1.88000E-01  6.19374E-01  7.34919E+01  8.09912E+00
  1.89000E-01  6.40006E-01  7.41297E+01  8.15769E+00
  1.90000E-01  6.59096E-01  7.45764E+01  8.19152E+00
  1.91000E-01  6.82256E-01  7.55442E+01  8.27970E+00
  1.92000E-01  7.06246E-01  7.64524E+01  8.35365E+00
  1.93000E-01  7.27126E-01  7.69283E+01  8.38270E+00
  1.94000E-01  7.52958E-01  7.79018E+01  8.45671E+00
  1.95000E-01  7.80160E-01  7.90798E+01  8.54774E+00
  1.96000E-01  8.04342E-01  7.96654E+01  8.58124E+00
  1.97000E-01  8.31469E-01  8.05119E+01  8.63870E+00
  1.98000E-01  8.62868E-01  8.19336E+01  8.74843E+00
  1.99000E-01  8.92090E-01  8.28775E+01  8.79966E+00
  2.00000E-01  9.21055E-01  8.36785E+01  8.83322E+00
  2.01000E-01  9.56060E-01  8.51526E+01  8.93887E+00
  2.02000E-01  9.89896E-01  8.63103E+01  9.02058E+00
  2.03000E-01  1.02154E+00  8.71230E+01  9.05750E+00
  2.04000E-01  1.06124E+00  8.87425E+01  9.14241E+00
  2.05000E-01  1.10321E+00  9.05054E+01  9.23827E+00
  2.06000E-01  1.13918E+00  9.14168E+01  9.27932E+00
  2.07000E-01  1.18022E+00  9.27208E+01  9.35259E+00
  2.08000E-01  1.22881E+00  9.48272E+01  9.46343E+00
  2.09000E-01  1.27400E+00  9.63723E+01  9.52787E+00
  2.10000E-01  1.31831E+00  9.75946E+01  9.57108E+00
  2.11000E-01  1.37258E+00  9.97628E+01  9.67436E+00
  2.12000E-01  1.42846E+00  1.01946E+02  9.77091E+00
  2.13000E-01  1.48009E+00  1.03353E+02  9.82445E+00
  2.14000E-01  1.53725E+00  1.05255E+02  9.90420E+00
  2.15000E-01  1.60421E+00  1.07978E+02  1.00166E+01
  2.16000E-01  1.66800E+00  1.10130E+02  1.00879E+01
  2.17000E-01  1.73266E+00  1.12099E+02  1.01459E+01
  2.18000E-01  1.80734E+00  1.14910E+02  1.02507E+01
  2.19000E-01  1.88567E+00  1.17802E+02  1.03512E+01
  2.20000E-01  1.96140E+00  1.20075E+02  1.04149E+01
  2.21000E-01  2.04519E+00  1.22898E+02  1.05003E+01
  2.22000E-01  2.13926E+00  1.26447E+02  1.06139E+01
  2.23000E-01  2.23248E+00  1.29515E+02  1.06938E+01
  2.24000E-01  2.32705E+00  1.32365E+02  1.07654E+01
  2.25000E-01  2.43575E+00  1.36297E+02  1.08744E+01
  2.26000E-01  2.54761E+00  1.40313E+02  1.09726E+01
  2.27000E-01  2.65988E+00  1.43470E+02  1.10418E+01
  2.28000E-01  2.78990E+00  1.47858E+02  1.11483E+01
  2.29000E-01  2.92933E+00  1.52940E+02  1.12735E+01
  2.30000E-01  3.05268E+00  1.57156E+02  1.13327E+01
  2.31000E-01  3.19741E+00  1.60539E+02  1.13883E+01
  2.32000E-01  3.40059E+00  1.67168E+02  1.15694E+01
  2.33000E-01  3.56027E+00  1.73830E+02  1.16797E+01
  2.34000E-01  3.59832E+00  1.70870E+02  1.15499E+01
  2.35000E-01  3.21265E+00  1.29459E+02  1.00736E+01
  2.36000E-01  1.85306E+00  3.72890E+01  4.87392E+00
  2.37000E-01  1.14107E+00  1.53052E+00  4.96679E-01
  2.38000E-01  1.00753E+00  1.30042E-03  2.35577E-03
  2.39000E-01  1.00000E+00  1.00006E-04  8.98626E-07
  2.40000E-01  1.00000E+00  1.00000E-04  1.01523E-11
  2.41000E-01  1.00000E+00  1.00000E-04  0.00000E+00
  2.42000E-01  1.00000E+00  1.00000E-04  0.00000E+00
  2.43000E-01  1.00000E+00  1.00000E-04  0.00000E+00
  2.44000E-01  1.00000E+00  1.00000E-04  0.00000E+00
  2.45000E-01  1.00000E+00  1.00000E-04  0.00000E+00
  2.46000E-01  1.00000E+00  1.00000E-04  0.00000E+00
  2.47000E-01  1.00000E+00  1.00000E-04 -4.75639E-10
  2.48000E-01  1.00000E+00  1.00000E-04  0.00000E+00
  2.49000E-01  1.00000E+00  1.00000E-04  4.75357E-10
  2.50000E-01  1.00000E+00  1.00000E-04  0.00000E+00
  2.51000E-01  1.00000E+00  1.00000E-04  0.00000E+00
  2.52000E-01  1.00000E+00  1.00000E-04  1.29685E-10
  2.53000E-01  1.00000E+00  1.00000E-04 -8.64290E-11
  2.54000E-01  1.00000E+00  1.00000E-04 -8.64677E-11
  2.55000E-01  1.00000E+00  1.00000E-04 -4.32172E-11
  2.56000E-01  1.00000E+00  1.00000E-04  8.54697E-17
  2.57000E-01  1.00000E+00  1.00000E-04  8.64550E-11
  2.58000E-01  1.00000E+00  1.00000E-04  0.00000E+00
  2.59000E-01  1.00000E+00  1.00000E-04  0.00000E+00
  2.60000E-01  1.00000E+00  1.00000E-04  0.00000E+00
  2.61000E-01  1.00000E+00  1.00000E-04  0.00000E+00
  2.62000E-01  1.00000E+00  1.00000E-04  4.32160E-11
  2.63000E-01  1.00000E+00  1.00000E-04  0.00000E+00
  2.64000E-01  1.00000E+00  1.00000E-04 -4.32400E-11
  2.65000E-01  1.00000E+00  1.00000E-04  0.00000E+00
  2.66000E-01  1.00000E+00  1.00000E-04  0.00000E+00
  2.67000E-01  1.00000E+00  1.00000E-04  0.00000E+00
  2.68000E-01  1.00000E+00  1.00000E-04  0.00000E+00
  2.69000E-01  1.00000E+00  1.00000E-04  0.00000E+00
  2.70000E-01  1.00000E+00  1.00000E-04  1.29732E-10
  2.71000E-01  1.00000E+00  1.00000E-04  8.64255E-11
  2.72000E-01  1.00000E+00  1.00000E-04 -4.32420E-11
  2.73000E-01  1.00000E+00  1.00000E-04 -4.32366E-10
  2.74000E-01  1.00000E+00  1.00000E-04  1.29785E-10
  2.75000E-01  1.00000E+00  1.00000E-04  4.32393E-11
  2.76000E-01  1.00000E+00  1.00000E-04  4.32283E-11
  2.77000E-01  1.00000E+00  1.00000E-04  4.32272E-11
  2.78000E-01  1.00000E+00  1.00000E-04 -4.32281E-11
  2.79000E-01  1.00000E+00  1.00000E-04 -7.76997E-17
  2.80000E-01  1.00000E+00  1.00000E-04  1.47532E-15
  2.81000E-01  1.00000E+00  1.00000E-04  1.43821E-15
  2.82000E-01  1.00000E+00  1.00000E-04  1.03793E-15
  2.83000E-01  1.00000E+00  1.00000E-04 -1.66647E-09
  2.84000E-01  1.00000E+00  1.00000E-04 -3.31490E-07
  2.85000E-01  1.00000E+00  1.00233E-04 -5.05208E-07
  2.86000E-01  1.00000E+00  1.00254E-04  4.04913E-07
  2.87000E-01  1.00000E+00  1.00000E-04  1.75724E-08
  2.88000E-01  1.00000E+00  1.00247E-04  5.55116E-09
  2.89000E-01  1.00000E+00  1.00000E-04  4.04933E-07
  2.90000E-01  1.00000E+00  1.00000E-04  5.42882E-09
  2.91000E-01  1.00000E+00  1.00000E-04  4.04848E-11
  2.92000E-01  1.00000E+00  1.00000E-04  4.32174E-11
  2.93000E-01  1.00000E+00  1.00000E-04 -4.32291E-11
  2.94000E-01  1.00000E+00  1.00000E-04 -1.29632E-10
  2.95000E-01  1.00000E+00  1.00000E-04  0.00000E+00
  2.96000E-01  1.00000E+00  1.00000E-04  0.00000E+00
  2.97000E-01  1.00000E+00  1.00000E-04  0.00000E+00
  2.98000E-01  1.00000E+00  1.00000E-04  0.00000E+00
  2.99000E-01  1.00000E+00  1.00000E-04  0.00000E+00
  3.00000E-01  1.00000E+00  1.00000E-04  0.00000E+00
  3.01000E-01  1.00000E+00  1.00000E-04  0.00000E+00
  3.02000E-01  1.00000E+00  1.00000E-04  0.00000E+00
  3.03000E-01  1.00000E+00  1.00000E-04  0.00000E+00
  3.04000E-01  1.00000E+00  1.00000E-04  0.00000E+00
  3.05000E-01  1.00000E+00  1.00000E-04  0.00000E+00
  3.06000E-01  1.00000E+00  1.00000E-04  0.00000E+00
  3.07000E-01  1.00000E+00  1.00000E-04  1.29701E-10
  3.08000E-01  1.00000E+00  1.00000E-04  8.64755E-11
  3.09000E-01  1.00000E+00  1.00000E-04 -1.29744E-10
  3.10000E-01  1.00000E+00  1.00000E-04 -8.64922E-11
  3.11000E-01  1.00000E+00  1.00000E-04  4.32203E-11
  3.12000E-01  1.00000E+00  1.00000E-04 -4.32077E-11
  3.13000E-01  1.00000E+00  1.00000E-04 -4.32484E-11
  3.14000E-01  1.00000E+00  1.00000E-04  2.16168E-11
  3.15000E-01  1.00000E+00  1.00000E-04  2.16153E-11
  3.16000E-01  1.00000E+00  1.00000E-04  7.76997E-17
  3.17000E-01  1.00000E+00  1.00000E-04  4.32210E-11
  3.18000E-01  1.00000E+00  1.00000E-04 -1.29666E-10
  3.19000E-01  1.00000E+00  1.00000E-04 -4.32454E-11
  3.20000E-01  1.00000E+00  1.00000E-04  1.72974E-10
  3.21000E-01  1.00000E+00  1.00000E-04 -4.32128E-11
  3.22000E-01  1.00000E+00  1.00000E-04 -1.72991E-10
  3.23000E-01  1.00000E+00  1.00000E-04  2.59408E-10
  3.24000E-01  1.00000E+00  1.00000E-04 -2.16062E-10
  3.25000E-01  1.00000E+00  1.00000E-04  2.16238E-11
  3.26000E-01  1.00000E+00  1.00000E-04  2.16231E-11
  3.27000E-01  1.00000E+00  1.00000E-04  1.44150E-11
  3.28000E-01  1.00000E+00  1.00000E-04  1.44029E-11
  3.29000E-01  1.00000E+00  1.00000E-04  1.44038E-11
  3.30000E-01  1.00000E+00  1.00000E-04  4.32061E-11
  3.31000E-01  1.00000E+00  1.00000E-04  0.00000E+00
  3.32000E-01  1.00000E+00  1.00000E-04  1.29679E-10
  3.33000E-01  1.00000E+00  1.00000E-04  4.32063E-11
  3.34000E-01  1.00000E+00  1.00000E-04 -1.29638E-10
  3.35000E-01  1.00000E+00  1.00000E-04  2.39237E-16
  3.36000E-01  1.00000E+00  1.00000E-04  1.03418E-16
  3.37000E-01  1.00000E+00  1.00000E-04 -4.32514E-11
  3.38000E-01  1.00000E+00  1.00000E-04  0.00000E+00
  3.39000E-01  1.00000E+00  1.00000E-04 -1.72874E-10
  3.40000E-01  1.00000E+00  1.00000E-04 -4.32446E-11
  3.41000E-01  1.00000E+00  1.00000E-04  1.72864E-10
  3.42000E-01  1.00000E+00  1.00000E-04 -4.32413E-11
  3.43000E-01  1.00000E+00  1.00000E-04  4.32314E-11
  3.44000E-01  1.00000E+00  1.00000E-04  5.57510E-10
  3.45000E-01  9.99999E-01  9.99999E-05 -6.86955E-10
  3.46000E-01  1.00000E+00  1.00000E-04 -3.74285E-10
  3.47000E-01  1.00000E+00  1.00000E-04 -1.92961E-09
  3.48000E-01  1.00000E+00  1.00001E-04  1.22435E-09
  3.49000E-01  1.00000E+00  9.99996E-05  2.09728E-09
  3.50000E-01  1.00000E+00  1.00000E-04 -1.13750E-09
  3.51000E-01  1.00000E+00  1.00000E-04  2.92587E-10
  3.52000E-01  1.00000E+00  1.00000E-04  0.00000E+00
  3.53000E-01  1.00000E+00  1.00000E-04  0.00000E+00
  3.54000E-01  1.00000E+00  1.00000E-04  0.00000E+00
  3.55000E-01  1.00000E+00  1.00000E-04  0.00000E+00
  3.56000E-01  1.00000E+00  1.00000E-04  0.00000E+00
  3.57000E-01  1.00000E+00  1.00000E-04  0.00000E+00
  3.58000E-01  1.00000E+00  1.00000E-04  0.00000E+00
  3.59000E-01  1.00000E+00  1.00000E-04  0.00000E+00
  3.60000E-01  1.00000E+00  1.00000E-04  0.00000E+00
  3.61000E-01  1.00000E+00  1.00000E-04 -7.76996E-17
  3.62000E-01  1.00000E+00  1.00000E-04  0.00000E+00
  3.63000E-01  1.00000E+00  1.00000E-04  7.76996E-17
  3.64000E-01  1.00000E+00  1.00000E-04  0.00000E+00
  3.65000E-01  1.00000E+00  1.00000E-04  0.00000E+00
  3.66000E-01  1.00000E+00  1.00000E-04  0.00000E+00
  3.67000E-01  1.00000E+00  1.00000E-04  0.00000E+00
  3.68000E-01  1.00000E+00  1.00000E-04  0.00000E+00
  3.69000E-01  1.00000E+00  1.00000E-04  0.00000E+00
  3.70000E-01  1.00000E+00  1.00000E-04  0.00000E+00
  3.71000E-01  1.00000E+00  1.00000E-04  0.00000E+00
  3.72000E-01  1.00000E+00  1.00000E-04 -8.64561E-11
  3.73000E-01  1.00000E+00  1.00000E-04 -8.64639E-11
  3.74000E-01  1.00000E+00  1.00000E-04  1.29722E-10
  3.75000E-01  1.00000E+00  1.00000E-04 -4.75492E-10
  3.76000E-01  1.00000E+00  1.00000E-04  7.78584E-17
  3.77000E-01  1.00000E+00  1.00000E-04  5.18886E-10
  3.78000E-01  1.00000E+00  1.00000E-04  0.00000E+00
  3.79000E-01  1.00000E+00  1.00000E-04  0.00000E+00
  3.80000E-01  1.00000E+00  1.00000E-04  0.00000E+00
  3.81000E-01  1.00000E+00  1.00000E-04  1.29696E-10
  3.82000E-01  1.00000E+00  1.00000E-04  4.32280E-11
  3.83000E-01  1.00000E+00  1.00000E-04 -1.29640E-10
  3.84000E-01  1.00000E+00  1.00000E-04  8.64559E-11
  3.85000E-01  1.00000E+00  1.00000E-04 -1.59962E-16
  3.86000E-01  1.00000E+00  1.00000E-04 -1.29689E-10
  3.87000E-01  1.00000E+00  1.00000E-04  0.00000E+00
  3.88000E-01  1.00000E+00  1.00000E-04  0.00000E+00
  3.89000E-01  1.00000E+00  1.00000E-04  0.00000E+00
  3.90000E-01  1.00000E+00  1.00000E-04  0.00000E+00
  3.91000E-01  1.00000E+00  1.00000E-04  0.00000E+00
  3.92000E-01  1.00000E+00  1.00000E-04  0.00000E+00
  3.93000E-01  1.00000E+00  1.00000E-04  0.00000E+00
  3.94000E-01  1.00000E+00  1.00000E-04  0.00000E+00
  3.95000E-01  1.00000E+00  1.00000E-04  0.00000E+00
  3.96000E-01  1.00000E+00  1.00000E-04  0.00000E+00
  3.97000E-01  1.00000E+00  1.00000E-04  1.29684E-10
  3.98000E-01  1.00000E+00  1.00000E-04 -1.29728E-10
  3.99000E-01  1.00000E+00  1.00000E-04 -4.32245E-11
  4.00000E-01  1.00000E+00  1.00000E-04  4.32209E-11
  4.01000E-01  1.00000E+00  1.00000E-04  0.00000E+00
  4.02000E-01  1.00000E+00  1.00000E-04  0.00000E+00
  4.03000E-01  1.00000E+00  1.00000E-04 -5.97198E-12
  4.04000E-01  1.00000E+00  1.00000E-04 -5.10214E-09
  4.05000E-01  1.00000E+00  1.00000E-04 -3.85363E-07
  4.06000E-01  1.00000E+00  1.00233E-04 -5.00068E-11
  4.07000E-01  1.00000E+00  1.00000E-04  3.85299E-07
  4.08000E-01  1.00000E+00  1.00000E-04  5.22503E-09
  4.09000E-01  1.00000E+00  1.00000E-04  6.39374E-12
  4.10000E-01  1.00000E+00  1.00000E-04  0.00000E+00
  4.11000E-01  1.00000E+00  1.00000E-04  0.00000E+00
  4.12000E-01  1.00000E+00  1.00000E-04  0.00000E+00
  4.13000E-01  1.00000E+00  1.00000E-04  0.00000E+00
  4.14000E-01  1.00000E+00  1.00000E-04 -6.39095E-12
  4.15000E-01  1.00000E+00  1.00000E-04 -5.22406E-09
  4.16000E-01  1.00000E+00  1.00000E-04 -3.85365E-07
  4.17000E-01  1.00000E+00  1.00233E-04 -3.08992E-13
  4.18000E-01  1.00000E+00  1.00000E-04  3.85338E-07
  4.19000E-01  1.00000E+00  1.00000E-04  5.23513E-09
  4.20000E-01  1.00000E+00  1.00000E-04  4.14307E-11
  4.21000E-01  1.00000E+00  1.00000E-04  0.00000E+00
  4.22000E-01  1.00000E+00  1.00000E-04  0.00000E+00
  4.23000E-01  1.00000E+00  1.00000E-04  1.72905E-10
  4.24000E-01  1.00000E+00  9.99999E-05  0.00000E+00
  4.25000E-01  1.00000E+00  1.00000E-04 -1.29715E-10
  4.26000E-01  1.00000E+00  1.00000E-04 -1.01786E-16
  4.27000E-01  1.00000E+00  1.00000E-04  9.51269E-10
  4.28000E-01  9.99996E-01  9.99996E-05  4.32326E-11
  4.29000E-01  1.00000E+00  1.00000E-04 -1.01738E-09
  4.30000E-01  1.00000E+00  1.00000E-04 -1.97352E-11
  4.31000E-01  1.00000E+00  1.00000E-04  0.00000E+00
  4.32000E-01  1.00000E+00  1.00000E-04  8.64675E-11
  4.33000E-01  1.00000E+00  1.00000E-04  0.00000E+00
  4.34000E-01  1.00000E+00  1.00000E-04 -8.64438E-11
  4.35000E-01  1.00000E+00  1.00000E-04  0.00000E+00
  4.36000E-01  1.00000E+00  1.00000E-04 -7.76996E-17
  4.37000E-01  1.00000E+00  1.00000E-04 -1.29746E-10
  4.38000E-01  1.00000E+00  1.00000E-04  4.32469E-11
  4.39000E-01  1.00000E+00  1.00000E-04  8.64589E-11
  4.40000E-01  1.00000E+00  1.00000E-04  0.00000E+00
  4.41000E-01  1.00000E+00  1.00000E-04  4.32440E-11
  4.42000E-01  1.00000E+00  1.00000E-04  0.00000E+00
  4.43000E-01  1.00000E+00  1.00000E-04 -4.32358E-11
  4.44000E-01  1.00000E+00  1.00000E-04  4.32425E-11
  4.45000E-01  1.00000E+00  1.00000E-04  0.00000E+00
  4.46000E-01  1.00000E+00  1.00000E-04 -4.32122E-11
  4.47000E-01  1.00000E+00  1.00000E-04  0.00000E+00
  4.48000E-01  1.00000E+00  1.00000E-04  0.00000E+00
  4.49000E-01  1.00000E+00  1.00000E-04  0.00000E+00
  4.50000E-01  1.00000E+00  1.00000E-04  4.32309E-11
  4.51000E-01  1.00000E+00  1.00000E-04 -1.72972E-10
  4.52000E-01  1.00000E+00  1.00000E-04 -4.32701E-11
  4.53000E-01  1.00000E+00  1.00000E-04  1.72844E-10
  4.54000E-01  1.00000E+00  1.00000E-04  4.32193E-11
  4.55000E-01  1.00000E+00  1.00000E-04  0.00000E+00
  4.56000E-01  1.00000E+00  1.00000E-04 -2.16196E-11
  4.57000E-01  1.00000E+00  1.00000E-04 -2.16181E-11
  4.58000E-01  1.00000E+00  1.00000E-04  7.76996E-17
  4.59000E-01  1.00000E+00  1.00000E-04  0.00000E+00
  4.60000E-01  1.00000E+00  1.00000E-04  4.32141E-11
  4.61000E-01  1.00000E+00  1.00000E-04 -8.64236E-11
  4.62000E-01  1.00000E+00  1.00000E-04 -4.32463E-11
  4.63000E-01  1.00000E+00  1.00000E-04  8.64826E-11
  4.64000E-01  1.00000E+00  1.00000E-04  4.32280E-11
  4.65000E-01  1.00000E+00  1.00000E-04  0.00000E+00
  4.66000E-01  1.00000E+00  1.00000E-04 -4.32212E-11
  4.67000E-01  1.00000E+00  1.00000E-04  4.32417E-11
  4.68000E-01  1.00000E+00  1.00000E-04  4.32073E-11
  4.69000E-01  1.00000E+00  1.00000E-04 -2.16192E-10
  4.70000E-01  1.00000E+00  1.00000E-04  8.64808E-11
  4.71000E-01  1.00000E+00  1.00000E-04  4.32330E-11
  4.72000E-01  1.00000E+00  1.00000E-04 -1.72897E-10
  4.73000E-01  1.00000E+00  1.00000E-04  4.32517E-11
  4.74000E-01  1.00000E+00  1.00000E-04  1.29643E-10
  4.75000E-01  1.00000E+00  1.00000E-04 -6.59449E-16
  4.76000E-01  1.00000E+00  1.00000E-04  8.54695E-17
  4.77000E-01  1.00000E+00  1.00000E-04 -8.64276E-11
  4.78000E-01  1.00000E+00  1.00000E-04  4.32506E-11
  4.79000E-01  1.00000E+00  1.00000E-04  8.64298E-11
  4.80000E-01  1.00000E+00  1.00000E-04  8.64338E-11
  4.81000E-01  1.00000E+00  1.00000E-04  4.32419E-11
  4.82000E-01  1.00000E+00  1.00000E-04 -1.29662E-10
  4.83000E-01  1.00000E+00  1.00000E-04 -3.02608E-10
  4.84000E-01  1.00000E+00  1.00000E-04 -1.59703E-10
  4.85000E-01  1.00000E+00  1.00000E-04  8.32703E-10
  4.86000E-01  1.00000E+00  9.99999E-05 -1.10897E-10
  4.87000E-01  1.00000E+00  1.00000E-04 -9.67478E-16
  4.88000E-01  9.99999E-01  9.99999E-05 -1.91968E-11
  4.89000E-01  1.00000E+00  1.00000E-04 -1.99122E-09
  4.90000E-01  1.00000E+00  1.00000E-04  7.12834E-10
  4.91000E-01  1.00000E+00  1.00000E-04  9.93965E-10
  4.92000E-01  1.00000E+00  1.00000E-04  3.02575E-10
  4.93000E-01  9.99999E-01  9.99999E-05 -4.32503E-11
  4.94000E-01  1.00000E+00  1.00000E-04 -2.59420E-10
  4.95000E-01  1.00000E+00  1.00000E-04  0.00000E+00
  4.96000E-01  1.00000E+00  1.00000E-04  0.00000E+00
  4.97000E-01  1.00000E+00  1.00000E-04  0.00000E+00
  4.98000E-01  1.00000E+00  1.00000E-04  0.00000E+00
  4.99000E-01  1.00000E+00  1.00000E-04  0.00000E+00
  5.00000E-01  1.00000E+00  1.00000E-04  0.00000E+00
  5.01000E-01  1.00000E+00  1.00000E-04  0.00000E+00
  5.02000E-01  1.00000E+00  1.00000E-04  0.00000E+00
  5.03000E-01  1.00000E+00  1.00000E-04  0.00000E+00
  5.04000E-01  1.00000E+00  1.00000E-04  0.00000E+00
  5.05000E-01  1.00000E+00  1.00000E-04  5.18727E-10
  5.06000E-01  9.99998E-01  9.99998E-05  0.00000E+00
  5.07000E-01  1.00000E+00  1.00000E-04 -5.18885E-10
  5.08000E-01  1.00000E+00  1.00000E-04  0.00000E+00
  5.09000E-01  1.00000E+00  1.00000E-04  0.00000E+00
  5.10000E-01  1.00000E+00  1.00000E-04 -7.76996E-17
  5.11000E-01  1.00000E+00  1.00000E-04  0.00000E+00
  5.12000E-01  1.00000E+00  1.00000E-04  7.76995E-17
  5.13000E-01  1.00000E+00  1.00000E-04  0.00000E+00
  5.14000E-01  1.00000E+00  1.00000E-04  0.00000E+00
  5.15000E-01  1.00000E+00  1.00000E-04  0.00000E+00
  5.16000E-01  1.00000E+00  1.00000E-04  3.45913E-10
  5.17000E-01  9.99999E-01  9.99999E-05  0.00000E+00
  5.18000E-01  1.00000E+00  1.00000E-04 -3.45944E-10
  5.19000E-01  1.00000E+00  1.00000E-04  0.00000E+00
  5.20000E-01  1.00000E+00  1.00000E-04 -7.76996E-17
  5.21000E-01  1.00000E+00  1.00000E-04  0.00000E+00
  5.22000E-01  1.00000E+00  1.00000E-04  7.76996E-17
  5.23000E-01  1.00000E+00  1.00000E-04  0.00000E+00
  5.24000E-01  1.00000E+00  1.00000E-04  0.00000E+00
  5.25000E-01  1.00000E+00  1.00000E-04  0.00000E+00
  5.26000E-01  1.00000E+00  1.00000E-04  0.00000E+00
  5.27000E-01  1.00000E+00  1.00000E-04  0.00000E+00
  5.28000E-01  1.00000E+00  1.00000E-04  0.00000E+00
  5.29000E-01  1.00000E+00  1.00000E-04  1.72919E-10
  5.30000E-01  9.99999E-01  9.99999E-05  0.00000E+00
  5.31000E-01  1.00000E+00  1.00000E-04 -1.72913E-10
  5.32000E-01  1.00000E+00  1.00000E-04  0.00000E+00
  5.33000E-01  1.00000E+00  1.00000E-04 -4.32286E-11
  5.34000E-01  1.00000E+00  1.00000E-04 -4.32173E-11
  5.35000E-01  1.00000E+00  1.00000E-04  0.00000E+00
  5.36000E-01  1.00000E+00  1.00000E-04  4.32223E-11
  5.37000E-01  1.00000E+00  1.00000E-04  4.32281E-11
  5.38000E-01  1.00000E+00  1.00000E-04  0.00000E+00
  5.39000E-01  1.00000E+00  1.00000E-04  0.00000E+00
  5.40000E-01  1.00000E+00  1.00000E-04  0.00000E+00
  5.41000E-01  1.00000E+00  1.00000E-04 -4.32313E-11
  5.42000E-01  1.00000E+00  1.00000E-04  0.00000E+00
  5.43000E-01  1.00000E+00  1.00000E-04  4.32282E-11
  5.44000E-01  1.00000E+00  1.00000E-04  4.32276E-11
  5.45000E-01  1.00000E+00  1.00000E-04  0.00000E+00
  5.46000E-01  1.00000E+00  1.00000E-04 -4.32229E-11
  5.47000E-01  1.00000E+00  1.00000E-04  0.00000E+00
  5.48000E-01  1.00000E+00  1.00000E-04  0.00000E+00
  5.49000E-01  1.00000E+00  1.00000E-04  0.00000E+00
  5.50000E-01  1.00000E+00  1.00000E-04 -1.04927E-15
  5.51000E-01  1.00000E+00  1.00000E-04 -8.61812E-16
  5.52000E-01  1.00000E+00  1.00000E-04  1.91108E-15
  5.53000E-01  1.00000E+00  1.00000E-04  4.32282E-11
  5.54000E-01  1.00000E+00  1.00000E-04  0.00000E+00
  5.55000E-01  1.00000E+00  1.00000E-04 -4.32135E-11
  5.56000E-01  1.00000E+00  1.00000E-04  1.29721E-10
  5.57000E-01  1.00000E+00  1.00000E-04 -9.40165E-17
  5.58000E-01  1.00000E+00  1.00000E-04  0.00000E+00
  5.59000E-01  1.00000E+00  1.00000E-04  0.00000E+00
  5.60000E-01  1.00000E+00  1.00000E-04  0.00000E+00
  5.61000E-01  1.00000E+00  1.00000E-04  9.40165E-17
  5.62000E-01  1.00000E+00  1.00000E-04 -6.48439E-11
  5.63000E-01  1.00000E+00  1.00000E-04 -6.48479E-11
  5.64000E-01  1.00000E+00  1.00000E-04 -2.01142E-11
  5.65000E-01  1.00000E+00  1.00000E-04  2.01074E-11
  5.66000E-01  1.00000E+00  1.00000E-04  8.64610E-11
  5.67000E-01  1.00000E+00  1.00000E-04  0.00000E+00
  5.68000E-01  1.00000E+00  1.00000E-04 -8.64575E-11
  5.69000E-01  1.00000E+00  1.00000E-04  0.00000E+00
  5.70000E-01  1.00000E+00  1.00000E-04  8.64870E-11
  5.71000E-01  1.00000E+00  1.00000E-04 -9.40165E-17
  5.72000E-01  1.00000E+00  1.00000E-04  0.00000E+00
  5.73000E-01  1.00000E+00  1.00000E-04  9.40165E-17
  5.74000E-01  1.00000E+00  1.00000E-04 -8.64237E-11
  5.75000E-01  1.00000E+00  1.00000E-04  0.00000E+00
  5.76000E-01  1.00000E+00  1.00000E-04  0.00000E+00
  5.77000E-01  1.00000E+00  1.00000E-04  0.00000E+00
  5.78000E-01  1.00000E+00  1.00000E-04  0.00000E+00
  5.79000E-01  1.00000E+00  1.00000E-04  0.00000E+00
  5.80000E-01  1.00000E+00  1.00000E-04  0.00000E+00
  5.81000E-01  1.00000E+00  1.00000E-04  4.32189E-11
  5.82000E-01  1.00000E+00  1.00000E-04  0.00000E+00
  5.83000E-01  1.00000E+00  1.00000E-04 -1.29641E-10
  5.84000E-01  1.00000E+00  1.00000E-04  2.88309E-11
  5.85000E-01  1.00000E+00  1.00000E-04  2.88319E-11
  5.86000E-01  1.00000E+00  1.00000E-04  2.88303E-11
  5.87000E-01  1.00000E+00  1.00000E-04  0.00000E+00
  5.88000E-01  1.00000E+00  1.00000E-04  0.00000E+00
  5.89000E-01  1.00000E+00  1.00000E-04  0.00000E+00
  5.90000E-01  1.00000E+00  1.00000E-04  0.00000E+00
  5.91000E-01  1.00000E+00  1.00000E-04  0.00000E+00
  5.92000E-01  1.00000E+00  1.00000E-04  0.00000E+00
  5.93000E-01  1.00000E+00  1.00000E-04  1.29726E-10
  5.94000E-01  1.00000E+00  1.00000E-04 -1.03418E-16
  5.95000E-01  1.00000E+00  1.00000E-04 -9.40164E-17
  5.96000E-01  1.00000E+00  1.00000E-04  0.00000E+00
  5.97000E-01  1.00000E+00  1.00000E-04  3.58972E-16
  5.98000E-01  1.00000E+00  1.00000E-04  1.03418E-16
  5.99000E-01  1.00000E+00  1.00000E-04 -1.29640E-10
  6.00000E-01  1.00000E+00  1.00000E-04 -6.40489E-12
  6.01000E-01  1.00000E+00  1.00000E-04 -5.22890E-09
  6.02000E-01  1.00000E+00  1.00000E-04 -3.85695E-07
  6.03000E-01  1.00000E+00  1.00233E-04  1.74572E-10
  6.04000E-01  1.00000E+00  1.00000E-04  3.85444E-07
  6.05000E-01  1.00000E+00  1.00000E-04  5.25046E-09
  6.06000E-01  1.00000E+00  1.00000E-04  4.19155E-10
  6.07000E-01  9.99999E-01  9.99999E-05 -3.00452E-11
  6.08000E-01  1.00000E+00  1.00000E-04 -1.72937E-10
  6.09000E-01  9.99999E-01  9.99999E-05  4.32190E-11
  6.10000E-01  1.00000E+00  1.00000E-04 -2.16044E-10
  6.11000E-01  1.00000E+00  1.00000E-04 -4.32369E-11
  6.12000E-01  1.00000E+00  1.00000E-04  1.29719E-10
  6.13000E-01  1.00000E+00  1.00000E-04  0.00000E+00
  6.14000E-01  1.00000E+00  1.00000E-04 -1.29726E-10
  6.15000E-01  1.00000E+00  1.00000E-04  0.00000E+00
  6.16000E-01  1.00000E+00  1.00000E-04  0.00000E+00
  6.17000E-01  1.00000E+00  1.00000E-04  0.00000E+00
  6.18000E-01  1.00000E+00  1.00000E-04  0.00000E+00
  6.19000E-01  1.00000E+00  1.00000E-04  0.00000E+00
  6.20000E-01  1.00000E+00  1.00000E-04  0.00000E+00
  6.21000E-01  1.00000E+00  1.00000E-04  1.29645E-10
  6.22000E-01  1.00000E+00  1.00000E-04 -8.64242E-11
  6.23000E-01  1.00000E+00  1.00000E-04 -1.29715E-10
  6.24000E-01  1.00000E+00  1.00000E-04  4.32427E-11
  6.25000E-01  1.00000E+00  1.00000E-04  4.32390E-11
  6.26000E-01  1.00000E+00  1.00000E-04  0.00000E+00
  6.27000E-01  1.00000E+00  1.00000E-04 -4.32390E-11
  6.28000E-01  1.00000E+00  1.00000E-04  8.64327E-11
  6.29000E-01  1.00000E+00  1.00000E-04  0.00000E+00
  6.30000E-01  1.00000E+00  1.00000E-04 -1.13760E-16
  6.31000E-01  1.00000E+00  1.00000E-04  1.03418E-17
  6.32000E-01  1.00000E+00  1.00000E-04 -6.82979E-17
  6.33000E-01  1.00000E+00  1.00000E-04  8.62465E-17
  6.34000E-01  1.00000E+00  1.00000E-04  8.54695E-17
  6.35000E-01  1.00000E+00  1.00000E-04  0.00000E+00
  6.36000E-01  1.00000E+00  1.00000E-04 -4.32092E-11
  6.37000E-01  1.00000E+00  1.00000E-04 -4.32473E-11
  6.38000E-01  1.00000E+00  1.00000E-04  4.32385E-11
  6.39000E-01  1.00000E+00  1.00000E-04  4.32197E-11
  6.40000E-01  1.00000E+00  1.00000E-04  8.64669E-11
  6.41000E-01  1.00000E+00  1.00000E-04 -1.63169E-16
  6.42000E-01  1.00000E+00  1.00000E-04 -1.29667E-10
  6.43000E-01  1.00000E+00  1.00000E-04 -7.76996E-17
  6.44000E-01  1.00000E+00  1.00000E-04 -7.76995E-18
  6.45000E-01  1.00000E+00  1.00000E-04  8.54695E-17
  6.46000E-01  1.00000E+00  1.00000E-04  4.32393E-11
  6.47000E-01  1.00000E+00  1.00000E-04 -7.76996E-17
  6.48000E-01  1.00000E+00  1.00000E-04  4.32399E-11
  6.49000E-01  1.00000E+00  1.00000E-04  2.59247E-10
  6.50000E-01  9.99999E-01  9.99999E-05 -1.72885E-10
  6.51000E-01  1.00000E+00  1.00000E-04 -1.72999E-10
  6.52000E-01  1.00000E+00  1.00000E-04 -4.32378E-11
  6.53000E-01  1.00000E+00  1.00000E-04  4.32504E-11
  6.54000E-01  1.00000E+00  1.00000E-04 -1.01786E-16
  6.55000E-01  1.00000E+00  1.00000E-04 -2.59429E-10
  6.56000E-01  1.00000E+00  1.00000E-04 -9.40165E-17
  6.57000E-01  1.00000E+00  1.00000E-04  4.32482E-11
  6.58000E-01  1.00000E+00  1.00000E-04  2.59444E-10
  6.59000E-01  1.00000E+00  1.00000E-04 -8.64823E-11
  6.60000E-01  1.00000E+00  1.00000E-04 -4.32197E-11
  6.61000E-01  1.00000E+00  1.00000E-04  2.59317E-10
  6.62000E-01  1.00000E+00  1.00000E-04 -1.72956E-10
  6.63000E-01  1.00000E+00  1.00000E-04  8.54695E-17
  6.64000E-01  1.00000E+00  1.00000E-04  7.76996E-17
  6.65000E-01  1.00000E+00  1.00000E-04 -2.45102E-11
  6.66000E-01  1.00000E+00  1.00000E-04  9.31804E-10
  6.67000E-01  9.99998E-01  9.99998E-05 -2.59306E-10
  6.68000E-01  1.00000E+00  1.00000E-04 -5.58864E-10
  6.69000E-01  1.00000E+00  1.00000E-04  4.02791E-11
  6.70000E-01  1.00000E+00  1.00000E-04 -5.18999E-10
  6.71000E-01  1.00000E+00  1.00000E-04  0.00000E+00
  6.72000E-01  1.00000E+00  1.00000E-04  4.75710E-10
  6.73000E-01  1.00000E+00  1.00000E-04  1.29641E-10
  6.74000E-01  1.00000E+00  1.00000E-04 -8.64635E-11
  6.75000E-01  1.00000E+00  1.00000E-04 -5.76218E-11
  6.76000E-01  1.00000E+00  1.00000E-04 -5.76212E-11
  6.77000E-01  1.00000E+00  1.00000E-04 -5.76225E-11
  6.78000E-01  1.00000E+00  1.00000E-04  1.29698E-10
  6.79000E-01  1.00000E+00  1.00000E-04 -2.16229E-10
  6.80000E-01  1.00000E+00  1.00000E-04  8.64918E-11
  6.81000E-01  1.00000E+00  9.99999E-05  4.61773E-10
  6.82000E-01  9.99999E-01  9.99999E-05 -3.32152E-10
  6.83000E-01  1.00000E+00  1.00000E-04  2.16082E-11
  6.84000E-01  1.00000E+00  1.00000E-04  2.16057E-11
  6.85000E-01  1.00000E+00  1.00000E-04 -8.64403E-11
  6.86000E-01  1.00000E+00  1.00000E-04  2.16220E-10
  6.87000E-01  9.99999E-01  9.99999E-05 -4.32170E-11
  6.88000E-01  1.00000E+00  1.00000E-04 -2.16080E-10
  6.89000E-01  1.00000E+00  1.00000E-04  1.29611E-10
  6.90000E-01  1.00000E+00  1.00000E-04 -2.05458E-15
  6.91000E-01  1.00000E+00  1.00000E-04  7.78123E-10
  6.92000E-01  9.99999E-01  9.99997E-05 -3.45623E-10
  6.93000E-01  1.00000E+00  1.00000E-04 -6.05389E-10
  6.94000E-01  1.00000E+00  9.99999E-05 -8.64040E-11
  6.95000E-01  1.00000E+00  1.00000E-04 -5.19936E-10
  6.96000E-01  1.00000E+00  1.00000E-04  2.72364E-09
  6.97000E-01  9.99995E-01  9.99994E-05 -3.02021E-10
  6.98000E-01  1.00000E+00  1.00000E-04 -1.74262E-09
  6.99000E-01  1.00000E+00  1.00000E-04 -2.94787E-11
  7.00000E-01  1.00000E+00  1.00000E-04  0.00000E+00
  7.01000E-01  1.00000E+00  1.00000E-04  0.00000E+00
  7.02000E-01  1.00000E+00  1.00000E-04  0.00000E+00
  7.03000E-01  1.00000E+00  1.00000E-04  0.00000E+00
  7.04000E-01  1.00000E+00  1.00000E-04  0.00000E+00
  7.05000E-01  1.00000E+00  1.00000E-04  3.02657E-10
  7.06000E-01  1.00000E+00  9.99999E-05  1.72870E-10
  7.07000E-01  1.00000E+00  1.00000E-04 -8.21307E-10
  7.08000E-01  1.00000E+00  1.00000E-04  1.29712E-10
  7.09000E-01  1.00000E+00  1.00000E-04  2.16118E-10
  7.10000E-01  1.00000E+00  1.00000E-04  0.00000E+00
  7.11000E-01  1.00000E+00  1.00000E-04  0.00000E+00
  7.12000E-01  1.00000E+00  1.00000E-04  0.00000E+00
  7.13000E-01  1.00000E+00  1.00000E-04  0.00000E+00
  7.14000E-01  1.00000E+00  1.00000E-04  0.00000E+00
  7.15000E-01  1.00000E+00  1.00000E-04  0.00000E+00
  7.16000E-01  1.00000E+00  1.00000E-04  0.00000E+00
  7.17000E-01  1.00000E+00  1.00000E-04 -4.32236E-11
  7.18000E-01  1.00000E+00  1.00000E-04  0.00000E+00
  7.19000E-01  1.00000E+00  1.00000E-04  3.37158E-11
  7.20000E-01  1.00000E+00  1.00000E-04 -6.58969E-09
  7.21000E-01  1.00000E+00  1.00000E-04 -4.86158E-07
  7.22000E-01  1.00000E+00  1.00294E-04 -1.54335E-13
  7.23000E-01  1.00000E+00  1.00000E-04  4.86128E-07
  7.24000E-01  1.00000E+00  1.00000E-04  6.48125E-09
  7.25000E-01  1.00000E+00  1.00000E-04  3.95918E-11
  7.26000E-01  1.00000E+00  1.00000E-04  8.64309E-11
  7.27000E-01  1.00000E+00  1.00000E-04  0.00000E+00
  7.28000E-01  1.00000E+00  1.00000E-04  0.00000E+00
  7.29000E-01  1.00000E+00  1.00000E-04  0.00000E+00
  7.30000E-01  1.00000E+00  1.00000E-04  0.00000E+00
  7.31000E-01  1.00000E+00  1.00000E-04  0.00000E+00
  7.32000E-01  1.00000E+00  1.00000E-04  0.00000E+00
  7.33000E-01  1.00000E+00  1.00000E-04  0.00000E+00
  7.34000E-01  1.00000E+00  1.00000E-04  0.00000E+00
  7.35000E-01  1.00000E+00  1.00000E-04  0.00000E+00
  7.36000E-01  1.00000E+00  1.00000E-04  0.00000E+00
  7.37000E-01  1.00000E+00  1.00000E-04  0.00000E+00
  7.38000E-01  1.00000E+00  1.00000E-04  0.00000E+00
  7.39000E-01  1.00000E+00  1.00000E-04  0.00000E+00
  7.40000E-01  1.00000E+00  1.00000E-04  0.00000E+00
  7.41000E-01  1.00000E+00  1.00000E-04  0.00000E+00
  7.42000E-01  1.00000E+00  1.00000E-04 -8.64639E-11
  7.43000E-01  1.00000E+00  1.00000E-04 -4.32389E-11
  7.44000E-01  1.00000E+00  1.00000E-04  1.29706E-10
  7.45000E-01  1.00000E+00  1.00000E-04  7.76995E-17
  7.46000E-01  1.00000E+00  1.00000E-04  0.00000E+00
  7.47000E-01  1.00000E+00  1.00000E-04  0.00000E+00
  7.48000E-01  1.00000E+00  1.00000E-04  0.00000E+00
  7.49000E-01  1.00000E+00  1.00000E-04 -4.32359E-11
  7.50000E-01  1.00000E+00  1.00000E-04 -4.32341E-11
  7.51000E-01  1.00000E+00  1.00000E-04  8.64667E-11
  7.52000E-01  1.00000E+00  1.00000E-04  4.32133E-11
  7.53000E-01  1.00000E+00  1.00000E-04 -4.32136E-11
  7.54000E-01  1.00000E+00  1.00000E-04  0.00000E+00
  7.55000E-01  1.00000E+00  1.00000E-04  4.32369E-11
  7.56000E-01  1.00000E+00  1.00000E-04  0.00000E+00
  7.57000E-01  1.00000E+00  1.00000E-04 -4.32279E-11
  7.58000E-01  1.00000E+00  1.00000E-04  0.00000E+00
  7.59000E-01  1.00000E+00  1.00000E-04  0.00000E+00
  7.60000E-01  1.00000E+00  1.00000E-04  0.00000E+00
  7.61000E-01  1.00000E+00  1.00000E-04  0.00000E+00
  7.62000E-01  1.00000E+00  1.00000E-04  0.00000E+00
  7.63000E-01  1.00000E+00  1.00000E-04  0.00000E+00
  7.64000E-01  1.00000E+00  1.00000E-04  0.00000E+00
  7.65000E-01  1.00000E+00  1.00000E-04  0.00000E+00
  7.66000E-01  1.00000E+00  1.00000E-04  4.32266E-11
  7.67000E-01  1.00000E+00  1.00000E-04  0.00000E+00
  7.68000E-01  1.00000E+00  1.00000E-04 -4.32362E-11
  7.69000E-01  1.00000E+00  1.00000E-04 -2.59392E-10
  7.70000E-01  1.00000E+00  1.00000E-04 -7.66141E-12
  7.71000E-01  1.00000E+00  1.00000E-04 -5.85091E-09
  7.72000E-01  1.00000E+00  1.00000E-04 -4.49860E-07
  7.73000E-01  1.00000E+00  1.00272E-04 -3.36486E-11
  7.74000E-01  1.00000E+00  1.00000E-04  4.43217E-07
  7.75000E-01  1.00000E+00  1.00000E-04 -4.82632E-07
  7.76000E-01  1.00000E+00  1.00296E-04  3.19038E-11
  7.77000E-01  1.00000E+00  1.00000E-04  4.88923E-07
  7.78000E-01  1.00000E+00  1.00000E-04  6.75354E-09
  7.79000E-01  1.00000E+00  1.00000E-04  6.83476E-12
  7.80000E-01  1.00000E+00  1.00000E-04 -1.29688E-10
  7.81000E-01  1.00000E+00  1.00000E-04  4.32277E-11
  7.82000E-01  1.00000E+00  1.00000E-04  0.00000E+00
  7.83000E-01  1.00000E+00  1.00000E-04 -4.32209E-11
  7.84000E-01  1.00000E+00  1.00000E-04  1.29730E-10
  7.85000E-01  1.00000E+00  1.00000E-04  0.00000E+00
  7.86000E-01  1.00000E+00  1.00000E-04 -1.29709E-10
  7.87000E-01  1.00000E+00  1.00000E-04  0.00000E+00
  7.88000E-01  1.00000E+00  1.00000E-04  0.00000E+00
  7.89000E-01  1.00000E+00  1.00000E-04  0.00000E+00
  7.90000E-01  1.00000E+00  1.00000E-04  0.00000E+00
  7.91000E-01  1.00000E+00  1.00000E-04  0.00000E+00
  7.92000E-01  1.00000E+00  1.00000E-04 -4.32169E-11
  7.93000E-01  1.00000E+00  1.00000E-04  0.00000E+00
  7.94000E-01  1.00000E+00  1.00000E-04  4.32160E-11
  7.95000E-01  1.00000E+00  1.00000E-04 -4.32372E-11
  7.96000E-01  1.00000E+00  1.00000E-04  0.00000E+00
  7.97000E-01  1.00000E+00  1.00000E-04  4.32276E-11
  7.98000E-01  1.00000E+00  1.00000E-04  1.72908E-10
  7.99000E-01  9.99999E-01  9.99999E-05  0.00000E+00
  8.00000E-01  1.00000E+00  1.00000E-04 -1.72911E-10
  8.01000E-01  1.00000E+00  1.00000E-04  1.72974E-10
  8.02000E-01  9.99999E-01  9.99999E-05  0.00000E+00
  8.03000E-01  1.00000E+00  1.00000E-04 -1.72869E-10
  8.04000E-01  1.00000E+00  1.00000E-04 -6.39367E-12
  8.05000E-01  1.00000E+00  1.00000E-04 -5.22541E-09
  8.06000E-01  1.00000E+00  1.00000E-04 -3.85366E-07
  8.07000E-01  1.00000E+00  1.00233E-04 -2.69296E-11
  8.08000E-01  1.00000E+00  1.00000E-04  3.80055E-07
  8.09000E-01  1.00000E+00  1.00000E-04 -3.80003E-07
  8.10000E-01  1.00000E+00  1.00233E-04  2.72699E-11
  8.11000E-01  1.00000E+00  1.00000E-04  3.85381E-07
  8.12000E-01  1.00000E+00  1.00000E-04  5.35303E-09
  8.13000E-01  1.00000E+00  1.00000E-04  3.25873E-12
  8.14000E-01  1.00000E+00  1.00000E-04 -1.29686E-10
  8.15000E-01  1.00000E+00  1.00000E-04  1.29726E-10
  8.16000E-01  1.00000E+00  1.00000E-04  4.32260E-11
  8.17000E-01  1.00000E+00  1.00000E-04 -2.59358E-10
  8.18000E-01  1.00000E+00  1.00000E-04  4.32399E-11
  8.19000E-01  1.00000E+00  1.00000E-04  4.32272E-11
  8.20000E-01  1.00000E+00  1.00000E-04  0.00000E+00
  8.21000E-01  1.00000E+00  1.00000E-04  0.00000E+00
  8.22000E-01  1.00000E+00  1.00000E-04  0.00000E+00
  8.23000E-01  1.00000E+00  1.00000E-04  8.64543E-11
  8.24000E-01  1.00000E+00  1.00000E-04  2.47443E-16
  8.25000E-01  1.00000E+00  1.00000E-04 -4.32459E-11
  8.26000E-01  1.00000E+00  1.00000E-04  7.76995E-17
  8.27000E-01  1.00000E+00  1.00000E-04 -4.32309E-11
  8.28000E-01  1.00000E+00  1.00000E-04  0.00000E+00
  8.29000E-01  1.00000E+00  1.00000E-04  4.32296E-11
  8.30000E-01  1.00000E+00  1.00000E-04  0.00000E+00
  8.31000E-01  1.00000E+00  1.00000E-04 -4.32392E-11
  8.32000E-01  1.00000E+00  1.00000E-04  0.00000E+00
  8.33000E-01  1.00000E+00  1.00000E-04  0.00000E+00
  8.34000E-01  1.00000E+00  1.00000E-04  8.64918E-11
  8.35000E-01  1.00000E+00  1.00000E-04  0.00000E+00
  8.36000E-01  1.00000E+00  1.00000E-04 -8.64721E-11
  8.37000E-01  1.00000E+00  1.00000E-04 -9.14489E-12
  8.38000E-01  1.00000E+00  1.00000E-04 -6.45940E-09
  8.39000E-01  1.00000E+00  1.00000E-04 -4.76733E-07
  8.40000E-01  1.00000E+00  1.00288E-04 -1.74300E-10
  8.41000E-01  1.00000E+00  1.00000E-04  4.77053E-07
  8.42000E-01  1.00000E+00  1.00000E-04  6.54833E-09
  8.43000E-01  1.00000E+00  1.00000E-04  7.37312E-12
  8.44000E-01  1.00000E+00  1.00000E-04 -8.64675E-11
  8.45000E-01  1.00000E+00  1.00000E-04  4.32382E-11
  8.46000E-01  1.00000E+00  1.00000E-04  0.00000E+00
  8.47000E-01  1.00000E+00  1.00000E-04 -8.64571E-11
  8.48000E-01  1.00000E+00  1.00000E-04  4.32541E-11
  8.49000E-01  1.00000E+00  1.00000E-04  0.00000E+00
  8.50000E-01  1.00000E+00  1.00000E-04  0.00000E+00
  8.51000E-01  1.00000E+00  1.00000E-04 -2.16165E-11
  8.52000E-01  1.00000E+00  1.00000E-04 -2.16175E-11
  8.53000E-01  1.00000E+00  1.00000E-04  8.64426E-11
  8.54000E-01  1.00000E+00  1.00000E-04  3.27192E-11
  8.55000E-01  1.00000E+00  1.00000E-04  1.82231E-09
  8.56000E-01  9.99994E-01  9.99994E-05 -1.06089E-12
  8.57000E-01  1.00000E+00  1.00000E-04 -1.85487E-09
  8.58000E-01  1.00000E+00  1.00000E-04  3.45859E-10
  8.59000E-01  9.99999E-01  9.99999E-05  8.54695E-17
  8.60000E-01  1.00000E+00  1.00000E-04 -3.89098E-10
  8.61000E-01  1.00000E+00  1.00000E-04  0.00000E+00
  8.62000E-01  1.00000E+00  1.00000E-04  0.00000E+00
  8.63000E-01  1.00000E+00  1.00000E-04  0.00000E+00
  8.64000E-01  1.00000E+00  1.00000E-04  0.00000E+00
  8.65000E-01  1.00000E+00  1.00000E-04  0.00000E+00
  8.66000E-01  1.00000E+00  1.00000E-04  4.32346E-11
  8.67000E-01  1.00000E+00  1.00000E-04  8.64705E-11
  8.68000E-01  1.00000E+00  1.00000E-04 -1.29713E-10
  8.69000E-01  1.00000E+00  1.00000E-04  0.00000E+00
  8.70000E-01  1.00000E+00  1.00000E-04  0.00000E+00
  8.71000E-01  1.00000E+00  1.00000E-04  4.32447E-11
  8.72000E-01  1.00000E+00  1.00000E-04  1.29676E-10
  8.73000E-01  1.00000E+00  1.00000E-04 -2.59384E-10
  8.74000E-01  1.00000E+00  1.00000E-04  4.32435E-11
  8.75000E-01  1.00000E+00  1.00000E-04  4.32264E-11
  8.76000E-01  1.00000E+00  1.00000E-04  8.64373E-11
  8.77000E-01  1.00000E+00  1.00000E-04  0.00000E+00
  8.78000E-01  1.00000E+00  1.00000E-04 -1.29696E-10
  8.79000E-01  1.00000E+00  1.00000E-04  1.29724E-10
  8.80000E-01  1.00000E+00  1.00000E-04  4.32449E-11
  8.81000E-01  1.00000E+00  1.00000E-04  3.88940E-10
  8.82000E-01  9.99998E-01  9.99998E-05  7.76995E-17
  8.83000E-01  1.00000E+00  1.00000E-04 -5.18604E-10
  8.84000E-01  1.00000E+00  1.00000E-04  4.32289E-11
  8.85000E-01  1.00000E+00  1.00000E-04  0.00000E+00
  8.86000E-01  1.00000E+00  1.00000E-04 -4.32468E-11
  8.87000E-01  1.00000E+00  1.00000E-04  0.00000E+00
  8.88000E-01  1.00000E+00  1.00000E-04  0.00000E+00
  8.89000E-01  1.00000E+00  1.00000E-04  4.32365E-11
  8.90000E-01  1.00000E+00  1.00000E-04  0.00000E+00
  8.91000E-01  1.00000E+00  1.00000E-04 -4.32156E-11
  8.92000E-01  1.00000E+00  1.00000E-04  0.00000E+00
  8.93000E-01  1.00000E+00  1.00000E-04  0.00000E+00
  8.94000E-01  1.00000E+00  1.00000E-04  0.00000E+00
  8.95000E-01  1.00000E+00  1.00000E-04  4.32341E-11
  8.96000E-01  1.00000E+00  1.00000E-04 -4.32415E-11
  8.97000E-01  1.00000E+00  1.00000E-04  0.00000E+00
  8.98000E-01  1.00000E+00  1.00000E-04  0.00000E+00
  8.99000E-01  1.00000E+00  1.00000E-04 -2.44871E-16
  9.00000E-01  1.00000E+00  1.00000E-04  1.14794E-16
  9.01000E-01  1.00000E+00  1.00000E-04  1.30077E-16
  9.02000E-01  1.00000E+00  1.00000E-04  0.00000E+00
  9.03000E-01  1.00000E+00  1.00000E-04 -2.16147E-11
  9.04000E-01  1.00000E+00  1.00000E-04 -2.16157E-11
  9.05000E-01  1.00000E+00  1.00000E-04  8.54695E-17
  9.06000E-01  1.00000E+00  1.00000E-04 -8.64740E-11
  9.07000E-01  1.00000E+00  1.00000E-04  8.64976E-11
  9.08000E-01  1.00000E+00  1.00000E-04  4.32155E-11
  9.09000E-01  1.00000E+00  1.00000E-04  4.32312E-11
  9.10000E-01  1.00000E+00  1.00000E-04 -2.16131E-11
  9.11000E-01  1.00000E+00  1.00000E-04 -2.16139E-11
  9.12000E-01  1.00000E+00  1.00000E-04  7.76995E-17
  9.13000E-01  1.00000E+00  1.00000E-04  0.00000E+00
  9.14000E-01  1.00000E+00  1.00000E-04  0.00000E+00
  9.15000E-01  1.00000E+00  1.00000E-04  0.00000E+00
  9.16000E-01  1.00000E+00  1.00000E-04  1.72910E-10
  9.17000E-01  9.99999E-01  9.99999E-05  0.00000E+00
  9.18000E-01  1.00000E+00  1.00000E-04 -1.72964E-10
  9.19000E-01  1.00000E+00  1.00000E-04  0.00000E+00
  9.20000E-01  1.00000E+00  1.00000E-04  0.00000E+00
  9.21000E-01  1.00000E+00  1.00000E-04  2.16191E-10
  9.22000E-01  9.99999E-01  9.99999E-05  3.02648E-16
  9.23000E-01  1.00000E+00  1.00000E-04 -1.29641E-10
  9.24000E-01  1.00000E+00  1.00000E-04  1.29620E-10
  9.25000E-01  1.00000E+00  1.00000E-04 -1.29622E-10
  9.26000E-01  1.00000E+00  1.00000E-04 -8.64451E-11
  9.27000E-01  1.00000E+00  1.00000E-04  0.00000E+00
  9.28000E-01  1.00000E+00  1.00000E-04 -2.33099E-16
  9.29000E-01  1.00000E+00  1.00000E-04  7.76995E-17
  9.30000E-01  1.00000E+00  1.00000E-04  7.76995E-17
  9.31000E-01  1.00000E+00  1.00000E-04  4.32198E-11
  9.32000E-01  1.00000E+00  1.00000E-04  1.20644E-11
  9.33000E-01  1.00000E+00  1.00000E-04 -1.20644E-11
  9.34000E-01  1.00000E+00  1.00000E-04 -4.32416E-11
  9.35000E-01  1.00000E+00  1.00000E-04  0.00000E+00
  9.36000E-01  1.00000E+00  1.00000E-04 -8.64402E-11
  9.37000E-01  1.00000E+00  1.00000E-04  0.00000E+00
  9.38000E-01  1.00000E+00  1.00000E-04  2.59297E-10
  9.39000E-01  1.00000E+00  1.00000E-04  0.00000E+00
  9.40000E-01  1.00000E+00  1.00000E-04 -2.59425E-10
  9.41000E-01  1.00000E+00  1.00000E-04  0.00000E+00
  9.42000E-01  1.00000E+00  1.00000E-04  3.02516E-10
  9.43000E-01  1.00000E+00  1.00000E-04 -4.32101E-11
  9.44000E-01  1.00000E+00  1.00000E-04 -4.02828E-11
  9.45000E-01  1.00000E+00  1.00000E-04  1.16375E-09
  9.46000E-01  9.99996E-01  9.99996E-05  3.33991E-10
  9.47000E-01  1.00000E+00  1.00000E-04 -1.65808E-09
  9.48000E-01  1.00000E+00  1.00000E-04  3.57065E-11
  9.49000E-01  1.00000E+00  1.00000E-04  3.57057E-11
  9.50000E-01  1.00000E+00  1.00000E-04  1.29613E-10
  9.51000E-01  1.00000E+00  1.00000E-04  4.32332E-11
  9.52000E-01  1.00000E+00  1.00000E-04 -7.43712E-12
  9.53000E-01  1.00000E+00  1.00000E-04 -3.57998E-11
  9.54000E-01  1.00000E+00  1.00000E-04 -3.88921E-10
  9.55000E-01  1.00000E+00  1.00000E-04  1.29726E-10
  9.56000E-01  1.00000E+00  1.00000E-04  1.29748E-10
  9.57000E-01  1.00000E+00  1.00000E-04  4.32462E-11
  9.58000E-01  1.00000E+00  1.00000E-04  8.64463E-11
  9.59000E-01  1.00000E+00  1.00000E-04 -2.59225E-10
  9.60000E-01  1.00000E+00  1.00000E-04  4.32100E-11
  9.61000E-01  1.00000E+00  1.00000E-04  4.32339E-11
  9.62000E-01  1.00000E+00  1.00000E-04 -8.64403E-11
  9.63000E-01  1.00000E+00  1.00000E-04 -1.72991E-10
  9.64000E-01  1.00000E+00  1.00000E-04  4.32351E-10
  9.65000E-01  1.00000E+00  1.00000E-04  4.32204E-11
  9.66000E-01  1.00000E+00  1.00000E-04 -5.18448E-10
  9.67000E-01  1.00000E+00  1.00000E-04  1.73009E-10
  9.68000E-01  1.00000E+00  1.00000E-04 -1.21530E-16
  9.69000E-01  1.00000E+00  1.00000E-04 -4.32472E-11
  9.70000E-01  1.00000E+00  1.00000E-04  4.32353E-11
  9.71000E-01  1.00000E+00  1.00000E-04  3.02426E-10
  9.72000E-01  9.99999E-01  9.99999E-05  9.21278E-11
  9.73000E-01  1.00000E+00  1.00000E-04  1.37772E-09
  9.74000E-01  9.99995E-01  9.99995E-05  7.94460E-11
  9.75000E-01  1.00000E+00  1.00000E-04 -1.77179E-09
  9.76000E-01  1.00000E+00  1.00000E-04  1.36606E-10
  9.77000E-01  1.00000E+00  9.99999E-05  1.29693E-10
  9.78000E-01  1.00000E+00  1.00000E-04 -3.89060E-10
  9.79000E-01  9.99999E-01  1.00000E-04  1.47978E-15
  9.80000E-01  1.00000E+00  1.00000E-04  9.50415E-10
  9.81000E-01  9.99998E-01  9.99998E-05  4.32221E-11
  9.82000E-01  1.00000E+00  1.00000E-04 -1.24388E-09
  9.83000E-01  1.00000E+00  1.00000E-04  1.63853E-10
  9.84000E-01  1.00000E+00  1.00000E-04  2.66576E-11
  9.85000E-01  1.00000E+00  1.00000E-04  1.42228E-09
  9.86000E-01  9.99996E-01  9.99995E-05 -1.18932E-09
  9.87000E-01  1.00001E+00  1.00001E-04 -1.50557E-09
  9.88000E-01  1.00000E+00  1.00000E-04  1.05948E-09
  9.89000E-01  1.00000E+00  1.00000E-04  5.68763E-09
  9.90000E-01  9.99981E-01  9.99981E-05  5.06013E-10
  9.91000E-01  1.00000E+00  1.00000E-04 -5.64362E-09
  9.92000E-01  1.00000E+00  1.00000E-04 -1.05363E-10
  9.93000E-01  1.00000E+00  1.00000E-04  0.00000E+00
  9.94000E-01  1.00000E+00  1.00000E-04 -8.64442E-11
  9.95000E-01  1.00000E+00  1.00000E-04  0.00000E+00
  9.96000E-01  1.00000E+00  1.00000E-04  8.64786E-11
  9.97000E-01  1.00000E+00  1.00000E-04  0.00000E+00
  9.98000E-01  1.00000E+00  1.00000E-04  0.00000E+00
  9.99000E-01  1.00000E+00  1.00000E-04  0.00000E+00
