  0.00000E+00  2.12534E-05  1.97859E+01  1.41674E-02
  1.00000E-03  2.12523E-05  1.97854E+01  4.29507E-02
  2.00000E-03  2.12519E-05  1.97848E+01  5.55794E-02
  3.00000E-03  2.12519E-05  1.97845E+01  4.64392E-02
  4.00000E-03  2.12528E-05  1.97848E+01  3.33738E-02
  5.00000E-03  2.12538E-05  1.97856E+01  1.00052E-02
  6.00000E-03  2.12578E-05  1.97864E+01 -2.78915E-03
  7.00000E-03  2.12700E-05  1.97870E+01 -3.92045E-03
  8.00000E-03  2.12851E-05  1.97872E+01  1.24540E-02
  9.00000E-03  2.13099E-05  1.97872E+01  4.24029E-02
  1.00000E-02  2.13300E-05  1.97872E+01  7.07072E-02
  1.10000E-02  2.13555E-05  1.97870E+01  9.71475E-02
  1.20000E-02  2.13716E-05  1.97869E+01  1.18659E-01
  1.30000E-02  2.13868E-05  1.97867E+01  1.40592E-01
  1.40000E-02  2.13934E-05  1.97866E+01  1.62016E-01
  1.50000E-02  2.14159E-05  1.97866E+01  1.83336E-01
  1.60000E-02  2.14599E-05  1.97867E+01  2.01243E-01
  1.70000E-02  2.17231E-05  1.97868E+01  2.15004E-01
  1.80000E-02  2.23264E-05  1.97870E+01  2.23972E-01
  1.90000E-02  2.31461E-05  1.97872E+01  2.28288E-01
  2.00000E-02  2.44060E-05  1.97874E+01  2.34556E-01
  2.10000E-02  2.56395E-05  1.97874E+01  2.46699E-01
  2.20000E-02  2.70469E-05  1.97874E+01  2.61852E-01
  2.30000E-02  2.85906E-05  1.97875E+01  2.80024E-01
  2.40000E-02  3.02579E-05  1.97877E+01  3.07653E-01
  2.50000E-02  3.19674E-05  1.97879E+01  3.42706E-01
  2.60000E-02  3.38659E-05  1.97881E+01  3.75344E-01
  2.70000E-02  3.59558E-05  1.97881E+01  4.02725E-01
  2.80000E-02  3.80849E-05  1.97880E+01  4.23272E-01
  2.90000E-02  4.04044E-05  1.97879E+01  4.38155E-01
  3.00000E-02  4.30746E-05  1.97877E+01  4.52140E-01
  3.10000E-02  4.57162E-05  1.97874E+01  4.70697E-01
  3.20000E-02  4.87407E-05  1.97870E+01  4.91299E-01
  3.30000E-02  5.22814E-05  1.97867E+01  5.08469E-01
  3.40000E-02  5.58766E-05  1.97865E+01  5.24308E-01
  3.50000E-02  6.01939E-05  1.97861E+01  5.43405E-01
  3.60000E-02  6.51316E-05  1.97857E+01  5.61430E-01
  3.70000E-02  7.03712E-05  1.97855E+01  5.77858E-01
  3.80000E-02  7.68931E-05  1.97852E+01  5.98843E-01
  3.90000E-02  8.36342E-05  1.97848E+01  6.17347E-01
  4.00000E-02  9.22131E-05  1.97844E+01  6.30414E-01
  4.10000E-02  1.01118E-04  1.97843E+01  6.46741E-01
  4.20000E-02  1.12511E-04  1.97844E+01  6.66290E-01
  4.30000E-02  1.24402E-04  1.97843E+01  6.84804E-01
  4.40000E-02  1.38976E-04  1.97842E+01  7.02859E-01
  4.50000E-02  1.55364E-04  1.97839E+01  7.26419E-01
  4.60000E-02  1.72643E-04  1.97835E+01  7.48085E-01
  4.70000E-02  1.94453E-04  1.97835E+01  7.66488E-01
  4.80000E-02  2.16460E-04  1.97833E+01  7.88967E-01
  4.90000E-02  2.41383E-04  1.97829E+01  8.13496E-01
  5.00000E-02  2.68882E-04  1.97826E+01  8.27094E-01
  5.10000E-02  2.97138E-04  1.97824E+01  8.40997E-01
  5.20000E-02  3.29622E-04  1.97822E+01  8.60418E-01
  5.30000E-02  3.61550E-04  1.97816E+01  8.84848E-01
  5.40000E-02  3.97802E-04  1.97815E+01  9.07334E-01
  5.50000E-02  4.32828E-04  1.97814E+01  9.26698E-01
  5.60000E-02  4.73917E-04  1.97808E+01  9.49470E-01
  5.70000E-02  5.12263E-04  1.97800E+01  9.69621E-01
  5.80000E-02  5.55215E-04  1.97801E+01  9.89169E-01
  5.90000E-02  6.00789E-04  1.97803E+01  1.00724E+00
  6.00000E-02  6.44553E-04  1.97803E+01  1.02593E+00
  6.10000E-02  6.93751E-04  1.97803E+01  1.04483E+00
  6.20000E-02  7.41931E-04  1.97803E+01  1.06827E+00
  6.30000E-02  7.96767E-04  1.97793E+01  1.09532E+00
  6.40000E-02  8.50960E-04  1.97798E+01  1.11159E+00
  6.50000E-02  9.03526E-04  1.97791E+01  1.12187E+00
  6.60000E-02  9.68535E-04  1.97789E+01  1.13629E+00
  6.70000E-02  1.02797E-03  1.97776E+01  1.14954E+00
  6.80000E-02  1.09418E-03  1.97757E+01  1.15682E+00
  6.90000E-02  1.16683E-03  1.97758E+01  1.16949E+00
  7.00000E-02  1.23336E-03  1.97736E+01  1.18009E+00
  7.10000E-02  1.31022E-03  1.97694E+01  1.17813E+00
  7.20000E-02  1.39405E-03  1.97647E+01  1.17771E+00
  7.30000E-02  1.48063E-03  1.97593E+01  1.18120E+00
  7.40000E-02  1.56674E-03  1.97557E+01  1.18395E+00
  7.50000E-02  1.66235E-03  1.97514E+01  1.18323E+00
  7.60000E-02  1.76142E-03  1.97488E+01  1.19222E+00
  7.70000E-02  1.87172E-03  1.97481E+01  1.20702E+00
  7.80000E-02  1.98773E-03  1.97474E+01  1.23003E+00
  7.90000E-02  2.09497E-03  1.97474E+01  1.26061E+00
  8.00000E-02  2.22187E-03  1.97472E+01  1.27990E+00
  8.10000E-02  2.35709E-03  1.97476E+01  1.30007E+00
  8.20000E-02  2.48386E-03  1.97506E+01  1.31732E+00
  8.30000E-02  2.61579E-03  1.97571E+01  1.32687E+00
  8.40000E-02  2.78327E-03  1.97640E+01  1.32812E+00
  8.50000E-02  2.92703E-03  1.97696E+01  1.33384E+00
  8.60000E-02  3.08261E-03  1.97722E+01  1.34961E+00
  8.70000E-02  3.24390E-03  1.97738E+01  1.37175E+00
  8.80000E-02  3.42247E-03  1.97735E+01  1.39377E+00
  8.90000E-02  3.57752E-03  1.97755E+01  1.41903E+00
  9.00000E-02  3.77761E-03  1.97774E+01  1.44463E+00
  9.10000E-02  3.95636E-03  1.97779E+01  1.46524E+00
  9.20000E-02  4.13146E-03  1.97782E+01  1.48379E+00
  9.30000E-02  4.34310E-03  1.97784E+01  1.50092E+00
  9.40000E-02  4.56242E-03  1.97799E+01  1.51682E+00
  9.50000E-02  4.72103E-03  1.97811E+01  1.52873E+00
  9.60000E-02  4.98447E-03  1.97818E+01  1.54176E+00
  9.70000E-02  5.18464E-03  1.97806E+01  1.56409E+00
  9.80000E-02  5.40936E-03  1.97803E+01  1.57780E+00
  9.90000E-02  5.66572E-03  1.97796E+01  1.59901E+00
  1.00000E-01  5.89658E-03  1.97791E+01  1.61929E+00
  1.01000E-01  6.18819E-03  1.97785E+01  1.64072E+00
  1.02000E-01  6.41341E-03  1.97783E+01  1.66181E+00
  1.03000E-01  6.68870E-03  1.97791E+01  1.68306E+00
  1.04000E-01  6.99600E-03  1.97794E+01  1.70504E+00
  1.05000E-01  7.25412E-03  1.97818E+01  1.72337E+00
  1.06000E-01  7.59557E-03  1.97881E+01  1.72829E+00
  1.07000E-01  7.91272E-03  1.97930E+01  1.73691E+00
  1.08000E-01  8.21129E-03  1.97938E+01  1.75589E+00
  1.09000E-01  8.56923E-03  1.97953E+01  1.79033E+00
  1.10000E-01  8.88576E-03  1.97966E+01  1.81747E+00
  1.11000E-01  9.27314E-03  1.97975E+01  1.83782E+00
  1.12000E-01  9.62299E-03  1.97962E+01  1.85500E+00
  1.13000E-01  1.00036E-02  1.98037E+01  1.88226E+00
  1.14000E-01  1.04162E-02  1.98071E+01  1.90336E+00
  1.15000E-01  1.08214E-02  1.98087E+01  1.92114E+00
  1.16000E-01  1.12700E-02  1.98151E+01  1.93456E+00
  1.17000E-01  1.16456E-02  1.98188E+01  1.96629E+00
  1.18000E-01  1.21683E-02  1.98196E+01  1.98524E+00
  1.19000E-01  1.25564E-02  1.98200E+01  2.00729E+00
  1.20000E-01  1.30735E-02  1.98240E+01  2.02983E+00
  1.21000E-01  1.35892E-02  1.98252E+01  2.05724E+00
  1.22000E-01  1.40613E-02  1.98261E+01  2.07979E+00
  1.23000E-01  1.46374E-02  1.98254E+01  2.09577E+00
  1.24000E-01  1.51164E-02  1.98267E+01  2.12100E+00
  1.25000E-01  1.57332E-02  1.98250E+01  2.14434E+00
  1.26000E-01  1.63250E-02  1.98298E+01  2.16402E+00
  1.27000E-01  1.67878E-02  1.98286E+01  2.17656E+00
  1.28000E-01  1.75524E-02  1.98392E+01  2.19113E+00
  1.29000E-01  1.81589E-02  1.98451E+01  2.20650E+00
  1.30000E-01  1.87269E-02  1.98466E+01  2.20754E+00
  1.31000E-01  1.94424E-02  1.98495E+01  2.20656E+00
  1.32000E-01  2.01214E-02  1.98526E+01  2.21517E+00
  1.33000E-01  2.08940E-02  1.98596E+01  2.23670E+00
  1.34000E-01  2.15859E-02  1.98579E+01  2.24655E+00
  1.35000E-01  2.22393E-02  1.98599E+01  2.24757E+00
  1.36000E-01  2.31274E-02  1.98599E+01  2.26129E+00
  1.37000E-01  2.38091E-02  1.98505E+01  2.28093E+00
  1.38000E-01  2.46239E-02  1.98561E+01  2.29252E+00
  1.39000E-01  2.53976E-02  1.98461E+01  2.31668E+00
  1.40000E-01  2.63289E-02  1.98510E+01  2.32770E+00
  1.41000E-01  2.72312E-02  1.98394E+01  2.34543E+00
  1.42000E-01  2.79595E-02  1.98419E+01  2.37133E+00
  1.43000E-01  2.91443E-02  1.98371E+01  2.38396E+00
  1.44000E-01  2.98181E-02  1.98384E+01  2.40403E+00
  1.45000E-01  3.08806E-02  1.98613E+01  2.41323E+00
  1.46000E-01  3.19625E-02  1.98786E+01  2.42001E+00
  1.47000E-01  3.27184E-02  1.98831E+01  2.42605E+00
  1.48000E-01  3.38450E-02  1.98972E+01  2.45331E+00
  1.49000E-01  3.51491E-02  1.98958E+01  2.47461E+00
  1.50000E-01  3.61762E-02  1.99146E+01  2.48627E+00
  1.51000E-01  3.70267E-02  1.99131E+01  2.51784E+00
  1.52000E-01  3.84467E-02  1.99197E+01  2.55447E+00
  1.53000E-01  3.92824E-02  1.99242E+01  2.56760E+00
  1.54000E-01  4.06952E-02  1.99347E+01  2.59766E+00
  1.55000E-01  4.21077E-02  1.99387E+01  2.61866E+00
  1.56000E-01  4.32985E-02  1.99556E+01  2.61774E+00
  1.57000E-01  4.44744E-02  1.99721E+01  2.64402E+00
  1.58000E-01  4.58083E-02  1.99641E+01  2.65344E+00
  1.59000E-01  4.71284E-02  1.99727E+01  2.65874E+00
  1.60000E-01  4.83365E-02  1.99802E+01  2.68477E+00
  1.61000E-01  5.02612E-02  1.99773E+01  2.69420E+00
  1.62000E-01  5.14978E-02  1.99764E+01  2.71072E+00
  1.63000E-01  5.26250E-02  1.99674E+01  2.73823E+00
  1.64000E-01  5.44052E-02  1.99785E+01  2.75014E+00
  1.65000E-01  5.60754E-02  1.99773E+01  2.77271E+00
  1.66000E-01  5.72957E-02  2.00141E+01  2.77633E+00
  1.67000E-01  5.91201E-02  2.00251E+01  2.78986E+00
  1.68000E-01  6.10747E-02  2.00295E+01  2.81386E+00
  1.69000E-01  6.23489E-02  2.00324E+01  2.82620E+00
  1.70000E-01  6.40058E-02  2.00375E+01  2.85896E+00
  1.71000E-01  6.59309E-02  2.00266E+01  2.88413E+00
  1.72000E-01  6.79461E-02  2.00347E+01  2.89661E+00
  1.73000E-01  6.95815E-02  2.00251E+01  2.92773E+00
  1.74000E-01  7.13704E-02  2.00505E+01  2.94178E+00
  1.75000E-01  7.34129E-02  2.00557E+01  2.95018E+00
  1.76000E-01  7.54057E-02  2.00857E+01  2.94418E+00
  1.77000E-01  7.76145E-02  2.01233E+01  2.96129E+00
  1.78000E-01  7.95566E-02  2.01349E+01  2.97428E+00
  1.79000E-01  8.15496E-02  2.01467E+01  3.00595E+00
  1.80000E-01  8.35610E-02  2.01473E+01  3.02600E+00
  1.81000E-01  8.61203E-02  2.01669E+01  3.04052E+00
  1.82000E-01  8.80457E-02  2.01630E+01  3.08403E+00
  1.83000E-01  8.97852E-02  2.01526E+01  3.09756E+00
  1.84000E-01  9.23272E-02  2.01725E+01  3.11011E+00
  1.85000E-01  9.53206E-02  2.01860E+01  3.13584E+00
  1.86000E-01  9.75897E-02  2.02309E+01  3.13210E+00
  1.87000E-01  1.00200E-01  2.02697E+01  3.15209E+00
  1.88000E-01  1.02412E-01  2.02720E+01  3.16332E+00
  1.89000E-01  1.05469E-01  2.02869E+01  3.18821E+00
  1.90000E-01  1.07696E-01  2.03030E+01  3.20875E+00
  1.91000E-01  1.10608E-01  2.03285E+01  3.20870E+00
  1.92000E-01  1.12898E-01  2.03697E+01  3.21967E+00
  1.93000E-01  1.15892E-01  2.04054E+01  3.23157E+00
  1.94000E-01  1.19251E-01  2.04045E+01  3.26210E+00
  1.95000E-01  1.21556E-01  2.04010E+01  3.30243E+00
  1.96000E-01  1.24840E-01  2.04021E+01  3.33141E+00
  1.97000E-01  1.27345E-01  2.04284E+01  3.34310E+00
  1.98000E-01  1.30727E-01  2.04489E+01  3.35377E+00
  1.99000E-01  1.34226E-01  2.05018E+01  3.35328E+00
  2.00000E-01  1.37137E-01  2.05190E+01  3.37688E+00
  2.01000E-01  1.40976E-01  2.05163E+01  3.40771E+00
  2.02000E-01  1.43691E-01  2.05532E+01  3.41873E+00
  2.03000E-01  1.47637E-01  2.05714E+01  3.43145E+00
  2.04000E-01  1.50262E-01  2.06358E+01  3.44368E+00
  2.05000E-01  1.54646E-01  2.06808E+01  3.45822E+00
  2.06000E-01  1.58346E-01  2.06660E+01  3.48416E+00
  2.07000E-01  1.61410E-01  2.06875E+01  3.51349E+00
  2.08000E-01  1.65502E-01  2.07498E+01  3.51322E+00
  2.09000E-01  1.68976E-01  2.08259E+01  3.52581E+00
  2.10000E-01  1.74056E-01  2.08259E+01  3.55173E+00
  2.11000E-01  1.77175E-01  2.08288E+01  3.58390E+00
  2.12000E-01  1.81936E-01  2.09047E+01  3.59543E+00
  2.13000E-01  1.85570E-01  2.09497E+01  3.60459E+00
  2.14000E-01  1.89995E-01  2.09749E+01  3.63713E+00
  2.15000E-01  1.94702E-01  2.09728E+01  3.65757E+00
  2.16000E-01  1.98664E-01  2.10002E+01  3.67366E+00
  2.17000E-01  2.03481E-01  2.10728E+01  3.70157E+00
  2.18000E-01  2.07778E-01  2.11321E+01  3.71717E+00
  2.19000E-01  2.13643E-01  2.11593E+01  3.73265E+00
  2.20000E-01  2.17328E-01  2.12009E+01  3.75992E+00
  2.21000E-01  2.21409E-01  2.12021E+01  3.77632E+00
  2.22000E-01  2.27775E-01  2.11871E+01  3.80539E+00
  2.23000E-01  2.31944E-01  2.12456E+01  3.81053E+00
  2.24000E-01  2.38474E-01  2.13794E+01  3.82453E+00
  2.25000E-01  2.43697E-01  2.14878E+01  3.82882E+00
  2.26000E-01  2.49315E-01  2.15816E+01  3.83418E+00
  2.27000E-01  2.54530E-01  2.16011E+01  3.86012E+00
  2.28000E-01  2.58683E-01  2.15602E+01  3.89336E+00
  2.29000E-01  2.66030E-01  2.15427E+01  3.93833E+00
  2.30000E-01  2.72369E-01  2.16477E+01  3.97116E+00
  2.31000E-01  2.76902E-01  2.17277E+01  3.97775E+00
  2.32000E-01  2.84497E-01  2.18136E+01  3.98679E+00
  2.33000E-01  2.90959E-01  2.19213E+01  3.99198E+00
  2.34000E-01  2.97297E-01  2.20321E+01  3.99128E+00
  2.35000E-01  3.03378E-01  2.21129E+01  4.00086E+00
  2.36000E-01  3.10350E-01  2.21330E+01  4.03715E+00
  2.37000E-01  3.18002E-01  2.22395E+01  4.06596E+00
  2.38000E-01  3.24805E-01  2.22865E+01  4.11418E+00
  2.39000E-01  3.32210E-01  2.22756E+01  4.15232E+00
  2.40000E-01  3.37946E-01  2.23008E+01  4.17159E+00
  2.41000E-01  3.45366E-01  2.23384E+01  4.17125E+00
  2.42000E-01  3.53081E-01  2.24675E+01  4.16808E+00
  2.43000E-01  3.60834E-01  2.26098E+01  4.17700E+00
  2.44000E-01  3.68975E-01  2.27793E+01  4.21345E+00
  2.45000E-01  3.79431E-01  2.28475E+01  4.23664E+00
  2.46000E-01  3.85818E-01  2.28941E+01  4.26333E+00
  2.47000E-01  3.95282E-01  2.29588E+01  4.30275E+00
  2.48000E-01  4.01829E-01  2.29717E+01  4.32582E+00
  2.49000E-01  4.10658E-01  2.30649E+01  4.34654E+00
  2.50000E-01  4.21535E-01  2.32367E+01  4.36294E+00
  2.51000E-01  4.32465E-01  2.34224E+01  4.36057E+00
  2.52000E-01  4.43872E-01  2.36125E+01  4.38760E+00
  2.53000E-01  4.47367E-01  2.35896E+01  4.41422E+00
  2.54000E-01  4.61031E-01  2.37160E+01  4.45787E+00
  2.55000E-01  4.71741E-01  2.37499E+01  4.49190E+00
  2.56000E-01  4.80022E-01  2.38215E+01  4.48579E+00
  2.57000E-01  4.91832E-01  2.40657E+01  4.50987E+00
  2.58000E-01  5.02690E-01  2.42226E+01  4.53948E+00
  2.59000E-01  5.16343E-01  2.43252E+01  4.55264E+00
  2.60000E-01  5.24328E-01  2.42860E+01  4.56608E+00
  2.61000E-01  5.35454E-01  2.44106E+01  4.58876E+00
  2.62000E-01  5.50453E-01  2.46484E+01  4.63007E+00
  2.63000E-01  5.64680E-01  2.49813E+01  4.67859E+00
  2.64000E-01  5.76908E-01  2.51003E+01  4.69819E+00
  2.65000E-01  5.86305E-01  2.51294E+01  4.70244E+00
  2.66000E-01  6.02266E-01  2.53011E+01  4.73120E+00
  2.67000E-01  6.16471E-01  2.55408E+01  4.78087E+00
  2.68000E-01  6.29268E-01  2.56012E+01  4.78520E+00
  2.69000E-01  6.42252E-01  2.56576E+01  4.77712E+00
  2.70000E-01  6.56404E-01  2.58004E+01  4.78927E+00
  2.71000E-01  6.75446E-01  2.61946E+01  4.86904E+00
  2.72000E-01  6.91595E-01  2.64512E+01  4.91465E+00
  2.73000E-01  7.05392E-01  2.65211E+01  4.91902E+00
  2.74000E-01  7.21243E-01  2.67331E+01  4.93496E+00
  2.75000E-01  7.41681E-01  2.70934E+01  4.98640E+00
  2.76000E-01  7.53994E-01  2.72293E+01  5.00595E+00
  2.77000E-01  7.70920E-01  2.72730E+01  5.00569E+00
  2.78000E-01  7.86551E-01  2.73161E+01  5.00768E+00
  2.79000E-01  8.09028E-01  2.77204E+01  5.05086E+00
  2.80000E-01  8.34681E-01  2.82493E+01  5.11971E+00
  2.81000E-01  8.52364E-01  2.84446E+01  5.15436E+00
  2.82000E-01  8.70950E-01  2.85462E+01  5.16093E+00
  2.83000E-01  8.88609E-01  2.85830E+01  5.15919E+00
  2.84000E-01  9.04828E-01  2.86698E+01  5.15759E+00
  2.85000E-01  9.32537E-01  2.90891E+01  5.18974E+00
  2.86000E-01  9.59004E-01  2.94972E+01  5.24283E+00
  2.87000E-01  9.78404E-01  2.97664E+01  5.28161E+00
  2.88000E-01  1.00760E+00  3.01407E+01  5.30966E+00
  2.89000E-01  1.03171E+00  3.05167E+01  5.34313E+00
  2.90000E-01  1.05756E+00  3.08161E+01  5.38160E+00
  2.91000E-01  1.08711E+00  3.11332E+01  5.41482E+00
  2.92000E-01  1.10927E+00  3.13005E+01  5.42493E+00
  2.93000E-01  1.14050E+00  3.17404E+01  5.45897E+00
  2.94000E-01  1.17283E+00  3.22996E+01  5.52257E+00
  2.95000E-01  1.20787E+00  3.28295E+01  5.56122E+00
  2.96000E-01  1.23213E+00  3.29957E+01  5.57083E+00
  2.97000E-01  1.25874E+00  3.31395E+01  5.57674E+00
  2.98000E-01  1.29349E+00  3.35508E+01  5.60553E+00
  2.99000E-01  1.33047E+00  3.40861E+01  5.64825E+00
  3.00000E-01  1.36943E+00  3.46006E+01  5.67901E+00
  3.01000E-01  1.40660E+00  3.50564E+01  5.72920E+00
  3.02000E-01  1.44432E+00  3.55436E+01  5.75775E+00
  3.03000E-01  1.48463E+00  3.59888E+01  5.78408E+00
  3.04000E-01  1.52164E+00  3.64396E+01  5.81548E+00
  3.05000E-01  1.56951E+00  3.70389E+01  5.86342E+00
  3.06000E-01  1.60568E+00  3.73765E+01  5.88574E+00
  3.07000E-01  1.66051E+00  3.81767E+01  5.92151E+00
  3.08000E-01  1.70154E+00  3.86415E+01  5.95785E+00
  3.09000E-01  1.75487E+00  3.92947E+01  5.99964E+00
  3.10000E-01  1.80019E+00  3.98262E+01  6.02240E+00
  3.11000E-01  1.86182E+00  4.05802E+01  6.06383E+00
  3.12000E-01  1.90562E+00  4.10226E+01  6.10243E+00
  3.13000E-01  1.96881E+00  4.17961E+01  6.13082E+00
  3.14000E-01  2.02340E+00  4.24441E+01  6.17204E+00
  3.15000E-01  2.09396E+00  4.33946E+01  6.22194E+00
  3.16000E-01  2.14613E+00  4.38730E+01  6.24332E+00
  3.17000E-01  2.21922E+00  4.47912E+01  6.27649E+00
  3.18000E-01  2.27948E+00  4.55026E+01  6.32036E+00
  3.19000E-01  2.36352E+00  4.64678E+01  6.36739E+00
  3.20000E-01  2.42543E+00  4.71870E+01  6.39521E+00
  3.21000E-01  2.51433E+00  4.82678E+01  6.43270E+00
  3.22000E-01  2.58737E+00  4.90769E+01  6.47773E+00
  3.23000E-01  2.67240E+00  5.00150E+01  6.51242E+00
  3.24000E-01  2.75730E+00  5.09635E+01  6.54937E+00
  3.25000E-01  2.86133E+00  5.23499E+01  6.58938E+00
  3.26000E-01  2.93915E+00  5.30498E+01  6.62552E+00
  3.27000E-01  3.04986E+00  5.42430E+01  6.67025E+00
  3.28000E-01  3.15222E+00  5.55173E+01  6.71302E+00
  3.29000E-01  3.26759E+00  5.69901E+01  6.75371E+00
  3.30000E-01  3.34650E+00  5.75305E+01  6.77260E+00
  3.31000E-01  3.50298E+00  5.92045E+01  6.82561E+00
  3.32000E-01  3.64490E+00  6.11111E+01  6.90586E+00
  3.33000E-01  3.69505E+00  6.15031E+01  6.89199E+00
  3.34000E-01  3.59340E+00  5.55800E+01  6.55101E+00
  3.35000E-01  2.49745E+00  2.70435E+01  4.54843E+00
  3.36000E-01  1.35572E+00  3.33000E+00  1.08868E+00
  3.37000E-01  1.03690E+00  3.80759E-02  3.53794E-02
  3.38000E-01  1.00039E+00  1.02765E-04  3.62830E-05
  3.39000E-01  1.00000E+00  1.00000E-04  8.34287E-10
  3.40000E-01  1.00000E+00  1.00000E-04 -1.03974E-10
  3.41000E-01  1.00000E+00  1.00000E-04  4.17751E-10
  3.42000E-01  1.00000E+00  1.00000E-04 -1.04556E-10
  3.43000E-01  1.00000E+00  1.00000E-04  1.04508E-10
  3.44000E-01  1.00000E+00  1.00000E-04  1.26846E-09
  3.45000E-01  9.99999E-01  9.99999E-05 -1.57680E-09
  3.46000E-01  1.00000E+00  1.00000E-04 -1.00927E-09
  3.47000E-01  1.00000E+00  1.00000E-04 -4.45348E-09
  3.48000E-01  1.00000E+00  1.00001E-04  2.84915E-09
  3.49000E-01  1.00000E+00  9.99996E-05  4.87147E-09
  3.50000E-01  1.00000E+00  1.00000E-04 -2.47108E-09
  3.51000E-01  1.00000E+00  1.00000E-04  6.14200E-10
  3.52000E-01  1.00000E+00  1.00000E-04  1.26611E-11
  3.53000E-01  1.00000E+00  1.00000E-04  0.00000E+00
  3.54000E-01  1.00000E+00  1.00000E-04  0.00000E+00
  3.55000E-01  1.00000E+00  1.00000E-04  0.00000E+00
  3.56000E-01  1.00000E+00  1.00000E-04  0.00000E+00
  3.57000E-01  1.00000E+00  1.00000E-04  0.00000E+00
  3.58000E-01  1.00000E+00  1.00000E-04  0.00000E+00
  3.59000E-01  1.00000E+00  1.00000E-04  0.00000E+00
  3.60000E-01  1.00000E+00  1.00000E-04  0.00000E+00
  3.61000E-01  1.00000E+00  1.00000E-04 -7.76996E-17
  3.62000E-01  1.00000E+00  1.00000E-04  0.00000E+00
  3.63000E-01  1.00000E+00  1.00000E-04  7.76996E-17
  3.64000E-01  1.00000E+00  1.00000E-04  0.00000E+00
  3.65000E-01  1.00000E+00  1.00000E-04  0.00000E+00
  3.66000E-01  1.00000E+00  1.00000E-04  0.00000E+00
  3.67000E-01  1.00000E+00  1.00000E-04  0.00000E+00
  3.68000E-01  1.00000E+00  1.00000E-04  0.00000E+00
  3.69000E-01  1.00000E+00  1.00000E-04  0.00000E+00
  3.70000E-01  1.00000E+00  1.00000E-04  0.00000E+00
  3.71000E-01  1.00000E+00  1.00000E-04  0.00000E+00
  3.72000E-01  1.00000E+00  1.00000E-04 -2.08986E-10
  3.73000E-01  1.00000E+00  1.00000E-04 -2.09028E-10
  3.74000E-01  1.00000E+00  1.00000E-04  2.89660E-10
  3.75000E-01  1.00000E+00  1.00000E-04 -1.12541E-09
  3.76000E-01  1.00000E+00  1.00000E-04  7.80106E-17
  3.77000E-01  1.00000E+00  1.00000E-04  1.19710E-09
  3.78000E-01  1.00000E+00  1.00000E-04  5.75298E-11
  3.79000E-01  1.00000E+00  1.00000E-04  0.00000E+00
  3.80000E-01  1.00000E+00  1.00000E-04  0.00000E+00
  3.81000E-01  1.00000E+00  1.00000E-04  3.13525E-10
  3.82000E-01  1.00000E+00  1.00000E-04  1.04494E-10
  3.83000E-01  1.00000E+00  1.00000E-04 -3.13269E-10
  3.84000E-01  1.00000E+00  1.00000E-04  2.08983E-10
  3.85000E-01  1.00000E+00  1.00000E-04 -1.59962E-16
  3.86000E-01  1.00000E+00  1.00000E-04 -3.13485E-10
  3.87000E-01  1.00000E+00  1.00000E-04  0.00000E+00
  3.88000E-01  1.00000E+00  1.00000E-04  0.00000E+00
  3.89000E-01  1.00000E+00  1.00000E-04  0.00000E+00
  3.90000E-01  1.00000E+00  1.00000E-04  0.00000E+00
  3.91000E-01  1.00000E+00  1.00000E-04  0.00000E+00
  3.92000E-01  1.00000E+00  1.00000E-04  0.00000E+00
  3.93000E-01  1.00000E+00  1.00000E-04  0.00000E+00
  3.94000E-01  1.00000E+00  1.00000E-04  0.00000E+00
  3.95000E-01  1.00000E+00  1.00000E-04  0.00000E+00
  3.96000E-01  1.00000E+00  1.00000E-04  0.00000E+00
  3.97000E-01  1.00000E+00  1.00000E-04  3.02889E-10
  3.98000E-01  1.00000E+00  1.00000E-04 -3.03093E-10
  3.99000E-01  1.00000E+00  1.00000E-04 -1.04469E-10
  4.00000E-01  1.00000E+00  1.00000E-04  1.04449E-10
  4.01000E-01  1.00000E+00  1.00000E-04  0.00000E+00
  4.02000E-01  1.00000E+00  1.00000E-04  0.00000E+00
  4.03000E-01  1.00000E+00  1.00000E-04 -2.25550E-10
  4.04000E-01  1.00000E+00  1.00000E-04 -5.61391E-08
  4.05000E-01  1.00000E+00  1.00000E-04 -1.78064E-06
  4.06000E-01  1.00000E+00  1.00456E-04 -1.19373E-10
  4.07000E-01  1.00000E+00  1.00000E-04  1.78055E-06
  4.08000E-01  1.00000E+00  1.00000E-04  5.64382E-08
  4.09000E-01  1.00000E+00  1.00000E-04  2.27699E-10
  4.10000E-01  1.00000E+00  1.00000E-04  0.00000E+00
  4.11000E-01  1.00000E+00  1.00000E-04  0.00000E+00
  4.12000E-01  1.00000E+00  1.00000E-04  0.00000E+00
  4.13000E-01  1.00000E+00  1.00000E-04  0.00000E+00
  4.14000E-01  1.00000E+00  1.00000E-04 -2.27532E-10
  4.15000E-01  1.00000E+00  1.00000E-04 -5.64184E-08
  4.16000E-01  1.00000E+00  1.00000E-04 -1.78111E-06
  4.17000E-01  1.00000E+00  1.00456E-04 -2.28724E-13
  4.18000E-01  1.00000E+00  1.00000E-04  1.78120E-06
  4.19000E-01  1.00000E+00  1.00000E-04  5.65064E-08
  4.20000E-01  1.00000E+00  1.00000E-04  2.88842E-10
  4.21000E-01  1.00000E+00  1.00000E-04  0.00000E+00
  4.22000E-01  1.00000E+00  1.00000E-04  0.00000E+00
  4.23000E-01  1.00000E+00  1.00000E-04  4.17931E-10
  4.24000E-01  1.00000E+00  9.99999E-05  0.00000E+00
  4.25000E-01  1.00000E+00  1.00000E-04 -3.13604E-10
  4.26000E-01  1.00000E+00  1.00000E-04  3.82045E-11
  4.27000E-01  1.00000E+00  1.00000E-04  2.24242E-09
  4.28000E-01  9.99996E-01  9.99996E-05  1.24222E-10
  4.29000E-01  1.00000E+00  1.00000E-04 -2.39810E-09
  4.30000E-01  1.00000E+00  1.00000E-04 -1.08212E-10
  4.31000E-01  1.00000E+00  1.00000E-04  0.00000E+00
  4.32000E-01  1.00000E+00  1.00000E-04  2.09051E-10
  4.33000E-01  1.00000E+00  1.00000E-04  0.00000E+00
  4.34000E-01  1.00000E+00  1.00000E-04 -2.08914E-10
  4.35000E-01  1.00000E+00  1.00000E-04  0.00000E+00
  4.36000E-01  1.00000E+00  1.00000E-04 -7.76996E-17
  4.37000E-01  1.00000E+00  1.00000E-04 -3.13764E-10
  4.38000E-01  1.00000E+00  1.00000E-04  1.04580E-10
  4.39000E-01  1.00000E+00  1.00000E-04  2.09000E-10
  4.40000E-01  1.00000E+00  1.00000E-04  0.00000E+00
  4.41000E-01  1.00000E+00  1.00000E-04  1.04569E-10
  4.42000E-01  1.00000E+00  1.00000E-04  0.00000E+00
  4.43000E-01  1.00000E+00  1.00000E-04 -1.04533E-10
  4.44000E-01  1.00000E+00  1.00000E-04  1.04560E-10
  4.45000E-01  1.00000E+00  1.00000E-04  0.00000E+00
  4.46000E-01  1.00000E+00  1.00000E-04 -1.04417E-10
  4.47000E-01  1.00000E+00  1.00000E-04  0.00000E+00
  4.48000E-01  1.00000E+00  1.00000E-04  0.00000E+00
  4.49000E-01  1.00000E+00  1.00000E-04  0.00000E+00
  4.50000E-01  1.00000E+00  1.00000E-04  1.04507E-10
  4.51000E-01  1.00000E+00  1.00000E-04 -4.18250E-10
  4.52000E-01  1.00000E+00  1.00000E-04 -1.04691E-10
  4.53000E-01  1.00000E+00  1.00000E-04  4.17645E-10
  4.54000E-01  1.00000E+00  1.00000E-04  1.04447E-10
  4.55000E-01  1.00000E+00  1.00000E-04  0.00000E+00
  4.56000E-01  1.00000E+00  1.00000E-04 -5.22680E-11
  4.57000E-01  1.00000E+00  1.00000E-04 -5.22706E-11
  4.58000E-01  1.00000E+00  1.00000E-04  7.76996E-17
  4.59000E-01  1.00000E+00  1.00000E-04  0.00000E+00
  4.60000E-01  1.00000E+00  1.00000E-04  1.04424E-10
  4.61000E-01  1.00000E+00  1.00000E-04 -2.08831E-10
  4.62000E-01  1.00000E+00  1.00000E-04 -1.04579E-10
  4.63000E-01  1.00000E+00  1.00000E-04  2.09108E-10
  4.64000E-01  1.00000E+00  1.00000E-04  1.04491E-10
  4.65000E-01  1.00000E+00  1.00000E-04  0.00000E+00
  4.66000E-01  1.00000E+00  1.00000E-04 -1.04459E-10
  4.67000E-01  1.00000E+00  1.00000E-04  1.04558E-10
  4.68000E-01  1.00000E+00  1.00000E-04  9.38678E-11
  4.69000E-01  1.00000E+00  1.00000E-04 -5.12124E-10
  4.70000E-01  1.00000E+00  1.00000E-04  2.09108E-10
  4.71000E-01  1.00000E+00  1.00000E-04  1.04517E-10
  4.72000E-01  1.00000E+00  1.00000E-04 -4.17890E-10
  4.73000E-01  1.00000E+00  1.00000E-04  1.04603E-10
  4.74000E-01  1.00000E+00  1.00000E-04  3.13279E-10
  4.75000E-01  1.00000E+00  1.00000E-04 -6.59449E-16
  4.76000E-01  1.00000E+00  1.00000E-04  8.54695E-17
  4.77000E-01  1.00000E+00  1.00000E-04 -2.08849E-10
  4.78000E-01  1.00000E+00  1.00000E-04  1.04598E-10
  4.79000E-01  1.00000E+00  1.00000E-04  2.08866E-10
  4.80000E-01  1.00000E+00  1.00000E-04  2.08867E-10
  4.81000E-01  1.00000E+00  1.00000E-04  1.04559E-10
  4.82000E-01  1.00000E+00  1.00000E-04 -3.13351E-10
  4.83000E-01  1.00000E+00  1.00000E-04 -7.31505E-10
  4.84000E-01  1.00000E+00  1.00000E-04 -3.43750E-10
  4.85000E-01  1.00000E+00  1.00000E-04  1.91199E-09
  4.86000E-01  1.00000E+00  9.99999E-05 -2.09321E-10
  4.87000E-01  1.00000E+00  1.00000E-04 -9.67478E-16
  4.88000E-01  9.99999E-01  9.99999E-05 -1.57691E-10
  4.89000E-01  1.00000E+00  1.00000E-04 -4.57010E-09
  4.90000E-01  1.00000E+00  1.00000E-04  1.58926E-09
  4.91000E-01  1.00000E+00  1.00000E-04  2.38915E-09
  4.92000E-01  1.00000E+00  1.00000E-04  7.44339E-10
  4.93000E-01  9.99999E-01  9.99999E-05 -1.04603E-10
  4.94000E-01  1.00000E+00  1.00000E-04 -6.16602E-10
  4.95000E-01  1.00000E+00  1.00000E-04 -1.05915E-11
  4.96000E-01  1.00000E+00  1.00000E-04  0.00000E+00
  4.97000E-01  1.00000E+00  1.00000E-04  0.00000E+00
  4.98000E-01  1.00000E+00  1.00000E-04  0.00000E+00
  4.99000E-01  1.00000E+00  1.00000E-04  0.00000E+00
  5.00000E-01  1.00000E+00  1.00000E-04  0.00000E+00
  5.01000E-01  1.00000E+00  1.00000E-04  0.00000E+00
  5.02000E-01  1.00000E+00  1.00000E-04  0.00000E+00
  5.03000E-01  1.00000E+00  1.00000E-04  0.00000E+00
  5.04000E-01  1.00000E+00  1.00000E-04  5.75280E-11
  5.05000E-01  1.00000E+00  1.00000E-04  1.19637E-09
  5.06000E-01  9.99998E-01  9.99998E-05  0.00000E+00
  5.07000E-01  1.00000E+00  1.00000E-04 -1.19706E-09
  5.08000E-01  1.00000E+00  1.00000E-04 -5.75380E-11
  5.09000E-01  1.00000E+00  1.00000E-04  0.00000E+00
  5.10000E-01  1.00000E+00  1.00000E-04 -7.76996E-17
  5.11000E-01  1.00000E+00  1.00000E-04  0.00000E+00
  5.12000E-01  1.00000E+00  1.00000E-04  7.76995E-17
  5.13000E-01  1.00000E+00  1.00000E-04  0.00000E+00
  5.14000E-01  1.00000E+00  1.00000E-04  0.00000E+00
  5.15000E-01  1.00000E+00  1.00000E-04  3.40701E-11
  5.16000E-01  1.00000E+00  1.00000E-04  8.02290E-10
  5.17000E-01  9.99999E-01  9.99999E-05  0.00000E+00
  5.18000E-01  1.00000E+00  1.00000E-04 -8.02394E-10
  5.19000E-01  1.00000E+00  1.00000E-04 -3.40757E-11
  5.20000E-01  1.00000E+00  1.00000E-04 -5.39112E-15
  5.21000E-01  1.00000E+00  1.00000E-04  2.65674E-15
  5.22000E-01  1.00000E+00  1.00000E-04  2.73438E-15
  5.23000E-01  1.00000E+00  1.00000E-04  0.00000E+00
  5.24000E-01  1.00000E+00  1.00000E-04  0.00000E+00
  5.25000E-01  1.00000E+00  1.00000E-04  0.00000E+00
  5.26000E-01  1.00000E+00  1.00000E-04  0.00000E+00
  5.27000E-01  1.00000E+00  1.00000E-04  0.00000E+00
  5.28000E-01  1.00000E+00  1.00000E-04  0.00000E+00
  5.29000E-01  1.00000E+00  1.00000E-04  4.17991E-10
  5.30000E-01  9.99999E-01  9.99999E-05  0.00000E+00
  5.31000E-01  1.00000E+00  1.00000E-04 -4.17974E-10
  5.32000E-01  1.00000E+00  1.00000E-04  0.00000E+00
  5.33000E-01  1.00000E+00  1.00000E-04 -1.04496E-10
  5.34000E-01  1.00000E+00  1.00000E-04 -1.04440E-10
  5.35000E-01  1.00000E+00  1.00000E-04  0.00000E+00
  5.36000E-01  1.00000E+00  1.00000E-04  1.04460E-10
  5.37000E-01  1.00000E+00  1.00000E-04  1.04492E-10
  5.38000E-01  1.00000E+00  1.00000E-04  0.00000E+00
  5.39000E-01  1.00000E+00  1.00000E-04  0.00000E+00
  5.40000E-01  1.00000E+00  1.00000E-04  0.00000E+00
  5.41000E-01  1.00000E+00  1.00000E-04 -1.04507E-10
  5.42000E-01  1.00000E+00  1.00000E-04  0.00000E+00
  5.43000E-01  1.00000E+00  1.00000E-04  1.04495E-10
  5.44000E-01  1.00000E+00  1.00000E-04  1.04488E-10
  5.45000E-01  1.00000E+00  1.00000E-04  0.00000E+00
  5.46000E-01  1.00000E+00  1.00000E-04 -1.04464E-10
  5.47000E-01  1.00000E+00  1.00000E-04  0.00000E+00
  5.48000E-01  1.00000E+00  1.00000E-04  0.00000E+00
  5.49000E-01  1.00000E+00  1.00000E-04  0.00000E+00
  5.50000E-01  1.00000E+00  1.00000E-04 -1.04927E-15
  5.51000E-01  1.00000E+00  1.00000E-04 -8.61812E-16
  5.52000E-01  1.00000E+00  1.00000E-04  1.91108E-15
  5.53000E-01  1.00000E+00  1.00000E-04  1.04490E-10
  5.54000E-01  1.00000E+00  1.00000E-04  0.00000E+00
  5.55000E-01  1.00000E+00  1.00000E-04 -1.04422E-10
  5.56000E-01  1.00000E+00  1.00000E-04  3.13648E-10
  5.57000E-01  1.00000E+00  1.00000E-04 -9.40165E-17
  5.58000E-01  1.00000E+00  1.00000E-04  0.00000E+00
  5.59000E-01  1.00000E+00  1.00000E-04  0.00000E+00
  5.60000E-01  1.00000E+00  1.00000E-04  0.00000E+00
  5.61000E-01  1.00000E+00  1.00000E-04  9.40165E-17
  5.62000E-01  1.00000E+00  1.00000E-04 -1.56756E-10
  5.63000E-01  1.00000E+00  1.00000E-04 -1.56757E-10
  5.64000E-01  1.00000E+00  1.00000E-04 -4.42518E-11
  5.65000E-01  1.00000E+00  1.00000E-04  4.42257E-11
  5.66000E-01  1.00000E+00  1.00000E-04  2.09016E-10
  5.67000E-01  1.00000E+00  1.00000E-04  0.00000E+00
  5.68000E-01  1.00000E+00  1.00000E-04 -2.09001E-10
  5.69000E-01  1.00000E+00  1.00000E-04  0.00000E+00
  5.70000E-01  1.00000E+00  1.00000E-04  2.09147E-10
  5.71000E-01  1.00000E+00  1.00000E-04 -9.40165E-17
  5.72000E-01  1.00000E+00  1.00000E-04  0.00000E+00
  5.73000E-01  1.00000E+00  1.00000E-04  9.40165E-17
  5.74000E-01  1.00000E+00  1.00000E-04 -2.08828E-10
  5.75000E-01  1.00000E+00  1.00000E-04  0.00000E+00
  5.76000E-01  1.00000E+00  1.00000E-04  0.00000E+00
  5.77000E-01  1.00000E+00  1.00000E-04  0.00000E+00
  5.78000E-01  1.00000E+00  1.00000E-04  0.00000E+00
  5.79000E-01  1.00000E+00  1.00000E-04  0.00000E+00
  5.80000E-01  1.00000E+00  1.00000E-04  0.00000E+00
  5.81000E-01  1.00000E+00  1.00000E-04  1.04438E-10
  5.82000E-01  1.00000E+00  1.00000E-04  0.00000E+00
  5.83000E-01  1.00000E+00  1.00000E-04 -3.13275E-10
  5.84000E-01  1.00000E+00  1.00000E-04  6.97202E-11
  5.85000E-01  1.00000E+00  1.00000E-04  6.97234E-11
  5.86000E-01  1.00000E+00  1.00000E-04  6.97178E-11
  5.87000E-01  1.00000E+00  1.00000E-04  0.00000E+00
  5.88000E-01  1.00000E+00  1.00000E-04  0.00000E+00
  5.89000E-01  1.00000E+00  1.00000E-04  0.00000E+00
  5.90000E-01  1.00000E+00  1.00000E-04  0.00000E+00
  5.91000E-01  1.00000E+00  1.00000E-04  0.00000E+00
  5.92000E-01  1.00000E+00  1.00000E-04  0.00000E+00
  5.93000E-01  1.00000E+00  1.00000E-04  3.13673E-10
  5.94000E-01  1.00000E+00  1.00000E-04 -1.03418E-16
  5.95000E-01  1.00000E+00  1.00000E-04 -9.40164E-17
  5.96000E-01  1.00000E+00  1.00000E-04  0.00000E+00
  5.97000E-01  1.00000E+00  1.00000E-04  3.58972E-16
  5.98000E-01  1.00000E+00  1.00000E-04  1.03418E-16
  5.99000E-01  1.00000E+00  1.00000E-04 -3.13266E-10
  6.00000E-01  1.00000E+00  1.00000E-04 -2.33230E-10
  6.01000E-01  1.00000E+00  1.00000E-04 -5.64585E-08
  6.02000E-01  1.00000E+00  1.00000E-04 -1.78283E-06
  6.03000E-01  1.00000E+00  1.00456E-04  3.98471E-10
  6.04000E-01  1.00000E+00  1.00000E-04  1.78183E-06
  6.05000E-01  1.00000E+00  1.00000E-04  5.66307E-08
  6.06000E-01  1.00000E+00  1.00000E-04  1.20122E-09
  6.07000E-01  9.99999E-01  9.99999E-05 -9.13318E-11
  6.08000E-01  1.00000E+00  1.00000E-04 -4.18118E-10
  6.09000E-01  9.99999E-01  9.99999E-05  1.04441E-10
  6.10000E-01  1.00000E+00  1.00000E-04 -5.22017E-10
  6.11000E-01  1.00000E+00  1.00000E-04 -1.04540E-10
  6.12000E-01  1.00000E+00  1.00000E-04  3.13624E-10
  6.13000E-01  1.00000E+00  1.00000E-04  0.00000E+00
  6.14000E-01  1.00000E+00  1.00000E-04 -3.13678E-10
  6.15000E-01  1.00000E+00  1.00000E-04  0.00000E+00
  6.16000E-01  1.00000E+00  1.00000E-04  0.00000E+00
  6.17000E-01  1.00000E+00  1.00000E-04  0.00000E+00
  6.18000E-01  1.00000E+00  1.00000E-04  0.00000E+00
  6.19000E-01  1.00000E+00  1.00000E-04  0.00000E+00
  6.20000E-01  1.00000E+00  1.00000E-04  0.00000E+00
  6.21000E-01  1.00000E+00  1.00000E-04  3.13284E-10
  6.22000E-01  1.00000E+00  1.00000E-04 -2.08833E-10
  6.23000E-01  1.00000E+00  1.00000E-04 -3.13619E-10
  6.24000E-01  1.00000E+00  1.00000E-04  1.04563E-10
  6.25000E-01  1.00000E+00  1.00000E-04  1.04549E-10
  6.26000E-01  1.00000E+00  1.00000E-04  0.00000E+00
  6.27000E-01  1.00000E+00  1.00000E-04 -1.04546E-10
  6.28000E-01  1.00000E+00  1.00000E-04  2.08869E-10
  6.29000E-01  1.00000E+00  1.00000E-04  0.00000E+00
  6.30000E-01  1.00000E+00  1.00000E-04 -1.13760E-16
  6.31000E-01  1.00000E+00  1.00000E-04  1.03418E-17
  6.32000E-01  1.00000E+00  1.00000E-04 -6.82979E-17
  6.33000E-01  1.00000E+00  1.00000E-04  8.62465E-17
  6.34000E-01  1.00000E+00  1.00000E-04  8.54695E-17
  6.35000E-01  1.00000E+00  1.00000E-04  0.00000E+00
  6.36000E-01  1.00000E+00  1.00000E-04 -1.04403E-10
  6.37000E-01  1.00000E+00  1.00000E-04 -1.04584E-10
  6.38000E-01  1.00000E+00  1.00000E-04  1.04544E-10
  6.39000E-01  1.00000E+00  1.00000E-04  1.04447E-10
  6.40000E-01  1.00000E+00  1.00000E-04  2.09038E-10
  6.41000E-01  1.00000E+00  1.00000E-04 -1.63169E-16
  6.42000E-01  1.00000E+00  1.00000E-04 -3.13386E-10
  6.43000E-01  1.00000E+00  1.00000E-04 -7.76996E-17
  6.44000E-01  1.00000E+00  1.00000E-04 -7.76995E-18
  6.45000E-01  1.00000E+00  1.00000E-04  8.54695E-17
  6.46000E-01  1.00000E+00  1.00000E-04  1.04545E-10
  6.47000E-01  1.00000E+00  1.00000E-04 -7.76996E-17
  6.48000E-01  1.00000E+00  1.00000E-04  1.04552E-10
  6.49000E-01  1.00000E+00  1.00000E-04  5.78319E-10
  6.50000E-01  9.99999E-01  9.99999E-05 -3.69771E-10
  6.51000E-01  1.00000E+00  1.00000E-04 -4.18381E-10
  6.52000E-01  1.00000E+00  1.00000E-04 -1.04543E-10
  6.53000E-01  1.00000E+00  1.00000E-04  1.04599E-10
  6.54000E-01  1.00000E+00  1.00000E-04 -1.01786E-16
  6.55000E-01  1.00000E+00  1.00000E-04 -6.27270E-10
  6.56000E-01  1.00000E+00  1.00000E-04 -9.40165E-17
  6.57000E-01  1.00000E+00  1.00000E-04  1.04588E-10
  6.58000E-01  1.00000E+00  1.00000E-04  5.93259E-10
  6.59000E-01  1.00000E+00  1.00000E-04 -1.75027E-10
  6.60000E-01  1.00000E+00  1.00000E-04 -1.04450E-10
  6.61000E-01  1.00000E+00  1.00000E-04  6.26681E-10
  6.62000E-01  1.00000E+00  1.00000E-04 -4.18179E-10
  6.63000E-01  1.00000E+00  1.00000E-04  8.54695E-17
  6.64000E-01  1.00000E+00  1.00000E-04  7.76996E-17
  6.65000E-01  1.00000E+00  1.00000E-04  1.26747E-12
  6.66000E-01  1.00000E+00  1.00000E-04  2.15523E-09
  6.67000E-01  9.99998E-01  9.99998E-05 -5.91045E-10
  6.68000E-01  1.00000E+00  1.00000E-04 -1.29356E-09
  6.69000E-01  1.00000E+00  1.00000E-04 -2.06162E-11
  6.70000E-01  1.00000E+00  1.00000E-04 -1.19426E-09
  6.71000E-01  1.00000E+00  1.00000E-04  0.00000E+00
  6.72000E-01  1.00000E+00  1.00000E-04  1.15039E-09
  6.73000E-01  1.00000E+00  1.00000E-04  3.13269E-10
  6.74000E-01  1.00000E+00  1.00000E-04 -2.09023E-10
  6.75000E-01  1.00000E+00  1.00000E-04 -1.39247E-10
  6.76000E-01  1.00000E+00  1.00000E-04 -1.39250E-10
  6.77000E-01  1.00000E+00  1.00000E-04 -1.39250E-10
  6.78000E-01  1.00000E+00  1.00000E-04  2.79478E-10
  6.79000E-01  1.00000E+00  1.00000E-04 -4.88800E-10
  6.80000E-01  1.00000E+00  1.00000E-04  2.09155E-10
  6.81000E-01  1.00000E+00  9.99999E-05  1.06532E-09
  6.82000E-01  9.99999E-01  9.99999E-05 -7.52150E-10
  6.83000E-01  1.00000E+00  1.00000E-04  5.22135E-11
  6.84000E-01  1.00000E+00  1.00000E-04  5.22149E-11
  6.85000E-01  1.00000E+00  1.00000E-04 -2.08911E-10
  6.86000E-01  1.00000E+00  1.00000E-04  5.22827E-10
  6.87000E-01  9.99999E-01  9.99999E-05 -1.04440E-10
  6.88000E-01  1.00000E+00  1.00000E-04 -4.88192E-10
  6.89000E-01  1.00000E+00  1.00000E-04  2.79164E-10
  6.90000E-01  1.00000E+00  1.00000E-04  4.18626E-11
  6.91000E-01  1.00000E+00  1.00000E-04  1.80342E-09
  6.92000E-01  9.99999E-01  9.99997E-05 -7.99192E-10
  6.93000E-01  1.00000E+00  1.00000E-04 -1.40646E-09
  6.94000E-01  1.00000E+00  9.99999E-05 -3.09801E-10
  6.95000E-01  1.00000E+00  1.00000E-04 -1.01280E-09
  6.96000E-01  1.00000E+00  1.00000E-04  6.30628E-09
  6.97000E-01  9.99995E-01  9.99994E-05 -6.88645E-10
  6.98000E-01  1.00000E+00  1.00000E-04 -4.07019E-09
  6.99000E-01  1.00000E+00  1.00000E-04 -1.78107E-10
  7.00000E-01  1.00000E+00  1.00000E-04  0.00000E+00
  7.01000E-01  1.00000E+00  1.00000E-04  0.00000E+00
  7.02000E-01  1.00000E+00  1.00000E-04  0.00000E+00
  7.03000E-01  1.00000E+00  1.00000E-04  0.00000E+00
  7.04000E-01  1.00000E+00  1.00000E-04  2.40021E-11
  7.05000E-01  1.00000E+00  1.00000E-04  7.07740E-10
  7.06000E-01  1.00000E+00  9.99999E-05  3.76078E-10
  7.07000E-01  1.00000E+00  1.00000E-04 -1.89938E-09
  7.08000E-01  1.00000E+00  1.00000E-04  2.69481E-10
  7.09000E-01  1.00000E+00  1.00000E-04  5.22354E-10
  7.10000E-01  1.00000E+00  1.00000E-04  0.00000E+00
  7.11000E-01  1.00000E+00  1.00000E-04  0.00000E+00
  7.12000E-01  1.00000E+00  1.00000E-04  0.00000E+00
  7.13000E-01  1.00000E+00  1.00000E-04  0.00000E+00
  7.14000E-01  1.00000E+00  1.00000E-04  0.00000E+00
  7.15000E-01  1.00000E+00  1.00000E-04  0.00000E+00
  7.16000E-01  1.00000E+00  1.00000E-04  0.00000E+00
  7.17000E-01  1.00000E+00  1.00000E-04 -1.04468E-10
  7.18000E-01  1.00000E+00  1.00000E-04 -3.29098E-11
  7.19000E-01  1.00000E+00  1.00000E-04 -1.56741E-10
  7.20000E-01  1.00000E+00  1.00000E-04 -7.11948E-08
  7.21000E-01  1.00000E+00  1.00000E-04 -2.24724E-06
  7.22000E-01  1.00000E+00  1.00575E-04 -3.96764E-12
  7.23000E-01  1.00000E+00  1.00000E-04  2.24693E-06
  7.24000E-01  1.00000E+00  1.00000E-04  7.09651E-08
  7.25000E-01  1.00000E+00  1.00000E-04  3.54633E-10
  7.26000E-01  1.00000E+00  1.00000E-04  2.08868E-10
  7.27000E-01  1.00000E+00  1.00000E-04  0.00000E+00
  7.28000E-01  1.00000E+00  1.00000E-04  0.00000E+00
  7.29000E-01  1.00000E+00  1.00000E-04  0.00000E+00
  7.30000E-01  1.00000E+00  1.00000E-04  0.00000E+00
  7.31000E-01  1.00000E+00  1.00000E-04  0.00000E+00
  7.32000E-01  1.00000E+00  1.00000E-04  0.00000E+00
  7.33000E-01  1.00000E+00  1.00000E-04  0.00000E+00
  7.34000E-01  1.00000E+00  1.00000E-04  0.00000E+00
  7.35000E-01  1.00000E+00  1.00000E-04  0.00000E+00
  7.36000E-01  1.00000E+00  1.00000E-04  0.00000E+00
  7.37000E-01  1.00000E+00  1.00000E-04  0.00000E+00
  7.38000E-01  1.00000E+00  1.00000E-04  0.00000E+00
  7.39000E-01  1.00000E+00  1.00000E-04  0.00000E+00
  7.40000E-01  1.00000E+00  1.00000E-04  0.00000E+00
  7.41000E-01  1.00000E+00  1.00000E-04  0.00000E+00
  7.42000E-01  1.00000E+00  1.00000E-04 -2.09026E-10
  7.43000E-01  1.00000E+00  1.00000E-04 -1.04544E-10
  7.44000E-01  1.00000E+00  1.00000E-04  3.13587E-10
  7.45000E-01  1.00000E+00  1.00000E-04  7.76995E-17
  7.46000E-01  1.00000E+00  1.00000E-04  0.00000E+00
  7.47000E-01  1.00000E+00  1.00000E-04  0.00000E+00
  7.48000E-01  1.00000E+00  1.00000E-04  0.00000E+00
  7.49000E-01  1.00000E+00  1.00000E-04 -1.04533E-10
  7.50000E-01  1.00000E+00  1.00000E-04 -1.04524E-10
  7.51000E-01  1.00000E+00  1.00000E-04  2.09039E-10
  7.52000E-01  1.00000E+00  1.00000E-04  1.04423E-10
  7.53000E-01  1.00000E+00  1.00000E-04 -1.04423E-10
  7.54000E-01  1.00000E+00  1.00000E-04  0.00000E+00
  7.55000E-01  1.00000E+00  1.00000E-04  1.04534E-10
  7.56000E-01  1.00000E+00  1.00000E-04  0.00000E+00
  7.57000E-01  1.00000E+00  1.00000E-04 -1.04492E-10
  7.58000E-01  1.00000E+00  1.00000E-04  0.00000E+00
  7.59000E-01  1.00000E+00  1.00000E-04  0.00000E+00
  7.60000E-01  1.00000E+00  1.00000E-04  0.00000E+00
  7.61000E-01  1.00000E+00  1.00000E-04  0.00000E+00
  7.62000E-01  1.00000E+00  1.00000E-04  0.00000E+00
  7.63000E-01  1.00000E+00  1.00000E-04  0.00000E+00
  7.64000E-01  1.00000E+00  1.00000E-04  0.00000E+00
  7.65000E-01  1.00000E+00  1.00000E-04  0.00000E+00
  7.66000E-01  1.00000E+00  1.00000E-04  1.04485E-10
  7.67000E-01  1.00000E+00  1.00000E-04  0.00000E+00
  7.68000E-01  1.00000E+00  1.00000E-04 -1.04534E-10
  7.69000E-01  1.00000E+00  1.00000E-04 -6.27061E-10
  7.70000E-01  1.00000E+00  1.00000E-04 -2.68616E-10
  7.71000E-01  1.00000E+00  1.00000E-04 -6.53751E-08
  7.72000E-01  1.00000E+00  1.00000E-04 -2.08216E-06
  7.73000E-01  1.00000E+00  1.00534E-04 -9.13034E-10
  7.74000E-01  1.00000E+00  1.00000E-04  2.00716E-06
  7.75000E-01  1.00000E+00  1.00000E-04 -2.19340E-06
  7.76000E-01  1.00000E+00  1.00581E-04  8.63489E-10
  7.77000E-01  1.00000E+00  1.00000E-04  2.26431E-06
  7.78000E-01  1.00000E+00  1.00000E-04  7.20059E-08
  7.79000E-01  1.00000E+00  1.00000E-04  2.74036E-10
  7.80000E-01  1.00000E+00  1.00000E-04 -3.13485E-10
  7.81000E-01  1.00000E+00  1.00000E-04  1.04486E-10
  7.82000E-01  1.00000E+00  1.00000E-04  0.00000E+00
  7.83000E-01  1.00000E+00  1.00000E-04 -1.04457E-10
  7.84000E-01  1.00000E+00  1.00000E-04  3.13694E-10
  7.85000E-01  1.00000E+00  1.00000E-04  0.00000E+00
  7.86000E-01  1.00000E+00  1.00000E-04 -3.13589E-10
  7.87000E-01  1.00000E+00  1.00000E-04  0.00000E+00
  7.88000E-01  1.00000E+00  1.00000E-04  0.00000E+00
  7.89000E-01  1.00000E+00  1.00000E-04  0.00000E+00
  7.90000E-01  1.00000E+00  1.00000E-04  0.00000E+00
  7.91000E-01  1.00000E+00  1.00000E-04  0.00000E+00
  7.92000E-01  1.00000E+00  1.00000E-04 -1.04436E-10
  7.93000E-01  1.00000E+00  1.00000E-04  0.00000E+00
  7.94000E-01  1.00000E+00  1.00000E-04  1.04435E-10
  7.95000E-01  1.00000E+00  1.00000E-04 -1.04543E-10
  7.96000E-01  1.00000E+00  1.00000E-04  0.00000E+00
  7.97000E-01  1.00000E+00  1.00000E-04  1.04487E-10
  7.98000E-01  1.00000E+00  1.00000E-04  4.17930E-10
  7.99000E-01  9.99999E-01  9.99999E-05  0.00000E+00
  8.00000E-01  1.00000E+00  1.00000E-04 -3.83910E-10
  8.01000E-01  1.00000E+00  1.00000E-04  3.84207E-10
  8.02000E-01  9.99999E-01  9.99999E-05  0.00000E+00
  8.03000E-01  1.00000E+00  1.00000E-04 -4.17737E-10
  8.04000E-01  1.00000E+00  1.00000E-04 -2.33173E-10
  8.05000E-01  1.00000E+00  1.00000E-04 -5.64398E-08
  8.06000E-01  1.00000E+00  1.00000E-04 -1.78103E-06
  8.07000E-01  1.00000E+00  1.00456E-04 -7.28596E-10
  8.08000E-01  1.00000E+00  1.00000E-04  1.72126E-06
  8.09000E-01  1.00000E+00  1.00000E-04 -1.72074E-06
  8.10000E-01  1.00000E+00  1.00456E-04  7.36731E-10
  8.11000E-01  1.00000E+00  1.00000E-04  1.78118E-06
  8.12000E-01  1.00000E+00  1.00000E-04  5.67377E-08
  8.13000E-01  1.00000E+00  1.00000E-04  2.11881E-10
  8.14000E-01  1.00000E+00  1.00000E-04 -3.02897E-10
  8.15000E-01  1.00000E+00  1.00000E-04  3.03069E-10
  8.16000E-01  1.00000E+00  1.00000E-04  1.04475E-10
  8.17000E-01  1.00000E+00  1.00000E-04 -6.02929E-10
  8.18000E-01  1.00000E+00  1.00000E-04  8.05515E-11
  8.19000E-01  1.00000E+00  1.00000E-04  1.04489E-10
  8.20000E-01  1.00000E+00  1.00000E-04  0.00000E+00
  8.21000E-01  1.00000E+00  1.00000E-04  0.00000E+00
  8.22000E-01  1.00000E+00  1.00000E-04  0.00000E+00
  8.23000E-01  1.00000E+00  1.00000E-04  2.08973E-10
  8.24000E-01  1.00000E+00  1.00000E-04  2.47443E-16
  8.25000E-01  1.00000E+00  1.00000E-04 -1.04575E-10
  8.26000E-01  1.00000E+00  1.00000E-04  7.76995E-17
  8.27000E-01  1.00000E+00  1.00000E-04 -1.04511E-10
  8.28000E-01  1.00000E+00  1.00000E-04  0.00000E+00
  8.29000E-01  1.00000E+00  1.00000E-04  1.04500E-10
  8.30000E-01  1.00000E+00  1.00000E-04  0.00000E+00
  8.31000E-01  1.00000E+00  1.00000E-04 -1.04548E-10
  8.32000E-01  1.00000E+00  1.00000E-04  0.00000E+00
  8.33000E-01  1.00000E+00  1.00000E-04  0.00000E+00
  8.34000E-01  1.00000E+00  1.00000E-04  2.09151E-10
  8.35000E-01  1.00000E+00  1.00000E-04  0.00000E+00
  8.36000E-01  1.00000E+00  1.00000E-04 -2.09071E-10
  8.37000E-01  1.00000E+00  1.00000E-04 -2.89286E-10
  8.38000E-01  1.00000E+00  1.00000E-04 -6.98979E-08
  8.39000E-01  1.00000E+00  1.00000E-04 -2.20848E-06
  8.40000E-01  1.00000E+00  1.00566E-04 -3.91078E-10
  8.41000E-01  1.00000E+00  1.00000E-04  2.21008E-06
  8.42000E-01  1.00000E+00  1.00000E-04  7.01419E-08
  8.43000E-01  1.00000E+00  1.00000E-04  2.71837E-10
  8.44000E-01  1.00000E+00  1.00000E-04 -2.09056E-10
  8.45000E-01  1.00000E+00  1.00000E-04  1.04545E-10
  8.46000E-01  1.00000E+00  1.00000E-04  0.00000E+00
  8.47000E-01  1.00000E+00  1.00000E-04 -2.08991E-10
  8.48000E-01  1.00000E+00  1.00000E-04  1.04614E-10
  8.49000E-01  1.00000E+00  1.00000E-04  0.00000E+00
  8.50000E-01  1.00000E+00  1.00000E-04  0.00000E+00
  8.51000E-01  1.00000E+00  1.00000E-04 -5.22592E-11
  8.52000E-01  1.00000E+00  1.00000E-04 -5.22612E-11
  8.53000E-01  1.00000E+00  1.00000E-04  2.08905E-10
  8.54000E-01  1.00000E+00  1.00000E-04  1.92362E-10
  8.55000E-01  1.00000E+00  1.00000E-04  4.23477E-09
  8.56000E-01  9.99994E-01  9.99994E-05 -1.06089E-12
  8.57000E-01  1.00000E+00  1.00000E-04 -4.29541E-09
  8.58000E-01  1.00000E+00  1.00000E-04  7.01998E-10
  8.59000E-01  9.99999E-01  9.99999E-05  8.54695E-17
  8.60000E-01  1.00000E+00  1.00000E-04 -8.98827E-10
  8.61000E-01  1.00000E+00  1.00000E-04 -4.18782E-11
  8.62000E-01  1.00000E+00  1.00000E-04  0.00000E+00
  8.63000E-01  1.00000E+00  1.00000E-04  0.00000E+00
  8.64000E-01  1.00000E+00  1.00000E-04  0.00000E+00
  8.65000E-01  1.00000E+00  1.00000E-04  0.00000E+00
  8.66000E-01  1.00000E+00  1.00000E-04  1.04530E-10
  8.67000E-01  1.00000E+00  1.00000E-04  2.09063E-10
  8.68000E-01  1.00000E+00  1.00000E-04 -3.13592E-10
  8.69000E-01  1.00000E+00  1.00000E-04  0.00000E+00
  8.70000E-01  1.00000E+00  1.00000E-04  0.00000E+00
  8.71000E-01  1.00000E+00  1.00000E-04  1.04573E-10
  8.72000E-01  1.00000E+00  1.00000E-04  3.13439E-10
  8.73000E-01  1.00000E+00  1.00000E-04 -6.03003E-10
  8.74000E-01  1.00000E+00  1.00000E-04  8.05481E-11
  8.75000E-01  1.00000E+00  1.00000E-04  1.04485E-10
  8.76000E-01  1.00000E+00  1.00000E-04  2.08886E-10
  8.77000E-01  1.00000E+00  1.00000E-04  0.00000E+00
  8.78000E-01  1.00000E+00  1.00000E-04 -3.02926E-10
  8.79000E-01  1.00000E+00  1.00000E-04  3.03064E-10
  8.80000E-01  1.00000E+00  1.00000E-04  1.38583E-10
  8.81000E-01  1.00000E+00  1.00000E-04  9.05895E-10
  8.82000E-01  9.99998E-01  9.99998E-05  7.76995E-17
  8.83000E-01  1.00000E+00  1.00000E-04 -1.19222E-09
  8.84000E-01  1.00000E+00  1.00000E-04  4.33661E-11
  8.85000E-01  1.00000E+00  1.00000E-04  0.00000E+00
  8.86000E-01  1.00000E+00  1.00000E-04 -1.04581E-10
  8.87000E-01  1.00000E+00  1.00000E-04  0.00000E+00
  8.88000E-01  1.00000E+00  1.00000E-04  0.00000E+00
  8.89000E-01  1.00000E+00  1.00000E-04  1.04536E-10
  8.90000E-01  1.00000E+00  1.00000E-04  0.00000E+00
  8.91000E-01  1.00000E+00  1.00000E-04 -1.04431E-10
  8.92000E-01  1.00000E+00  1.00000E-04  0.00000E+00
  8.93000E-01  1.00000E+00  1.00000E-04  0.00000E+00
  8.94000E-01  1.00000E+00  1.00000E-04  0.00000E+00
  8.95000E-01  1.00000E+00  1.00000E-04  1.04526E-10
  8.96000E-01  1.00000E+00  1.00000E-04 -1.04556E-10
  8.97000E-01  1.00000E+00  1.00000E-04  0.00000E+00
  8.98000E-01  1.00000E+00  1.00000E-04  0.00000E+00
  8.99000E-01  1.00000E+00  1.00000E-04 -2.44871E-16
  9.00000E-01  1.00000E+00  1.00000E-04  1.14794E-16
  9.01000E-01  1.00000E+00  1.00000E-04  1.30077E-16
  9.02000E-01  1.00000E+00  1.00000E-04  0.00000E+00
  9.03000E-01  1.00000E+00  1.00000E-04 -5.22518E-11
  9.04000E-01  1.00000E+00  1.00000E-04 -5.22501E-11
  9.05000E-01  1.00000E+00  1.00000E-04  8.54695E-17
  9.06000E-01  1.00000E+00  1.00000E-04 -2.09076E-10
  9.07000E-01  1.00000E+00  1.00000E-04  2.09182E-10
  9.08000E-01  1.00000E+00  1.00000E-04  1.04433E-10
  9.09000E-01  1.00000E+00  1.00000E-04  1.04507E-10
  9.10000E-01  1.00000E+00  1.00000E-04 -5.22432E-11
  9.11000E-01  1.00000E+00  1.00000E-04 -5.22446E-11
  9.12000E-01  1.00000E+00  1.00000E-04  7.76995E-17
  9.13000E-01  1.00000E+00  1.00000E-04  0.00000E+00
  9.14000E-01  1.00000E+00  1.00000E-04  0.00000E+00
  9.15000E-01  1.00000E+00  1.00000E-04  0.00000E+00
  9.16000E-01  1.00000E+00  1.00000E-04  4.17958E-10
  9.17000E-01  9.99999E-01  9.99999E-05  0.00000E+00
  9.18000E-01  1.00000E+00  1.00000E-04 -4.18218E-10
  9.19000E-01  1.00000E+00  1.00000E-04  0.00000E+00
  9.20000E-01  1.00000E+00  1.00000E-04  0.00000E+00
  9.21000E-01  1.00000E+00  1.00000E-04  5.22660E-10
  9.22000E-01  9.99999E-01  9.99999E-05  3.02648E-16
  9.23000E-01  1.00000E+00  1.00000E-04 -3.02768E-10
  9.24000E-01  1.00000E+00  1.00000E-04  2.92216E-10
  9.25000E-01  1.00000E+00  1.00000E-04 -3.02703E-10
  9.26000E-01  1.00000E+00  1.00000E-04 -2.08928E-10
  9.27000E-01  1.00000E+00  1.00000E-04  0.00000E+00
  9.28000E-01  1.00000E+00  1.00000E-04 -2.33099E-16
  9.29000E-01  1.00000E+00  1.00000E-04  7.76995E-17
  9.30000E-01  1.00000E+00  1.00000E-04  7.76995E-17
  9.31000E-01  1.00000E+00  1.00000E-04  1.04451E-10
  9.32000E-01  1.00000E+00  1.00000E-04  2.65418E-11
  9.33000E-01  1.00000E+00  1.00000E-04 -2.65417E-11
  9.34000E-01  1.00000E+00  1.00000E-04 -1.04556E-10
  9.35000E-01  1.00000E+00  1.00000E-04  0.00000E+00
  9.36000E-01  1.00000E+00  1.00000E-04 -2.08908E-10
  9.37000E-01  1.00000E+00  1.00000E-04  0.00000E+00
  9.38000E-01  1.00000E+00  1.00000E-04  6.26609E-10
  9.39000E-01  1.00000E+00  1.00000E-04  0.00000E+00
  9.40000E-01  1.00000E+00  1.00000E-04 -6.27244E-10
  9.41000E-01  1.00000E+00  1.00000E-04  0.00000E+00
  9.42000E-01  1.00000E+00  1.00000E-04  6.97020E-10
  9.43000E-01  1.00000E+00  1.00000E-04 -7.04373E-11
  9.44000E-01  1.00000E+00  1.00000E-04 -2.13902E-11
  9.45000E-01  1.00000E+00  1.00000E-04  2.73629E-09
  9.46000E-01  9.99996E-01  9.99996E-05  7.58408E-10
  9.47000E-01  1.00000E+00  1.00000E-04 -3.85620E-09
  9.48000E-01  1.00000E+00  1.00000E-04  2.82359E-11
  9.49000E-01  1.00000E+00  1.00000E-04  4.31872E-11
  9.50000E-01  1.00000E+00  1.00000E-04  3.13140E-10
  9.51000E-01  1.00000E+00  1.00000E-04  1.04517E-10
  9.52000E-01  1.00000E+00  1.00000E-04 -2.02301E-11
  9.53000E-01  1.00000E+00  1.00000E-04 -8.43012E-11
  9.54000E-01  1.00000E+00  1.00000E-04 -9.29289E-10
  9.55000E-01  1.00000E+00  1.00000E-04  3.03165E-10
  9.56000E-01  1.00000E+00  1.00000E-04  3.13784E-10
  9.57000E-01  1.00000E+00  1.00000E-04  1.04578E-10
  9.58000E-01  1.00000E+00  1.00000E-04  2.08935E-10
  9.59000E-01  1.00000E+00  1.00000E-04 -6.02396E-10
  9.60000E-01  1.00000E+00  1.00000E-04  8.05464E-11
  9.61000E-01  1.00000E+00  1.00000E-04  1.04521E-10
  9.62000E-01  1.00000E+00  1.00000E-04 -2.08910E-10
  9.63000E-01  1.00000E+00  1.00000E-04 -3.94339E-10
  9.64000E-01  1.00000E+00  1.00000E-04  1.02126E-09
  9.65000E-01  1.00000E+00  1.00000E-04  1.04449E-10
  9.66000E-01  1.00000E+00  1.00000E-04 -1.21853E-09
  9.67000E-01  1.00000E+00  1.00000E-04  3.84401E-10
  9.68000E-01  1.00000E+00  1.00000E-04 -1.21530E-16
  9.69000E-01  1.00000E+00  1.00000E-04 -1.04583E-10
  9.70000E-01  1.00000E+00  1.00000E-04  1.04528E-10
  9.71000E-01  1.00000E+00  1.00000E-04  7.30623E-10
  9.72000E-01  9.99999E-01  9.99999E-05  3.02114E-10
  9.73000E-01  1.00000E+00  1.00000E-04  3.20970E-09
  9.74000E-01  9.99995E-01  9.99995E-05  1.82616E-10
  9.75000E-01  1.00000E+00  1.00000E-04 -4.11449E-09
  9.76000E-01  1.00000E+00  1.00000E-04  2.13692E-10
  9.77000E-01  1.00000E+00  9.99999E-05  3.02963E-10
  9.78000E-01  1.00000E+00  1.00000E-04 -9.30029E-10
  9.79000E-01  9.99999E-01  1.00000E-04  1.47978E-15
  9.80000E-01  1.00000E+00  1.00000E-04  2.29622E-09
  9.81000E-01  9.99998E-01  9.99998E-05  1.04427E-10
  9.82000E-01  1.00000E+00  1.00000E-04 -2.92299E-09
  9.83000E-01  1.00000E+00  1.00000E-04  3.13732E-10
  9.84000E-01  1.00000E+00  1.00000E-04  1.50078E-10
  9.85000E-01  1.00000E+00  1.00000E-04  3.22917E-09
  9.86000E-01  9.99996E-01  9.99995E-05 -2.75175E-09
  9.87000E-01  1.00001E+00  1.00001E-04 -3.59040E-09
  9.88000E-01  1.00000E+00  1.00000E-04  2.62660E-09
  9.89000E-01  1.00000E+00  1.00000E-04  1.35284E-08
  9.90000E-01  9.99981E-01  9.99981E-05  1.20044E-09
  9.91000E-01  1.00000E+00  1.00000E-04 -1.31967E-08
  9.92000E-01  1.00000E+00  1.00000E-04 -5.74143E-10
  9.93000E-01  1.00000E+00  1.00000E-04  0.00000E+00
  9.94000E-01  1.00000E+00  1.00000E-04 -2.08926E-10
  9.95000E-01  1.00000E+00  1.00000E-04  0.00000E+00
  9.96000E-01  1.00000E+00  1.00000E-04  2.09090E-10
  9.97000E-01  1.00000E+00  1.00000E-04  0.00000E+00
  9.98000E-01  1.00000E+00  1.00000E-04  0.00000E+00
  9.99000E-01  1.00000E+00  1.00000E-04  0.00000E+00
