  0.00000E+00  4.71241E-05  7.46011E-02  3.11622E-04
  1.00000E-02  4.71252E-05  7.46013E-02  9.11189E-04
  2.00000E-02  4.71250E-05  7.46015E-02  1.49589E-03
  3.00000E-02  4.71262E-05  7.46016E-02  2.01729E-03
  4.00000E-02  4.71307E-05  7.46016E-02  2.40167E-03
  5.00000E-02  4.71542E-05  7.46015E-02  2.65816E-03
  6.00000E-02  4.71975E-05  7.46013E-02  2.82768E-03
  7.00000E-02  4.72628E-05  7.46012E-02  2.97276E-03
  8.00000E-02  4.73280E-05  7.46009E-02  3.17159E-03
  9.00000E-02  4.73830E-05  7.46006E-02  3.44448E-03
  1.00000E-01  4.74229E-05  7.46001E-02  3.70265E-03
  1.10000E-01  4.74542E-05  7.45995E-02  3.96065E-03
  1.20000E-01  4.75854E-05  7.45989E-02  4.28045E-03
  1.30000E-01  4.83360E-05  7.45985E-02  4.62341E-03
  1.40000E-01  5.03091E-05  7.45982E-02  4.97014E-03
  1.50000E-01  5.32780E-05  7.45978E-02  5.21699E-03
  1.60000E-01  5.69546E-05  7.45974E-02  5.36205E-03
  1.70000E-01  6.11593E-05  7.45971E-02  5.55235E-03
  1.80000E-01  6.56921E-05  7.45970E-02  5.84704E-03
  1.90000E-01  7.07338E-05  7.45968E-02  6.19574E-03
  2.00000E-01  7.62446E-05  7.45970E-02  6.48934E-03
  2.10000E-01  8.22455E-05  7.45974E-02  6.70582E-03
  2.20000E-01  8.89575E-05  7.45977E-02  7.07953E-03
  2.30000E-01  9.62125E-05  7.45975E-02  7.43333E-03
  2.40000E-01  1.04596E-04  7.45974E-02  7.76595E-03
  2.50000E-01  1.13944E-04  7.45978E-02  8.14723E-03
  2.60000E-01  1.24780E-04  7.45980E-02  8.54756E-03
  2.70000E-01  1.37444E-04  7.45981E-02  8.83653E-03
  2.80000E-01  1.52553E-04  7.45983E-02  9.08438E-03
  2.90000E-01  1.70057E-04  7.45986E-02  9.44799E-03
  3.00000E-01  1.91105E-04  7.45982E-02  9.73791E-03
  3.10000E-01  2.16431E-04  7.45978E-02  9.92224E-03
  3.20000E-01  2.46715E-04  7.45972E-02  1.01981E-02
  3.30000E-01  2.83070E-04  7.45961E-02  1.06287E-02
  3.40000E-01  3.26137E-04  7.45954E-02  1.10577E-02
  3.50000E-01  3.76970E-04  7.45957E-02  1.13541E-02
  3.60000E-01  4.35996E-04  7.45955E-02  1.16556E-02
  3.70000E-01  5.03110E-04  7.45954E-02  1.19734E-02
  3.80000E-01  5.78536E-04  7.45951E-02  1.23097E-02
  3.90000E-01  6.62544E-04  7.45950E-02  1.26839E-02
  4.00000E-01  7.52044E-04  7.45949E-02  1.30389E-02
  4.10000E-01  8.52336E-04  7.45957E-02  1.33741E-02
  4.20000E-01  9.54975E-04  7.45958E-02  1.36950E-02
  4.30000E-01  1.07189E-03  7.45958E-02  1.40265E-02
  4.40000E-01  1.18223E-03  7.45950E-02  1.44197E-02
  4.50000E-01  1.32485E-03  7.45962E-02  1.48787E-02
  4.60000E-01  1.42985E-03  7.45952E-02  1.53338E-02
  4.70000E-01  1.61088E-03  7.45947E-02  1.55193E-02
  4.80000E-01  1.70626E-03  7.45906E-02  1.57537E-02
  4.90000E-01  1.92299E-03  7.45854E-02  1.57261E-02
  5.00000E-01  2.03259E-03  7.45840E-02  1.57402E-02
  5.10000E-01  2.26519E-03  7.45809E-02  1.60116E-02
  5.20000E-01  2.39080E-03  7.45798E-02  1.64132E-02
  5.30000E-01  2.66442E-03  7.45810E-02  1.66361E-02
  5.40000E-01  2.80274E-03  7.45808E-02  1.70290E-02
  5.50000E-01  3.11262E-03  7.45854E-02  1.72776E-02
  5.60000E-01  3.27529E-03  7.45873E-02  1.73829E-02
  5.70000E-01  3.63349E-03  7.45972E-02  1.75163E-02
  5.80000E-01  3.81972E-03  7.46067E-02  1.76817E-02
  5.90000E-01  4.23323E-03  7.46098E-02  1.78420E-02
  6.00000E-01  4.44654E-03  7.46124E-02  1.83678E-02
  6.10000E-01  4.91751E-03  7.46118E-02  1.85903E-02
  6.20000E-01  5.16451E-03  7.46149E-02  1.89164E-02
  6.30000E-01  5.68917E-03  7.46110E-02  1.92194E-02
  6.40000E-01  5.96212E-03  7.46128E-02  1.94280E-02
  6.50000E-01  6.54036E-03  7.46110E-02  1.97040E-02
  6.60000E-01  6.85250E-03  7.46121E-02  2.01729E-02
  6.70000E-01  7.49045E-03  7.46098E-02  2.05553E-02
  6.80000E-01  7.81049E-03  7.46142E-02  2.07886E-02
  6.90000E-01  8.50312E-03  7.46154E-02  2.14816E-02
  7.00000E-01  8.86348E-03  7.46125E-02  2.17106E-02
  7.10000E-01  9.62220E-03  7.46190E-02  2.19793E-02
  7.20000E-01  1.00061E-02  7.46198E-02  2.24186E-02
  7.30000E-01  1.08113E-02  7.46366E-02  2.24211E-02
  7.40000E-01  1.12340E-02  7.46459E-02  2.25567E-02
  7.50000E-01  1.21289E-02  7.46550E-02  2.27260E-02
  7.60000E-01  1.25885E-02  7.46528E-02  2.31099E-02
  7.70000E-01  1.35643E-02  7.46631E-02  2.32813E-02
  7.80000E-01  1.40690E-02  7.46640E-02  2.38604E-02
  7.90000E-01  1.51265E-02  7.46626E-02  2.42736E-02
  8.00000E-01  1.56744E-02  7.46703E-02  2.45039E-02
  8.10000E-01  1.68369E-02  7.46695E-02  2.50977E-02
  8.20000E-01  1.74417E-02  7.46808E-02  2.52564E-02
  8.30000E-01  1.87112E-02  7.47081E-02  2.52510E-02
  8.40000E-01  1.93629E-02  7.47157E-02  2.56812E-02
  8.50000E-01  2.07540E-02  7.47184E-02  2.61445E-02
  8.60000E-01  2.14634E-02  7.47282E-02  2.64045E-02
  8.70000E-01  2.29663E-02  7.47281E-02  2.69110E-02
  8.80000E-01  2.37413E-02  7.47301E-02  2.74260E-02
  8.90000E-01  2.53795E-02  7.47484E-02  2.76096E-02
  9.00000E-01  2.62323E-02  7.47499E-02  2.81277E-02
  9.10000E-01  2.80064E-02  7.47678E-02  2.85853E-02
  9.20000E-01  2.89258E-02  7.47889E-02  2.86380E-02
  9.30000E-01  3.08609E-02  7.48151E-02  2.88722E-02
  9.40000E-01  3.18625E-02  7.48131E-02  2.92289E-02
  9.50000E-01  3.39697E-02  7.48264E-02  2.97288E-02
  9.60000E-01  3.50572E-02  7.48568E-02  3.00433E-02
  9.70000E-01  3.74171E-02  7.48640E-02  3.02803E-02
  9.80000E-01  3.85217E-02  7.48840E-02  3.02934E-02
  9.90000E-01  4.16419E-02  7.49298E-02  3.10334E-02
