  0.00000E+00  4.35651E-05  6.54470E-02  4.59199E-05
  1.00000E-02  4.35649E-05  6.54469E-02  1.81387E-04
  2.00000E-02  4.35639E-05  6.54469E-02  4.09849E-04
  3.00000E-02  4.35660E-05  6.54468E-02  6.55261E-04
  4.00000E-02  4.35668E-05  6.54467E-02  8.50509E-04
  5.00000E-02  4.35818E-05  6.54467E-02  9.81699E-04
  6.00000E-02  4.36249E-05  6.54466E-02  1.13634E-03
  7.00000E-02  4.36780E-05  6.54465E-02  1.34347E-03
  8.00000E-02  4.37404E-05  6.54465E-02  1.56283E-03
  9.00000E-02  4.37902E-05  6.54464E-02  1.78689E-03
  1.00000E-01  4.38348E-05  6.54466E-02  1.96822E-03
  1.10000E-01  4.38567E-05  6.54465E-02  2.14912E-03
  1.20000E-01  4.39234E-05  6.54466E-02  2.35007E-03
  1.30000E-01  4.43051E-05  6.54465E-02  2.54162E-03
  1.40000E-01  4.56971E-05  6.54466E-02  2.68794E-03
  1.50000E-01  4.80586E-05  6.54465E-02  2.87663E-03
  1.60000E-01  5.11182E-05  6.54466E-02  3.09455E-03
  1.70000E-01  5.47395E-05  6.54466E-02  3.27434E-03
  1.80000E-01  5.86590E-05  6.54466E-02  3.45567E-03
  1.90000E-01  6.29789E-05  6.54465E-02  3.64172E-03
  2.00000E-01  6.77483E-05  6.54466E-02  3.85230E-03
  2.10000E-01  7.28462E-05  6.54464E-02  4.02990E-03
  2.20000E-01  7.85862E-05  6.54466E-02  4.19913E-03
  2.30000E-01  8.47232E-05  6.54467E-02  4.41981E-03
  2.40000E-01  9.16834E-05  6.54467E-02  4.56558E-03
  2.50000E-01  9.95417E-05  6.54465E-02  4.76709E-03
  2.60000E-01  1.08282E-04  6.54466E-02  5.00595E-03
  2.70000E-01  1.18482E-04  6.54466E-02  5.13294E-03
  2.80000E-01  1.30567E-04  6.54469E-02  5.35860E-03
  2.90000E-01  1.44510E-04  6.54466E-02  5.53344E-03
  3.00000E-01  1.61046E-04  6.54469E-02  5.68027E-03
  3.10000E-01  1.80623E-04  6.54467E-02  5.94220E-03
  3.20000E-01  2.04105E-04  6.54466E-02  6.07816E-03
  3.30000E-01  2.32280E-04  6.54471E-02  6.26084E-03
  3.40000E-01  2.65440E-04  6.54466E-02  6.45428E-03
  3.50000E-01  3.05105E-04  6.54470E-02  6.57805E-03
  3.60000E-01  3.51206E-04  6.54472E-02  6.84175E-03
  3.70000E-01  4.04797E-04  6.54470E-02  6.97115E-03
  3.80000E-01  4.64937E-04  6.54476E-02  7.15673E-03
  3.90000E-01  5.34234E-04  6.54468E-02  7.34093E-03
  4.00000E-01  6.06841E-04  6.54478E-02  7.45895E-03
  4.10000E-01  6.92014E-04  6.54476E-02  7.71786E-03
  4.20000E-01  7.73253E-04  6.54478E-02  7.82496E-03
  4.30000E-01  8.79817E-04  6.54484E-02  8.05133E-03
  4.40000E-01  9.59338E-04  6.54476E-02  8.18404E-03
  4.50000E-01  1.09664E-03  6.54488E-02  8.34378E-03
  4.60000E-01  1.16942E-03  6.54475E-02  8.50702E-03
  4.70000E-01  1.33179E-03  6.54493E-02  8.64906E-03
  4.80000E-01  1.41482E-03  6.54478E-02  8.85117E-03
  4.90000E-01  1.58376E-03  6.54494E-02  9.09057E-03
  5.00000E-01  1.68036E-03  6.54487E-02  9.25496E-03
  5.10000E-01  1.88345E-03  6.54493E-02  9.30913E-03
  5.20000E-01  1.98095E-03  6.54494E-02  9.62152E-03
  5.30000E-01  2.20192E-03  6.54484E-02  9.83560E-03
  5.40000E-01  2.32103E-03  6.54488E-02  9.84946E-03
  5.50000E-01  2.57121E-03  6.54502E-02  1.01449E-02
  5.60000E-01  2.70525E-03  6.54490E-02  1.04276E-02
  5.70000E-01  2.99914E-03  6.54491E-02  1.04495E-02
  5.80000E-01  3.14471E-03  6.54504E-02  1.06553E-02
  5.90000E-01  3.47709E-03  6.54509E-02  1.09705E-02
  6.00000E-01  3.65755E-03  6.54505E-02  1.10311E-02
  6.10000E-01  4.03260E-03  6.54518E-02  1.11039E-02
  6.20000E-01  4.22953E-03  6.54535E-02  1.15073E-02
  6.30000E-01  4.67379E-03  6.54530E-02  1.16293E-02
  6.40000E-01  4.89563E-03  6.54535E-02  1.16363E-02
  6.50000E-01  5.36367E-03  6.54553E-02  1.19595E-02
  6.60000E-01  5.62675E-03  6.54544E-02  1.22125E-02
  6.70000E-01  6.16014E-03  6.54542E-02  1.22428E-02
  6.80000E-01  6.42723E-03  6.54562E-02  1.25138E-02
  6.90000E-01  7.02264E-03  6.54558E-02  1.27974E-02
  7.00000E-01  7.32021E-03  6.54551E-02  1.28279E-02
  7.10000E-01  7.91558E-03  6.54584E-02  1.30694E-02
  7.20000E-01  8.26094E-03  6.54590E-02  1.33824E-02
  7.30000E-01  8.95819E-03  6.54584E-02  1.34203E-02
  7.40000E-01  9.28751E-03  6.54601E-02  1.34385E-02
  7.50000E-01  1.00110E-02  6.54635E-02  1.38472E-02
  7.60000E-01  1.04216E-02  6.54618E-02  1.40190E-02
  7.70000E-01  1.11946E-02  6.54641E-02  1.40492E-02
  7.80000E-01  1.15993E-02  6.54646E-02  1.43986E-02
  7.90000E-01  1.25191E-02  6.54634E-02  1.46100E-02
  8.00000E-01  1.29604E-02  6.54640E-02  1.46223E-02
  8.10000E-01  1.38556E-02  6.54671E-02  1.49748E-02
  8.20000E-01  1.43991E-02  6.54661E-02  1.52070E-02
  8.30000E-01  1.54586E-02  6.54663E-02  1.52112E-02
  8.40000E-01  1.59509E-02  6.54682E-02  1.52926E-02
  8.50000E-01  1.70842E-02  6.54726E-02  1.57003E-02
  8.60000E-01  1.77315E-02  6.54699E-02  1.58076E-02
  8.70000E-01  1.88523E-02  6.54724E-02  1.58946E-02
  8.80000E-01  1.94952E-02  6.54714E-02  1.62731E-02
  8.90000E-01  2.09309E-02  6.54677E-02  1.64105E-02
  9.00000E-01  2.16034E-02  6.54725E-02  1.64665E-02
  9.10000E-01  2.29911E-02  6.54741E-02  1.68551E-02
  9.20000E-01  2.37257E-02  6.54712E-02  1.70062E-02
  9.30000E-01  2.52758E-02  6.54747E-02  1.70373E-02
  9.40000E-01  2.62483E-02  6.54752E-02  1.73598E-02
  9.50000E-01  2.78235E-02  6.54726E-02  1.75821E-02
  9.60000E-01  2.86178E-02  6.54731E-02  1.76127E-02
  9.70000E-01  3.07726E-02  6.54773E-02  1.79169E-02
  9.80000E-01  3.16377E-02  6.54736E-02  1.81831E-02
  9.90000E-01  3.37953E-02  6.54736E-02  1.81946E-02
