  0.00000E+00  1.92646E-04  7.79756E-01  5.75564E-03
  1.00000E-02  1.92650E-04  7.79758E-01  1.71848E-02
  2.00000E-02  1.92667E-04  7.79760E-01  2.84419E-02
  3.00000E-02  1.92813E-04  7.79762E-01  3.95919E-02
  4.00000E-02  1.93141E-04  7.79764E-01  5.06985E-02
  5.00000E-02  1.93517E-04  7.79765E-01  6.18925E-02
  6.00000E-02  1.93853E-04  7.79767E-01  7.31992E-02
  7.00000E-02  1.94591E-04  7.79768E-01  8.46342E-02
  8.00000E-02  1.99148E-04  7.79767E-01  9.61718E-02
  9.00000E-02  2.14943E-04  7.79766E-01  1.07756E-01
  1.00000E-01  2.38749E-04  7.79764E-01  1.19229E-01
  1.10000E-01  2.67760E-04  7.79764E-01  1.30650E-01
  1.20000E-01  3.01264E-04  7.79766E-01  1.42031E-01
  1.30000E-01  3.40041E-04  7.79765E-01  1.53416E-01
  1.40000E-01  3.85654E-04  7.79769E-01  1.64785E-01
  1.50000E-01  4.40712E-04  7.79769E-01  1.76231E-01
  1.60000E-01  5.08379E-04  7.79770E-01  1.87649E-01
  1.70000E-01  5.95624E-04  7.79775E-01  1.99030E-01
  1.80000E-01  7.09631E-04  7.79775E-01  2.10466E-01
  1.90000E-01  8.60622E-04  7.79782E-01  2.21893E-01
  2.00000E-01  1.06232E-03  7.79793E-01  2.33338E-01
  2.10000E-01  1.32825E-03  7.79804E-01  2.44653E-01
  2.20000E-01  1.67218E-03  7.79817E-01  2.55961E-01
  2.30000E-01  2.09979E-03  7.79836E-01  2.67288E-01
  2.40000E-01  2.61218E-03  7.79854E-01  2.78553E-01
  2.50000E-01  3.20486E-03  7.79891E-01  2.89919E-01
  2.60000E-01  3.87382E-03  7.79931E-01  3.01179E-01
  2.70000E-01  4.61446E-03  7.79985E-01  3.12570E-01
  2.80000E-01  5.42897E-03  7.80041E-01  3.23802E-01
  2.90000E-01  6.31931E-03  7.80124E-01  3.35187E-01
  3.00000E-01  7.28844E-03  7.80192E-01  3.46229E-01
  3.10000E-01  8.35310E-03  7.80305E-01  3.57732E-01
  3.20000E-01  9.52743E-03  7.80395E-01  3.68897E-01
  3.30000E-01  1.08290E-02  7.80546E-01  3.80540E-01
  3.40000E-01  1.22802E-02  7.80675E-01  3.91821E-01
  3.50000E-01  1.39028E-02  7.80866E-01  4.03421E-01
  3.60000E-01  1.57235E-02  7.81074E-01  4.14828E-01
  3.70000E-01  1.77613E-02  7.81292E-01  4.26237E-01
  3.80000E-01  2.00233E-02  7.81622E-01  4.38010E-01
  3.90000E-01  2.25173E-02  7.81858E-01  4.48909E-01
  4.00000E-01  2.52387E-02  7.82374E-01  4.61109E-01
  4.10000E-01  2.81744E-02  7.82677E-01  4.71784E-01
  4.20000E-01  3.13432E-02  7.83364E-01  4.84226E-01
  4.30000E-01  3.47246E-02  7.83803E-01  4.94961E-01
  4.40000E-01  3.83461E-02  7.84569E-01  5.06961E-01
  4.50000E-01  4.22065E-02  7.85323E-01  5.18351E-01
  4.60000E-01  4.63540E-02  7.86071E-01  5.29397E-01
  4.70000E-01  5.08201E-02  7.87324E-01  5.41947E-01
  4.80000E-01  5.56051E-02  7.87967E-01  5.51942E-01
  4.90000E-01  6.07935E-02  7.89595E-01  5.65244E-01
  5.00000E-01  6.63493E-02  7.90577E-01  5.75585E-01
  5.10000E-01  7.23465E-02  7.92136E-01  5.87867E-01
  5.20000E-01  7.88187E-02  7.94072E-01  6.00304E-01
  5.30000E-01  8.57211E-02  7.95269E-01  6.10210E-01
  5.40000E-01  9.32600E-02  7.98154E-01  6.24932E-01
  5.50000E-01  1.01234E-01  7.99617E-01  6.34494E-01
  5.60000E-01  1.09886E-01  8.02304E-01  6.47459E-01
  5.70000E-01  1.19233E-01  8.05519E-01  6.60391E-01
  5.80000E-01  1.29156E-01  8.07322E-01  6.69512E-01
  5.90000E-01  1.40075E-01  8.12138E-01  6.85664E-01
  6.00000E-01  1.51592E-01  8.14824E-01  6.95233E-01
  6.10000E-01  1.63993E-01  8.18657E-01  7.07164E-01
  6.20000E-01  1.77542E-01  8.24864E-01  7.23419E-01
  6.30000E-01  1.91521E-01  8.27459E-01  7.31481E-01
  6.40000E-01  2.07015E-01  8.34272E-01  7.47530E-01
  6.50000E-01  2.23560E-01  8.41018E-01  7.61448E-01
  6.60000E-01  2.40714E-01  8.44771E-01  7.69897E-01
  6.70000E-01  2.60179E-01  8.55158E-01  7.88846E-01
  6.80000E-01  2.80272E-01  8.61969E-01  8.00278E-01
  6.90000E-01  3.01562E-01  8.68105E-01  8.10009E-01
  7.00000E-01  3.26095E-01  8.82583E-01  8.31058E-01
  7.10000E-01  3.50780E-01  8.90479E-01  8.41565E-01
  7.20000E-01  3.77439E-01  8.99591E-01  8.52707E-01
  7.30000E-01  4.08543E-01  9.18683E-01  8.75408E-01
  7.40000E-01  4.39308E-01  9.28612E-01  8.85763E-01
  7.50000E-01  4.72879E-01  9.41055E-01  8.97534E-01
  7.60000E-01  5.12883E-01  9.66226E-01  9.22349E-01
  7.70000E-01  5.52090E-01  9.80082E-01  9.33805E-01
  7.80000E-01  5.94489E-01  9.95550E-01  9.44786E-01
  7.90000E-01  6.47167E-01  1.02938E+00  9.72520E-01
  8.00000E-01  6.98561E-01  1.05035E+00  9.86893E-01
  8.10000E-01  7.52416E-01  1.06889E+00  9.95923E-01
  8.20000E-01  8.21842E-01  1.11288E+00  1.02552E+00
  8.30000E-01  8.92309E-01  1.14718E+00  1.04539E+00
  8.40000E-01  9.61585E-01  1.16930E+00  1.05298E+00
  8.50000E-01  1.05292E+00  1.22321E+00  1.08114E+00
  8.60000E-01  1.15480E+00  1.28066E+00  1.10957E+00
  8.70000E-01  1.24899E+00  1.31097E+00  1.11811E+00
  8.80000E-01  1.36807E+00  1.37199E+00  1.14022E+00
  8.90000E-01  1.51616E+00  1.46070E+00  1.17635E+00
  9.00000E-01  1.65551E+00  1.51322E+00  1.19026E+00
  9.10000E-01  1.81664E+00  1.58301E+00  1.20795E+00
  9.20000E-01  2.02416E+00  1.70200E+00  1.24530E+00
  9.30000E-01  2.22551E+00  1.80438E+00  1.26468E+00
  9.40000E-01  2.45622E+00  1.87469E+00  1.27642E+00
  9.50000E-01  2.82004E+00  2.05575E+00  1.32331E+00
  9.60000E-01  3.14238E+00  2.23822E+00  1.35654E+00
  9.70000E-01  3.23682E+00  2.15853E+00  1.32370E+00
  9.80000E-01  2.74311E+00  1.38195E+00  1.04709E+00
  9.90000E-01  1.52201E+00  2.74403E-01  3.50787E-01
