  0.00000E+00  6.88154E-05  1.40220E+02  4.74643E-02
  1.00000E-03  6.88160E-05  1.40223E+02  1.39517E-01
  2.00000E-03  6.88176E-05  1.40226E+02  2.34134E-01
  3.00000E-03  6.88224E-05  1.40230E+02  3.24871E-01
  4.00000E-03  6.88451E-05  1.40232E+02  4.09442E-01
  5.00000E-03  6.89073E-05  1.40233E+02  4.91101E-01
  6.00000E-03  6.90084E-05  1.40234E+02  5.76357E-01
  7.00000E-03  6.91167E-05  1.40237E+02  6.67790E-01
  8.00000E-03  6.92071E-05  1.40240E+02  7.68171E-01
  9.00000E-03  6.92659E-05  1.40242E+02  8.70956E-01
  1.00000E-02  6.93763E-05  1.40244E+02  9.71669E-01
  1.10000E-02  6.99424E-05  1.40245E+02  1.06889E+00
  1.20000E-02  7.24801E-05  1.40245E+02  1.16008E+00
  1.30000E-02  7.69979E-05  1.40245E+02  1.24473E+00
  1.40000E-02  8.29514E-05  1.40244E+02  1.32747E+00
  1.50000E-02  9.00108E-05  1.40243E+02  1.40887E+00
  1.60000E-02  9.75556E-05  1.40243E+02  1.48712E+00
  1.70000E-02  1.06135E-04  1.40241E+02  1.56647E+00
  1.80000E-02  1.15617E-04  1.40240E+02  1.64644E+00
  1.90000E-02  1.26256E-04  1.40240E+02  1.72926E+00
  2.00000E-02  1.38013E-04  1.40239E+02  1.81362E+00
  2.10000E-02  1.51523E-04  1.40237E+02  1.89644E+00
  2.20000E-02  1.67041E-04  1.40235E+02  1.97666E+00
  2.30000E-02  1.85279E-04  1.40232E+02  2.05396E+00
  2.40000E-02  2.07249E-04  1.40229E+02  2.13020E+00
  2.50000E-02  2.33688E-04  1.40227E+02  2.20821E+00
  2.60000E-02  2.65616E-04  1.40225E+02  2.29010E+00
  2.70000E-02  3.05204E-04  1.40225E+02  2.37557E+00
  2.80000E-02  3.52958E-04  1.40223E+02  2.45902E+00
  2.90000E-02  4.12795E-04  1.40223E+02  2.53552E+00
  3.00000E-02  4.84628E-04  1.40222E+02  2.61319E+00
  3.10000E-02  5.71125E-04  1.40223E+02  2.69551E+00
  3.20000E-02  6.73080E-04  1.40223E+02  2.77745E+00
  3.30000E-02  7.90196E-04  1.40224E+02  2.85851E+00
  3.40000E-02  9.23810E-04  1.40224E+02  2.94339E+00
  3.50000E-02  1.07022E-03  1.40225E+02  3.02663E+00
  3.60000E-02  1.23100E-03  1.40231E+02  3.11402E+00
  3.70000E-02  1.40577E-03  1.40235E+02  3.20233E+00
  3.80000E-02  1.59297E-03  1.40240E+02  3.29317E+00
  3.90000E-02  1.79281E-03  1.40239E+02  3.38037E+00
  4.00000E-02  2.00634E-03  1.40237E+02  3.46542E+00
  4.10000E-02  2.23232E-03  1.40239E+02  3.54760E+00
  4.20000E-02  2.47387E-03  1.40241E+02  3.62724E+00
  4.30000E-02  2.72926E-03  1.40245E+02  3.70274E+00
  4.40000E-02  3.00584E-03  1.40253E+02  3.79718E+00
  4.50000E-02  3.29973E-03  1.40252E+02  3.87761E+00
  4.60000E-02  3.61415E-03  1.40250E+02  3.97178E+00
  4.70000E-02  3.95639E-03  1.40250E+02  4.05901E+00
  4.80000E-02  4.32308E-03  1.40253E+02  4.14510E+00
  4.90000E-02  4.72151E-03  1.40260E+02  4.22726E+00
  5.00000E-02  5.15499E-03  1.40271E+02  4.30930E+00
  5.10000E-02  5.62219E-03  1.40266E+02  4.40043E+00
  5.20000E-02  6.13368E-03  1.40280E+02  4.48607E+00
  5.30000E-02  6.67936E-03  1.40293E+02  4.57081E+00
  5.40000E-02  7.27192E-03  1.40304E+02  4.65628E+00
  5.50000E-02  7.89924E-03  1.40313E+02  4.74461E+00
  5.60000E-02  8.57413E-03  1.40323E+02  4.83326E+00
  5.70000E-02  9.28108E-03  1.40332E+02  4.92264E+00
  5.80000E-02  1.00305E-02  1.40346E+02  5.01171E+00
  5.90000E-02  1.08237E-02  1.40352E+02  5.10072E+00
  6.00000E-02  1.16469E-02  1.40368E+02  5.18522E+00
  6.10000E-02  1.25141E-02  1.40395E+02  5.27029E+00
  6.20000E-02  1.34204E-02  1.40421E+02  5.34878E+00
  6.30000E-02  1.43668E-02  1.40428E+02  5.43142E+00
  6.40000E-02  1.53639E-02  1.40458E+02  5.52614E+00
  6.50000E-02  1.64125E-02  1.40476E+02  5.61654E+00
  6.60000E-02  1.75037E-02  1.40494E+02  5.69617E+00
  6.70000E-02  1.86630E-02  1.40532E+02  5.78033E+00
  6.80000E-02  1.98797E-02  1.40567E+02  5.87320E+00
  6.90000E-02  2.11565E-02  1.40576E+02  5.95535E+00
  7.00000E-02  2.24996E-02  1.40604E+02  6.03831E+00
  7.10000E-02  2.39171E-02  1.40649E+02  6.12154E+00
  7.20000E-02  2.54114E-02  1.40713E+02  6.21527E+00
  7.30000E-02  2.69761E-02  1.40750E+02  6.29725E+00
  7.40000E-02  2.86274E-02  1.40799E+02  6.38130E+00
  7.50000E-02  3.03538E-02  1.40854E+02  6.46737E+00
  7.60000E-02  3.21673E-02  1.40901E+02  6.55021E+00
  7.70000E-02  3.40678E-02  1.40976E+02  6.64371E+00
  7.80000E-02  3.60687E-02  1.41020E+02  6.72249E+00
  7.90000E-02  3.81657E-02  1.41108E+02  6.81414E+00
  8.00000E-02  4.03712E-02  1.41158E+02  6.89579E+00
  8.10000E-02  4.26883E-02  1.41246E+02  6.98692E+00
  8.20000E-02  4.51118E-02  1.41329E+02  7.07313E+00
  8.30000E-02  4.76650E-02  1.41395E+02  7.15694E+00
  8.40000E-02  5.03351E-02  1.41517E+02  7.25195E+00
  8.50000E-02  5.31199E-02  1.41592E+02  7.33198E+00
  8.60000E-02  5.60529E-02  1.41743E+02  7.43146E+00
  8.70000E-02  5.90873E-02  1.41832E+02  7.51042E+00
  8.80000E-02  6.22835E-02  1.41968E+02  7.60304E+00
  8.90000E-02  6.55944E-02  1.42116E+02  7.69008E+00
  9.00000E-02  6.90563E-02  1.42226E+02  7.76694E+00
  9.10000E-02  7.26701E-02  1.42437E+02  7.86801E+00
  9.20000E-02  7.64325E-02  1.42533E+02  7.94101E+00
  9.30000E-02  8.03317E-02  1.42729E+02  8.03891E+00
  9.40000E-02  8.44283E-02  1.42911E+02  8.12553E+00
  9.50000E-02  8.86611E-02  1.43067E+02  8.20782E+00
  9.60000E-02  9.31268E-02  1.43342E+02  8.31320E+00
  9.70000E-02  9.77035E-02  1.43471E+02  8.38455E+00
  9.80000E-02  1.02536E-01  1.43761E+02  8.48845E+00
  9.90000E-02  1.07505E-01  1.44006E+02  8.57756E+00
  1.00000E-01  1.12706E-01  1.44216E+02  8.65675E+00
  1.01000E-01  1.18141E-01  1.44597E+02  8.76864E+00
  1.02000E-01  1.23740E-01  1.44778E+02  8.83712E+00
  1.03000E-01  1.29602E-01  1.45139E+02  8.93739E+00
  1.04000E-01  1.35711E-01  1.45507E+02  9.03415E+00
  1.05000E-01  1.41971E-01  1.45726E+02  9.10481E+00
  1.06000E-01  1.48673E-01  1.46260E+02  9.22590E+00
  1.07000E-01  1.55469E-01  1.46579E+02  9.30431E+00
  1.08000E-01  1.62582E-01  1.46938E+02  9.38804E+00
  1.09000E-01  1.70104E-01  1.47529E+02  9.50932E+00
  1.10000E-01  1.77617E-01  1.47791E+02  9.57181E+00
  1.11000E-01  1.85820E-01  1.48355E+02  9.68300E+00
  1.12000E-01  1.94126E-01  1.48961E+02  9.79227E+00
  1.13000E-01  2.02739E-01  1.49260E+02  9.85846E+00
  1.14000E-01  2.11903E-01  1.50051E+02  9.99101E+00
  1.15000E-01  2.21258E-01  1.50615E+02  1.00829E+01
  1.16000E-01  2.30856E-01  1.51069E+02  1.01567E+01
  1.17000E-01  2.41343E-01  1.52035E+02  1.02933E+01
  1.18000E-01  2.51505E-01  1.52526E+02  1.03619E+01
  1.19000E-01  2.62642E-01  1.53240E+02  1.04558E+01
  1.20000E-01  2.74255E-01  1.54357E+02  1.05940E+01
  1.21000E-01  2.85769E-01  1.54842E+02  1.06542E+01
  1.22000E-01  2.98173E-01  1.55761E+02  1.07650E+01
  1.23000E-01  3.11387E-01  1.56997E+02  1.09086E+01
  1.24000E-01  3.24294E-01  1.57533E+02  1.09689E+01
  1.25000E-01  3.38357E-01  1.58696E+02  1.10902E+01
  1.26000E-01  3.53426E-01  1.60068E+02  1.12269E+01
  1.27000E-01  3.68042E-01  1.60698E+02  1.12835E+01
  1.28000E-01  3.84187E-01  1.62183E+02  1.14142E+01
  1.29000E-01  4.01447E-01  1.63738E+02  1.15531E+01
  1.30000E-01  4.17629E-01  1.64450E+02  1.16110E+01
  1.31000E-01  4.36285E-01  1.66183E+02  1.17537E+01
  1.32000E-01  4.55747E-01  1.68027E+02  1.19028E+01
  1.33000E-01  4.74127E-01  1.68896E+02  1.19588E+01
  1.34000E-01  4.95367E-01  1.70824E+02  1.20963E+01
  1.35000E-01  5.17922E-01  1.73102E+02  1.22585E+01
  1.36000E-01  5.39078E-01  1.74176E+02  1.23187E+01
  1.37000E-01  5.63078E-01  1.76246E+02  1.24505E+01
  1.38000E-01  5.89532E-01  1.79121E+02  1.26347E+01
  1.39000E-01  6.14107E-01  1.80488E+02  1.27042E+01
  1.40000E-01  6.41145E-01  1.82587E+02  1.28144E+01
  1.41000E-01  6.72405E-01  1.86099E+02  1.30183E+01
  1.42000E-01  7.01498E-01  1.88039E+02  1.31111E+01
  1.43000E-01  7.32032E-01  1.90116E+02  1.32000E+01
  1.44000E-01  7.68713E-01  1.94241E+02  1.34165E+01
  1.45000E-01  8.03693E-01  1.97062E+02  1.35429E+01
  1.46000E-01  8.38204E-01  1.99134E+02  1.36097E+01
  1.47000E-01  8.80468E-01  2.03648E+02  1.38219E+01
  1.48000E-01  9.23693E-01  2.07728E+02  1.39946E+01
  1.49000E-01  9.63852E-01  2.10098E+02  1.40572E+01
  1.50000E-01  1.01224E+00  2.14779E+02  1.42345E+01
  1.51000E-01  1.06628E+00  2.20489E+02  1.44584E+01
  1.52000E-01  1.11430E+00  2.23446E+02  1.45402E+01
  1.53000E-01  1.16868E+00  2.27836E+02  1.46709E+01
  1.54000E-01  1.23453E+00  2.34993E+02  1.49261E+01
  1.55000E-01  1.29663E+00  2.40018E+02  1.50648E+01
  1.56000E-01  1.35815E+00  2.44115E+02  1.51559E+01
  1.57000E-01  1.43525E+00  2.51793E+02  1.53842E+01
  1.58000E-01  1.51652E+00  2.59642E+02  1.55993E+01
  1.59000E-01  1.59157E+00  2.64707E+02  1.56968E+01
  1.60000E-01  1.67920E+00  2.72100E+02  1.58674E+01
  1.61000E-01  1.78103E+00  2.82298E+02  1.61206E+01
  1.62000E-01  1.87952E+00  2.90163E+02  1.62742E+01
  1.63000E-01  1.98299E+00  2.97738E+02  1.64078E+01
  1.64000E-01  2.10526E+00  3.09245E+02  1.66474E+01
  1.65000E-01  2.23255E+00  3.20822E+02  1.68542E+01
  1.66000E-01  2.36035E+00  3.29270E+02  1.69825E+01
  1.67000E-01  2.51287E+00  3.42551E+02  1.72020E+01
  1.68000E-01  2.67944E+00  3.58083E+02  1.74679E+01
  1.69000E-01  2.82776E+00  3.69969E+02  1.75798E+01
  1.70000E-01  3.01210E+00  3.81187E+02  1.77047E+01
  1.71000E-01  3.27701E+00  4.03723E+02  1.81212E+01
  1.72000E-01  3.46070E+00  4.22469E+02  1.82904E+01
  1.73000E-01  3.48665E+00  4.05298E+02  1.78818E+01
  1.74000E-01  2.87097E+00  2.62119E+02  1.43744E+01
  1.75000E-01  1.61003E+00  5.85811E+01  5.56836E+00
  1.76000E-01  1.08860E+00  1.72990E+00  4.11092E-01
  1.77000E-01  1.00356E+00  6.88201E-04  1.07286E-03
  1.78000E-01  1.00000E+00  1.00001E-04  1.96639E-07
  1.79000E-01  1.00000E+00  1.00000E-04  1.15396E-12
  1.80000E-01  1.00000E+00  1.00000E-04  0.00000E+00
  1.81000E-01  1.00000E+00  1.00000E-04  0.00000E+00
  1.82000E-01  1.00000E+00  1.00000E-04  0.00000E+00
  1.83000E-01  1.00000E+00  1.00000E-04  0.00000E+00
  1.84000E-01  1.00000E+00  1.00000E-04  0.00000E+00
  1.85000E-01  1.00000E+00  1.00000E-04  0.00000E+00
  1.86000E-01  1.00000E+00  1.00000E-04  0.00000E+00
  1.87000E-01  1.00000E+00  1.00000E-04  0.00000E+00
  1.88000E-01  1.00000E+00  1.00000E-04  0.00000E+00
  1.89000E-01  1.00000E+00  1.00000E-04  0.00000E+00
  1.90000E-01  1.00000E+00  1.00000E-04  0.00000E+00
  1.91000E-01  1.00000E+00  1.00000E-04  0.00000E+00
  1.92000E-01  1.00000E+00  1.00000E-04  2.03213E-11
  1.93000E-01  1.00000E+00  1.00000E-04  0.00000E+00
  1.94000E-01  1.00000E+00  1.00000E-04 -2.03144E-11
  1.95000E-01  1.00000E+00  1.00000E-04  0.00000E+00
  1.96000E-01  1.00000E+00  1.00000E-04  0.00000E+00
  1.97000E-01  1.00000E+00  1.00000E-04  0.00000E+00
  1.98000E-01  1.00000E+00  1.00000E-04  0.00000E+00
  1.99000E-01  1.00000E+00  1.00000E-04  0.00000E+00
  2.00000E-01  1.00000E+00  1.00000E-04  0.00000E+00
  2.01000E-01  1.00000E+00  1.00000E-04  0.00000E+00
  2.02000E-01  1.00000E+00  1.00000E-04  0.00000E+00
  2.03000E-01  1.00000E+00  1.00000E-04  0.00000E+00
  2.04000E-01  1.00000E+00  1.00000E-04  0.00000E+00
  2.05000E-01  1.00000E+00  1.00000E-04  0.00000E+00
  2.06000E-01  1.00000E+00  1.00000E-04  0.00000E+00
  2.07000E-01  1.00000E+00  1.00000E-04  0.00000E+00
  2.08000E-01  1.00000E+00  1.00000E-04  0.00000E+00
  2.09000E-01  1.00000E+00  1.00000E-04  0.00000E+00
  2.10000E-01  1.00000E+00  1.00000E-04  0.00000E+00
  2.11000E-01  1.00000E+00  1.00000E-04  0.00000E+00
  2.12000E-01  1.00000E+00  1.00000E-04  0.00000E+00
  2.13000E-01  1.00000E+00  1.00000E-04  3.04813E-10
  2.14000E-01  9.99998E-01  9.99998E-05  0.00000E+00
  2.15000E-01  1.00000E+00  1.00000E-04 -3.04744E-10
  2.16000E-01  1.00000E+00  1.00000E-04  0.00000E+00
  2.17000E-01  1.00000E+00  1.00000E-04  0.00000E+00
  2.18000E-01  1.00000E+00  1.00000E-04  0.00000E+00
  2.19000E-01  1.00000E+00  1.00000E-04 -7.76998E-17
  2.20000E-01  1.00000E+00  1.00000E-04  0.00000E+00
  2.21000E-01  1.00000E+00  1.00000E-04  7.76998E-17
  2.22000E-01  1.00000E+00  1.00000E-04  0.00000E+00
  2.23000E-01  1.00000E+00  1.00000E-04  0.00000E+00
  2.24000E-01  1.00000E+00  1.00000E-04  0.00000E+00
  2.25000E-01  1.00000E+00  1.00000E-04  0.00000E+00
  2.26000E-01  1.00000E+00  1.00000E-04  0.00000E+00
  2.27000E-01  1.00000E+00  1.00000E-04  0.00000E+00
  2.28000E-01  1.00000E+00  1.00000E-04  0.00000E+00
  2.29000E-01  1.00000E+00  1.00000E-04  4.06302E-11
  2.30000E-01  1.00000E+00  1.00000E-04  0.00000E+00
  2.31000E-01  1.00000E+00  1.00000E-04 -4.06283E-11
  2.32000E-01  1.00000E+00  1.00000E-04 -4.36673E-16
  2.33000E-01  1.00000E+00  1.00000E-04 -1.21936E-10
  2.34000E-01  1.00000E+00  1.00000E-04  8.12905E-11
  2.35000E-01  1.00000E+00  1.00000E-04  4.06258E-11
  2.36000E-01  1.00000E+00  1.00000E-04  0.00000E+00
  2.37000E-01  1.00000E+00  1.00000E-04  0.00000E+00
  2.38000E-01  1.00000E+00  1.00000E-04  0.00000E+00
  2.39000E-01  1.00000E+00  1.00000E-04  0.00000E+00
  2.40000E-01  1.00000E+00  1.00000E-04  0.00000E+00
  2.41000E-01  1.00000E+00  1.00000E-04  0.00000E+00
  2.42000E-01  1.00000E+00  1.00000E-04  0.00000E+00
  2.43000E-01  1.00000E+00  1.00000E-04  0.00000E+00
  2.44000E-01  1.00000E+00  1.00000E-04  0.00000E+00
  2.45000E-01  1.00000E+00  1.00000E-04  0.00000E+00
  2.46000E-01  1.00000E+00  1.00000E-04  0.00000E+00
  2.47000E-01  1.00000E+00  1.00000E-04 -2.23515E-10
  2.48000E-01  1.00000E+00  1.00000E-04  0.00000E+00
  2.49000E-01  1.00000E+00  1.00000E-04  2.23441E-10
  2.50000E-01  1.00000E+00  1.00000E-04  0.00000E+00
  2.51000E-01  1.00000E+00  1.00000E-04  0.00000E+00
  2.52000E-01  1.00000E+00  1.00000E-04  6.09518E-11
  2.53000E-01  1.00000E+00  1.00000E-04 -4.06272E-11
  2.54000E-01  1.00000E+00  1.00000E-04 -4.06372E-11
  2.55000E-01  1.00000E+00  1.00000E-04 -2.03143E-11
  2.56000E-01  1.00000E+00  1.00000E-04  8.54697E-17
  2.57000E-01  1.00000E+00  1.00000E-04  4.06342E-11
  2.58000E-01  1.00000E+00  1.00000E-04  0.00000E+00
  2.59000E-01  1.00000E+00  1.00000E-04  0.00000E+00
  2.60000E-01  1.00000E+00  1.00000E-04  0.00000E+00
  2.61000E-01  1.00000E+00  1.00000E-04  0.00000E+00
  2.62000E-01  1.00000E+00  1.00000E-04  2.03142E-11
  2.63000E-01  1.00000E+00  1.00000E-04  0.00000E+00
  2.64000E-01  1.00000E+00  1.00000E-04 -2.03203E-11
  2.65000E-01  1.00000E+00  1.00000E-04  0.00000E+00
  2.66000E-01  1.00000E+00  1.00000E-04  0.00000E+00
  2.67000E-01  1.00000E+00  1.00000E-04  0.00000E+00
  2.68000E-01  1.00000E+00  1.00000E-04  0.00000E+00
  2.69000E-01  1.00000E+00  1.00000E-04  0.00000E+00
  2.70000E-01  1.00000E+00  1.00000E-04  6.09639E-11
  2.71000E-01  1.00000E+00  1.00000E-04  4.06261E-11
  2.72000E-01  1.00000E+00  1.00000E-04 -2.03208E-11
  2.73000E-01  1.00000E+00  1.00000E-04 -2.03192E-10
  2.74000E-01  1.00000E+00  1.00000E-04  6.09784E-11
  2.75000E-01  1.00000E+00  1.00000E-04  2.03201E-11
  2.76000E-01  1.00000E+00  1.00000E-04  2.03170E-11
  2.77000E-01  1.00000E+00  1.00000E-04  2.03170E-11
  2.78000E-01  1.00000E+00  1.00000E-04 -2.03172E-11
  2.79000E-01  1.00000E+00  1.00000E-04 -7.76997E-17
  2.80000E-01  1.00000E+00  1.00000E-04  1.47532E-15
  2.81000E-01  1.00000E+00  1.00000E-04  1.43821E-15
  2.82000E-01  1.00000E+00  1.00000E-04  1.03793E-15
  2.83000E-01  1.00000E+00  1.00000E-04 -2.02309E-10
  2.84000E-01  1.00000E+00  1.00000E-04 -8.79029E-08
  2.85000E-01  1.00000E+00  1.00131E-04 -1.34973E-07
  2.86000E-01  1.00000E+00  1.00143E-04  1.09372E-07
  2.87000E-01  1.00000E+00  1.00000E-04  3.95726E-09
  2.88000E-01  1.00000E+00  1.00139E-04  6.68384E-10
  2.89000E-01  1.00000E+00  1.00000E-04  1.08466E-07
  2.90000E-01  1.00000E+00  1.00000E-04  6.63749E-10
  2.91000E-01  1.00000E+00  1.00000E-04  1.75710E-11
  2.92000E-01  1.00000E+00  1.00000E-04  2.03145E-11
  2.93000E-01  1.00000E+00  1.00000E-04 -2.03175E-11
  2.94000E-01  1.00000E+00  1.00000E-04 -6.09376E-11
  2.95000E-01  1.00000E+00  1.00000E-04  0.00000E+00
  2.96000E-01  1.00000E+00  1.00000E-04  0.00000E+00
  2.97000E-01  1.00000E+00  1.00000E-04  0.00000E+00
  2.98000E-01  1.00000E+00  1.00000E-04  0.00000E+00
  2.99000E-01  1.00000E+00  1.00000E-04  0.00000E+00
  3.00000E-01  1.00000E+00  1.00000E-04  0.00000E+00
  3.01000E-01  1.00000E+00  1.00000E-04  0.00000E+00
  3.02000E-01  1.00000E+00  1.00000E-04  0.00000E+00
  3.03000E-01  1.00000E+00  1.00000E-04  0.00000E+00
  3.04000E-01  1.00000E+00  1.00000E-04  0.00000E+00
  3.05000E-01  1.00000E+00  1.00000E-04  0.00000E+00
  3.06000E-01  1.00000E+00  1.00000E-04  0.00000E+00
  3.07000E-01  1.00000E+00  1.00000E-04  6.09565E-11
  3.08000E-01  1.00000E+00  1.00000E-04  4.06390E-11
  3.09000E-01  1.00000E+00  1.00000E-04 -6.09671E-11
  3.10000E-01  1.00000E+00  1.00000E-04 -4.06440E-11
  3.11000E-01  1.00000E+00  1.00000E-04  2.03154E-11
  3.12000E-01  1.00000E+00  1.00000E-04 -2.03114E-11
  3.13000E-01  1.00000E+00  1.00000E-04 -2.03230E-11
  3.14000E-01  1.00000E+00  1.00000E-04  1.01586E-11
  3.15000E-01  1.00000E+00  1.00000E-04  1.01597E-11
  3.16000E-01  1.00000E+00  1.00000E-04  7.76997E-17
  3.17000E-01  1.00000E+00  1.00000E-04  2.03155E-11
  3.18000E-01  1.00000E+00  1.00000E-04 -6.09465E-11
  3.19000E-01  1.00000E+00  1.00000E-04 -2.03218E-11
  3.20000E-01  1.00000E+00  1.00000E-04  8.12846E-11
  3.21000E-01  1.00000E+00  1.00000E-04 -2.03132E-11
  3.22000E-01  1.00000E+00  1.00000E-04 -8.12897E-11
  3.23000E-01  1.00000E+00  1.00000E-04  1.21916E-10
  3.24000E-01  1.00000E+00  1.00000E-04 -1.01565E-10
  3.25000E-01  1.00000E+00  1.00000E-04  1.01635E-11
  3.26000E-01  1.00000E+00  1.00000E-04  1.01640E-11
  3.27000E-01  1.00000E+00  1.00000E-04  6.77926E-12
  3.28000E-01  1.00000E+00  1.00000E-04  6.76542E-12
  3.29000E-01  1.00000E+00  1.00000E-04  6.76511E-12
  3.30000E-01  1.00000E+00  1.00000E-04  2.03114E-11
  3.31000E-01  1.00000E+00  1.00000E-04  0.00000E+00
  3.32000E-01  1.00000E+00  1.00000E-04  6.09502E-11
  3.33000E-01  1.00000E+00  1.00000E-04  2.03113E-11
  3.34000E-01  1.00000E+00  1.00000E-04 -6.09400E-11
  3.35000E-01  1.00000E+00  1.00000E-04  2.39237E-16
  3.36000E-01  1.00000E+00  1.00000E-04  1.03418E-16
  3.37000E-01  1.00000E+00  1.00000E-04 -2.03236E-11
  3.38000E-01  1.00000E+00  1.00000E-04  0.00000E+00
  3.39000E-01  1.00000E+00  1.00000E-04 -8.12581E-11
  3.40000E-01  1.00000E+00  1.00000E-04 -2.03213E-11
  3.41000E-01  1.00000E+00  1.00000E-04  8.12558E-11
  3.42000E-01  1.00000E+00  1.00000E-04 -2.03208E-11
  3.43000E-01  1.00000E+00  1.00000E-04  2.03183E-11
  3.44000E-01  1.00000E+00  1.00000E-04  2.64092E-10
  3.45000E-01  9.99999E-01  9.99999E-05 -3.24974E-10
  3.46000E-01  1.00000E+00  1.00000E-04 -1.67994E-10
  3.47000E-01  1.00000E+00  1.00000E-04 -9.21796E-10
  3.48000E-01  1.00000E+00  1.00001E-04  5.82688E-10
  3.49000E-01  1.00000E+00  9.99996E-05  1.00187E-09
  3.50000E-01  1.00000E+00  1.00000E-04 -5.55734E-10
  3.51000E-01  1.00000E+00  1.00000E-04  1.42204E-10
  3.52000E-01  1.00000E+00  1.00000E-04  0.00000E+00
  3.53000E-01  1.00000E+00  1.00000E-04  0.00000E+00
  3.54000E-01  1.00000E+00  1.00000E-04  0.00000E+00
  3.55000E-01  1.00000E+00  1.00000E-04  0.00000E+00
  3.56000E-01  1.00000E+00  1.00000E-04  0.00000E+00
  3.57000E-01  1.00000E+00  1.00000E-04  0.00000E+00
  3.58000E-01  1.00000E+00  1.00000E-04  0.00000E+00
  3.59000E-01  1.00000E+00  1.00000E-04  0.00000E+00
  3.60000E-01  1.00000E+00  1.00000E-04  0.00000E+00
  3.61000E-01  1.00000E+00  1.00000E-04 -7.76996E-17
  3.62000E-01  1.00000E+00  1.00000E-04  0.00000E+00
  3.63000E-01  1.00000E+00  1.00000E-04  7.76996E-17
  3.64000E-01  1.00000E+00  1.00000E-04  0.00000E+00
  3.65000E-01  1.00000E+00  1.00000E-04  0.00000E+00
  3.66000E-01  1.00000E+00  1.00000E-04  0.00000E+00
  3.67000E-01  1.00000E+00  1.00000E-04  0.00000E+00
  3.68000E-01  1.00000E+00  1.00000E-04  0.00000E+00
  3.69000E-01  1.00000E+00  1.00000E-04  0.00000E+00
  3.70000E-01  1.00000E+00  1.00000E-04  0.00000E+00
  3.71000E-01  1.00000E+00  1.00000E-04  0.00000E+00
  3.72000E-01  1.00000E+00  1.00000E-04 -4.06343E-11
  3.73000E-01  1.00000E+00  1.00000E-04 -4.06365E-11
  3.74000E-01  1.00000E+00  1.00000E-04  6.09617E-11
  3.75000E-01  1.00000E+00  1.00000E-04 -2.23475E-10
  3.76000E-01  1.00000E+00  1.00000E-04  7.77889E-17
  3.77000E-01  1.00000E+00  1.00000E-04  2.43835E-10
  3.78000E-01  1.00000E+00  1.00000E-04  0.00000E+00
  3.79000E-01  1.00000E+00  1.00000E-04  0.00000E+00
  3.80000E-01  1.00000E+00  1.00000E-04  0.00000E+00
  3.81000E-01  1.00000E+00  1.00000E-04  6.09545E-11
  3.82000E-01  1.00000E+00  1.00000E-04  2.03170E-11
  3.83000E-01  1.00000E+00  1.00000E-04 -6.09400E-11
  3.84000E-01  1.00000E+00  1.00000E-04  4.06346E-11
  3.85000E-01  1.00000E+00  1.00000E-04 -1.59962E-16
  3.86000E-01  1.00000E+00  1.00000E-04 -6.09532E-11
  3.87000E-01  1.00000E+00  1.00000E-04  0.00000E+00
  3.88000E-01  1.00000E+00  1.00000E-04  0.00000E+00
  3.89000E-01  1.00000E+00  1.00000E-04  0.00000E+00
  3.90000E-01  1.00000E+00  1.00000E-04  0.00000E+00
  3.91000E-01  1.00000E+00  1.00000E-04  0.00000E+00
  3.92000E-01  1.00000E+00  1.00000E-04  0.00000E+00
  3.93000E-01  1.00000E+00  1.00000E-04  0.00000E+00
  3.94000E-01  1.00000E+00  1.00000E-04  0.00000E+00
  3.95000E-01  1.00000E+00  1.00000E-04  0.00000E+00
  3.96000E-01  1.00000E+00  1.00000E-04  0.00000E+00
  3.97000E-01  1.00000E+00  1.00000E-04  6.09511E-11
  3.98000E-01  1.00000E+00  1.00000E-04 -6.09628E-11
  3.99000E-01  1.00000E+00  1.00000E-04 -2.03163E-11
  4.00000E-01  1.00000E+00  1.00000E-04  2.03155E-11
  4.01000E-01  1.00000E+00  1.00000E-04  0.00000E+00
  4.02000E-01  1.00000E+00  1.00000E-04  0.00000E+00
  4.03000E-01  1.00000E+00  1.00000E-04  0.00000E+00
  4.04000E-01  1.00000E+00  1.00000E-04 -6.04104E-10
  4.05000E-01  1.00000E+00  1.00000E-04 -1.02832E-07
  4.06000E-01  1.00000E+00  1.00131E-04 -2.34565E-11
  4.07000E-01  1.00000E+00  1.00000E-04  1.02797E-07
  4.08000E-01  1.00000E+00  1.00000E-04  6.63394E-10
  4.09000E-01  1.00000E+00  1.00000E-04  0.00000E+00
  4.10000E-01  1.00000E+00  1.00000E-04  0.00000E+00
  4.11000E-01  1.00000E+00  1.00000E-04  0.00000E+00
  4.12000E-01  1.00000E+00  1.00000E-04  0.00000E+00
  4.13000E-01  1.00000E+00  1.00000E-04  0.00000E+00
  4.14000E-01  1.00000E+00  1.00000E-04  0.00000E+00
  4.15000E-01  1.00000E+00  1.00000E-04 -6.63338E-10
  4.16000E-01  1.00000E+00  1.00000E-04 -1.02807E-07
  4.17000E-01  1.00000E+00  1.00131E-04 -7.20022E-14
  4.18000E-01  1.00000E+00  1.00000E-04  1.02788E-07
  4.19000E-01  1.00000E+00  1.00000E-04  6.65384E-10
  4.20000E-01  1.00000E+00  1.00000E-04  1.85233E-11
  4.21000E-01  1.00000E+00  1.00000E-04  0.00000E+00
  4.22000E-01  1.00000E+00  1.00000E-04  0.00000E+00
  4.23000E-01  1.00000E+00  1.00000E-04  8.12672E-11
  4.24000E-01  1.00000E+00  9.99999E-05  0.00000E+00
  4.25000E-01  1.00000E+00  1.00000E-04 -6.09598E-11
  4.26000E-01  1.00000E+00  1.00000E-04 -1.01786E-16
  4.27000E-01  1.00000E+00  1.00000E-04  4.46994E-10
  4.28000E-01  9.99996E-01  9.99996E-05  2.03218E-11
  4.29000E-01  1.00000E+00  1.00000E-04 -4.87467E-10
  4.30000E-01  1.00000E+00  1.00000E-04  0.00000E+00
  4.31000E-01  1.00000E+00  1.00000E-04  0.00000E+00
  4.32000E-01  1.00000E+00  1.00000E-04  4.06369E-11
  4.33000E-01  1.00000E+00  1.00000E-04  0.00000E+00
  4.34000E-01  1.00000E+00  1.00000E-04 -4.06315E-11
  4.35000E-01  1.00000E+00  1.00000E-04  0.00000E+00
  4.36000E-01  1.00000E+00  1.00000E-04 -7.76996E-17
  4.37000E-01  1.00000E+00  1.00000E-04 -6.09675E-11
  4.38000E-01  1.00000E+00  1.00000E-04  2.03222E-11
  4.39000E-01  1.00000E+00  1.00000E-04  4.06352E-11
  4.40000E-01  1.00000E+00  1.00000E-04  0.00000E+00
  4.41000E-01  1.00000E+00  1.00000E-04  2.03213E-11
  4.42000E-01  1.00000E+00  1.00000E-04  0.00000E+00
  4.43000E-01  1.00000E+00  1.00000E-04 -2.03191E-11
  4.44000E-01  1.00000E+00  1.00000E-04  2.03209E-11
  4.45000E-01  1.00000E+00  1.00000E-04  0.00000E+00
  4.46000E-01  1.00000E+00  1.00000E-04 -2.03130E-11
  4.47000E-01  1.00000E+00  1.00000E-04  0.00000E+00
  4.48000E-01  1.00000E+00  1.00000E-04  0.00000E+00
  4.49000E-01  1.00000E+00  1.00000E-04  0.00000E+00
  4.50000E-01  1.00000E+00  1.00000E-04  2.03180E-11
  4.51000E-01  1.00000E+00  1.00000E-04 -8.12834E-11
  4.52000E-01  1.00000E+00  1.00000E-04 -2.03283E-11
  4.53000E-01  1.00000E+00  1.00000E-04  8.12505E-11
  4.54000E-01  1.00000E+00  1.00000E-04  2.03150E-11
  4.55000E-01  1.00000E+00  1.00000E-04  0.00000E+00
  4.56000E-01  1.00000E+00  1.00000E-04 -1.01599E-11
  4.57000E-01  1.00000E+00  1.00000E-04 -1.01596E-11
  4.58000E-01  1.00000E+00  1.00000E-04  7.76996E-17
  4.59000E-01  1.00000E+00  1.00000E-04  0.00000E+00
  4.60000E-01  1.00000E+00  1.00000E-04  2.03136E-11
  4.61000E-01  1.00000E+00  1.00000E-04 -4.06256E-11
  4.62000E-01  1.00000E+00  1.00000E-04 -2.03222E-11
  4.63000E-01  1.00000E+00  1.00000E-04  4.06410E-11
  4.64000E-01  1.00000E+00  1.00000E-04  2.03172E-11
  4.65000E-01  1.00000E+00  1.00000E-04  0.00000E+00
  4.66000E-01  1.00000E+00  1.00000E-04 -2.03155E-11
  4.67000E-01  1.00000E+00  1.00000E-04  2.03207E-11
  4.68000E-01  1.00000E+00  1.00000E-04  2.03117E-11
  4.69000E-01  1.00000E+00  1.00000E-04 -1.01599E-10
  4.70000E-01  1.00000E+00  1.00000E-04  4.06408E-11
  4.71000E-01  1.00000E+00  1.00000E-04  2.03183E-11
  4.72000E-01  1.00000E+00  1.00000E-04 -8.12644E-11
  4.73000E-01  1.00000E+00  1.00000E-04  2.03239E-11
  4.74000E-01  1.00000E+00  1.00000E-04  6.09400E-11
  4.75000E-01  1.00000E+00  1.00000E-04 -6.59449E-16
  4.76000E-01  1.00000E+00  1.00000E-04  8.54695E-17
  4.77000E-01  1.00000E+00  1.00000E-04 -4.06268E-11
  4.78000E-01  1.00000E+00  1.00000E-04  2.03233E-11
  4.79000E-01  1.00000E+00  1.00000E-04  4.06266E-11
  4.80000E-01  1.00000E+00  1.00000E-04  4.06295E-11
  4.81000E-01  1.00000E+00  1.00000E-04  2.03209E-11
  4.82000E-01  1.00000E+00  1.00000E-04 -6.09471E-11
  4.83000E-01  1.00000E+00  1.00000E-04 -1.42221E-10
  4.84000E-01  1.00000E+00  1.00000E-04 -8.12891E-11
  4.85000E-01  1.00000E+00  1.00000E-04  4.06377E-10
  4.86000E-01  1.00000E+00  9.99999E-05 -6.09332E-11
  4.87000E-01  1.00000E+00  1.00000E-04 -9.67478E-16
  4.88000E-01  9.99999E-01  9.99999E-05 -1.01526E-14
  4.89000E-01  1.00000E+00  1.00000E-04 -9.55099E-10
  4.90000E-01  1.00000E+00  1.00000E-04  3.45449E-10
  4.91000E-01  1.00000E+00  1.00000E-04  4.67168E-10
  4.92000E-01  1.00000E+00  1.00000E-04  1.42212E-10
  4.93000E-01  9.99999E-01  9.99999E-05 -2.03209E-11
  4.94000E-01  1.00000E+00  1.00000E-04 -1.21917E-10
  4.95000E-01  1.00000E+00  1.00000E-04  0.00000E+00
  4.96000E-01  1.00000E+00  1.00000E-04  0.00000E+00
  4.97000E-01  1.00000E+00  1.00000E-04  0.00000E+00
  4.98000E-01  1.00000E+00  1.00000E-04  0.00000E+00
  4.99000E-01  1.00000E+00  1.00000E-04  0.00000E+00
  5.00000E-01  1.00000E+00  1.00000E-04  0.00000E+00
  5.01000E-01  1.00000E+00  1.00000E-04  0.00000E+00
  5.02000E-01  1.00000E+00  1.00000E-04  0.00000E+00
  5.03000E-01  1.00000E+00  1.00000E-04  0.00000E+00
  5.04000E-01  1.00000E+00  1.00000E-04  0.00000E+00
  5.05000E-01  1.00000E+00  1.00000E-04  2.43798E-10
  5.06000E-01  9.99998E-01  9.99998E-05  0.00000E+00
  5.07000E-01  1.00000E+00  1.00000E-04 -2.43838E-10
  5.08000E-01  1.00000E+00  1.00000E-04  0.00000E+00
  5.09000E-01  1.00000E+00  1.00000E-04  0.00000E+00
  5.10000E-01  1.00000E+00  1.00000E-04 -7.76996E-17
  5.11000E-01  1.00000E+00  1.00000E-04  0.00000E+00
  5.12000E-01  1.00000E+00  1.00000E-04  7.76995E-17
  5.13000E-01  1.00000E+00  1.00000E-04  0.00000E+00
  5.14000E-01  1.00000E+00  1.00000E-04  0.00000E+00
  5.15000E-01  1.00000E+00  1.00000E-04  0.00000E+00
  5.16000E-01  1.00000E+00  1.00000E-04  1.62559E-10
  5.17000E-01  9.99999E-01  9.99999E-05  0.00000E+00
  5.18000E-01  1.00000E+00  1.00000E-04 -1.62567E-10
  5.19000E-01  1.00000E+00  1.00000E-04  0.00000E+00
  5.20000E-01  1.00000E+00  1.00000E-04 -7.76996E-17
  5.21000E-01  1.00000E+00  1.00000E-04  0.00000E+00
  5.22000E-01  1.00000E+00  1.00000E-04  7.76996E-17
  5.23000E-01  1.00000E+00  1.00000E-04  0.00000E+00
  5.24000E-01  1.00000E+00  1.00000E-04  0.00000E+00
  5.25000E-01  1.00000E+00  1.00000E-04  0.00000E+00
  5.26000E-01  1.00000E+00  1.00000E-04  0.00000E+00
  5.27000E-01  1.00000E+00  1.00000E-04  0.00000E+00
  5.28000E-01  1.00000E+00  1.00000E-04  0.00000E+00
  5.29000E-01  1.00000E+00  1.00000E-04  8.12705E-11
  5.30000E-01  9.99999E-01  9.99999E-05  0.00000E+00
  5.31000E-01  1.00000E+00  1.00000E-04 -8.12690E-11
  5.32000E-01  1.00000E+00  1.00000E-04  0.00000E+00
  5.33000E-01  1.00000E+00  1.00000E-04 -2.03174E-11
  5.34000E-01  1.00000E+00  1.00000E-04 -2.03144E-11
  5.35000E-01  1.00000E+00  1.00000E-04  0.00000E+00
  5.36000E-01  1.00000E+00  1.00000E-04  2.03158E-11
  5.37000E-01  1.00000E+00  1.00000E-04  2.03172E-11
  5.38000E-01  1.00000E+00  1.00000E-04  0.00000E+00
  5.39000E-01  1.00000E+00  1.00000E-04  0.00000E+00
  5.40000E-01  1.00000E+00  1.00000E-04  0.00000E+00
  5.41000E-01  1.00000E+00  1.00000E-04 -2.03180E-11
  5.42000E-01  1.00000E+00  1.00000E-04  0.00000E+00
  5.43000E-01  1.00000E+00  1.00000E-04  2.03173E-11
  5.44000E-01  1.00000E+00  1.00000E-04  2.03172E-11
  5.45000E-01  1.00000E+00  1.00000E-04  0.00000E+00
  5.46000E-01  1.00000E+00  1.00000E-04 -2.03160E-11
  5.47000E-01  1.00000E+00  1.00000E-04  0.00000E+00
  5.48000E-01  1.00000E+00  1.00000E-04  0.00000E+00
  5.49000E-01  1.00000E+00  1.00000E-04  0.00000E+00
  5.50000E-01  1.00000E+00  1.00000E-04 -1.04927E-15
  5.51000E-01  1.00000E+00  1.00000E-04 -8.61812E-16
  5.52000E-01  1.00000E+00  1.00000E-04  1.91108E-15
  5.53000E-01  1.00000E+00  1.00000E-04  2.03172E-11
  5.54000E-01  1.00000E+00  1.00000E-04  0.00000E+00
  5.55000E-01  1.00000E+00  1.00000E-04 -2.03135E-11
  5.56000E-01  1.00000E+00  1.00000E-04  6.09613E-11
  5.57000E-01  1.00000E+00  1.00000E-04 -9.40165E-17
  5.58000E-01  1.00000E+00  1.00000E-04  0.00000E+00
  5.59000E-01  1.00000E+00  1.00000E-04  0.00000E+00
  5.60000E-01  1.00000E+00  1.00000E-04  0.00000E+00
  5.61000E-01  1.00000E+00  1.00000E-04  9.40165E-17
  5.62000E-01  1.00000E+00  1.00000E-04 -3.04764E-11
  5.63000E-01  1.00000E+00  1.00000E-04 -3.04770E-11
  5.64000E-01  1.00000E+00  1.00000E-04 -1.07601E-11
  5.65000E-01  1.00000E+00  1.00000E-04  1.07579E-11
  5.66000E-01  1.00000E+00  1.00000E-04  4.06358E-11
  5.67000E-01  1.00000E+00  1.00000E-04  0.00000E+00
  5.68000E-01  1.00000E+00  1.00000E-04 -4.06349E-11
  5.69000E-01  1.00000E+00  1.00000E-04  0.00000E+00
  5.70000E-01  1.00000E+00  1.00000E-04  4.06436E-11
  5.71000E-01  1.00000E+00  1.00000E-04 -9.40165E-17
  5.72000E-01  1.00000E+00  1.00000E-04  0.00000E+00
  5.73000E-01  1.00000E+00  1.00000E-04  9.40165E-17
  5.74000E-01  1.00000E+00  1.00000E-04 -4.06258E-11
  5.75000E-01  1.00000E+00  1.00000E-04  0.00000E+00
  5.76000E-01  1.00000E+00  1.00000E-04  0.00000E+00
  5.77000E-01  1.00000E+00  1.00000E-04  0.00000E+00
  5.78000E-01  1.00000E+00  1.00000E-04  0.00000E+00
  5.79000E-01  1.00000E+00  1.00000E-04  0.00000E+00
  5.80000E-01  1.00000E+00  1.00000E-04  0.00000E+00
  5.81000E-01  1.00000E+00  1.00000E-04  2.03147E-11
  5.82000E-01  1.00000E+00  1.00000E-04  0.00000E+00
  5.83000E-01  1.00000E+00  1.00000E-04 -6.09402E-11
  5.84000E-01  1.00000E+00  1.00000E-04  1.35492E-11
  5.85000E-01  1.00000E+00  1.00000E-04  1.35471E-11
  5.86000E-01  1.00000E+00  1.00000E-04  1.35480E-11
  5.87000E-01  1.00000E+00  1.00000E-04  0.00000E+00
  5.88000E-01  1.00000E+00  1.00000E-04  0.00000E+00
  5.89000E-01  1.00000E+00  1.00000E-04  0.00000E+00
  5.90000E-01  1.00000E+00  1.00000E-04  0.00000E+00
  5.91000E-01  1.00000E+00  1.00000E-04  0.00000E+00
  5.92000E-01  1.00000E+00  1.00000E-04  0.00000E+00
  5.93000E-01  1.00000E+00  1.00000E-04  6.09625E-11
  5.94000E-01  1.00000E+00  1.00000E-04 -1.03418E-16
  5.95000E-01  1.00000E+00  1.00000E-04 -9.40164E-17
  5.96000E-01  1.00000E+00  1.00000E-04  0.00000E+00
  5.97000E-01  1.00000E+00  1.00000E-04  3.58972E-16
  5.98000E-01  1.00000E+00  1.00000E-04  1.03418E-16
  5.99000E-01  1.00000E+00  1.00000E-04 -6.09405E-11
  6.00000E-01  1.00000E+00  1.00000E-04  0.00000E+00
  6.01000E-01  1.00000E+00  1.00000E-04 -6.64253E-10
  6.02000E-01  1.00000E+00  1.00000E-04 -1.02920E-07
  6.03000E-01  1.00000E+00  1.00131E-04  8.33250E-11
  6.04000E-01  1.00000E+00  1.00000E-04  1.02825E-07
  6.05000E-01  1.00000E+00  1.00000E-04  6.66567E-10
  6.06000E-01  1.00000E+00  1.00000E-04  1.89998E-10
  6.07000E-01  9.99999E-01  9.99999E-05 -7.13076E-12
  6.08000E-01  1.00000E+00  1.00000E-04 -8.12742E-11
  6.09000E-01  9.99999E-01  9.99999E-05  2.03149E-11
  6.10000E-01  1.00000E+00  1.00000E-04 -1.01559E-10
  6.11000E-01  1.00000E+00  1.00000E-04 -2.03194E-11
  6.12000E-01  1.00000E+00  1.00000E-04  6.09605E-11
  6.13000E-01  1.00000E+00  1.00000E-04  0.00000E+00
  6.14000E-01  1.00000E+00  1.00000E-04 -6.09625E-11
  6.15000E-01  1.00000E+00  1.00000E-04  0.00000E+00
  6.16000E-01  1.00000E+00  1.00000E-04  0.00000E+00
  6.17000E-01  1.00000E+00  1.00000E-04  0.00000E+00
  6.18000E-01  1.00000E+00  1.00000E-04  0.00000E+00
  6.19000E-01  1.00000E+00  1.00000E-04  0.00000E+00
  6.20000E-01  1.00000E+00  1.00000E-04  0.00000E+00
  6.21000E-01  1.00000E+00  1.00000E-04  6.09411E-11
  6.22000E-01  1.00000E+00  1.00000E-04 -4.06261E-11
  6.23000E-01  1.00000E+00  1.00000E-04 -6.09602E-11
  6.24000E-01  1.00000E+00  1.00000E-04  2.03211E-11
  6.25000E-01  1.00000E+00  1.00000E-04  2.03201E-11
  6.26000E-01  1.00000E+00  1.00000E-04  0.00000E+00
  6.27000E-01  1.00000E+00  1.00000E-04 -2.03199E-11
  6.28000E-01  1.00000E+00  1.00000E-04  4.06283E-11
  6.29000E-01  1.00000E+00  1.00000E-04  0.00000E+00
  6.30000E-01  1.00000E+00  1.00000E-04 -1.13760E-16
  6.31000E-01  1.00000E+00  1.00000E-04  1.03418E-17
  6.32000E-01  1.00000E+00  1.00000E-04 -6.82979E-17
  6.33000E-01  1.00000E+00  1.00000E-04  8.62465E-17
  6.34000E-01  1.00000E+00  1.00000E-04  8.54695E-17
  6.35000E-01  1.00000E+00  1.00000E-04  0.00000E+00
  6.36000E-01  1.00000E+00  1.00000E-04 -2.03123E-11
  6.37000E-01  1.00000E+00  1.00000E-04 -2.03221E-11
  6.38000E-01  1.00000E+00  1.00000E-04  2.03199E-11
  6.39000E-01  1.00000E+00  1.00000E-04  2.03153E-11
  6.40000E-01  1.00000E+00  1.00000E-04  4.06368E-11
  6.41000E-01  1.00000E+00  1.00000E-04 -1.63169E-16
  6.42000E-01  1.00000E+00  1.00000E-04 -6.09465E-11
  6.43000E-01  1.00000E+00  1.00000E-04 -7.76996E-17
  6.44000E-01  1.00000E+00  1.00000E-04 -7.76995E-18
  6.45000E-01  1.00000E+00  1.00000E-04  8.54695E-17
  6.46000E-01  1.00000E+00  1.00000E-04  2.03202E-11
  6.47000E-01  1.00000E+00  1.00000E-04 -7.76996E-17
  6.48000E-01  1.00000E+00  1.00000E-04  2.03202E-11
  6.49000E-01  1.00000E+00  1.00000E-04  1.21870E-10
  6.50000E-01  9.99999E-01  9.99999E-05 -8.12618E-11
  6.51000E-01  1.00000E+00  1.00000E-04 -8.12915E-11
  6.52000E-01  1.00000E+00  1.00000E-04 -2.03194E-11
  6.53000E-01  1.00000E+00  1.00000E-04  2.03231E-11
  6.54000E-01  1.00000E+00  1.00000E-04 -1.01786E-16
  6.55000E-01  1.00000E+00  1.00000E-04 -1.21920E-10
  6.56000E-01  1.00000E+00  1.00000E-04 -9.40165E-17
  6.57000E-01  1.00000E+00  1.00000E-04  2.03225E-11
  6.58000E-01  1.00000E+00  1.00000E-04  1.21924E-10
  6.59000E-01  1.00000E+00  1.00000E-04 -4.06409E-11
  6.60000E-01  1.00000E+00  1.00000E-04 -2.03152E-11
  6.61000E-01  1.00000E+00  1.00000E-04  1.21888E-10
  6.62000E-01  1.00000E+00  1.00000E-04 -8.12796E-11
  6.63000E-01  1.00000E+00  1.00000E-04  8.54695E-17
  6.64000E-01  1.00000E+00  1.00000E-04  7.76996E-17
  6.65000E-01  1.00000E+00  1.00000E-04 -2.03151E-11
  6.66000E-01  1.00000E+00  1.00000E-04  4.46833E-10
  6.67000E-01  9.99998E-01  9.99998E-05 -1.21885E-10
  6.68000E-01  1.00000E+00  1.00000E-04 -2.64080E-10
  6.69000E-01  1.00000E+00  1.00000E-04  2.03212E-11
  6.70000E-01  1.00000E+00  1.00000E-04 -2.43874E-10
  6.71000E-01  1.00000E+00  1.00000E-04  0.00000E+00
  6.72000E-01  1.00000E+00  1.00000E-04  2.23541E-10
  6.73000E-01  1.00000E+00  1.00000E-04  6.09403E-11
  6.74000E-01  1.00000E+00  1.00000E-04 -4.06356E-11
  6.75000E-01  1.00000E+00  1.00000E-04 -2.70850E-11
  6.76000E-01  1.00000E+00  1.00000E-04 -2.70862E-11
  6.77000E-01  1.00000E+00  1.00000E-04 -2.70854E-11
  6.78000E-01  1.00000E+00  1.00000E-04  6.09549E-11
  6.79000E-01  1.00000E+00  1.00000E-04 -1.01609E-10
  6.80000E-01  1.00000E+00  1.00000E-04  4.06436E-11
  6.81000E-01  1.00000E+00  9.99999E-05  2.23440E-10
  6.82000E-01  9.99999E-01  9.99999E-05 -1.62505E-10
  6.83000E-01  1.00000E+00  1.00000E-04  1.01573E-11
  6.84000E-01  1.00000E+00  1.00000E-04  1.01554E-11
  6.85000E-01  1.00000E+00  1.00000E-04 -4.06301E-11
  6.86000E-01  1.00000E+00  1.00000E-04  1.01607E-10
  6.87000E-01  9.99999E-01  9.99999E-05 -2.03140E-11
  6.88000E-01  1.00000E+00  1.00000E-04 -1.01570E-10
  6.89000E-01  1.00000E+00  1.00000E-04  6.09264E-11
  6.90000E-01  1.00000E+00  1.00000E-04 -2.05458E-15
  6.91000E-01  1.00000E+00  1.00000E-04  3.65680E-10
  6.92000E-01  9.99999E-01  9.99997E-05 -1.62480E-10
  6.93000E-01  1.00000E+00  1.00000E-04 -2.84452E-10
  6.94000E-01  1.00000E+00  9.99999E-05 -4.06107E-11
  6.95000E-01  1.00000E+00  1.00000E-04 -2.58467E-10
  6.96000E-01  1.00000E+00  1.00000E-04  1.29439E-09
  6.97000E-01  9.99995E-01  9.99994E-05 -1.42187E-10
  6.98000E-01  1.00000E+00  1.00000E-04 -8.26267E-10
  6.99000E-01  1.00000E+00  1.00000E-04 -6.56702E-12
  7.00000E-01  1.00000E+00  1.00000E-04  0.00000E+00
  7.01000E-01  1.00000E+00  1.00000E-04  0.00000E+00
  7.02000E-01  1.00000E+00  1.00000E-04  0.00000E+00
  7.03000E-01  1.00000E+00  1.00000E-04  0.00000E+00
  7.04000E-01  1.00000E+00  1.00000E-04  0.00000E+00
  7.05000E-01  1.00000E+00  1.00000E-04  1.42234E-10
  7.06000E-01  1.00000E+00  9.99999E-05  8.12564E-11
  7.07000E-01  1.00000E+00  1.00000E-04 -3.86017E-10
  7.08000E-01  1.00000E+00  1.00000E-04  6.09589E-11
  7.09000E-01  1.00000E+00  1.00000E-04  1.01580E-10
  7.10000E-01  1.00000E+00  1.00000E-04  0.00000E+00
  7.11000E-01  1.00000E+00  1.00000E-04  0.00000E+00
  7.12000E-01  1.00000E+00  1.00000E-04  0.00000E+00
  7.13000E-01  1.00000E+00  1.00000E-04  0.00000E+00
  7.14000E-01  1.00000E+00  1.00000E-04  0.00000E+00
  7.15000E-01  1.00000E+00  1.00000E-04  0.00000E+00
  7.16000E-01  1.00000E+00  1.00000E-04  0.00000E+00
  7.17000E-01  1.00000E+00  1.00000E-04 -2.03162E-11
  7.18000E-01  1.00000E+00  1.00000E-04  0.00000E+00
  7.19000E-01  1.00000E+00  1.00000E-04  2.03211E-11
  7.20000E-01  1.00000E+00  1.00000E-04 -8.36806E-10
  7.21000E-01  1.00000E+00  1.00000E-04 -1.29705E-07
  7.22000E-01  1.00000E+00  1.00165E-04 -1.79134E-14
  7.23000E-01  1.00000E+00  1.00000E-04  1.29700E-07
  7.24000E-01  1.00000E+00  1.00000E-04  7.81250E-10
  7.25000E-01  1.00000E+00  1.00000E-04  1.66722E-11
  7.26000E-01  1.00000E+00  1.00000E-04  4.06277E-11
  7.27000E-01  1.00000E+00  1.00000E-04  0.00000E+00
  7.28000E-01  1.00000E+00  1.00000E-04  0.00000E+00
  7.29000E-01  1.00000E+00  1.00000E-04  0.00000E+00
  7.30000E-01  1.00000E+00  1.00000E-04  0.00000E+00
  7.31000E-01  1.00000E+00  1.00000E-04  0.00000E+00
  7.32000E-01  1.00000E+00  1.00000E-04  0.00000E+00
  7.33000E-01  1.00000E+00  1.00000E-04  0.00000E+00
  7.34000E-01  1.00000E+00  1.00000E-04  0.00000E+00
  7.35000E-01  1.00000E+00  1.00000E-04  0.00000E+00
  7.36000E-01  1.00000E+00  1.00000E-04  0.00000E+00
  7.37000E-01  1.00000E+00  1.00000E-04  0.00000E+00
  7.38000E-01  1.00000E+00  1.00000E-04  0.00000E+00
  7.39000E-01  1.00000E+00  1.00000E-04  0.00000E+00
  7.40000E-01  1.00000E+00  1.00000E-04  0.00000E+00
  7.41000E-01  1.00000E+00  1.00000E-04  0.00000E+00
  7.42000E-01  1.00000E+00  1.00000E-04 -4.06364E-11
  7.43000E-01  1.00000E+00  1.00000E-04 -2.03200E-11
  7.44000E-01  1.00000E+00  1.00000E-04  6.09570E-11
  7.45000E-01  1.00000E+00  1.00000E-04  7.76995E-17
  7.46000E-01  1.00000E+00  1.00000E-04  0.00000E+00
  7.47000E-01  1.00000E+00  1.00000E-04  0.00000E+00
  7.48000E-01  1.00000E+00  1.00000E-04  0.00000E+00
  7.49000E-01  1.00000E+00  1.00000E-04 -2.03193E-11
  7.50000E-01  1.00000E+00  1.00000E-04 -2.03188E-11
  7.51000E-01  1.00000E+00  1.00000E-04  4.06372E-11
  7.52000E-01  1.00000E+00  1.00000E-04  2.03134E-11
  7.53000E-01  1.00000E+00  1.00000E-04 -2.03134E-11
  7.54000E-01  1.00000E+00  1.00000E-04  0.00000E+00
  7.55000E-01  1.00000E+00  1.00000E-04  2.03195E-11
  7.56000E-01  1.00000E+00  1.00000E-04  0.00000E+00
  7.57000E-01  1.00000E+00  1.00000E-04 -2.03172E-11
  7.58000E-01  1.00000E+00  1.00000E-04  0.00000E+00
  7.59000E-01  1.00000E+00  1.00000E-04  0.00000E+00
  7.60000E-01  1.00000E+00  1.00000E-04  0.00000E+00
  7.61000E-01  1.00000E+00  1.00000E-04  0.00000E+00
  7.62000E-01  1.00000E+00  1.00000E-04  0.00000E+00
  7.63000E-01  1.00000E+00  1.00000E-04  0.00000E+00
  7.64000E-01  1.00000E+00  1.00000E-04  0.00000E+00
  7.65000E-01  1.00000E+00  1.00000E-04  0.00000E+00
  7.66000E-01  1.00000E+00  1.00000E-04  2.03170E-11
  7.67000E-01  1.00000E+00  1.00000E-04  0.00000E+00
  7.68000E-01  1.00000E+00  1.00000E-04 -2.03193E-11
  7.69000E-01  1.00000E+00  1.00000E-04 -1.21908E-10
  7.70000E-01  1.00000E+00  1.00000E-04  0.00000E+00
  7.71000E-01  1.00000E+00  1.00000E-04 -6.54734E-10
  7.72000E-01  1.00000E+00  1.00000E-04 -1.19936E-07
  7.73000E-01  1.00000E+00  1.00153E-04 -1.96811E-12
  7.74000E-01  1.00000E+00  1.00000E-04  1.19110E-07
  7.75000E-01  1.00000E+00  1.00000E-04 -1.29538E-07
  7.76000E-01  1.00000E+00  1.00166E-04  1.87114E-12
  7.77000E-01  1.00000E+00  1.00000E-04  1.30324E-07
  7.78000E-01  1.00000E+00  1.00000E-04  9.00779E-10
  7.79000E-01  1.00000E+00  1.00000E-04  0.00000E+00
  7.80000E-01  1.00000E+00  1.00000E-04 -6.09526E-11
  7.81000E-01  1.00000E+00  1.00000E-04  2.03171E-11
  7.82000E-01  1.00000E+00  1.00000E-04  0.00000E+00
  7.83000E-01  1.00000E+00  1.00000E-04 -2.03154E-11
  7.84000E-01  1.00000E+00  1.00000E-04  6.09635E-11
  7.85000E-01  1.00000E+00  1.00000E-04  0.00000E+00
  7.86000E-01  1.00000E+00  1.00000E-04 -6.09583E-11
  7.87000E-01  1.00000E+00  1.00000E-04  0.00000E+00
  7.88000E-01  1.00000E+00  1.00000E-04  0.00000E+00
  7.89000E-01  1.00000E+00  1.00000E-04  0.00000E+00
  7.90000E-01  1.00000E+00  1.00000E-04  0.00000E+00
  7.91000E-01  1.00000E+00  1.00000E-04  0.00000E+00
  7.92000E-01  1.00000E+00  1.00000E-04 -2.03142E-11
  7.93000E-01  1.00000E+00  1.00000E-04  0.00000E+00
  7.94000E-01  1.00000E+00  1.00000E-04  2.03141E-11
  7.95000E-01  1.00000E+00  1.00000E-04 -2.03196E-11
  7.96000E-01  1.00000E+00  1.00000E-04  0.00000E+00
  7.97000E-01  1.00000E+00  1.00000E-04  2.03170E-11
  7.98000E-01  1.00000E+00  1.00000E-04  8.12673E-11
  7.99000E-01  9.99999E-01  9.99999E-05  0.00000E+00
  8.00000E-01  1.00000E+00  1.00000E-04 -8.12681E-11
  8.01000E-01  1.00000E+00  1.00000E-04  8.12846E-11
  8.02000E-01  9.99999E-01  9.99999E-05  0.00000E+00
  8.03000E-01  1.00000E+00  1.00000E-04 -8.12580E-11
  8.04000E-01  1.00000E+00  1.00000E-04  0.00000E+00
  8.05000E-01  1.00000E+00  1.00000E-04 -6.63435E-10
  8.06000E-01  1.00000E+00  1.00000E-04 -1.02807E-07
  8.07000E-01  1.00000E+00  1.00131E-04 -1.57469E-12
  8.08000E-01  1.00000E+00  1.00000E-04  1.02145E-07
  8.09000E-01  1.00000E+00  1.00000E-04 -1.02137E-07
  8.10000E-01  1.00000E+00  1.00131E-04  1.61028E-12
  8.11000E-01  1.00000E+00  1.00000E-04  1.02809E-07
  8.12000E-01  1.00000E+00  1.00000E-04  7.23262E-10
  8.13000E-01  1.00000E+00  1.00000E-04  0.00000E+00
  8.14000E-01  1.00000E+00  1.00000E-04 -6.09523E-11
  8.15000E-01  1.00000E+00  1.00000E-04  6.09623E-11
  8.16000E-01  1.00000E+00  1.00000E-04  2.03165E-11
  8.17000E-01  1.00000E+00  1.00000E-04 -1.21900E-10
  8.18000E-01  1.00000E+00  1.00000E-04  2.03203E-11
  8.19000E-01  1.00000E+00  1.00000E-04  2.03169E-11
  8.20000E-01  1.00000E+00  1.00000E-04  0.00000E+00
  8.21000E-01  1.00000E+00  1.00000E-04  0.00000E+00
  8.22000E-01  1.00000E+00  1.00000E-04  0.00000E+00
  8.23000E-01  1.00000E+00  1.00000E-04  4.06341E-11
  8.24000E-01  1.00000E+00  1.00000E-04  2.47443E-16
  8.25000E-01  1.00000E+00  1.00000E-04 -2.03222E-11
  8.26000E-01  1.00000E+00  1.00000E-04  7.76995E-17
  8.27000E-01  1.00000E+00  1.00000E-04 -2.03180E-11
  8.28000E-01  1.00000E+00  1.00000E-04  0.00000E+00
  8.29000E-01  1.00000E+00  1.00000E-04  2.03177E-11
  8.30000E-01  1.00000E+00  1.00000E-04  0.00000E+00
  8.31000E-01  1.00000E+00  1.00000E-04 -2.03198E-11
  8.32000E-01  1.00000E+00  1.00000E-04  0.00000E+00
  8.33000E-01  1.00000E+00  1.00000E-04  0.00000E+00
  8.34000E-01  1.00000E+00  1.00000E-04  4.06440E-11
  8.35000E-01  1.00000E+00  1.00000E-04  0.00000E+00
  8.36000E-01  1.00000E+00  1.00000E-04 -4.06381E-11
  8.37000E-01  1.00000E+00  1.00000E-04  0.00000E+00
  8.38000E-01  1.00000E+00  1.00000E-04 -8.19643E-10
  8.39000E-01  1.00000E+00  1.00000E-04 -1.27052E-07
  8.40000E-01  1.00000E+00  1.00162E-04 -8.33259E-11
  8.41000E-01  1.00000E+00  1.00000E-04  1.27156E-07
  8.42000E-01  1.00000E+00  1.00000E-04  8.60333E-10
  8.43000E-01  1.00000E+00  1.00000E-04  8.54695E-17
  8.44000E-01  1.00000E+00  1.00000E-04 -4.06369E-11
  8.45000E-01  1.00000E+00  1.00000E-04  2.03196E-11
  8.46000E-01  1.00000E+00  1.00000E-04  0.00000E+00
  8.47000E-01  1.00000E+00  1.00000E-04 -4.06348E-11
  8.48000E-01  1.00000E+00  1.00000E-04  2.03242E-11
  8.49000E-01  1.00000E+00  1.00000E-04  0.00000E+00
  8.50000E-01  1.00000E+00  1.00000E-04  0.00000E+00
  8.51000E-01  1.00000E+00  1.00000E-04 -1.01593E-11
  8.52000E-01  1.00000E+00  1.00000E-04 -1.01595E-11
  8.53000E-01  1.00000E+00  1.00000E-04  4.06316E-11
  8.54000E-01  1.00000E+00  1.00000E-04  7.20220E-12
  8.55000E-01  1.00000E+00  1.00000E-04  8.66078E-10
  8.56000E-01  9.99994E-01  9.99994E-05 -5.81046E-16
  8.57000E-01  1.00000E+00  1.00000E-04 -8.84112E-10
  8.58000E-01  1.00000E+00  1.00000E-04  1.73141E-10
  8.59000E-01  9.99999E-01  9.99999E-05  8.54695E-17
  8.60000E-01  1.00000E+00  1.00000E-04 -1.82863E-10
  8.61000E-01  1.00000E+00  1.00000E-04  0.00000E+00
  8.62000E-01  1.00000E+00  1.00000E-04  0.00000E+00
  8.63000E-01  1.00000E+00  1.00000E-04  0.00000E+00
  8.64000E-01  1.00000E+00  1.00000E-04  0.00000E+00
  8.65000E-01  1.00000E+00  1.00000E-04  0.00000E+00
  8.66000E-01  1.00000E+00  1.00000E-04  2.03187E-11
  8.67000E-01  1.00000E+00  1.00000E-04  4.06375E-11
  8.68000E-01  1.00000E+00  1.00000E-04 -6.09594E-11
  8.69000E-01  1.00000E+00  1.00000E-04  0.00000E+00
  8.70000E-01  1.00000E+00  1.00000E-04  0.00000E+00
  8.71000E-01  1.00000E+00  1.00000E-04  2.03216E-11
  8.72000E-01  1.00000E+00  1.00000E-04  6.09489E-11
  8.73000E-01  1.00000E+00  1.00000E-04 -1.21907E-10
  8.74000E-01  1.00000E+00  1.00000E-04  2.03212E-11
  8.75000E-01  1.00000E+00  1.00000E-04  2.03166E-11
  8.76000E-01  1.00000E+00  1.00000E-04  4.06297E-11
  8.77000E-01  1.00000E+00  1.00000E-04  0.00000E+00
  8.78000E-01  1.00000E+00  1.00000E-04 -6.09550E-11
  8.79000E-01  1.00000E+00  1.00000E-04  6.09628E-11
  8.80000E-01  1.00000E+00  1.00000E-04  2.03215E-11
  8.81000E-01  1.00000E+00  1.00000E-04  1.82821E-10
  8.82000E-01  9.99998E-01  9.99998E-05  7.76995E-17
  8.83000E-01  1.00000E+00  1.00000E-04 -2.43767E-10
  8.84000E-01  1.00000E+00  1.00000E-04  2.03177E-11
  8.85000E-01  1.00000E+00  1.00000E-04  0.00000E+00
  8.86000E-01  1.00000E+00  1.00000E-04 -2.03222E-11
  8.87000E-01  1.00000E+00  1.00000E-04  0.00000E+00
  8.88000E-01  1.00000E+00  1.00000E-04  0.00000E+00
  8.89000E-01  1.00000E+00  1.00000E-04  2.03194E-11
  8.90000E-01  1.00000E+00  1.00000E-04  0.00000E+00
  8.91000E-01  1.00000E+00  1.00000E-04 -2.03142E-11
  8.92000E-01  1.00000E+00  1.00000E-04  0.00000E+00
  8.93000E-01  1.00000E+00  1.00000E-04  0.00000E+00
  8.94000E-01  1.00000E+00  1.00000E-04  0.00000E+00
  8.95000E-01  1.00000E+00  1.00000E-04  2.03186E-11
  8.96000E-01  1.00000E+00  1.00000E-04 -2.03208E-11
  8.97000E-01  1.00000E+00  1.00000E-04  0.00000E+00
  8.98000E-01  1.00000E+00  1.00000E-04  0.00000E+00
  8.99000E-01  1.00000E+00  1.00000E-04 -2.44871E-16
  9.00000E-01  1.00000E+00  1.00000E-04  1.14794E-16
  9.01000E-01  1.00000E+00  1.00000E-04  1.30077E-16
  9.02000E-01  1.00000E+00  1.00000E-04  0.00000E+00
  9.03000E-01  1.00000E+00  1.00000E-04 -1.01595E-11
  9.04000E-01  1.00000E+00  1.00000E-04 -1.01585E-11
  9.05000E-01  1.00000E+00  1.00000E-04  8.54695E-17
  9.06000E-01  1.00000E+00  1.00000E-04 -4.06387E-11
  9.07000E-01  1.00000E+00  1.00000E-04  4.06454E-11
  9.08000E-01  1.00000E+00  1.00000E-04  2.03140E-11
  9.09000E-01  1.00000E+00  1.00000E-04  2.03182E-11
  9.10000E-01  1.00000E+00  1.00000E-04 -1.01575E-11
  9.11000E-01  1.00000E+00  1.00000E-04 -1.01595E-11
  9.12000E-01  1.00000E+00  1.00000E-04  7.76995E-17
  9.13000E-01  1.00000E+00  1.00000E-04  0.00000E+00
  9.14000E-01  1.00000E+00  1.00000E-04  0.00000E+00
  9.15000E-01  1.00000E+00  1.00000E-04  0.00000E+00
  9.16000E-01  1.00000E+00  1.00000E-04  8.12679E-11
  9.17000E-01  9.99999E-01  9.99999E-05  0.00000E+00
  9.18000E-01  1.00000E+00  1.00000E-04 -8.12820E-11
  9.19000E-01  1.00000E+00  1.00000E-04  0.00000E+00
  9.20000E-01  1.00000E+00  1.00000E-04  0.00000E+00
  9.21000E-01  1.00000E+00  1.00000E-04  1.01599E-10
  9.22000E-01  9.99999E-01  9.99999E-05  3.02648E-16
  9.23000E-01  1.00000E+00  1.00000E-04 -6.09397E-11
  9.24000E-01  1.00000E+00  1.00000E-04  6.09344E-11
  9.25000E-01  1.00000E+00  1.00000E-04 -6.09349E-11
  9.26000E-01  1.00000E+00  1.00000E-04 -4.06317E-11
  9.27000E-01  1.00000E+00  1.00000E-04  0.00000E+00
  9.28000E-01  1.00000E+00  1.00000E-04 -2.33099E-16
  9.29000E-01  1.00000E+00  1.00000E-04  7.76995E-17
  9.30000E-01  1.00000E+00  1.00000E-04  7.76995E-17
  9.31000E-01  1.00000E+00  1.00000E-04  2.03152E-11
  9.32000E-01  1.00000E+00  1.00000E-04  6.87583E-12
  9.33000E-01  1.00000E+00  1.00000E-04 -6.87591E-12
  9.34000E-01  1.00000E+00  1.00000E-04 -2.03207E-11
  9.35000E-01  1.00000E+00  1.00000E-04  0.00000E+00
  9.36000E-01  1.00000E+00  1.00000E-04 -4.06303E-11
  9.37000E-01  1.00000E+00  1.00000E-04  0.00000E+00
  9.38000E-01  1.00000E+00  1.00000E-04  1.21884E-10
  9.39000E-01  1.00000E+00  1.00000E-04  0.00000E+00
  9.40000E-01  1.00000E+00  1.00000E-04 -1.21919E-10
  9.41000E-01  1.00000E+00  1.00000E-04  0.00000E+00
  9.42000E-01  1.00000E+00  1.00000E-04  1.42199E-10
  9.43000E-01  1.00000E+00  1.00000E-04 -2.03124E-11
  9.44000E-01  1.00000E+00  1.00000E-04 -2.03205E-11
  9.45000E-01  1.00000E+00  1.00000E-04  5.48390E-10
  9.46000E-01  9.99996E-01  9.99996E-05  1.62528E-10
  9.47000E-01  1.00000E+00  1.00000E-04 -7.92053E-10
  9.48000E-01  1.00000E+00  1.00000E-04  2.03178E-11
  9.49000E-01  1.00000E+00  1.00000E-04  2.03141E-11
  9.50000E-01  1.00000E+00  1.00000E-04  6.09326E-11
  9.51000E-01  1.00000E+00  1.00000E-04  2.03186E-11
  9.52000E-01  1.00000E+00  1.00000E-04 -2.41752E-12
  9.53000E-01  1.00000E+00  1.00000E-04 -1.79023E-11
  9.54000E-01  1.00000E+00  1.00000E-04 -1.82819E-10
  9.55000E-01  1.00000E+00  1.00000E-04  6.09627E-11
  9.56000E-01  1.00000E+00  1.00000E-04  6.09685E-11
  9.57000E-01  1.00000E+00  1.00000E-04  2.03219E-11
  9.58000E-01  1.00000E+00  1.00000E-04  4.06317E-11
  9.59000E-01  1.00000E+00  1.00000E-04 -1.21866E-10
  9.60000E-01  1.00000E+00  1.00000E-04  2.03125E-11
  9.61000E-01  1.00000E+00  1.00000E-04  2.03187E-11
  9.62000E-01  1.00000E+00  1.00000E-04 -4.06292E-11
  9.63000E-01  1.00000E+00  1.00000E-04 -8.12875E-11
  9.64000E-01  1.00000E+00  1.00000E-04  2.03186E-10
  9.65000E-01  1.00000E+00  1.00000E-04  2.03164E-11
  9.66000E-01  1.00000E+00  1.00000E-04 -2.43730E-10
  9.67000E-01  1.00000E+00  1.00000E-04  8.12942E-11
  9.68000E-01  1.00000E+00  1.00000E-04 -1.21530E-16
  9.69000E-01  1.00000E+00  1.00000E-04 -2.03223E-11
  9.70000E-01  1.00000E+00  1.00000E-04  2.03188E-11
  9.71000E-01  1.00000E+00  1.00000E-04  1.42174E-10
  9.72000E-01  9.99999E-01  9.99999E-05  4.06386E-11
  9.73000E-01  1.00000E+00  1.00000E-04  6.50038E-10
  9.74000E-01  9.99995E-01  9.99995E-05  4.06252E-11
  9.75000E-01  1.00000E+00  1.00000E-04 -8.44989E-10
  9.76000E-01  1.00000E+00  1.00000E-04  7.32012E-11
  9.77000E-01  1.00000E+00  9.99999E-05  6.09503E-11
  9.78000E-01  1.00000E+00  1.00000E-04 -1.82828E-10
  9.79000E-01  9.99999E-01  1.00000E-04  1.47978E-15
  9.80000E-01  1.00000E+00  1.00000E-04  4.46774E-10
  9.81000E-01  9.99998E-01  9.99998E-05  2.03230E-11
  9.82000E-01  1.00000E+00  1.00000E-04 -5.88992E-10
  9.83000E-01  1.00000E+00  1.00000E-04  8.12628E-11
  9.84000E-01  1.00000E+00  1.00000E-04  3.73967E-12
  9.85000E-01  1.00000E+00  1.00000E-04  6.86946E-10
  9.86000E-01  9.99996E-01  9.99995E-05 -5.68608E-10
  9.87000E-01  1.00001E+00  1.00001E-04 -7.11119E-10
  9.88000E-01  1.00000E+00  1.00000E-04  4.93760E-10
  9.89000E-01  1.00000E+00  1.00000E-04  2.68666E-09
  9.90000E-01  9.99981E-01  9.99981E-05  2.40261E-10
  9.91000E-01  1.00000E+00  1.00000E-04 -2.68654E-09
  9.92000E-01  1.00000E+00  1.00000E-04 -2.35042E-11
  9.93000E-01  1.00000E+00  1.00000E-04  0.00000E+00
  9.94000E-01  1.00000E+00  1.00000E-04 -4.06311E-11
  9.95000E-01  1.00000E+00  1.00000E-04  0.00000E+00
  9.96000E-01  1.00000E+00  1.00000E-04  4.06402E-11
  9.97000E-01  1.00000E+00  1.00000E-04  0.00000E+00
  9.98000E-01  1.00000E+00  1.00000E-04  0.00000E+00
  9.99000E-01  1.00000E+00  1.00000E-04  0.00000E+00
