  0.00000E+00  2.80707E-05  3.14586E+01  5.70528E-03
  1.00000E-03  2.80701E-05  3.14583E+01  2.05112E-02
  2.00000E-03  2.80695E-05  3.14578E+01  4.23229E-02
  3.00000E-03  2.80701E-05  3.14574E+01  7.25557E-02
  4.00000E-03  2.80706E-05  3.14572E+01  1.06186E-01
  5.00000E-03  2.80728E-05  3.14573E+01  1.39354E-01
  6.00000E-03  2.80847E-05  3.14573E+01  1.70106E-01
  7.00000E-03  2.81058E-05  3.14572E+01  1.95855E-01
  8.00000E-03  2.81365E-05  3.14570E+01  2.17576E-01
  9.00000E-03  2.81709E-05  3.14568E+01  2.40178E-01
  1.00000E-02  2.82014E-05  3.14567E+01  2.65874E-01
  1.10000E-02  2.82308E-05  3.14566E+01  2.94166E-01
  1.20000E-02  2.82449E-05  3.14566E+01  3.22480E-01
  1.30000E-02  2.82620E-05  3.14567E+01  3.49306E-01
  1.40000E-02  2.82948E-05  3.14567E+01  3.74674E-01
  1.50000E-02  2.84841E-05  3.14566E+01  3.99556E-01
  1.60000E-02  2.90968E-05  3.14565E+01  4.26134E-01
  1.70000E-02  3.03046E-05  3.14565E+01  4.55293E-01
  1.80000E-02  3.17874E-05  3.14565E+01  4.82717E-01
  1.90000E-02  3.37452E-05  3.14565E+01  5.08380E-01
  2.00000E-02  3.57514E-05  3.14566E+01  5.35205E-01
  2.10000E-02  3.78904E-05  3.14567E+01  5.59199E-01
  2.20000E-02  4.04332E-05  3.14566E+01  5.82394E-01
  2.30000E-02  4.29118E-05  3.14565E+01  6.07500E-01
  2.40000E-02  4.57502E-05  3.14563E+01  6.30581E-01
  2.50000E-02  4.88069E-05  3.14562E+01  6.50986E-01
  2.60000E-02  5.21110E-05  3.14560E+01  6.69459E-01
  2.70000E-02  5.56164E-05  3.14556E+01  6.84756E-01
  2.80000E-02  5.96214E-05  3.14555E+01  7.03475E-01
  2.90000E-02  6.39266E-05  3.14555E+01  7.25915E-01
  3.00000E-02  6.86904E-05  3.14556E+01  7.50448E-01
  3.10000E-02  7.43259E-05  3.14558E+01  7.74294E-01
  3.20000E-02  8.05276E-05  3.14558E+01  7.99792E-01
  3.30000E-02  8.75903E-05  3.14560E+01  8.28681E-01
  3.40000E-02  9.61338E-05  3.14565E+01  8.55993E-01
  3.50000E-02  1.05391E-04  3.14568E+01  8.83391E-01
  3.60000E-02  1.16476E-04  3.14570E+01  9.08809E-01
  3.70000E-02  1.29571E-04  3.14575E+01  9.36851E-01
  3.80000E-02  1.44282E-04  3.14574E+01  9.61140E-01
  3.90000E-02  1.62132E-04  3.14578E+01  9.85778E-01
  4.00000E-02  1.82307E-04  3.14578E+01  1.01069E+00
  4.10000E-02  2.05740E-04  3.14579E+01  1.03628E+00
  4.20000E-02  2.32651E-04  3.14580E+01  1.06160E+00
  4.30000E-02  2.62613E-04  3.14581E+01  1.08964E+00
  4.40000E-02  2.96970E-04  3.14577E+01  1.11837E+00
  4.50000E-02  3.33763E-04  3.14572E+01  1.14223E+00
  4.60000E-02  3.74973E-04  3.14573E+01  1.17337E+00
  4.70000E-02  4.17558E-04  3.14571E+01  1.19717E+00
  4.80000E-02  4.67147E-04  3.14571E+01  1.22313E+00
  4.90000E-02  5.14794E-04  3.14567E+01  1.25087E+00
  5.00000E-02  5.69084E-04  3.14567E+01  1.27486E+00
  5.10000E-02  6.25035E-04  3.14573E+01  1.30175E+00
  5.20000E-02  6.82758E-04  3.14595E+01  1.33486E+00
  5.30000E-02  7.46527E-04  3.14608E+01  1.37092E+00
  5.40000E-02  8.09287E-04  3.14617E+01  1.39787E+00
  5.50000E-02  8.78161E-04  3.14622E+01  1.42104E+00
  5.60000E-02  9.48092E-04  3.14611E+01  1.43731E+00
  5.70000E-02  1.02143E-03  3.14583E+01  1.44496E+00
  5.80000E-02  1.10090E-03  3.14539E+01  1.45519E+00
  5.90000E-02  1.18154E-03  3.14499E+01  1.46306E+00
  6.00000E-02  1.26687E-03  3.14478E+01  1.47500E+00
  6.10000E-02  1.35476E-03  3.14471E+01  1.49258E+00
  6.20000E-02  1.45647E-03  3.14465E+01  1.51784E+00
  6.30000E-02  1.55142E-03  3.14458E+01  1.54671E+00
  6.40000E-02  1.66091E-03  3.14462E+01  1.56789E+00
  6.50000E-02  1.77054E-03  3.14455E+01  1.58929E+00
  6.60000E-02  1.89289E-03  3.14474E+01  1.62126E+00
  6.70000E-02  2.02130E-03  3.14470E+01  1.65034E+00
  6.80000E-02  2.15451E-03  3.14462E+01  1.66918E+00
  6.90000E-02  2.30054E-03  3.14501E+01  1.70624E+00
  7.00000E-02  2.44393E-03  3.14489E+01  1.72862E+00
  7.10000E-02  2.62415E-03  3.14507E+01  1.75753E+00
  7.20000E-02  2.78458E-03  3.14521E+01  1.79018E+00
  7.30000E-02  2.95932E-03  3.14511E+01  1.81257E+00
  7.40000E-02  3.15482E-03  3.14548E+01  1.84662E+00
  7.50000E-02  3.34966E-03  3.14528E+01  1.87308E+00
  7.60000E-02  3.55778E-03  3.14560E+01  1.89895E+00
  7.70000E-02  3.77140E-03  3.14577E+01  1.93395E+00
  7.80000E-02  3.99980E-03  3.14581E+01  1.95361E+00
  7.90000E-02  4.24288E-03  3.14582E+01  1.97640E+00
  8.00000E-02  4.47214E-03  3.14586E+01  1.99702E+00
  8.10000E-02  4.71952E-03  3.14581E+01  2.02249E+00
  8.20000E-02  4.98621E-03  3.14587E+01  2.05186E+00
  8.30000E-02  5.26071E-03  3.14586E+01  2.07883E+00
  8.40000E-02  5.52073E-03  3.14586E+01  2.09598E+00
  8.50000E-02  5.82241E-03  3.14574E+01  2.12129E+00
  8.60000E-02  6.11852E-03  3.14629E+01  2.15684E+00
  8.70000E-02  6.41693E-03  3.14602E+01  2.17519E+00
  8.80000E-02  6.74366E-03  3.14675E+01  2.20979E+00
  8.90000E-02  7.06232E-03  3.14707E+01  2.23705E+00
  9.00000E-02  7.41529E-03  3.14689E+01  2.26016E+00
  9.10000E-02  7.78148E-03  3.14783E+01  2.29526E+00
  9.20000E-02  8.14187E-03  3.14801E+01  2.32019E+00
  9.30000E-02  8.52484E-03  3.14798E+01  2.34241E+00
  9.40000E-02  8.94037E-03  3.14899E+01  2.37503E+00
  9.50000E-02  9.32094E-03  3.14936E+01  2.40055E+00
  9.60000E-02  9.77923E-03  3.14965E+01  2.42019E+00
  9.70000E-02  1.02278E-02  3.15015E+01  2.42864E+00
  9.80000E-02  1.07094E-02  3.15125E+01  2.45324E+00
  9.90000E-02  1.11570E-02  3.15217E+01  2.47242E+00
  1.00000E-01  1.16913E-02  3.15204E+01  2.47903E+00
  1.01000E-01  1.21589E-02  3.15014E+01  2.48801E+00
  1.02000E-01  1.27126E-02  3.14770E+01  2.49105E+00
  1.03000E-01  1.32543E-02  3.14578E+01  2.49265E+00
  1.04000E-01  1.38325E-02  3.14510E+01  2.51669E+00
  1.05000E-01  1.44170E-02  3.14439E+01  2.54871E+00
  1.06000E-01  1.50705E-02  3.14460E+01  2.56837E+00
  1.07000E-01  1.56571E-02  3.14375E+01  2.61686E+00
  1.08000E-01  1.63493E-02  3.14494E+01  2.66121E+00
  1.09000E-01  1.69836E-02  3.14564E+01  2.70726E+00
  1.10000E-01  1.77614E-02  3.14591E+01  2.74527E+00
  1.11000E-01  1.84553E-02  3.14758E+01  2.77427E+00
  1.12000E-01  1.92640E-02  3.14932E+01  2.79281E+00
  1.13000E-01  2.00417E-02  3.15299E+01  2.81014E+00
  1.14000E-01  2.08265E-02  3.15558E+01  2.81995E+00
  1.15000E-01  2.17487E-02  3.15724E+01  2.83385E+00
  1.16000E-01  2.25409E-02  3.15763E+01  2.86977E+00
  1.17000E-01  2.34631E-02  3.15784E+01  2.89469E+00
  1.18000E-01  2.44178E-02  3.15699E+01  2.93310E+00
  1.19000E-01  2.53318E-02  3.15608E+01  2.94280E+00
  1.20000E-01  2.63509E-02  3.15509E+01  2.96959E+00
  1.21000E-01  2.72863E-02  3.15268E+01  2.98898E+00
  1.22000E-01  2.83778E-02  3.15271E+01  3.02421E+00
  1.23000E-01  2.94617E-02  3.15405E+01  3.05359E+00
  1.24000E-01  3.05029E-02  3.15618E+01  3.06047E+00
  1.25000E-01  3.17566E-02  3.15924E+01  3.06783E+00
  1.26000E-01  3.28932E-02  3.16358E+01  3.09149E+00
  1.27000E-01  3.40495E-02  3.16405E+01  3.10624E+00
  1.28000E-01  3.53382E-02  3.16563E+01  3.13525E+00
  1.29000E-01  3.67943E-02  3.16590E+01  3.17080E+00
  1.30000E-01  3.79175E-02  3.16726E+01  3.18346E+00
  1.31000E-01  3.93431E-02  3.16777E+01  3.21686E+00
  1.32000E-01  4.07295E-02  3.16741E+01  3.25729E+00
  1.33000E-01  4.21085E-02  3.16751E+01  3.29665E+00
  1.34000E-01  4.36031E-02  3.16759E+01  3.31761E+00
  1.35000E-01  4.49843E-02  3.16695E+01  3.34238E+00
  1.36000E-01  4.66553E-02  3.16771E+01  3.37971E+00
  1.37000E-01  4.84017E-02  3.16870E+01  3.40380E+00
  1.38000E-01  4.97883E-02  3.17416E+01  3.40381E+00
  1.39000E-01  5.15450E-02  3.17752E+01  3.42235E+00
  1.40000E-01  5.34023E-02  3.17750E+01  3.43887E+00
  1.41000E-01  5.50568E-02  3.17942E+01  3.46504E+00
  1.42000E-01  5.70281E-02  3.17883E+01  3.50115E+00
  1.43000E-01  5.87400E-02  3.17857E+01  3.54514E+00
  1.44000E-01  6.06913E-02  3.17766E+01  3.58034E+00
  1.45000E-01  6.26550E-02  3.17736E+01  3.61326E+00
  1.46000E-01  6.46156E-02  3.18174E+01  3.61951E+00
  1.47000E-01  6.68343E-02  3.18504E+01  3.64802E+00
  1.48000E-01  6.89479E-02  3.19093E+01  3.66516E+00
  1.49000E-01  7.10980E-02  3.19599E+01  3.67233E+00
  1.50000E-01  7.34438E-02  3.19603E+01  3.70086E+00
  1.51000E-01  7.55599E-02  3.19675E+01  3.74150E+00
  1.52000E-01  7.81830E-02  3.19882E+01  3.76357E+00
  1.53000E-01  8.03849E-02  3.20405E+01  3.78603E+00
  1.54000E-01  8.29827E-02  3.20267E+01  3.82414E+00
  1.55000E-01  8.55163E-02  3.20379E+01  3.84756E+00
  1.56000E-01  8.81170E-02  3.20737E+01  3.85729E+00
  1.57000E-01  9.06231E-02  3.20777E+01  3.89329E+00
  1.58000E-01  9.36342E-02  3.20870E+01  3.92802E+00
  1.59000E-01  9.60286E-02  3.21127E+01  3.96360E+00
  1.60000E-01  9.90487E-02  3.21625E+01  3.97365E+00
  1.61000E-01  1.02334E-01  3.22163E+01  3.99598E+00
  1.62000E-01  1.05038E-01  3.22987E+01  4.00732E+00
  1.63000E-01  1.08330E-01  3.23790E+01  4.02668E+00
  1.64000E-01  1.11684E-01  3.23780E+01  4.04508E+00
  1.65000E-01  1.14423E-01  3.23920E+01  4.08052E+00
  1.66000E-01  1.17738E-01  3.23906E+01  4.10915E+00
  1.67000E-01  1.21410E-01  3.23710E+01  4.15679E+00
  1.68000E-01  1.24292E-01  3.23924E+01  4.20310E+00
  1.69000E-01  1.28128E-01  3.24669E+01  4.24330E+00
  1.70000E-01  1.32009E-01  3.25527E+01  4.24348E+00
  1.71000E-01  1.35600E-01  3.26540E+01  4.24419E+00
  1.72000E-01  1.39726E-01  3.27252E+01  4.26394E+00
  1.73000E-01  1.43643E-01  3.27374E+01  4.29382E+00
  1.74000E-01  1.47248E-01  3.27672E+01  4.33427E+00
  1.75000E-01  1.51842E-01  3.28541E+01  4.35365E+00
  1.76000E-01  1.55951E-01  3.28703E+01  4.39268E+00
  1.77000E-01  1.59696E-01  3.29106E+01  4.41400E+00
  1.78000E-01  1.64371E-01  3.29434E+01  4.42911E+00
  1.79000E-01  1.68574E-01  3.29317E+01  4.45787E+00
  1.80000E-01  1.73412E-01  3.29966E+01  4.49264E+00
  1.81000E-01  1.77917E-01  3.31481E+01  4.54063E+00
  1.82000E-01  1.82999E-01  3.32326E+01  4.57241E+00
  1.83000E-01  1.88304E-01  3.33220E+01  4.57887E+00
  1.84000E-01  1.93380E-01  3.34269E+01  4.61133E+00
  1.85000E-01  1.97980E-01  3.34078E+01  4.62356E+00
  1.86000E-01  2.03599E-01  3.34648E+01  4.62721E+00
  1.87000E-01  2.08646E-01  3.35555E+01  4.66770E+00
  1.88000E-01  2.14282E-01  3.36044E+01  4.69303E+00
  1.89000E-01  2.20307E-01  3.36830E+01  4.72999E+00
  1.90000E-01  2.25832E-01  3.38069E+01  4.76487E+00
  1.91000E-01  2.31853E-01  3.39311E+01  4.79901E+00
  1.92000E-01  2.38380E-01  3.40595E+01  4.85125E+00
  1.93000E-01  2.44418E-01  3.40688E+01  4.87601E+00
  1.94000E-01  2.50737E-01  3.41368E+01  4.89770E+00
  1.95000E-01  2.56685E-01  3.41992E+01  4.90080E+00
  1.96000E-01  2.63673E-01  3.42931E+01  4.92460E+00
  1.97000E-01  2.71180E-01  3.44811E+01  4.96967E+00
  1.98000E-01  2.78661E-01  3.46429E+01  5.01194E+00
  1.99000E-01  2.85735E-01  3.48208E+01  5.04685E+00
  2.00000E-01  2.92644E-01  3.48679E+01  5.05937E+00
  2.01000E-01  3.00138E-01  3.49137E+01  5.07581E+00
  2.02000E-01  3.08585E-01  3.50719E+01  5.11668E+00
  2.03000E-01  3.16349E-01  3.52148E+01  5.15235E+00
  2.04000E-01  3.23935E-01  3.53085E+01  5.16824E+00
  2.05000E-01  3.32906E-01  3.54547E+01  5.19827E+00
  2.06000E-01  3.41343E-01  3.56419E+01  5.24074E+00
  2.07000E-01  3.49528E-01  3.57116E+01  5.26336E+00
  2.08000E-01  3.59303E-01  3.58619E+01  5.28649E+00
  2.09000E-01  3.68277E-01  3.60158E+01  5.31404E+00
  2.10000E-01  3.78425E-01  3.62392E+01  5.37701E+00
  2.11000E-01  3.89064E-01  3.65424E+01  5.41976E+00
  2.12000E-01  3.98447E-01  3.66438E+01  5.43059E+00
  2.13000E-01  4.07482E-01  3.66725E+01  5.44125E+00
  2.14000E-01  4.18341E-01  3.68976E+01  5.48497E+00
  2.15000E-01  4.30326E-01  3.71420E+01  5.52904E+00
  2.16000E-01  4.40716E-01  3.73397E+01  5.56348E+00
  2.17000E-01  4.53137E-01  3.75079E+01  5.58549E+00
  2.18000E-01  4.62599E-01  3.76097E+01  5.59904E+00
  2.19000E-01  4.76558E-01  3.78639E+01  5.64207E+00
  2.20000E-01  4.87890E-01  3.81360E+01  5.68643E+00
  2.21000E-01  5.01370E-01  3.83232E+01  5.71323E+00
  2.22000E-01  5.14383E-01  3.86035E+01  5.75308E+00
  2.23000E-01  5.28761E-01  3.89246E+01  5.80288E+00
  2.24000E-01  5.42443E-01  3.90989E+01  5.82324E+00
  2.25000E-01  5.54677E-01  3.92570E+01  5.84092E+00
  2.26000E-01  5.71705E-01  3.96341E+01  5.89899E+00
  2.27000E-01  5.85339E-01  3.99219E+01  5.93477E+00
  2.28000E-01  6.02609E-01  4.01975E+01  5.96948E+00
  2.29000E-01  6.17785E-01  4.05846E+01  6.01783E+00
  2.30000E-01  6.35572E-01  4.08769E+01  6.04977E+00
  2.31000E-01  6.50588E-01  4.10478E+01  6.06568E+00
  2.32000E-01  6.68455E-01  4.14347E+01  6.11274E+00
  2.33000E-01  6.88228E-01  4.18461E+01  6.16167E+00
  2.34000E-01  7.04969E-01  4.21057E+01  6.18355E+00
  2.35000E-01  7.25611E-01  4.24751E+01  6.22377E+00
  2.36000E-01  7.45460E-01  4.30215E+01  6.28349E+00
  2.37000E-01  7.67038E-01  4.33283E+01  6.30966E+00
  2.38000E-01  7.84917E-01  4.36322E+01  6.33238E+00
  2.39000E-01  8.10360E-01  4.42013E+01  6.39276E+00
  2.40000E-01  8.32560E-01  4.46649E+01  6.42995E+00
  2.41000E-01  8.54504E-01  4.49964E+01  6.45398E+00
  2.42000E-01  8.79935E-01  4.54977E+01  6.49990E+00
  2.43000E-01  9.05368E-01  4.61145E+01  6.55775E+00
  2.44000E-01  9.30247E-01  4.64176E+01  6.58486E+00
  2.45000E-01  9.56253E-01  4.69702E+01  6.63928E+00
  2.46000E-01  9.85464E-01  4.75093E+01  6.69267E+00
  2.47000E-01  1.01207E+00  4.80574E+01  6.72423E+00
  2.48000E-01  1.04296E+00  4.86055E+01  6.75389E+00
  2.49000E-01  1.07674E+00  4.94255E+01  6.80711E+00
  2.50000E-01  1.10557E+00  4.99814E+01  6.85756E+00
  2.51000E-01  1.13915E+00  5.04388E+01  6.89264E+00
  2.52000E-01  1.17140E+00  5.10995E+01  6.94766E+00
  2.53000E-01  1.21232E+00  5.20280E+01  6.99795E+00
  2.54000E-01  1.24579E+00  5.27006E+01  7.03234E+00
  2.55000E-01  1.28783E+00  5.34313E+01  7.06686E+00
  2.56000E-01  1.32592E+00  5.42306E+01  7.13422E+00
  2.57000E-01  1.36508E+00  5.48539E+01  7.18548E+00
  2.58000E-01  1.41075E+00  5.57779E+01  7.22570E+00
  2.59000E-01  1.45374E+00  5.67382E+01  7.26995E+00
  2.60000E-01  1.50639E+00  5.77092E+01  7.32680E+00
  2.61000E-01  1.54955E+00  5.85990E+01  7.36898E+00
  2.62000E-01  1.59886E+00  5.92684E+01  7.42490E+00
  2.63000E-01  1.65643E+00  6.06065E+01  7.48417E+00
  2.64000E-01  1.70937E+00  6.16428E+01  7.51756E+00
  2.65000E-01  1.76980E+00  6.26812E+01  7.57361E+00
  2.66000E-01  1.82483E+00  6.38353E+01  7.62733E+00
  2.67000E-01  1.89322E+00  6.51089E+01  7.68740E+00
  2.68000E-01  1.95215E+00  6.62044E+01  7.73513E+00
  2.69000E-01  2.02454E+00  6.75442E+01  7.77504E+00
  2.70000E-01  2.09938E+00  6.90482E+01  7.85352E+00
  2.71000E-01  2.16739E+00  7.02519E+01  7.90236E+00
  2.72000E-01  2.25312E+00  7.18453E+01  7.94175E+00
  2.73000E-01  2.32957E+00  7.33030E+01  8.00788E+00
  2.74000E-01  2.42069E+00  7.49667E+01  8.07668E+00
  2.75000E-01  2.50884E+00  7.66976E+01  8.10737E+00
  2.76000E-01  2.60203E+00  7.83046E+01  8.17696E+00
  2.77000E-01  2.69951E+00  8.01297E+01  8.24578E+00
  2.78000E-01  2.80362E+00  8.20637E+01  8.27797E+00
  2.79000E-01  2.91359E+00  8.38064E+01  8.34542E+00
  2.80000E-01  3.03030E+00  8.61002E+01  8.41428E+00
  2.81000E-01  3.15716E+00  8.87355E+01  8.47227E+00
  2.82000E-01  3.25213E+00  8.98546E+01  8.49912E+00
  2.83000E-01  3.41920E+00  9.26417E+01  8.57340E+00
  2.84000E-01  3.57948E+00  9.59551E+01  8.68992E+00
  2.85000E-01  3.65804E+00  9.73467E+01  8.68017E+00
  2.86000E-01  3.57576E+00  8.84259E+01  8.27694E+00
  2.87000E-01  2.52525E+00  4.41232E+01  5.82207E+00
  2.88000E-01  1.37161E+00  5.74737E+00  1.45607E+00
  2.89000E-01  1.03969E+00  7.18045E-02  5.09102E-02
  2.90000E-01  1.00072E+00  1.07257E-04  5.71393E-05
  2.91000E-01  1.00000E+00  1.00000E-04  3.07996E-09
  2.92000E-01  1.00000E+00  1.00000E-04  7.04432E-11
  2.93000E-01  1.00000E+00  1.00000E-04 -7.09473E-11
  2.94000E-01  1.00000E+00  1.00000E-04 -2.12704E-10
  2.95000E-01  1.00000E+00  1.00000E-04  0.00000E+00
  2.96000E-01  1.00000E+00  1.00000E-04  0.00000E+00
  2.97000E-01  1.00000E+00  1.00000E-04  0.00000E+00
  2.98000E-01  1.00000E+00  1.00000E-04  0.00000E+00
  2.99000E-01  1.00000E+00  1.00000E-04  0.00000E+00
  3.00000E-01  1.00000E+00  1.00000E-04  0.00000E+00
  3.01000E-01  1.00000E+00  1.00000E-04  0.00000E+00
  3.02000E-01  1.00000E+00  1.00000E-04  0.00000E+00
  3.03000E-01  1.00000E+00  1.00000E-04  0.00000E+00
  3.04000E-01  1.00000E+00  1.00000E-04  0.00000E+00
  3.05000E-01  1.00000E+00  1.00000E-04  0.00000E+00
  3.06000E-01  1.00000E+00  1.00000E-04  0.00000E+00
  3.07000E-01  1.00000E+00  1.00000E-04  2.12876E-10
  3.08000E-01  1.00000E+00  1.00000E-04  1.41929E-10
  3.09000E-01  1.00000E+00  1.00000E-04 -2.12974E-10
  3.10000E-01  1.00000E+00  1.00000E-04 -1.41973E-10
  3.11000E-01  1.00000E+00  1.00000E-04  7.09286E-11
  3.12000E-01  1.00000E+00  1.00000E-04 -7.08944E-11
  3.13000E-01  1.00000E+00  1.00000E-04 -7.09912E-11
  3.14000E-01  1.00000E+00  1.00000E-04  3.54773E-11
  3.15000E-01  1.00000E+00  1.00000E-04  3.54755E-11
  3.16000E-01  1.00000E+00  1.00000E-04  7.76997E-17
  3.17000E-01  1.00000E+00  1.00000E-04  7.09303E-11
  3.18000E-01  1.00000E+00  1.00000E-04 -2.12774E-10
  3.19000E-01  1.00000E+00  1.00000E-04 -7.09851E-11
  3.20000E-01  1.00000E+00  1.00000E-04  2.83915E-10
  3.21000E-01  1.00000E+00  1.00000E-04 -7.09096E-11
  3.22000E-01  1.00000E+00  1.00000E-04 -2.83958E-10
  3.23000E-01  1.00000E+00  1.00000E-04  4.06065E-10
  3.24000E-01  1.00000E+00  1.00000E-04 -3.34832E-10
  3.25000E-01  1.00000E+00  1.00000E-04  3.54893E-11
  3.26000E-01  1.00000E+00  1.00000E-04  3.54884E-11
  3.27000E-01  1.00000E+00  1.00000E-04  2.36550E-11
  3.28000E-01  1.00000E+00  1.00000E-04  2.36435E-11
  3.29000E-01  1.00000E+00  1.00000E-04  2.36405E-11
  3.30000E-01  1.00000E+00  1.00000E-04  7.08920E-11
  3.31000E-01  1.00000E+00  1.00000E-04  0.00000E+00
  3.32000E-01  1.00000E+00  1.00000E-04  2.12815E-10
  3.33000E-01  1.00000E+00  1.00000E-04  7.08930E-11
  3.34000E-01  1.00000E+00  1.00000E-04 -2.12719E-10
  3.35000E-01  1.00000E+00  1.00000E-04  2.39237E-16
  3.36000E-01  1.00000E+00  1.00000E-04  1.03418E-16
  3.37000E-01  1.00000E+00  1.00000E-04 -7.09987E-11
  3.38000E-01  1.00000E+00  1.00000E-04  0.00000E+00
  3.39000E-01  1.00000E+00  1.00000E-04 -2.83688E-10
  3.40000E-01  1.00000E+00  1.00000E-04 -7.09851E-11
  3.41000E-01  1.00000E+00  1.00000E-04  2.83666E-10
  3.42000E-01  1.00000E+00  1.00000E-04 -7.09760E-11
  3.43000E-01  1.00000E+00  1.00000E-04  7.09521E-11
  3.44000E-01  1.00000E+00  1.00000E-04  8.89954E-10
  3.45000E-01  9.99999E-01  9.99999E-05 -1.10224E-09
  3.46000E-01  1.00000E+00  1.00000E-04 -6.47639E-10
  3.47000E-01  1.00000E+00  1.00000E-04 -3.09754E-09
  3.48000E-01  1.00000E+00  1.00001E-04  1.97335E-09
  3.49000E-01  1.00000E+00  9.99996E-05  3.38049E-09
  3.50000E-01  1.00000E+00  1.00000E-04 -1.78387E-09
  3.51000E-01  1.00000E+00  1.00000E-04  4.58820E-10
  3.52000E-01  1.00000E+00  1.00000E-04  0.00000E+00
  3.53000E-01  1.00000E+00  1.00000E-04  0.00000E+00
  3.54000E-01  1.00000E+00  1.00000E-04  0.00000E+00
  3.55000E-01  1.00000E+00  1.00000E-04  0.00000E+00
  3.56000E-01  1.00000E+00  1.00000E-04  0.00000E+00
  3.57000E-01  1.00000E+00  1.00000E-04  0.00000E+00
  3.58000E-01  1.00000E+00  1.00000E-04  0.00000E+00
  3.59000E-01  1.00000E+00  1.00000E-04  0.00000E+00
  3.60000E-01  1.00000E+00  1.00000E-04  0.00000E+00
  3.61000E-01  1.00000E+00  1.00000E-04 -7.76996E-17
  3.62000E-01  1.00000E+00  1.00000E-04  0.00000E+00
  3.63000E-01  1.00000E+00  1.00000E-04  7.76996E-17
  3.64000E-01  1.00000E+00  1.00000E-04  0.00000E+00
  3.65000E-01  1.00000E+00  1.00000E-04  0.00000E+00
  3.66000E-01  1.00000E+00  1.00000E-04  0.00000E+00
  3.67000E-01  1.00000E+00  1.00000E-04  0.00000E+00
  3.68000E-01  1.00000E+00  1.00000E-04  0.00000E+00
  3.69000E-01  1.00000E+00  1.00000E-04  0.00000E+00
  3.70000E-01  1.00000E+00  1.00000E-04  0.00000E+00
  3.71000E-01  1.00000E+00  1.00000E-04  0.00000E+00
  3.72000E-01  1.00000E+00  1.00000E-04 -1.41887E-10
  3.73000E-01  1.00000E+00  1.00000E-04 -1.41908E-10
  3.74000E-01  1.00000E+00  1.00000E-04  2.12921E-10
  3.75000E-01  1.00000E+00  1.00000E-04 -7.80370E-10
  3.76000E-01  1.00000E+00  1.00000E-04  7.79312E-17
  3.77000E-01  1.00000E+00  1.00000E-04  8.27695E-10
  3.78000E-01  1.00000E+00  1.00000E-04  2.39904E-11
  3.79000E-01  1.00000E+00  1.00000E-04  0.00000E+00
  3.80000E-01  1.00000E+00  1.00000E-04  0.00000E+00
  3.81000E-01  1.00000E+00  1.00000E-04  2.12863E-10
  3.82000E-01  1.00000E+00  1.00000E-04  7.09445E-11
  3.83000E-01  1.00000E+00  1.00000E-04 -2.12727E-10
  3.84000E-01  1.00000E+00  1.00000E-04  1.41886E-10
  3.85000E-01  1.00000E+00  1.00000E-04 -1.59962E-16
  3.86000E-01  1.00000E+00  1.00000E-04 -2.12839E-10
  3.87000E-01  1.00000E+00  1.00000E-04  0.00000E+00
  3.88000E-01  1.00000E+00  1.00000E-04  0.00000E+00
  3.89000E-01  1.00000E+00  1.00000E-04  0.00000E+00
  3.90000E-01  1.00000E+00  1.00000E-04  0.00000E+00
  3.91000E-01  1.00000E+00  1.00000E-04  0.00000E+00
  3.92000E-01  1.00000E+00  1.00000E-04  0.00000E+00
  3.93000E-01  1.00000E+00  1.00000E-04  0.00000E+00
  3.94000E-01  1.00000E+00  1.00000E-04  0.00000E+00
  3.95000E-01  1.00000E+00  1.00000E-04  0.00000E+00
  3.96000E-01  1.00000E+00  1.00000E-04  0.00000E+00
  3.97000E-01  1.00000E+00  1.00000E-04  2.12829E-10
  3.98000E-01  1.00000E+00  1.00000E-04 -2.12935E-10
  3.99000E-01  1.00000E+00  1.00000E-04 -7.09345E-11
  4.00000E-01  1.00000E+00  1.00000E-04  7.09243E-11
  4.01000E-01  1.00000E+00  1.00000E-04  0.00000E+00
  4.02000E-01  1.00000E+00  1.00000E-04  0.00000E+00
  4.03000E-01  1.00000E+00  1.00000E-04 -5.22440E-11
  4.04000E-01  1.00000E+00  1.00000E-04 -1.97900E-08
  4.05000E-01  1.00000E+00  1.00000E-04 -9.12122E-07
  4.06000E-01  1.00000E+00  1.00340E-04 -8.17798E-11
  4.07000E-01  1.00000E+00  1.00000E-04  9.12038E-07
  4.08000E-01  1.00000E+00  1.00000E-04  1.99892E-08
  4.09000E-01  1.00000E+00  1.00000E-04  5.32504E-11
  4.10000E-01  1.00000E+00  1.00000E-04  0.00000E+00
  4.11000E-01  1.00000E+00  1.00000E-04  0.00000E+00
  4.12000E-01  1.00000E+00  1.00000E-04  0.00000E+00
  4.13000E-01  1.00000E+00  1.00000E-04  0.00000E+00
  4.14000E-01  1.00000E+00  1.00000E-04 -5.32222E-11
  4.15000E-01  1.00000E+00  1.00000E-04 -1.99840E-08
  4.16000E-01  1.00000E+00  1.00000E-04 -9.12243E-07
  4.17000E-01  1.00000E+00  1.00340E-04 -5.06506E-13
  4.18000E-01  1.00000E+00  1.00000E-04  9.12247E-07
  4.19000E-01  1.00000E+00  1.00000E-04  2.00207E-08
  4.20000E-01  1.00000E+00  1.00000E-04  1.00003E-10
  4.21000E-01  1.00000E+00  1.00000E-04  0.00000E+00
  4.22000E-01  1.00000E+00  1.00000E-04  0.00000E+00
  4.23000E-01  1.00000E+00  1.00000E-04  2.83760E-10
  4.24000E-01  1.00000E+00  9.99999E-05  0.00000E+00
  4.25000E-01  1.00000E+00  1.00000E-04 -2.12911E-10
  4.26000E-01  1.00000E+00  1.00000E-04  4.66579E-12
  4.27000E-01  1.00000E+00  1.00000E-04  1.55678E-09
  4.28000E-01  9.99996E-01  9.99996E-05  7.09480E-11
  4.29000E-01  1.00000E+00  1.00000E-04 -1.65437E-09
  4.30000E-01  1.00000E+00  1.00000E-04 -4.74452E-11
  4.31000E-01  1.00000E+00  1.00000E-04  0.00000E+00
  4.32000E-01  1.00000E+00  1.00000E-04  1.41913E-10
  4.33000E-01  1.00000E+00  1.00000E-04  0.00000E+00
  4.34000E-01  1.00000E+00  1.00000E-04 -1.41863E-10
  4.35000E-01  1.00000E+00  1.00000E-04  0.00000E+00
  4.36000E-01  1.00000E+00  1.00000E-04 -7.76996E-17
  4.37000E-01  1.00000E+00  1.00000E-04 -2.12974E-10
  4.38000E-01  1.00000E+00  1.00000E-04  7.09886E-11
  4.39000E-01  1.00000E+00  1.00000E-04  1.41895E-10
  4.40000E-01  1.00000E+00  1.00000E-04  0.00000E+00
  4.41000E-01  1.00000E+00  1.00000E-04  7.09836E-11
  4.42000E-01  1.00000E+00  1.00000E-04  0.00000E+00
  4.43000E-01  1.00000E+00  1.00000E-04 -7.09591E-11
  4.44000E-01  1.00000E+00  1.00000E-04  7.09755E-11
  4.45000E-01  1.00000E+00  1.00000E-04  0.00000E+00
  4.46000E-01  1.00000E+00  1.00000E-04 -7.09065E-11
  4.47000E-01  1.00000E+00  1.00000E-04  0.00000E+00
  4.48000E-01  1.00000E+00  1.00000E-04  0.00000E+00
  4.49000E-01  1.00000E+00  1.00000E-04  0.00000E+00
  4.50000E-01  1.00000E+00  1.00000E-04  7.09499E-11
  4.51000E-01  1.00000E+00  1.00000E-04 -2.83908E-10
  4.52000E-01  1.00000E+00  1.00000E-04 -7.10474E-11
  4.53000E-01  1.00000E+00  1.00000E-04  2.83614E-10
  4.54000E-01  1.00000E+00  1.00000E-04  7.09265E-11
  4.55000E-01  1.00000E+00  1.00000E-04  0.00000E+00
  4.56000E-01  1.00000E+00  1.00000E-04 -3.54830E-11
  4.57000E-01  1.00000E+00  1.00000E-04 -3.54816E-11
  4.58000E-01  1.00000E+00  1.00000E-04  7.76996E-17
  4.59000E-01  1.00000E+00  1.00000E-04  0.00000E+00
  4.60000E-01  1.00000E+00  1.00000E-04  7.09114E-11
  4.61000E-01  1.00000E+00  1.00000E-04 -1.41813E-10
  4.62000E-01  1.00000E+00  1.00000E-04 -7.09880E-11
  4.63000E-01  1.00000E+00  1.00000E-04  1.41946E-10
  4.64000E-01  1.00000E+00  1.00000E-04  7.09446E-11
  4.65000E-01  1.00000E+00  1.00000E-04  0.00000E+00
  4.66000E-01  1.00000E+00  1.00000E-04 -7.09288E-11
  4.67000E-01  1.00000E+00  1.00000E-04  7.09753E-11
  4.68000E-01  1.00000E+00  1.00000E-04  7.08947E-11
  4.69000E-01  1.00000E+00  1.00000E-04 -3.54841E-10
  4.70000E-01  1.00000E+00  1.00000E-04  1.41945E-10
  4.71000E-01  1.00000E+00  1.00000E-04  7.09552E-11
  4.72000E-01  1.00000E+00  1.00000E-04 -2.83745E-10
  4.73000E-01  1.00000E+00  1.00000E-04  7.10002E-11
  4.74000E-01  1.00000E+00  1.00000E-04  2.12725E-10
  4.75000E-01  1.00000E+00  1.00000E-04 -6.59449E-16
  4.76000E-01  1.00000E+00  1.00000E-04  8.54695E-17
  4.77000E-01  1.00000E+00  1.00000E-04 -1.41819E-10
  4.78000E-01  1.00000E+00  1.00000E-04  7.09974E-11
  4.79000E-01  1.00000E+00  1.00000E-04  1.41828E-10
  4.80000E-01  1.00000E+00  1.00000E-04  1.41832E-10
  4.81000E-01  1.00000E+00  1.00000E-04  7.09770E-11
  4.82000E-01  1.00000E+00  1.00000E-04 -2.12770E-10
  4.83000E-01  1.00000E+00  1.00000E-04 -4.96641E-10
  4.84000E-01  1.00000E+00  1.00000E-04 -2.42947E-10
  4.85000E-01  1.00000E+00  1.00000E-04  1.33177E-09
  4.86000E-01  1.00000E+00  9.99999E-05 -1.66253E-10
  4.87000E-01  1.00000E+00  1.00000E-04 -9.67478E-16
  4.88000E-01  9.99999E-01  9.99999E-05 -6.70616E-11
  4.89000E-01  1.00000E+00  1.00000E-04 -3.19026E-09
  4.90000E-01  1.00000E+00  1.00000E-04  1.12710E-09
  4.91000E-01  1.00000E+00  1.00000E-04  1.63115E-09
  4.92000E-01  1.00000E+00  1.00000E-04  4.96563E-10
  4.93000E-01  9.99999E-01  9.99999E-05 -7.10019E-11
  4.94000E-01  1.00000E+00  1.00000E-04 -4.25785E-10
  4.95000E-01  1.00000E+00  1.00000E-04  0.00000E+00
  4.96000E-01  1.00000E+00  1.00000E-04  0.00000E+00
  4.97000E-01  1.00000E+00  1.00000E-04  0.00000E+00
  4.98000E-01  1.00000E+00  1.00000E-04  0.00000E+00
  4.99000E-01  1.00000E+00  1.00000E-04  0.00000E+00
  5.00000E-01  1.00000E+00  1.00000E-04  0.00000E+00
  5.01000E-01  1.00000E+00  1.00000E-04  0.00000E+00
  5.02000E-01  1.00000E+00  1.00000E-04  0.00000E+00
  5.03000E-01  1.00000E+00  1.00000E-04  0.00000E+00
  5.04000E-01  1.00000E+00  1.00000E-04  2.39764E-11
  5.05000E-01  1.00000E+00  1.00000E-04  8.27342E-10
  5.06000E-01  9.99998E-01  9.99998E-05  0.00000E+00
  5.07000E-01  1.00000E+00  1.00000E-04 -8.27699E-10
  5.08000E-01  1.00000E+00  1.00000E-04 -2.39901E-11
  5.09000E-01  1.00000E+00  1.00000E-04  0.00000E+00
  5.10000E-01  1.00000E+00  1.00000E-04 -7.76996E-17
  5.11000E-01  1.00000E+00  1.00000E-04  0.00000E+00
  5.12000E-01  1.00000E+00  1.00000E-04  7.76995E-17
  5.13000E-01  1.00000E+00  1.00000E-04  0.00000E+00
  5.14000E-01  1.00000E+00  1.00000E-04  0.00000E+00
  5.15000E-01  1.00000E+00  1.00000E-04  5.21256E-13
  5.16000E-01  1.00000E+00  1.00000E-04  5.67247E-10
  5.17000E-01  9.99999E-01  9.99999E-05  0.00000E+00
  5.18000E-01  1.00000E+00  1.00000E-04 -5.67310E-10
  5.19000E-01  1.00000E+00  1.00000E-04 -5.29225E-13
  5.20000E-01  1.00000E+00  1.00000E-04 -5.39112E-15
  5.21000E-01  1.00000E+00  1.00000E-04  2.65674E-15
  5.22000E-01  1.00000E+00  1.00000E-04  2.73438E-15
  5.23000E-01  1.00000E+00  1.00000E-04  0.00000E+00
  5.24000E-01  1.00000E+00  1.00000E-04  0.00000E+00
  5.25000E-01  1.00000E+00  1.00000E-04  0.00000E+00
  5.26000E-01  1.00000E+00  1.00000E-04  0.00000E+00
  5.27000E-01  1.00000E+00  1.00000E-04  0.00000E+00
  5.28000E-01  1.00000E+00  1.00000E-04  0.00000E+00
  5.29000E-01  1.00000E+00  1.00000E-04  2.83790E-10
  5.30000E-01  9.99999E-01  9.99999E-05  0.00000E+00
  5.31000E-01  1.00000E+00  1.00000E-04 -2.83775E-10
  5.32000E-01  1.00000E+00  1.00000E-04  0.00000E+00
  5.33000E-01  1.00000E+00  1.00000E-04 -7.09460E-11
  5.34000E-01  1.00000E+00  1.00000E-04 -7.09187E-11
  5.35000E-01  1.00000E+00  1.00000E-04  0.00000E+00
  5.36000E-01  1.00000E+00  1.00000E-04  7.09292E-11
  5.37000E-01  1.00000E+00  1.00000E-04  7.09440E-11
  5.38000E-01  1.00000E+00  1.00000E-04  0.00000E+00
  5.39000E-01  1.00000E+00  1.00000E-04  0.00000E+00
  5.40000E-01  1.00000E+00  1.00000E-04  0.00000E+00
  5.41000E-01  1.00000E+00  1.00000E-04 -7.09511E-11
  5.42000E-01  1.00000E+00  1.00000E-04  0.00000E+00
  5.43000E-01  1.00000E+00  1.00000E-04  7.09445E-11
  5.44000E-01  1.00000E+00  1.00000E-04  7.09426E-11
  5.45000E-01  1.00000E+00  1.00000E-04  0.00000E+00
  5.46000E-01  1.00000E+00  1.00000E-04 -7.09312E-11
  5.47000E-01  1.00000E+00  1.00000E-04  0.00000E+00
  5.48000E-01  1.00000E+00  1.00000E-04  0.00000E+00
  5.49000E-01  1.00000E+00  1.00000E-04  0.00000E+00
  5.50000E-01  1.00000E+00  1.00000E-04 -1.04927E-15
  5.51000E-01  1.00000E+00  1.00000E-04 -8.61812E-16
  5.52000E-01  1.00000E+00  1.00000E-04  1.91108E-15
  5.53000E-01  1.00000E+00  1.00000E-04  7.09437E-11
  5.54000E-01  1.00000E+00  1.00000E-04  0.00000E+00
  5.55000E-01  1.00000E+00  1.00000E-04 -7.09090E-11
  5.56000E-01  1.00000E+00  1.00000E-04  2.12921E-10
  5.57000E-01  1.00000E+00  1.00000E-04 -9.40165E-17
  5.58000E-01  1.00000E+00  1.00000E-04  0.00000E+00
  5.59000E-01  1.00000E+00  1.00000E-04  0.00000E+00
  5.60000E-01  1.00000E+00  1.00000E-04  0.00000E+00
  5.61000E-01  1.00000E+00  1.00000E-04  9.40165E-17
  5.62000E-01  1.00000E+00  1.00000E-04 -1.06423E-10
  5.63000E-01  1.00000E+00  1.00000E-04 -1.06427E-10
  5.64000E-01  1.00000E+00  1.00000E-04 -3.23075E-11
  5.65000E-01  1.00000E+00  1.00000E-04  3.22925E-11
  5.66000E-01  1.00000E+00  1.00000E-04  1.41901E-10
  5.67000E-01  1.00000E+00  1.00000E-04  0.00000E+00
  5.68000E-01  1.00000E+00  1.00000E-04 -1.41890E-10
  5.69000E-01  1.00000E+00  1.00000E-04  0.00000E+00
  5.70000E-01  1.00000E+00  1.00000E-04  1.41971E-10
  5.71000E-01  1.00000E+00  1.00000E-04 -9.40165E-17
  5.72000E-01  1.00000E+00  1.00000E-04  0.00000E+00
  5.73000E-01  1.00000E+00  1.00000E-04  9.40165E-17
  5.74000E-01  1.00000E+00  1.00000E-04 -1.41807E-10
  5.75000E-01  1.00000E+00  1.00000E-04  0.00000E+00
  5.76000E-01  1.00000E+00  1.00000E-04  0.00000E+00
  5.77000E-01  1.00000E+00  1.00000E-04  0.00000E+00
  5.78000E-01  1.00000E+00  1.00000E-04  0.00000E+00
  5.79000E-01  1.00000E+00  1.00000E-04  0.00000E+00
  5.80000E-01  1.00000E+00  1.00000E-04  0.00000E+00
  5.81000E-01  1.00000E+00  1.00000E-04  7.09182E-11
  5.82000E-01  1.00000E+00  1.00000E-04  0.00000E+00
  5.83000E-01  1.00000E+00  1.00000E-04 -2.12727E-10
  5.84000E-01  1.00000E+00  1.00000E-04  4.73261E-11
  5.85000E-01  1.00000E+00  1.00000E-04  4.73248E-11
  5.86000E-01  1.00000E+00  1.00000E-04  4.73255E-11
  5.87000E-01  1.00000E+00  1.00000E-04  0.00000E+00
  5.88000E-01  1.00000E+00  1.00000E-04  0.00000E+00
  5.89000E-01  1.00000E+00  1.00000E-04  0.00000E+00
  5.90000E-01  1.00000E+00  1.00000E-04  0.00000E+00
  5.91000E-01  1.00000E+00  1.00000E-04  0.00000E+00
  5.92000E-01  1.00000E+00  1.00000E-04  0.00000E+00
  5.93000E-01  1.00000E+00  1.00000E-04  2.12933E-10
  5.94000E-01  1.00000E+00  1.00000E-04 -1.03418E-16
  5.95000E-01  1.00000E+00  1.00000E-04 -9.40164E-17
  5.96000E-01  1.00000E+00  1.00000E-04  0.00000E+00
  5.97000E-01  1.00000E+00  1.00000E-04  3.58972E-16
  5.98000E-01  1.00000E+00  1.00000E-04  1.03418E-16
  5.99000E-01  1.00000E+00  1.00000E-04 -2.12725E-10
  6.00000E-01  1.00000E+00  1.00000E-04 -5.40675E-11
  6.01000E-01  1.00000E+00  1.00000E-04 -1.99994E-08
  6.02000E-01  1.00000E+00  1.00000E-04 -9.13040E-07
  6.03000E-01  1.00000E+00  1.00340E-04  2.80021E-10
  6.04000E-01  1.00000E+00  1.00000E-04  9.12532E-07
  6.05000E-01  1.00000E+00  1.00000E-04  2.00706E-08
  6.06000E-01  1.00000E+00  1.00000E-04  7.24908E-10
  6.07000E-01  9.99999E-01  9.99999E-05 -5.77702E-11
  6.08000E-01  1.00000E+00  1.00000E-04 -2.83830E-10
  6.09000E-01  9.99999E-01  9.99999E-05  7.09210E-11
  6.10000E-01  1.00000E+00  1.00000E-04 -3.54482E-10
  6.11000E-01  1.00000E+00  1.00000E-04 -7.09644E-11
  6.12000E-01  1.00000E+00  1.00000E-04  2.12916E-10
  6.13000E-01  1.00000E+00  1.00000E-04  0.00000E+00
  6.14000E-01  1.00000E+00  1.00000E-04 -2.12937E-10
  6.15000E-01  1.00000E+00  1.00000E-04  0.00000E+00
  6.16000E-01  1.00000E+00  1.00000E-04  0.00000E+00
  6.17000E-01  1.00000E+00  1.00000E-04  0.00000E+00
  6.18000E-01  1.00000E+00  1.00000E-04  0.00000E+00
  6.19000E-01  1.00000E+00  1.00000E-04  0.00000E+00
  6.20000E-01  1.00000E+00  1.00000E-04  0.00000E+00
  6.21000E-01  1.00000E+00  1.00000E-04  2.12733E-10
  6.22000E-01  1.00000E+00  1.00000E-04 -1.41812E-10
  6.23000E-01  1.00000E+00  1.00000E-04 -2.12913E-10
  6.24000E-01  1.00000E+00  1.00000E-04  7.09783E-11
  6.25000E-01  1.00000E+00  1.00000E-04  7.09682E-11
  6.26000E-01  1.00000E+00  1.00000E-04  0.00000E+00
  6.27000E-01  1.00000E+00  1.00000E-04 -7.09666E-11
  6.28000E-01  1.00000E+00  1.00000E-04  1.41836E-10
  6.29000E-01  1.00000E+00  1.00000E-04  0.00000E+00
  6.30000E-01  1.00000E+00  1.00000E-04 -1.13760E-16
  6.31000E-01  1.00000E+00  1.00000E-04  1.03418E-17
  6.32000E-01  1.00000E+00  1.00000E-04 -6.82979E-17
  6.33000E-01  1.00000E+00  1.00000E-04  8.62465E-17
  6.34000E-01  1.00000E+00  1.00000E-04  8.54695E-17
  6.35000E-01  1.00000E+00  1.00000E-04  0.00000E+00
  6.36000E-01  1.00000E+00  1.00000E-04 -7.08996E-11
  6.37000E-01  1.00000E+00  1.00000E-04 -7.09900E-11
  6.38000E-01  1.00000E+00  1.00000E-04  7.09654E-11
  6.39000E-01  1.00000E+00  1.00000E-04  7.09274E-11
  6.40000E-01  1.00000E+00  1.00000E-04  1.41910E-10
  6.41000E-01  1.00000E+00  1.00000E-04 -1.63169E-16
  6.42000E-01  1.00000E+00  1.00000E-04 -2.12779E-10
  6.43000E-01  1.00000E+00  1.00000E-04 -7.76996E-17
  6.44000E-01  1.00000E+00  1.00000E-04 -7.76995E-18
  6.45000E-01  1.00000E+00  1.00000E-04  8.54695E-17
  6.46000E-01  1.00000E+00  1.00000E-04  7.09678E-11
  6.47000E-01  1.00000E+00  1.00000E-04 -7.76996E-17
  6.48000E-01  1.00000E+00  1.00000E-04  7.09704E-11
  6.49000E-01  1.00000E+00  1.00000E-04  4.10845E-10
  6.50000E-01  9.99999E-01  9.99999E-05 -2.69198E-10
  6.51000E-01  1.00000E+00  1.00000E-04 -2.83988E-10
  6.52000E-01  1.00000E+00  1.00000E-04 -7.09657E-11
  6.53000E-01  1.00000E+00  1.00000E-04  7.09986E-11
  6.54000E-01  1.00000E+00  1.00000E-04 -1.01786E-16
  6.55000E-01  1.00000E+00  1.00000E-04 -4.25839E-10
  6.56000E-01  1.00000E+00  1.00000E-04 -9.40165E-17
  6.57000E-01  1.00000E+00  1.00000E-04  7.09927E-11
  6.58000E-01  1.00000E+00  1.00000E-04  4.25340E-10
  6.59000E-01  1.00000E+00  1.00000E-04 -1.41421E-10
  6.60000E-01  1.00000E+00  1.00000E-04 -7.09255E-11
  6.61000E-01  1.00000E+00  1.00000E-04  4.25513E-10
  6.62000E-01  1.00000E+00  1.00000E-04 -2.83866E-10
  6.63000E-01  1.00000E+00  1.00000E-04  8.54695E-17
  6.64000E-01  1.00000E+00  1.00000E-04  7.76996E-17
  6.65000E-01  1.00000E+00  1.00000E-04 -2.45102E-11
  6.66000E-01  1.00000E+00  1.00000E-04  1.51108E-09
  6.67000E-01  9.99998E-01  9.99998E-05 -4.23424E-10
  6.68000E-01  1.00000E+00  1.00000E-04 -8.91247E-10
  6.69000E-01  1.00000E+00  1.00000E-04  1.29341E-11
  6.70000E-01  1.00000E+00  1.00000E-04 -8.24596E-10
  6.71000E-01  1.00000E+00  1.00000E-04  0.00000E+00
  6.72000E-01  1.00000E+00  1.00000E-04  7.80872E-10
  6.73000E-01  1.00000E+00  1.00000E-04  2.12725E-10
  6.74000E-01  1.00000E+00  1.00000E-04 -1.41907E-10
  6.75000E-01  1.00000E+00  1.00000E-04 -9.45538E-11
  6.76000E-01  1.00000E+00  1.00000E-04 -9.45550E-11
  6.77000E-01  1.00000E+00  1.00000E-04 -9.45530E-11
  6.78000E-01  1.00000E+00  1.00000E-04  2.12345E-10
  6.79000E-01  1.00000E+00  1.00000E-04 -3.54412E-10
  6.80000E-01  1.00000E+00  1.00000E-04  1.41973E-10
  6.81000E-01  1.00000E+00  9.99999E-05  7.38693E-10
  6.82000E-01  9.99999E-01  9.99999E-05 -5.26022E-10
  6.83000E-01  1.00000E+00  1.00000E-04  3.54559E-11
  6.84000E-01  1.00000E+00  1.00000E-04  3.54556E-11
  6.85000E-01  1.00000E+00  1.00000E-04 -1.41851E-10
  6.86000E-01  1.00000E+00  1.00000E-04  3.54909E-10
  6.87000E-01  9.99999E-01  9.99999E-05 -7.09174E-11
  6.88000E-01  1.00000E+00  1.00000E-04 -3.54124E-10
  6.89000E-01  1.00000E+00  1.00000E-04  2.12212E-10
  6.90000E-01  1.00000E+00  1.00000E-04  8.32369E-12
  6.91000E-01  1.00000E+00  1.00000E-04  1.26651E-09
  6.92000E-01  9.99999E-01  9.99997E-05 -5.64823E-10
  6.93000E-01  1.00000E+00  1.00000E-04 -9.69742E-10
  6.94000E-01  1.00000E+00  9.99999E-05 -1.75734E-10
  6.95000E-01  1.00000E+00  1.00000E-04 -7.79530E-10
  6.96000E-01  1.00000E+00  1.00000E-04  4.37865E-09
  6.97000E-01  9.99995E-01  9.99994E-05 -4.69979E-10
  6.98000E-01  1.00000E+00  1.00000E-04 -2.82244E-09
  6.99000E-01  1.00000E+00  1.00000E-04 -8.41953E-11
  7.00000E-01  1.00000E+00  1.00000E-04  0.00000E+00
  7.01000E-01  1.00000E+00  1.00000E-04  0.00000E+00
  7.02000E-01  1.00000E+00  1.00000E-04  0.00000E+00
  7.03000E-01  1.00000E+00  1.00000E-04  0.00000E+00
  7.04000E-01  1.00000E+00  1.00000E-04  0.00000E+00
  7.05000E-01  1.00000E+00  1.00000E-04  4.96761E-10
  7.06000E-01  1.00000E+00  9.99999E-05  2.75519E-10
  7.07000E-01  1.00000E+00  1.00000E-04 -1.32914E-09
  7.08000E-01  1.00000E+00  1.00000E-04  2.02331E-10
  7.09000E-01  1.00000E+00  1.00000E-04  3.54669E-10
  7.10000E-01  1.00000E+00  1.00000E-04  0.00000E+00
  7.11000E-01  1.00000E+00  1.00000E-04  0.00000E+00
  7.12000E-01  1.00000E+00  1.00000E-04  0.00000E+00
  7.13000E-01  1.00000E+00  1.00000E-04  0.00000E+00
  7.14000E-01  1.00000E+00  1.00000E-04  0.00000E+00
  7.15000E-01  1.00000E+00  1.00000E-04  0.00000E+00
  7.16000E-01  1.00000E+00  1.00000E-04  0.00000E+00
  7.17000E-01  1.00000E+00  1.00000E-04 -7.09318E-11
  7.18000E-01  1.00000E+00  1.00000E-04  0.00000E+00
  7.19000E-01  1.00000E+00  1.00000E-04  1.93335E-12
  7.20000E-01  1.00000E+00  1.00000E-04 -2.52146E-08
  7.21000E-01  1.00000E+00  1.00000E-04 -1.15086E-06
  7.22000E-01  1.00000E+00  1.00428E-04 -1.00880E-12
  7.23000E-01  1.00000E+00  1.00000E-04  1.15075E-06
  7.24000E-01  1.00000E+00  1.00000E-04  2.50481E-08
  7.25000E-01  1.00000E+00  1.00000E-04  1.13765E-10
  7.26000E-01  1.00000E+00  1.00000E-04  1.41829E-10
  7.27000E-01  1.00000E+00  1.00000E-04  0.00000E+00
  7.28000E-01  1.00000E+00  1.00000E-04  0.00000E+00
  7.29000E-01  1.00000E+00  1.00000E-04  0.00000E+00
  7.30000E-01  1.00000E+00  1.00000E-04  0.00000E+00
  7.31000E-01  1.00000E+00  1.00000E-04  0.00000E+00
  7.32000E-01  1.00000E+00  1.00000E-04  0.00000E+00
  7.33000E-01  1.00000E+00  1.00000E-04  0.00000E+00
  7.34000E-01  1.00000E+00  1.00000E-04  0.00000E+00
  7.35000E-01  1.00000E+00  1.00000E-04  0.00000E+00
  7.36000E-01  1.00000E+00  1.00000E-04  0.00000E+00
  7.37000E-01  1.00000E+00  1.00000E-04  0.00000E+00
  7.38000E-01  1.00000E+00  1.00000E-04  0.00000E+00
  7.39000E-01  1.00000E+00  1.00000E-04  0.00000E+00
  7.40000E-01  1.00000E+00  1.00000E-04  0.00000E+00
  7.41000E-01  1.00000E+00  1.00000E-04  0.00000E+00
  7.42000E-01  1.00000E+00  1.00000E-04 -1.41908E-10
  7.43000E-01  1.00000E+00  1.00000E-04 -7.09699E-11
  7.44000E-01  1.00000E+00  1.00000E-04  2.12885E-10
  7.45000E-01  1.00000E+00  1.00000E-04  7.76995E-17
  7.46000E-01  1.00000E+00  1.00000E-04  0.00000E+00
  7.47000E-01  1.00000E+00  1.00000E-04  0.00000E+00
  7.48000E-01  1.00000E+00  1.00000E-04  0.00000E+00
  7.49000E-01  1.00000E+00  1.00000E-04 -7.09633E-11
  7.50000E-01  1.00000E+00  1.00000E-04 -7.09587E-11
  7.51000E-01  1.00000E+00  1.00000E-04  1.41914E-10
  7.52000E-01  1.00000E+00  1.00000E-04  7.09085E-11
  7.53000E-01  1.00000E+00  1.00000E-04 -7.09090E-11
  7.54000E-01  1.00000E+00  1.00000E-04  0.00000E+00
  7.55000E-01  1.00000E+00  1.00000E-04  7.09637E-11
  7.56000E-01  1.00000E+00  1.00000E-04  0.00000E+00
  7.57000E-01  1.00000E+00  1.00000E-04 -7.09434E-11
  7.58000E-01  1.00000E+00  1.00000E-04  0.00000E+00
  7.59000E-01  1.00000E+00  1.00000E-04  0.00000E+00
  7.60000E-01  1.00000E+00  1.00000E-04  0.00000E+00
  7.61000E-01  1.00000E+00  1.00000E-04  0.00000E+00
  7.62000E-01  1.00000E+00  1.00000E-04  0.00000E+00
  7.63000E-01  1.00000E+00  1.00000E-04  0.00000E+00
  7.64000E-01  1.00000E+00  1.00000E-04  0.00000E+00
  7.65000E-01  1.00000E+00  1.00000E-04  0.00000E+00
  7.66000E-01  1.00000E+00  1.00000E-04  7.09398E-11
  7.67000E-01  1.00000E+00  1.00000E-04  0.00000E+00
  7.68000E-01  1.00000E+00  1.00000E-04 -7.09641E-11
  7.69000E-01  1.00000E+00  1.00000E-04 -4.25731E-10
  7.70000E-01  1.00000E+00  1.00000E-04 -6.10716E-11
  7.71000E-01  1.00000E+00  1.00000E-04 -2.29485E-08
  7.72000E-01  1.00000E+00  1.00000E-04 -1.06564E-06
  7.73000E-01  1.00000E+00  1.00397E-04 -2.15237E-10
  7.74000E-01  1.00000E+00  1.00000E-04  1.03969E-06
  7.75000E-01  1.00000E+00  1.00000E-04 -1.13397E-06
  7.76000E-01  1.00000E+00  1.00432E-04  2.03692E-10
  7.77000E-01  1.00000E+00  1.00000E-04  1.15851E-06
  7.78000E-01  1.00000E+00  1.00000E-04  2.55810E-08
  7.79000E-01  1.00000E+00  1.00000E-04  6.04589E-11
  7.80000E-01  1.00000E+00  1.00000E-04 -2.12840E-10
  7.81000E-01  1.00000E+00  1.00000E-04  7.09415E-11
  7.82000E-01  1.00000E+00  1.00000E-04  0.00000E+00
  7.83000E-01  1.00000E+00  1.00000E-04 -7.09278E-11
  7.84000E-01  1.00000E+00  1.00000E-04  2.12940E-10
  7.85000E-01  1.00000E+00  1.00000E-04  0.00000E+00
  7.86000E-01  1.00000E+00  1.00000E-04 -2.12894E-10
  7.87000E-01  1.00000E+00  1.00000E-04  0.00000E+00
  7.88000E-01  1.00000E+00  1.00000E-04  0.00000E+00
  7.89000E-01  1.00000E+00  1.00000E-04  0.00000E+00
  7.90000E-01  1.00000E+00  1.00000E-04  0.00000E+00
  7.91000E-01  1.00000E+00  1.00000E-04  0.00000E+00
  7.92000E-01  1.00000E+00  1.00000E-04 -7.09176E-11
  7.93000E-01  1.00000E+00  1.00000E-04  0.00000E+00
  7.94000E-01  1.00000E+00  1.00000E-04  7.09167E-11
  7.95000E-01  1.00000E+00  1.00000E-04 -7.09672E-11
  7.96000E-01  1.00000E+00  1.00000E-04  0.00000E+00
  7.97000E-01  1.00000E+00  1.00000E-04  7.09425E-11
  7.98000E-01  1.00000E+00  1.00000E-04  2.83760E-10
  7.99000E-01  9.99999E-01  9.99999E-05  0.00000E+00
  8.00000E-01  1.00000E+00  1.00000E-04 -2.83263E-10
  8.01000E-01  1.00000E+00  1.00000E-04  2.83415E-10
  8.02000E-01  9.99999E-01  9.99999E-05  0.00000E+00
  8.03000E-01  1.00000E+00  1.00000E-04 -2.83671E-10
  8.04000E-01  1.00000E+00  1.00000E-04 -5.40411E-11
  8.05000E-01  1.00000E+00  1.00000E-04 -1.99904E-08
  8.06000E-01  1.00000E+00  1.00000E-04 -9.12232E-07
  8.07000E-01  1.00000E+00  1.00340E-04 -1.71945E-10
  8.08000E-01  1.00000E+00  1.00000E-04  8.91544E-07
  8.09000E-01  1.00000E+00  1.00000E-04 -8.91332E-07
  8.10000E-01  1.00000E+00  1.00340E-04  1.73996E-10
  8.11000E-01  1.00000E+00  1.00000E-04  9.12292E-07
  8.12000E-01  1.00000E+00  1.00000E-04  2.01965E-08
  8.13000E-01  1.00000E+00  1.00000E-04  4.57555E-11
  8.14000E-01  1.00000E+00  1.00000E-04 -2.12834E-10
  8.15000E-01  1.00000E+00  1.00000E-04  2.12932E-10
  8.16000E-01  1.00000E+00  1.00000E-04  7.09373E-11
  8.17000E-01  1.00000E+00  1.00000E-04 -4.25635E-10
  8.18000E-01  1.00000E+00  1.00000E-04  7.09719E-11
  8.19000E-01  1.00000E+00  1.00000E-04  7.09419E-11
  8.20000E-01  1.00000E+00  1.00000E-04  0.00000E+00
  8.21000E-01  1.00000E+00  1.00000E-04  0.00000E+00
  8.22000E-01  1.00000E+00  1.00000E-04  0.00000E+00
  8.23000E-01  1.00000E+00  1.00000E-04  1.41883E-10
  8.24000E-01  1.00000E+00  1.00000E-04  2.47443E-16
  8.25000E-01  1.00000E+00  1.00000E-04 -7.09865E-11
  8.26000E-01  1.00000E+00  1.00000E-04  7.76995E-17
  8.27000E-01  1.00000E+00  1.00000E-04 -7.09514E-11
  8.28000E-01  1.00000E+00  1.00000E-04  0.00000E+00
  8.29000E-01  1.00000E+00  1.00000E-04  7.09475E-11
  8.30000E-01  1.00000E+00  1.00000E-04  0.00000E+00
  8.31000E-01  1.00000E+00  1.00000E-04 -7.09683E-11
  8.32000E-01  1.00000E+00  1.00000E-04  0.00000E+00
  8.33000E-01  1.00000E+00  1.00000E-04  0.00000E+00
  8.34000E-01  1.00000E+00  1.00000E-04  1.41974E-10
  8.35000E-01  1.00000E+00  1.00000E-04  0.00000E+00
  8.36000E-01  1.00000E+00  1.00000E-04 -1.41925E-10
  8.37000E-01  1.00000E+00  1.00000E-04 -6.70937E-11
  8.38000E-01  1.00000E+00  1.00000E-04 -2.47354E-08
  8.39000E-01  1.00000E+00  1.00000E-04 -1.12980E-06
  8.40000E-01  1.00000E+00  1.00421E-04 -2.78172E-10
  8.41000E-01  1.00000E+00  1.00000E-04  1.13054E-06
  8.42000E-01  1.00000E+00  1.00000E-04  2.48873E-08
  8.43000E-01  1.00000E+00  1.00000E-04  6.11042E-11
  8.44000E-01  1.00000E+00  1.00000E-04 -1.41915E-10
  8.45000E-01  1.00000E+00  1.00000E-04  7.09674E-11
  8.46000E-01  1.00000E+00  1.00000E-04  0.00000E+00
  8.47000E-01  1.00000E+00  1.00000E-04 -1.41891E-10
  8.48000E-01  1.00000E+00  1.00000E-04  7.10077E-11
  8.49000E-01  1.00000E+00  1.00000E-04  0.00000E+00
  8.50000E-01  1.00000E+00  1.00000E-04  0.00000E+00
  8.51000E-01  1.00000E+00  1.00000E-04 -3.54786E-11
  8.52000E-01  1.00000E+00  1.00000E-04 -3.54789E-11
  8.53000E-01  1.00000E+00  1.00000E-04  1.41858E-10
  8.54000E-01  1.00000E+00  1.00000E-04  8.88090E-11
  8.55000E-01  1.00000E+00  1.00000E-04  2.92993E-09
  8.56000E-01  9.99994E-01  9.99994E-05 -1.06089E-12
  8.57000E-01  1.00000E+00  1.00000E-04 -2.97678E-09
  8.58000E-01  1.00000E+00  1.00000E-04  5.24879E-10
  8.59000E-01  9.99999E-01  9.99999E-05  8.54695E-17
  8.60000E-01  1.00000E+00  1.00000E-04 -6.30257E-10
  8.61000E-01  1.00000E+00  1.00000E-04 -8.32884E-12
  8.62000E-01  1.00000E+00  1.00000E-04  0.00000E+00
  8.63000E-01  1.00000E+00  1.00000E-04  0.00000E+00
  8.64000E-01  1.00000E+00  1.00000E-04  0.00000E+00
  8.65000E-01  1.00000E+00  1.00000E-04  0.00000E+00
  8.66000E-01  1.00000E+00  1.00000E-04  7.09578E-11
  8.67000E-01  1.00000E+00  1.00000E-04  1.41918E-10
  8.68000E-01  1.00000E+00  1.00000E-04 -2.12908E-10
  8.69000E-01  1.00000E+00  1.00000E-04  0.00000E+00
  8.70000E-01  1.00000E+00  1.00000E-04  0.00000E+00
  8.71000E-01  1.00000E+00  1.00000E-04  7.09838E-11
  8.72000E-01  1.00000E+00  1.00000E-04  2.12811E-10
  8.73000E-01  1.00000E+00  1.00000E-04 -4.25699E-10
  8.74000E-01  1.00000E+00  1.00000E-04  7.09795E-11
  8.75000E-01  1.00000E+00  1.00000E-04  7.09398E-11
  8.76000E-01  1.00000E+00  1.00000E-04  1.41848E-10
  8.77000E-01  1.00000E+00  1.00000E-04  0.00000E+00
  8.78000E-01  1.00000E+00  1.00000E-04 -2.12862E-10
  8.79000E-01  1.00000E+00  1.00000E-04  2.12934E-10
  8.80000E-01  1.00000E+00  1.00000E-04  7.14410E-11
  8.81000E-01  1.00000E+00  1.00000E-04  6.37790E-10
  8.82000E-01  9.99998E-01  9.99998E-05  7.76995E-17
  8.83000E-01  1.00000E+00  1.00000E-04 -8.23400E-10
  8.84000E-01  1.00000E+00  1.00000E-04  4.33661E-11
  8.85000E-01  1.00000E+00  1.00000E-04  0.00000E+00
  8.86000E-01  1.00000E+00  1.00000E-04 -7.09882E-11
  8.87000E-01  1.00000E+00  1.00000E-04  0.00000E+00
  8.88000E-01  1.00000E+00  1.00000E-04  0.00000E+00
  8.89000E-01  1.00000E+00  1.00000E-04  7.09604E-11
  8.90000E-01  1.00000E+00  1.00000E-04  0.00000E+00
  8.91000E-01  1.00000E+00  1.00000E-04 -7.09161E-11
  8.92000E-01  1.00000E+00  1.00000E-04  0.00000E+00
  8.93000E-01  1.00000E+00  1.00000E-04  0.00000E+00
  8.94000E-01  1.00000E+00  1.00000E-04  0.00000E+00
  8.95000E-01  1.00000E+00  1.00000E-04  7.09560E-11
  8.96000E-01  1.00000E+00  1.00000E-04 -7.09738E-11
  8.97000E-01  1.00000E+00  1.00000E-04  0.00000E+00
  8.98000E-01  1.00000E+00  1.00000E-04  0.00000E+00
  8.99000E-01  1.00000E+00  1.00000E-04 -2.44871E-16
  9.00000E-01  1.00000E+00  1.00000E-04  1.14794E-16
  9.01000E-01  1.00000E+00  1.00000E-04  1.30077E-16
  9.02000E-01  1.00000E+00  1.00000E-04  0.00000E+00
  9.03000E-01  1.00000E+00  1.00000E-04 -3.54743E-11
  9.04000E-01  1.00000E+00  1.00000E-04 -3.54744E-11
  9.05000E-01  1.00000E+00  1.00000E-04  8.54695E-17
  9.06000E-01  1.00000E+00  1.00000E-04 -1.41924E-10
  9.07000E-01  1.00000E+00  1.00000E-04  1.41988E-10
  9.08000E-01  1.00000E+00  1.00000E-04  7.09154E-11
  9.09000E-01  1.00000E+00  1.00000E-04  7.09509E-11
  9.10000E-01  1.00000E+00  1.00000E-04 -3.54698E-11
  9.11000E-01  1.00000E+00  1.00000E-04 -3.54709E-11
  9.12000E-01  1.00000E+00  1.00000E-04  7.76995E-17
  9.13000E-01  1.00000E+00  1.00000E-04  0.00000E+00
  9.14000E-01  1.00000E+00  1.00000E-04  0.00000E+00
  9.15000E-01  1.00000E+00  1.00000E-04  0.00000E+00
  9.16000E-01  1.00000E+00  1.00000E-04  2.83768E-10
  9.17000E-01  9.99999E-01  9.99999E-05  0.00000E+00
  9.18000E-01  1.00000E+00  1.00000E-04 -2.83896E-10
  9.19000E-01  1.00000E+00  1.00000E-04  0.00000E+00
  9.20000E-01  1.00000E+00  1.00000E-04  0.00000E+00
  9.21000E-01  1.00000E+00  1.00000E-04  3.54836E-10
  9.22000E-01  9.99999E-01  9.99999E-05  3.02648E-16
  9.23000E-01  1.00000E+00  1.00000E-04 -2.12723E-10
  9.24000E-01  1.00000E+00  1.00000E-04  2.12676E-10
  9.25000E-01  1.00000E+00  1.00000E-04 -2.12682E-10
  9.26000E-01  1.00000E+00  1.00000E-04 -1.41863E-10
  9.27000E-01  1.00000E+00  1.00000E-04  0.00000E+00
  9.28000E-01  1.00000E+00  1.00000E-04 -2.33099E-16
  9.29000E-01  1.00000E+00  1.00000E-04  7.76995E-17
  9.30000E-01  1.00000E+00  1.00000E-04  7.76995E-17
  9.31000E-01  1.00000E+00  1.00000E-04  7.09260E-11
  9.32000E-01  1.00000E+00  1.00000E-04  1.85408E-11
  9.33000E-01  1.00000E+00  1.00000E-04 -1.85407E-11
  9.34000E-01  1.00000E+00  1.00000E-04 -7.09736E-11
  9.35000E-01  1.00000E+00  1.00000E-04  0.00000E+00
  9.36000E-01  1.00000E+00  1.00000E-04 -1.41855E-10
  9.37000E-01  1.00000E+00  1.00000E-04  0.00000E+00
  9.38000E-01  1.00000E+00  1.00000E-04  4.25474E-10
  9.39000E-01  1.00000E+00  1.00000E-04  0.00000E+00
  9.40000E-01  1.00000E+00  1.00000E-04 -4.25823E-10
  9.41000E-01  1.00000E+00  1.00000E-04  0.00000E+00
  9.42000E-01  1.00000E+00  1.00000E-04  4.95951E-10
  9.43000E-01  1.00000E+00  1.00000E-04 -7.04373E-11
  9.44000E-01  1.00000E+00  1.00000E-04 -4.02828E-11
  9.45000E-01  1.00000E+00  1.00000E-04  1.88381E-09
  9.46000E-01  9.99996E-01  9.99996E-05  5.28016E-10
  9.47000E-01  1.00000E+00  1.00000E-04 -2.66966E-09
  9.48000E-01  1.00000E+00  1.00000E-04  4.31827E-11
  9.49000E-01  1.00000E+00  1.00000E-04  4.31872E-11
  9.50000E-01  1.00000E+00  1.00000E-04  2.12663E-10
  9.51000E-01  1.00000E+00  1.00000E-04  7.09570E-11
  9.52000E-01  1.00000E+00  1.00000E-04 -1.28981E-11
  9.53000E-01  1.00000E+00  1.00000E-04 -5.80667E-11
  9.54000E-01  1.00000E+00  1.00000E-04 -6.38186E-10
  9.55000E-01  1.00000E+00  1.00000E-04  2.12936E-10
  9.56000E-01  1.00000E+00  1.00000E-04  2.12985E-10
  9.57000E-01  1.00000E+00  1.00000E-04  7.09873E-11
  9.58000E-01  1.00000E+00  1.00000E-04  1.41863E-10
  9.59000E-01  1.00000E+00  1.00000E-04 -4.25324E-10
  9.60000E-01  1.00000E+00  1.00000E-04  7.09017E-11
  9.61000E-01  1.00000E+00  1.00000E-04  7.09585E-11
  9.62000E-01  1.00000E+00  1.00000E-04 -1.41851E-10
  9.63000E-01  1.00000E+00  1.00000E-04 -2.83971E-10
  9.64000E-01  1.00000E+00  1.00000E-04  7.09625E-10
  9.65000E-01  1.00000E+00  1.00000E-04  7.09235E-11
  9.66000E-01  1.00000E+00  1.00000E-04 -8.50174E-10
  9.67000E-01  1.00000E+00  1.00000E-04  2.83548E-10
  9.68000E-01  1.00000E+00  1.00000E-04 -1.21530E-16
  9.69000E-01  1.00000E+00  1.00000E-04 -7.09889E-11
  9.70000E-01  1.00000E+00  1.00000E-04  7.09614E-11
  9.71000E-01  1.00000E+00  1.00000E-04  4.96194E-10
  9.72000E-01  9.99999E-01  9.99999E-05  1.75304E-10
  9.73000E-01  1.00000E+00  1.00000E-04  2.22880E-09
  9.74000E-01  9.99995E-01  9.99995E-05  1.15560E-10
  9.75000E-01  1.00000E+00  1.00000E-04 -2.84738E-09
  9.76000E-01  1.00000E+00  1.00000E-04  1.87138E-10
  9.77000E-01  1.00000E+00  9.99999E-05  2.12859E-10
  9.78000E-01  1.00000E+00  1.00000E-04 -6.38560E-10
  9.79000E-01  9.99999E-01  1.00000E-04  1.47978E-15
  9.80000E-01  1.00000E+00  1.00000E-04  1.55942E-09
  9.81000E-01  9.99998E-01  9.99998E-05  7.09151E-11
  9.82000E-01  1.00000E+00  1.00000E-04 -2.01868E-09
  9.83000E-01  1.00000E+00  1.00000E-04  2.46628E-10
  9.84000E-01  1.00000E+00  1.00000E-04  7.23896E-11
  9.85000E-01  1.00000E+00  1.00000E-04  2.26697E-09
  9.86000E-01  9.99996E-01  9.99995E-05 -1.91333E-09
  9.87000E-01  1.00001E+00  1.00001E-04 -2.44861E-09
  9.88000E-01  1.00000E+00  1.00000E-04  1.75264E-09
  9.89000E-01  1.00000E+00  1.00000E-04  9.26475E-09
  9.90000E-01  9.99981E-01  9.99981E-05  8.24044E-10
  9.91000E-01  1.00000E+00  1.00000E-04 -9.12153E-09
  9.92000E-01  1.00000E+00  1.00000E-04 -2.74350E-10
  9.93000E-01  1.00000E+00  1.00000E-04  0.00000E+00
  9.94000E-01  1.00000E+00  1.00000E-04 -1.41860E-10
  9.95000E-01  1.00000E+00  1.00000E-04  0.00000E+00
  9.96000E-01  1.00000E+00  1.00000E-04  1.41939E-10
  9.97000E-01  1.00000E+00  1.00000E-04  0.00000E+00
  9.98000E-01  1.00000E+00  1.00000E-04  0.00000E+00
  9.99000E-01  1.00000E+00  1.00000E-04  0.00000E+00
