  0.00000E+00  6.43377E-05  1.25345E+02  4.86813E-02
  1.00000E-03  6.43377E-05  1.25346E+02  1.41826E-01
  2.00000E-03  6.43385E-05  1.25347E+02  2.26306E-01
  3.00000E-03  6.43421E-05  1.25349E+02  3.03784E-01
  4.00000E-03  6.43592E-05  1.25349E+02  3.74031E-01
  5.00000E-03  6.44117E-05  1.25350E+02  4.39630E-01
  6.00000E-03  6.45006E-05  1.25350E+02  5.03862E-01
  7.00000E-03  6.45997E-05  1.25351E+02  5.67037E-01
  8.00000E-03  6.46882E-05  1.25352E+02  6.30218E-01
  9.00000E-03  6.47431E-05  1.25353E+02  6.93741E-01
  1.00000E-02  6.48191E-05  1.25354E+02  7.58880E-01
  1.10000E-02  6.51317E-05  1.25355E+02  8.28016E-01
  1.20000E-02  6.68679E-05  1.25357E+02  9.01132E-01
  1.30000E-02  7.05461E-05  1.25359E+02  9.75351E-01
  1.40000E-02  7.56038E-05  1.25360E+02  1.04906E+00
  1.50000E-02  8.18242E-05  1.25362E+02  1.12531E+00
  1.60000E-02  8.84981E-05  1.25363E+02  1.20387E+00
  1.70000E-02  9.60093E-05  1.25364E+02  1.28183E+00
  1.80000E-02  1.04304E-04  1.25365E+02  1.35797E+00
  1.90000E-02  1.13616E-04  1.25366E+02  1.43509E+00
  2.00000E-02  1.23828E-04  1.25367E+02  1.51192E+00
  2.10000E-02  1.35414E-04  1.25368E+02  1.58920E+00
  2.20000E-02  1.48638E-04  1.25370E+02  1.66366E+00
  2.30000E-02  1.63912E-04  1.25371E+02  1.73747E+00
  2.40000E-02  1.82085E-04  1.25372E+02  1.81693E+00
  2.50000E-02  2.03960E-04  1.25374E+02  1.89884E+00
  2.60000E-02  2.29868E-04  1.25375E+02  1.98103E+00
  2.70000E-02  2.62031E-04  1.25375E+02  2.06623E+00
  2.80000E-02  3.00356E-04  1.25375E+02  2.15035E+00
  2.90000E-02  3.48142E-04  1.25375E+02  2.23348E+00
  3.00000E-02  4.06110E-04  1.25375E+02  2.32188E+00
  3.10000E-02  4.75802E-04  1.25377E+02  2.41877E+00
  3.20000E-02  5.59200E-04  1.25381E+02  2.51879E+00
  3.30000E-02  6.55678E-04  1.25386E+02  2.61866E+00
  3.40000E-02  7.67298E-04  1.25388E+02  2.70126E+00
  3.50000E-02  8.91589E-04  1.25387E+02  2.78055E+00
  3.60000E-02  1.02828E-03  1.25382E+02  2.85564E+00
  3.70000E-02  1.17784E-03  1.25372E+02  2.92653E+00
  3.80000E-02  1.33919E-03  1.25365E+02  2.99871E+00
  3.90000E-02  1.51143E-03  1.25362E+02  3.06431E+00
  4.00000E-02  1.69631E-03  1.25359E+02  3.13662E+00
  4.10000E-02  1.89138E-03  1.25358E+02  3.21510E+00
  4.20000E-02  2.10053E-03  1.25358E+02  3.29288E+00
  4.30000E-02  2.32048E-03  1.25365E+02  3.36339E+00
  4.40000E-02  2.55507E-03  1.25372E+02  3.43092E+00
  4.50000E-02  2.80842E-03  1.25379E+02  3.51898E+00
  4.60000E-02  3.07521E-03  1.25380E+02  3.59957E+00
  4.70000E-02  3.36336E-03  1.25380E+02  3.68214E+00
  4.80000E-02  3.67349E-03  1.25387E+02  3.76959E+00
  4.90000E-02  4.00701E-03  1.25394E+02  3.86284E+00
  5.00000E-02  4.36987E-03  1.25397E+02  3.95150E+00
  5.10000E-02  4.75758E-03  1.25394E+02  4.03319E+00
  5.20000E-02  5.18459E-03  1.25392E+02  4.10561E+00
  5.30000E-02  5.64034E-03  1.25403E+02  4.17640E+00
  5.40000E-02  6.13769E-03  1.25423E+02  4.23756E+00
  5.50000E-02  6.66687E-03  1.25442E+02  4.31657E+00
  5.60000E-02  7.23434E-03  1.25442E+02  4.39095E+00
  5.70000E-02  7.84045E-03  1.25443E+02  4.48295E+00
  5.80000E-02  8.47486E-03  1.25452E+02  4.56786E+00
  5.90000E-02  9.15152E-03  1.25454E+02  4.65225E+00
  6.00000E-02  9.86165E-03  1.25457E+02  4.72871E+00
  6.10000E-02  1.06053E-02  1.25473E+02  4.80304E+00
  6.20000E-02  1.13808E-02  1.25490E+02  4.86350E+00
  6.30000E-02  1.22024E-02  1.25510E+02  4.95795E+00
  6.40000E-02  1.30433E-02  1.25515E+02  5.04589E+00
  6.50000E-02  1.39349E-02  1.25517E+02  5.12696E+00
  6.60000E-02  1.48733E-02  1.25534E+02  5.19379E+00
  6.70000E-02  1.58501E-02  1.25586E+02  5.26844E+00
  6.80000E-02  1.68802E-02  1.25627E+02  5.34545E+00
  6.90000E-02  1.79623E-02  1.25645E+02  5.42442E+00
  7.00000E-02  1.90998E-02  1.25645E+02  5.50384E+00
  7.10000E-02  2.02876E-02  1.25668E+02  5.58039E+00
  7.20000E-02  2.15515E-02  1.25731E+02  5.66410E+00
  7.30000E-02  2.28681E-02  1.25760E+02  5.73112E+00
  7.40000E-02  2.42551E-02  1.25774E+02  5.81068E+00
  7.50000E-02  2.57106E-02  1.25820E+02  5.88842E+00
  7.60000E-02  2.72469E-02  1.25865E+02  5.97462E+00
  7.70000E-02  2.88384E-02  1.25885E+02  6.04483E+00
  7.80000E-02  3.05183E-02  1.25937E+02  6.12391E+00
  7.90000E-02  3.22823E-02  1.25990E+02  6.20506E+00
  8.00000E-02  3.41201E-02  1.26039E+02  6.28994E+00
  8.10000E-02  3.60647E-02  1.26093E+02  6.35827E+00
  8.20000E-02  3.80893E-02  1.26131E+02  6.43543E+00
  8.30000E-02  4.02153E-02  1.26199E+02  6.51851E+00
  8.40000E-02  4.24561E-02  1.26255E+02  6.59332E+00
  8.50000E-02  4.47946E-02  1.26361E+02  6.68478E+00
  8.60000E-02  4.72485E-02  1.26423E+02  6.75516E+00
  8.70000E-02  4.97934E-02  1.26510E+02  6.83797E+00
  8.80000E-02  5.24718E-02  1.26588E+02  6.91537E+00
  8.90000E-02  5.52452E-02  1.26682E+02  6.99402E+00
  9.00000E-02  5.81741E-02  1.26810E+02  7.07986E+00
  9.10000E-02  6.11698E-02  1.26875E+02  7.14759E+00
  9.20000E-02  6.43397E-02  1.27027E+02  7.23569E+00
  9.30000E-02  6.76110E-02  1.27108E+02  7.30779E+00
  9.40000E-02  7.10367E-02  1.27257E+02  7.39115E+00
  9.50000E-02  7.45866E-02  1.27409E+02  7.47650E+00
  9.60000E-02  7.82844E-02  1.27511E+02  7.54414E+00
  9.70000E-02  8.21386E-02  1.27723E+02  7.63982E+00
  9.80000E-02  8.61501E-02  1.27830E+02  7.70711E+00
  9.90000E-02  9.03191E-02  1.28029E+02  7.79244E+00
  1.00000E-01  9.46572E-02  1.28218E+02  7.87618E+00
  1.01000E-01  9.91330E-02  1.28356E+02  7.94634E+00
  1.02000E-01  1.03847E-01  1.28639E+02  8.04627E+00
  1.03000E-01  1.08673E-01  1.28781E+02  8.11684E+00
  1.04000E-01  1.13748E-01  1.29028E+02  8.20667E+00
  1.05000E-01  1.19017E-01  1.29304E+02  8.29704E+00
  1.06000E-01  1.24373E-01  1.29448E+02  8.36268E+00
  1.07000E-01  1.30164E-01  1.29811E+02  8.46838E+00
  1.08000E-01  1.35902E-01  1.30016E+02  8.53641E+00
  1.09000E-01  1.42121E-01  1.30319E+02  8.62071E+00
  1.10000E-01  1.48463E-01  1.30718E+02  8.71724E+00
  1.11000E-01  1.54978E-01  1.30918E+02  8.77635E+00
  1.12000E-01  1.61925E-01  1.31409E+02  8.88131E+00
  1.13000E-01  1.69070E-01  1.31776E+02  8.96155E+00
  1.14000E-01  1.76311E-01  1.32077E+02  9.02959E+00
  1.15000E-01  1.84303E-01  1.32663E+02  9.14613E+00
  1.16000E-01  1.91996E-01  1.32928E+02  9.20917E+00
  1.17000E-01  2.00321E-01  1.33367E+02  9.29788E+00
  1.18000E-01  2.09114E-01  1.34025E+02  9.41653E+00
  1.19000E-01  2.17728E-01  1.34297E+02  9.47371E+00
  1.20000E-01  2.27125E-01  1.34943E+02  9.57873E+00
  1.21000E-01  2.36837E-01  1.35616E+02  9.67963E+00
  1.22000E-01  2.46527E-01  1.35955E+02  9.73335E+00
  1.23000E-01  2.57184E-01  1.36831E+02  9.85509E+00
  1.24000E-01  2.67751E-01  1.37448E+02  9.94049E+00
  1.25000E-01  2.78910E-01  1.37961E+02  1.00107E+01
  1.26000E-01  2.90744E-01  1.39005E+02  1.01462E+01
  1.27000E-01  3.02617E-01  1.39591E+02  1.02214E+01
  1.28000E-01  3.14995E-01  1.40203E+02  1.03005E+01
  1.29000E-01  3.28538E-01  1.41449E+02  1.04366E+01
  1.30000E-01  3.41971E-01  1.42104E+02  1.05044E+01
  1.31000E-01  3.55887E-01  1.42871E+02  1.05832E+01
  1.32000E-01  3.71367E-01  1.44334E+02  1.07314E+01
  1.33000E-01  3.86467E-01  1.45093E+02  1.08021E+01
  1.34000E-01  4.02061E-01  1.45997E+02  1.08838E+01
  1.35000E-01  4.19569E-01  1.47660E+02  1.10376E+01
  1.36000E-01  4.36475E-01  1.48560E+02  1.11108E+01
  1.37000E-01  4.54173E-01  1.49597E+02  1.11877E+01
  1.38000E-01  4.74287E-01  1.51545E+02  1.13494E+01
  1.39000E-01  4.93530E-01  1.52661E+02  1.14315E+01
  1.40000E-01  5.13478E-01  1.53784E+02  1.15038E+01
  1.41000E-01  5.36453E-01  1.56044E+02  1.16747E+01
  1.42000E-01  5.59007E-01  1.57553E+02  1.17732E+01
  1.43000E-01  5.81261E-01  1.58693E+02  1.18344E+01
  1.44000E-01  6.07863E-01  1.61266E+02  1.20068E+01
  1.45000E-01  6.33996E-01  1.63198E+02  1.21266E+01
  1.46000E-01  6.59507E-01  1.64466E+02  1.21846E+01
  1.47000E-01  6.89984E-01  1.67331E+02  1.23533E+01
  1.48000E-01  7.21114E-01  1.69987E+02  1.24980E+01
  1.49000E-01  7.50198E-01  1.71407E+02  1.25509E+01
  1.50000E-01  7.84388E-01  1.74349E+02  1.27021E+01
  1.51000E-01  8.21915E-01  1.77858E+02  1.28855E+01
  1.52000E-01  8.55752E-01  1.79641E+02  1.29508E+01
  1.53000E-01  8.94183E-01  1.82538E+02  1.30723E+01
  1.54000E-01  9.39525E-01  1.87041E+02  1.32823E+01
  1.55000E-01  9.80651E-01  1.89643E+02  1.33759E+01
  1.56000E-01  1.02373E+00  1.92309E+02  1.34574E+01
  1.57000E-01  1.07726E+00  1.97544E+02  1.36777E+01
  1.58000E-01  1.12922E+00  2.01722E+02  1.38271E+01
  1.59000E-01  1.17841E+00  2.04391E+02  1.38920E+01
  1.60000E-01  1.23873E+00  2.09576E+02  1.40746E+01
  1.61000E-01  1.30497E+00  2.15679E+02  1.42833E+01
  1.62000E-01  1.36488E+00  2.19210E+02  1.43652E+01
  1.63000E-01  1.43325E+00  2.24178E+02  1.44969E+01
  1.64000E-01  1.51341E+00  2.31626E+02  1.47303E+01
  1.65000E-01  1.59216E+00  2.37467E+02  1.48787E+01
  1.66000E-01  1.67001E+00  2.42374E+02  1.49761E+01
  1.67000E-01  1.76394E+00  2.50272E+02  1.51703E+01
  1.68000E-01  1.86667E+00  2.58974E+02  1.53830E+01
  1.69000E-01  1.96179E+00  2.64976E+02  1.54936E+01
  1.70000E-01  2.07282E+00  2.73123E+02  1.56621E+01
  1.71000E-01  2.19755E+00  2.83829E+02  1.58813E+01
  1.72000E-01  2.32211E+00  2.92877E+02  1.60290E+01
  1.73000E-01  2.45398E+00  3.01129E+02  1.61711E+01
  1.74000E-01  2.61408E+00  3.14149E+02  1.64063E+01
  1.75000E-01  2.77183E+00  3.27339E+02  1.66049E+01
  1.76000E-01  2.91839E+00  3.35440E+02  1.66776E+01
  1.77000E-01  3.13501E+00  3.49738E+02  1.68815E+01
  1.78000E-01  3.38022E+00  3.69717E+02  1.72684E+01
  1.79000E-01  3.50350E+00  3.79186E+02  1.72625E+01
  1.80000E-01  3.43624E+00  3.38921E+02  1.63326E+01
  1.81000E-01  2.38405E+00  1.56352E+02  1.08838E+01
  1.82000E-01  1.31319E+00  1.65760E+01  2.31845E+00
  1.83000E-01  1.03024E+00  1.47332E-01  6.15191E-02
  1.84000E-01  1.00058E+00  1.08300E-04  5.16272E-05
  1.85000E-01  1.00000E+00  1.00000E-04  1.97269E-09
  1.86000E-01  1.00000E+00  1.00000E-04  0.00000E+00
  1.87000E-01  1.00000E+00  1.00000E-04  0.00000E+00
  1.88000E-01  1.00000E+00  1.00000E-04  0.00000E+00
  1.89000E-01  1.00000E+00  1.00000E-04  0.00000E+00
  1.90000E-01  1.00000E+00  1.00000E-04  0.00000E+00
  1.91000E-01  1.00000E+00  1.00000E-04  0.00000E+00
  1.92000E-01  1.00000E+00  1.00000E-04  2.23186E-11
  1.93000E-01  1.00000E+00  1.00000E-04  0.00000E+00
  1.94000E-01  1.00000E+00  1.00000E-04 -2.23104E-11
  1.95000E-01  1.00000E+00  1.00000E-04  0.00000E+00
  1.96000E-01  1.00000E+00  1.00000E-04  0.00000E+00
  1.97000E-01  1.00000E+00  1.00000E-04  0.00000E+00
  1.98000E-01  1.00000E+00  1.00000E-04  0.00000E+00
  1.99000E-01  1.00000E+00  1.00000E-04  0.00000E+00
  2.00000E-01  1.00000E+00  1.00000E-04  0.00000E+00
  2.01000E-01  1.00000E+00  1.00000E-04  0.00000E+00
  2.02000E-01  1.00000E+00  1.00000E-04  0.00000E+00
  2.03000E-01  1.00000E+00  1.00000E-04  0.00000E+00
  2.04000E-01  1.00000E+00  1.00000E-04  0.00000E+00
  2.05000E-01  1.00000E+00  1.00000E-04  0.00000E+00
  2.06000E-01  1.00000E+00  1.00000E-04  0.00000E+00
  2.07000E-01  1.00000E+00  1.00000E-04  0.00000E+00
  2.08000E-01  1.00000E+00  1.00000E-04  0.00000E+00
  2.09000E-01  1.00000E+00  1.00000E-04  0.00000E+00
  2.10000E-01  1.00000E+00  1.00000E-04  0.00000E+00
  2.11000E-01  1.00000E+00  1.00000E-04  0.00000E+00
  2.12000E-01  1.00000E+00  1.00000E-04  0.00000E+00
  2.13000E-01  1.00000E+00  1.00000E-04  3.34776E-10
  2.14000E-01  9.99998E-01  9.99998E-05  0.00000E+00
  2.15000E-01  1.00000E+00  1.00000E-04 -3.34693E-10
  2.16000E-01  1.00000E+00  1.00000E-04  0.00000E+00
  2.17000E-01  1.00000E+00  1.00000E-04  0.00000E+00
  2.18000E-01  1.00000E+00  1.00000E-04  0.00000E+00
  2.19000E-01  1.00000E+00  1.00000E-04 -7.76998E-17
  2.20000E-01  1.00000E+00  1.00000E-04  0.00000E+00
  2.21000E-01  1.00000E+00  1.00000E-04  7.76998E-17
  2.22000E-01  1.00000E+00  1.00000E-04  0.00000E+00
  2.23000E-01  1.00000E+00  1.00000E-04  0.00000E+00
  2.24000E-01  1.00000E+00  1.00000E-04  0.00000E+00
  2.25000E-01  1.00000E+00  1.00000E-04  0.00000E+00
  2.26000E-01  1.00000E+00  1.00000E-04  0.00000E+00
  2.27000E-01  1.00000E+00  1.00000E-04  0.00000E+00
  2.28000E-01  1.00000E+00  1.00000E-04  0.00000E+00
  2.29000E-01  1.00000E+00  1.00000E-04  4.46224E-11
  2.30000E-01  1.00000E+00  1.00000E-04  0.00000E+00
  2.31000E-01  1.00000E+00  1.00000E-04 -4.46203E-11
  2.32000E-01  1.00000E+00  1.00000E-04 -4.36673E-16
  2.33000E-01  1.00000E+00  1.00000E-04 -1.33922E-10
  2.34000E-01  1.00000E+00  1.00000E-04  8.92808E-11
  2.35000E-01  1.00000E+00  1.00000E-04  4.46175E-11
  2.36000E-01  1.00000E+00  1.00000E-04  0.00000E+00
  2.37000E-01  1.00000E+00  1.00000E-04  0.00000E+00
  2.38000E-01  1.00000E+00  1.00000E-04  0.00000E+00
  2.39000E-01  1.00000E+00  1.00000E-04  0.00000E+00
  2.40000E-01  1.00000E+00  1.00000E-04  0.00000E+00
  2.41000E-01  1.00000E+00  1.00000E-04  0.00000E+00
  2.42000E-01  1.00000E+00  1.00000E-04  0.00000E+00
  2.43000E-01  1.00000E+00  1.00000E-04  0.00000E+00
  2.44000E-01  1.00000E+00  1.00000E-04  0.00000E+00
  2.45000E-01  1.00000E+00  1.00000E-04  0.00000E+00
  2.46000E-01  1.00000E+00  1.00000E-04  0.00000E+00
  2.47000E-01  1.00000E+00  1.00000E-04 -2.45485E-10
  2.48000E-01  1.00000E+00  1.00000E-04  0.00000E+00
  2.49000E-01  1.00000E+00  1.00000E-04  2.45398E-10
  2.50000E-01  1.00000E+00  1.00000E-04  0.00000E+00
  2.51000E-01  1.00000E+00  1.00000E-04  0.00000E+00
  2.52000E-01  1.00000E+00  1.00000E-04  6.69418E-11
  2.53000E-01  1.00000E+00  1.00000E-04 -4.46192E-11
  2.54000E-01  1.00000E+00  1.00000E-04 -4.46310E-11
  2.55000E-01  1.00000E+00  1.00000E-04 -2.23104E-11
  2.56000E-01  1.00000E+00  1.00000E-04  8.54697E-17
  2.57000E-01  1.00000E+00  1.00000E-04  4.46274E-11
  2.58000E-01  1.00000E+00  1.00000E-04  0.00000E+00
  2.59000E-01  1.00000E+00  1.00000E-04  0.00000E+00
  2.60000E-01  1.00000E+00  1.00000E-04  0.00000E+00
  2.61000E-01  1.00000E+00  1.00000E-04  0.00000E+00
  2.62000E-01  1.00000E+00  1.00000E-04  2.23103E-11
  2.63000E-01  1.00000E+00  1.00000E-04  0.00000E+00
  2.64000E-01  1.00000E+00  1.00000E-04 -2.23175E-11
  2.65000E-01  1.00000E+00  1.00000E-04  0.00000E+00
  2.66000E-01  1.00000E+00  1.00000E-04  0.00000E+00
  2.67000E-01  1.00000E+00  1.00000E-04  0.00000E+00
  2.68000E-01  1.00000E+00  1.00000E-04  0.00000E+00
  2.69000E-01  1.00000E+00  1.00000E-04  0.00000E+00
  2.70000E-01  1.00000E+00  1.00000E-04  6.69562E-11
  2.71000E-01  1.00000E+00  1.00000E-04  4.46178E-11
  2.72000E-01  1.00000E+00  1.00000E-04 -2.23180E-11
  2.73000E-01  1.00000E+00  1.00000E-04 -2.23163E-10
  2.74000E-01  1.00000E+00  1.00000E-04  6.69730E-11
  2.75000E-01  1.00000E+00  1.00000E-04  2.23171E-11
  2.76000E-01  1.00000E+00  1.00000E-04  2.23138E-11
  2.77000E-01  1.00000E+00  1.00000E-04  2.23136E-11
  2.78000E-01  1.00000E+00  1.00000E-04 -2.23138E-11
  2.79000E-01  1.00000E+00  1.00000E-04 -7.76997E-17
  2.80000E-01  1.00000E+00  1.00000E-04  1.47532E-15
  2.81000E-01  1.00000E+00  1.00000E-04  1.43821E-15
  2.82000E-01  1.00000E+00  1.00000E-04  1.03793E-15
  2.83000E-01  1.00000E+00  1.00000E-04 -2.63647E-10
  2.84000E-01  1.00000E+00  1.00000E-04 -1.03687E-07
  2.85000E-01  1.00000E+00  1.00141E-04 -1.59035E-07
  2.86000E-01  1.00000E+00  1.00153E-04  1.28768E-07
  2.87000E-01  1.00000E+00  1.00000E-04  4.71395E-09
  2.88000E-01  1.00000E+00  1.00149E-04  8.73343E-10
  2.89000E-01  1.00000E+00  1.00000E-04  1.27817E-07
  2.90000E-01  1.00000E+00  1.00000E-04  8.65250E-10
  2.91000E-01  1.00000E+00  1.00000E-04  1.95677E-11
  2.92000E-01  1.00000E+00  1.00000E-04  2.23104E-11
  2.93000E-01  1.00000E+00  1.00000E-04 -2.23142E-11
  2.94000E-01  1.00000E+00  1.00000E-04 -6.69249E-11
  2.95000E-01  1.00000E+00  1.00000E-04  0.00000E+00
  2.96000E-01  1.00000E+00  1.00000E-04  0.00000E+00
  2.97000E-01  1.00000E+00  1.00000E-04  0.00000E+00
  2.98000E-01  1.00000E+00  1.00000E-04  0.00000E+00
  2.99000E-01  1.00000E+00  1.00000E-04  0.00000E+00
  3.00000E-01  1.00000E+00  1.00000E-04  0.00000E+00
  3.01000E-01  1.00000E+00  1.00000E-04  0.00000E+00
  3.02000E-01  1.00000E+00  1.00000E-04  0.00000E+00
  3.03000E-01  1.00000E+00  1.00000E-04  0.00000E+00
  3.04000E-01  1.00000E+00  1.00000E-04  0.00000E+00
  3.05000E-01  1.00000E+00  1.00000E-04  0.00000E+00
  3.06000E-01  1.00000E+00  1.00000E-04  0.00000E+00
  3.07000E-01  1.00000E+00  1.00000E-04  6.69465E-11
  3.08000E-01  1.00000E+00  1.00000E-04  4.46336E-11
  3.09000E-01  1.00000E+00  1.00000E-04 -6.69602E-11
  3.10000E-01  1.00000E+00  1.00000E-04 -4.46390E-11
  3.11000E-01  1.00000E+00  1.00000E-04  2.23115E-11
  3.12000E-01  1.00000E+00  1.00000E-04 -2.23071E-11
  3.13000E-01  1.00000E+00  1.00000E-04 -2.23206E-11
  3.14000E-01  1.00000E+00  1.00000E-04  1.11568E-11
  3.15000E-01  1.00000E+00  1.00000E-04  1.11584E-11
  3.16000E-01  1.00000E+00  1.00000E-04  7.76997E-17
  3.17000E-01  1.00000E+00  1.00000E-04  2.23116E-11
  3.18000E-01  1.00000E+00  1.00000E-04 -6.69365E-11
  3.19000E-01  1.00000E+00  1.00000E-04 -2.23192E-11
  3.20000E-01  1.00000E+00  1.00000E-04  8.92740E-11
  3.21000E-01  1.00000E+00  1.00000E-04 -2.23091E-11
  3.22000E-01  1.00000E+00  1.00000E-04 -8.92798E-11
  3.23000E-01  1.00000E+00  1.00000E-04  1.33896E-10
  3.24000E-01  1.00000E+00  1.00000E-04 -1.11544E-10
  3.25000E-01  1.00000E+00  1.00000E-04  1.11622E-11
  3.26000E-01  1.00000E+00  1.00000E-04  1.11624E-11
  3.27000E-01  1.00000E+00  1.00000E-04  7.44430E-12
  3.28000E-01  1.00000E+00  1.00000E-04  7.43234E-12
  3.29000E-01  1.00000E+00  1.00000E-04  7.42983E-12
  3.30000E-01  1.00000E+00  1.00000E-04  2.23069E-11
  3.31000E-01  1.00000E+00  1.00000E-04  0.00000E+00
  3.32000E-01  1.00000E+00  1.00000E-04  6.69401E-11
  3.33000E-01  1.00000E+00  1.00000E-04  2.23068E-11
  3.34000E-01  1.00000E+00  1.00000E-04 -6.69277E-11
  3.35000E-01  1.00000E+00  1.00000E-04  2.39237E-16
  3.36000E-01  1.00000E+00  1.00000E-04  1.03418E-16
  3.37000E-01  1.00000E+00  1.00000E-04 -2.23213E-11
  3.38000E-01  1.00000E+00  1.00000E-04  0.00000E+00
  3.39000E-01  1.00000E+00  1.00000E-04 -8.92427E-11
  3.40000E-01  1.00000E+00  1.00000E-04 -2.23187E-11
  3.41000E-01  1.00000E+00  1.00000E-04  8.92399E-11
  3.42000E-01  1.00000E+00  1.00000E-04 -2.23181E-11
  3.43000E-01  1.00000E+00  1.00000E-04  2.23151E-11
  3.44000E-01  1.00000E+00  1.00000E-04  2.90042E-10
  3.45000E-01  9.99999E-01  9.99999E-05 -3.56904E-10
  3.46000E-01  1.00000E+00  1.00000E-04 -1.85969E-10
  3.47000E-01  1.00000E+00  1.00000E-04 -1.00965E-09
  3.48000E-01  1.00000E+00  1.00001E-04  6.38617E-10
  3.49000E-01  1.00000E+00  9.99996E-05  1.09945E-09
  3.50000E-01  1.00000E+00  1.00000E-04 -6.09408E-10
  3.51000E-01  1.00000E+00  1.00000E-04  1.56179E-10
  3.52000E-01  1.00000E+00  1.00000E-04  0.00000E+00
  3.53000E-01  1.00000E+00  1.00000E-04  0.00000E+00
  3.54000E-01  1.00000E+00  1.00000E-04  0.00000E+00
  3.55000E-01  1.00000E+00  1.00000E-04  0.00000E+00
  3.56000E-01  1.00000E+00  1.00000E-04  0.00000E+00
  3.57000E-01  1.00000E+00  1.00000E-04  0.00000E+00
  3.58000E-01  1.00000E+00  1.00000E-04  0.00000E+00
  3.59000E-01  1.00000E+00  1.00000E-04  0.00000E+00
  3.60000E-01  1.00000E+00  1.00000E-04  0.00000E+00
  3.61000E-01  1.00000E+00  1.00000E-04 -7.76996E-17
  3.62000E-01  1.00000E+00  1.00000E-04  0.00000E+00
  3.63000E-01  1.00000E+00  1.00000E-04  7.76996E-17
  3.64000E-01  1.00000E+00  1.00000E-04  0.00000E+00
  3.65000E-01  1.00000E+00  1.00000E-04  0.00000E+00
  3.66000E-01  1.00000E+00  1.00000E-04  0.00000E+00
  3.67000E-01  1.00000E+00  1.00000E-04  0.00000E+00
  3.68000E-01  1.00000E+00  1.00000E-04  0.00000E+00
  3.69000E-01  1.00000E+00  1.00000E-04  0.00000E+00
  3.70000E-01  1.00000E+00  1.00000E-04  0.00000E+00
  3.71000E-01  1.00000E+00  1.00000E-04  0.00000E+00
  3.72000E-01  1.00000E+00  1.00000E-04 -4.46276E-11
  3.73000E-01  1.00000E+00  1.00000E-04 -4.46302E-11
  3.74000E-01  1.00000E+00  1.00000E-04  6.69535E-11
  3.75000E-01  1.00000E+00  1.00000E-04 -2.45438E-10
  3.76000E-01  1.00000E+00  1.00000E-04  7.77955E-17
  3.77000E-01  1.00000E+00  1.00000E-04  2.67801E-10
  3.78000E-01  1.00000E+00  1.00000E-04  0.00000E+00
  3.79000E-01  1.00000E+00  1.00000E-04  0.00000E+00
  3.80000E-01  1.00000E+00  1.00000E-04  0.00000E+00
  3.81000E-01  1.00000E+00  1.00000E-04  6.69447E-11
  3.82000E-01  1.00000E+00  1.00000E-04  2.23137E-11
  3.83000E-01  1.00000E+00  1.00000E-04 -6.69275E-11
  3.84000E-01  1.00000E+00  1.00000E-04  4.46278E-11
  3.85000E-01  1.00000E+00  1.00000E-04 -1.59962E-16
  3.86000E-01  1.00000E+00  1.00000E-04 -6.69431E-11
  3.87000E-01  1.00000E+00  1.00000E-04  0.00000E+00
  3.88000E-01  1.00000E+00  1.00000E-04  0.00000E+00
  3.89000E-01  1.00000E+00  1.00000E-04  0.00000E+00
  3.90000E-01  1.00000E+00  1.00000E-04  0.00000E+00
  3.91000E-01  1.00000E+00  1.00000E-04  0.00000E+00
  3.92000E-01  1.00000E+00  1.00000E-04  0.00000E+00
  3.93000E-01  1.00000E+00  1.00000E-04  0.00000E+00
  3.94000E-01  1.00000E+00  1.00000E-04  0.00000E+00
  3.95000E-01  1.00000E+00  1.00000E-04  0.00000E+00
  3.96000E-01  1.00000E+00  1.00000E-04  0.00000E+00
  3.97000E-01  1.00000E+00  1.00000E-04  6.69411E-11
  3.98000E-01  1.00000E+00  1.00000E-04 -6.69550E-11
  3.99000E-01  1.00000E+00  1.00000E-04 -2.23128E-11
  4.00000E-01  1.00000E+00  1.00000E-04  2.23117E-11
  4.01000E-01  1.00000E+00  1.00000E-04  0.00000E+00
  4.02000E-01  1.00000E+00  1.00000E-04  0.00000E+00
  4.03000E-01  1.00000E+00  1.00000E-04  0.00000E+00
  4.04000E-01  1.00000E+00  1.00000E-04 -7.93021E-10
  4.05000E-01  1.00000E+00  1.00000E-04 -1.21205E-07
  4.06000E-01  1.00000E+00  1.00141E-04 -2.57452E-11
  4.07000E-01  1.00000E+00  1.00000E-04  1.21168E-07
  4.08000E-01  1.00000E+00  1.00000E-04  8.57988E-10
  4.09000E-01  1.00000E+00  1.00000E-04  0.00000E+00
  4.10000E-01  1.00000E+00  1.00000E-04  0.00000E+00
  4.11000E-01  1.00000E+00  1.00000E-04  0.00000E+00
  4.12000E-01  1.00000E+00  1.00000E-04  0.00000E+00
  4.13000E-01  1.00000E+00  1.00000E-04  0.00000E+00
  4.14000E-01  1.00000E+00  1.00000E-04  0.00000E+00
  4.15000E-01  1.00000E+00  1.00000E-04 -8.57900E-10
  4.16000E-01  1.00000E+00  1.00000E-04 -1.21179E-07
  4.17000E-01  1.00000E+00  1.00141E-04 -8.99520E-14
  4.18000E-01  1.00000E+00  1.00000E-04  1.21159E-07
  4.19000E-01  1.00000E+00  1.00000E-04  8.60033E-10
  4.20000E-01  1.00000E+00  1.00000E-04  2.05197E-11
  4.21000E-01  1.00000E+00  1.00000E-04  0.00000E+00
  4.22000E-01  1.00000E+00  1.00000E-04  0.00000E+00
  4.23000E-01  1.00000E+00  1.00000E-04  8.92525E-11
  4.24000E-01  1.00000E+00  9.99999E-05  0.00000E+00
  4.25000E-01  1.00000E+00  1.00000E-04 -6.69505E-11
  4.26000E-01  1.00000E+00  1.00000E-04 -1.01786E-16
  4.27000E-01  1.00000E+00  1.00000E-04  4.90935E-10
  4.28000E-01  9.99996E-01  9.99996E-05  2.23184E-11
  4.29000E-01  1.00000E+00  1.00000E-04 -5.35374E-10
  4.30000E-01  1.00000E+00  1.00000E-04  0.00000E+00
  4.31000E-01  1.00000E+00  1.00000E-04  0.00000E+00
  4.32000E-01  1.00000E+00  1.00000E-04  4.46311E-11
  4.33000E-01  1.00000E+00  1.00000E-04  0.00000E+00
  4.34000E-01  1.00000E+00  1.00000E-04 -4.46236E-11
  4.35000E-01  1.00000E+00  1.00000E-04  0.00000E+00
  4.36000E-01  1.00000E+00  1.00000E-04 -7.76996E-17
  4.37000E-01  1.00000E+00  1.00000E-04 -6.69605E-11
  4.38000E-01  1.00000E+00  1.00000E-04  2.23197E-11
  4.39000E-01  1.00000E+00  1.00000E-04  4.46287E-11
  4.40000E-01  1.00000E+00  1.00000E-04  0.00000E+00
  4.41000E-01  1.00000E+00  1.00000E-04  2.23187E-11
  4.42000E-01  1.00000E+00  1.00000E-04  0.00000E+00
  4.43000E-01  1.00000E+00  1.00000E-04 -2.23162E-11
  4.44000E-01  1.00000E+00  1.00000E-04  2.23182E-11
  4.45000E-01  1.00000E+00  1.00000E-04  0.00000E+00
  4.46000E-01  1.00000E+00  1.00000E-04 -2.23088E-11
  4.47000E-01  1.00000E+00  1.00000E-04  0.00000E+00
  4.48000E-01  1.00000E+00  1.00000E-04  0.00000E+00
  4.49000E-01  1.00000E+00  1.00000E-04  0.00000E+00
  4.50000E-01  1.00000E+00  1.00000E-04  2.23148E-11
  4.51000E-01  1.00000E+00  1.00000E-04 -8.92729E-11
  4.52000E-01  1.00000E+00  1.00000E-04 -2.23269E-11
  4.53000E-01  1.00000E+00  1.00000E-04  8.92337E-11
  4.54000E-01  1.00000E+00  1.00000E-04  2.23111E-11
  4.55000E-01  1.00000E+00  1.00000E-04  0.00000E+00
  4.56000E-01  1.00000E+00  1.00000E-04 -1.11584E-11
  4.57000E-01  1.00000E+00  1.00000E-04 -1.11583E-11
  4.58000E-01  1.00000E+00  1.00000E-04  7.76996E-17
  4.59000E-01  1.00000E+00  1.00000E-04  0.00000E+00
  4.60000E-01  1.00000E+00  1.00000E-04  2.23095E-11
  4.61000E-01  1.00000E+00  1.00000E-04 -4.46172E-11
  4.62000E-01  1.00000E+00  1.00000E-04 -2.23196E-11
  4.63000E-01  1.00000E+00  1.00000E-04  4.46356E-11
  4.64000E-01  1.00000E+00  1.00000E-04  2.23138E-11
  4.65000E-01  1.00000E+00  1.00000E-04  0.00000E+00
  4.66000E-01  1.00000E+00  1.00000E-04 -2.23117E-11
  4.67000E-01  1.00000E+00  1.00000E-04  2.23180E-11
  4.68000E-01  1.00000E+00  1.00000E-04  2.23073E-11
  4.69000E-01  1.00000E+00  1.00000E-04 -1.11585E-10
  4.70000E-01  1.00000E+00  1.00000E-04  4.46354E-11
  4.71000E-01  1.00000E+00  1.00000E-04  2.23152E-11
  4.72000E-01  1.00000E+00  1.00000E-04 -8.92501E-11
  4.73000E-01  1.00000E+00  1.00000E-04  2.23216E-11
  4.74000E-01  1.00000E+00  1.00000E-04  6.69281E-11
  4.75000E-01  1.00000E+00  1.00000E-04 -6.59449E-16
  4.76000E-01  1.00000E+00  1.00000E-04  8.54695E-17
  4.77000E-01  1.00000E+00  1.00000E-04 -4.46186E-11
  4.78000E-01  1.00000E+00  1.00000E-04  2.23210E-11
  4.79000E-01  1.00000E+00  1.00000E-04  4.46190E-11
  4.80000E-01  1.00000E+00  1.00000E-04  4.46211E-11
  4.81000E-01  1.00000E+00  1.00000E-04  2.23182E-11
  4.82000E-01  1.00000E+00  1.00000E-04 -6.69358E-11
  4.83000E-01  1.00000E+00  1.00000E-04 -1.56198E-10
  4.84000E-01  1.00000E+00  1.00000E-04 -8.92793E-11
  4.85000E-01  1.00000E+00  1.00000E-04  4.46317E-10
  4.86000E-01  1.00000E+00  9.99999E-05 -6.69198E-11
  4.87000E-01  1.00000E+00  1.00000E-04 -9.67478E-16
  4.88000E-01  9.99999E-01  9.99999E-05 -1.01526E-14
  4.89000E-01  1.00000E+00  1.00000E-04 -1.04755E-09
  4.90000E-01  1.00000E+00  1.00000E-04  3.77959E-10
  4.91000E-01  1.00000E+00  1.00000E-04  5.13080E-10
  4.92000E-01  1.00000E+00  1.00000E-04  1.56188E-10
  4.93000E-01  9.99999E-01  9.99999E-05 -2.23187E-11
  4.94000E-01  1.00000E+00  1.00000E-04 -1.33899E-10
  4.95000E-01  1.00000E+00  1.00000E-04  0.00000E+00
  4.96000E-01  1.00000E+00  1.00000E-04  0.00000E+00
  4.97000E-01  1.00000E+00  1.00000E-04  0.00000E+00
  4.98000E-01  1.00000E+00  1.00000E-04  0.00000E+00
  4.99000E-01  1.00000E+00  1.00000E-04  0.00000E+00
  5.00000E-01  1.00000E+00  1.00000E-04  0.00000E+00
  5.01000E-01  1.00000E+00  1.00000E-04  0.00000E+00
  5.02000E-01  1.00000E+00  1.00000E-04  0.00000E+00
  5.03000E-01  1.00000E+00  1.00000E-04  0.00000E+00
  5.04000E-01  1.00000E+00  1.00000E-04  0.00000E+00
  5.05000E-01  1.00000E+00  1.00000E-04  2.67757E-10
  5.06000E-01  9.99998E-01  9.99998E-05  0.00000E+00
  5.07000E-01  1.00000E+00  1.00000E-04 -2.67806E-10
  5.08000E-01  1.00000E+00  1.00000E-04  0.00000E+00
  5.09000E-01  1.00000E+00  1.00000E-04  0.00000E+00
  5.10000E-01  1.00000E+00  1.00000E-04 -7.76996E-17
  5.11000E-01  1.00000E+00  1.00000E-04  0.00000E+00
  5.12000E-01  1.00000E+00  1.00000E-04  7.76995E-17
  5.13000E-01  1.00000E+00  1.00000E-04  0.00000E+00
  5.14000E-01  1.00000E+00  1.00000E-04  0.00000E+00
  5.15000E-01  1.00000E+00  1.00000E-04  0.00000E+00
  5.16000E-01  1.00000E+00  1.00000E-04  1.78536E-10
  5.17000E-01  9.99999E-01  9.99999E-05  0.00000E+00
  5.18000E-01  1.00000E+00  1.00000E-04 -1.78545E-10
  5.19000E-01  1.00000E+00  1.00000E-04  0.00000E+00
  5.20000E-01  1.00000E+00  1.00000E-04 -7.76996E-17
  5.21000E-01  1.00000E+00  1.00000E-04  0.00000E+00
  5.22000E-01  1.00000E+00  1.00000E-04  7.76996E-17
  5.23000E-01  1.00000E+00  1.00000E-04  0.00000E+00
  5.24000E-01  1.00000E+00  1.00000E-04  0.00000E+00
  5.25000E-01  1.00000E+00  1.00000E-04  0.00000E+00
  5.26000E-01  1.00000E+00  1.00000E-04  0.00000E+00
  5.27000E-01  1.00000E+00  1.00000E-04  0.00000E+00
  5.28000E-01  1.00000E+00  1.00000E-04  0.00000E+00
  5.29000E-01  1.00000E+00  1.00000E-04  8.92574E-11
  5.30000E-01  9.99999E-01  9.99999E-05  0.00000E+00
  5.31000E-01  1.00000E+00  1.00000E-04 -8.92555E-11
  5.32000E-01  1.00000E+00  1.00000E-04  0.00000E+00
  5.33000E-01  1.00000E+00  1.00000E-04 -2.23140E-11
  5.34000E-01  1.00000E+00  1.00000E-04 -2.23105E-11
  5.35000E-01  1.00000E+00  1.00000E-04  0.00000E+00
  5.36000E-01  1.00000E+00  1.00000E-04  2.23121E-11
  5.37000E-01  1.00000E+00  1.00000E-04  2.23138E-11
  5.38000E-01  1.00000E+00  1.00000E-04  0.00000E+00
  5.39000E-01  1.00000E+00  1.00000E-04  0.00000E+00
  5.40000E-01  1.00000E+00  1.00000E-04  0.00000E+00
  5.41000E-01  1.00000E+00  1.00000E-04 -2.23148E-11
  5.42000E-01  1.00000E+00  1.00000E-04  0.00000E+00
  5.43000E-01  1.00000E+00  1.00000E-04  2.23139E-11
  5.44000E-01  1.00000E+00  1.00000E-04  2.23138E-11
  5.45000E-01  1.00000E+00  1.00000E-04  0.00000E+00
  5.46000E-01  1.00000E+00  1.00000E-04 -2.23124E-11
  5.47000E-01  1.00000E+00  1.00000E-04  0.00000E+00
  5.48000E-01  1.00000E+00  1.00000E-04  0.00000E+00
  5.49000E-01  1.00000E+00  1.00000E-04  0.00000E+00
  5.50000E-01  1.00000E+00  1.00000E-04 -1.04927E-15
  5.51000E-01  1.00000E+00  1.00000E-04 -8.61812E-16
  5.52000E-01  1.00000E+00  1.00000E-04  1.91108E-15
  5.53000E-01  1.00000E+00  1.00000E-04  2.23139E-11
  5.54000E-01  1.00000E+00  1.00000E-04  0.00000E+00
  5.55000E-01  1.00000E+00  1.00000E-04 -2.23094E-11
  5.56000E-01  1.00000E+00  1.00000E-04  6.69530E-11
  5.57000E-01  1.00000E+00  1.00000E-04 -9.40165E-17
  5.58000E-01  1.00000E+00  1.00000E-04  0.00000E+00
  5.59000E-01  1.00000E+00  1.00000E-04  0.00000E+00
  5.60000E-01  1.00000E+00  1.00000E-04  0.00000E+00
  5.61000E-01  1.00000E+00  1.00000E-04  9.40165E-17
  5.62000E-01  1.00000E+00  1.00000E-04 -3.34718E-11
  5.63000E-01  1.00000E+00  1.00000E-04 -3.34718E-11
  5.64000E-01  1.00000E+00  1.00000E-04 -1.15706E-11
  5.65000E-01  1.00000E+00  1.00000E-04  1.15680E-11
  5.66000E-01  1.00000E+00  1.00000E-04  4.46293E-11
  5.67000E-01  1.00000E+00  1.00000E-04  0.00000E+00
  5.68000E-01  1.00000E+00  1.00000E-04 -4.46282E-11
  5.69000E-01  1.00000E+00  1.00000E-04  0.00000E+00
  5.70000E-01  1.00000E+00  1.00000E-04  4.46385E-11
  5.71000E-01  1.00000E+00  1.00000E-04 -9.40165E-17
  5.72000E-01  1.00000E+00  1.00000E-04  0.00000E+00
  5.73000E-01  1.00000E+00  1.00000E-04  9.40165E-17
  5.74000E-01  1.00000E+00  1.00000E-04 -4.46174E-11
  5.75000E-01  1.00000E+00  1.00000E-04  0.00000E+00
  5.76000E-01  1.00000E+00  1.00000E-04  0.00000E+00
  5.77000E-01  1.00000E+00  1.00000E-04  0.00000E+00
  5.78000E-01  1.00000E+00  1.00000E-04  0.00000E+00
  5.79000E-01  1.00000E+00  1.00000E-04  0.00000E+00
  5.80000E-01  1.00000E+00  1.00000E-04  0.00000E+00
  5.81000E-01  1.00000E+00  1.00000E-04  2.23107E-11
  5.82000E-01  1.00000E+00  1.00000E-04  0.00000E+00
  5.83000E-01  1.00000E+00  1.00000E-04 -6.69285E-11
  5.84000E-01  1.00000E+00  1.00000E-04  1.48801E-11
  5.85000E-01  1.00000E+00  1.00000E-04  1.48787E-11
  5.86000E-01  1.00000E+00  1.00000E-04  1.48806E-11
  5.87000E-01  1.00000E+00  1.00000E-04  0.00000E+00
  5.88000E-01  1.00000E+00  1.00000E-04  0.00000E+00
  5.89000E-01  1.00000E+00  1.00000E-04  0.00000E+00
  5.90000E-01  1.00000E+00  1.00000E-04  0.00000E+00
  5.91000E-01  1.00000E+00  1.00000E-04  0.00000E+00
  5.92000E-01  1.00000E+00  1.00000E-04  0.00000E+00
  5.93000E-01  1.00000E+00  1.00000E-04  6.69542E-11
  5.94000E-01  1.00000E+00  1.00000E-04 -1.03418E-16
  5.95000E-01  1.00000E+00  1.00000E-04 -9.40164E-17
  5.96000E-01  1.00000E+00  1.00000E-04  0.00000E+00
  5.97000E-01  1.00000E+00  1.00000E-04  3.58972E-16
  5.98000E-01  1.00000E+00  1.00000E-04  1.03418E-16
  5.99000E-01  1.00000E+00  1.00000E-04 -6.69283E-11
  6.00000E-01  1.00000E+00  1.00000E-04  0.00000E+00
  6.01000E-01  1.00000E+00  1.00000E-04 -8.59016E-10
  6.02000E-01  1.00000E+00  1.00000E-04 -1.21307E-07
  6.03000E-01  1.00000E+00  1.00141E-04  9.13789E-11
  6.04000E-01  1.00000E+00  1.00000E-04  1.21202E-07
  6.05000E-01  1.00000E+00  1.00000E-04  8.62023E-10
  6.06000E-01  1.00000E+00  1.00000E-04  2.09968E-10
  6.07000E-01  9.99999E-01  9.99999E-05 -9.12741E-12
  6.08000E-01  1.00000E+00  1.00000E-04 -8.92629E-11
  6.09000E-01  9.99999E-01  9.99999E-05  2.23108E-11
  6.10000E-01  1.00000E+00  1.00000E-04 -1.11538E-10
  6.11000E-01  1.00000E+00  1.00000E-04 -2.23166E-11
  6.12000E-01  1.00000E+00  1.00000E-04  6.69513E-11
  6.13000E-01  1.00000E+00  1.00000E-04  0.00000E+00
  6.14000E-01  1.00000E+00  1.00000E-04 -6.69540E-11
  6.15000E-01  1.00000E+00  1.00000E-04  0.00000E+00
  6.16000E-01  1.00000E+00  1.00000E-04  0.00000E+00
  6.17000E-01  1.00000E+00  1.00000E-04  0.00000E+00
  6.18000E-01  1.00000E+00  1.00000E-04  0.00000E+00
  6.19000E-01  1.00000E+00  1.00000E-04  0.00000E+00
  6.20000E-01  1.00000E+00  1.00000E-04  0.00000E+00
  6.21000E-01  1.00000E+00  1.00000E-04  6.69293E-11
  6.22000E-01  1.00000E+00  1.00000E-04 -4.46178E-11
  6.23000E-01  1.00000E+00  1.00000E-04 -6.69507E-11
  6.24000E-01  1.00000E+00  1.00000E-04  2.23185E-11
  6.25000E-01  1.00000E+00  1.00000E-04  2.23173E-11
  6.26000E-01  1.00000E+00  1.00000E-04  0.00000E+00
  6.27000E-01  1.00000E+00  1.00000E-04 -2.23172E-11
  6.28000E-01  1.00000E+00  1.00000E-04  4.46202E-11
  6.29000E-01  1.00000E+00  1.00000E-04  0.00000E+00
  6.30000E-01  1.00000E+00  1.00000E-04 -1.13760E-16
  6.31000E-01  1.00000E+00  1.00000E-04  1.03418E-17
  6.32000E-01  1.00000E+00  1.00000E-04 -6.82979E-17
  6.33000E-01  1.00000E+00  1.00000E-04  8.62465E-17
  6.34000E-01  1.00000E+00  1.00000E-04  8.54695E-17
  6.35000E-01  1.00000E+00  1.00000E-04  0.00000E+00
  6.36000E-01  1.00000E+00  1.00000E-04 -2.23080E-11
  6.37000E-01  1.00000E+00  1.00000E-04 -2.23196E-11
  6.38000E-01  1.00000E+00  1.00000E-04  2.23171E-11
  6.39000E-01  1.00000E+00  1.00000E-04  2.23113E-11
  6.40000E-01  1.00000E+00  1.00000E-04  4.46307E-11
  6.41000E-01  1.00000E+00  1.00000E-04 -1.63169E-16
  6.42000E-01  1.00000E+00  1.00000E-04 -6.69365E-11
  6.43000E-01  1.00000E+00  1.00000E-04 -7.76996E-17
  6.44000E-01  1.00000E+00  1.00000E-04 -7.76995E-18
  6.45000E-01  1.00000E+00  1.00000E-04  8.54695E-17
  6.46000E-01  1.00000E+00  1.00000E-04  2.23174E-11
  6.47000E-01  1.00000E+00  1.00000E-04 -7.76996E-17
  6.48000E-01  1.00000E+00  1.00000E-04  2.23174E-11
  6.49000E-01  1.00000E+00  1.00000E-04  1.33844E-10
  6.50000E-01  9.99999E-01  9.99999E-05 -8.92466E-11
  6.51000E-01  1.00000E+00  1.00000E-04 -8.92820E-11
  6.52000E-01  1.00000E+00  1.00000E-04 -2.23166E-11
  6.53000E-01  1.00000E+00  1.00000E-04  2.23207E-11
  6.54000E-01  1.00000E+00  1.00000E-04 -1.01786E-16
  6.55000E-01  1.00000E+00  1.00000E-04 -1.33901E-10
  6.56000E-01  1.00000E+00  1.00000E-04 -9.40165E-17
  6.57000E-01  1.00000E+00  1.00000E-04  2.23201E-11
  6.58000E-01  1.00000E+00  1.00000E-04  1.33906E-10
  6.59000E-01  1.00000E+00  1.00000E-04 -4.46355E-11
  6.60000E-01  1.00000E+00  1.00000E-04 -2.23114E-11
  6.61000E-01  1.00000E+00  1.00000E-04  1.33867E-10
  6.62000E-01  1.00000E+00  1.00000E-04 -8.92683E-11
  6.63000E-01  1.00000E+00  1.00000E-04  8.54695E-17
  6.64000E-01  1.00000E+00  1.00000E-04  7.76996E-17
  6.65000E-01  1.00000E+00  1.00000E-04 -2.23114E-11
  6.66000E-01  1.00000E+00  1.00000E-04  4.90737E-10
  6.67000E-01  9.99998E-01  9.99998E-05 -1.33862E-10
  6.68000E-01  1.00000E+00  1.00000E-04 -2.90029E-10
  6.69000E-01  1.00000E+00  1.00000E-04  2.23187E-11
  6.70000E-01  1.00000E+00  1.00000E-04 -2.67847E-10
  6.71000E-01  1.00000E+00  1.00000E-04  0.00000E+00
  6.72000E-01  1.00000E+00  1.00000E-04  2.45513E-10
  6.73000E-01  1.00000E+00  1.00000E-04  6.69282E-11
  6.74000E-01  1.00000E+00  1.00000E-04 -4.46292E-11
  6.75000E-01  1.00000E+00  1.00000E-04 -2.97472E-11
  6.76000E-01  1.00000E+00  1.00000E-04 -2.97475E-11
  6.77000E-01  1.00000E+00  1.00000E-04 -2.97464E-11
  6.78000E-01  1.00000E+00  1.00000E-04  6.69453E-11
  6.79000E-01  1.00000E+00  1.00000E-04 -1.11596E-10
  6.80000E-01  1.00000E+00  1.00000E-04  4.46386E-11
  6.81000E-01  1.00000E+00  9.99999E-05  2.45396E-10
  6.82000E-01  9.99999E-01  9.99999E-05 -1.78472E-10
  6.83000E-01  1.00000E+00  1.00000E-04  1.11551E-11
  6.84000E-01  1.00000E+00  1.00000E-04  1.11535E-11
  6.85000E-01  1.00000E+00  1.00000E-04 -4.46225E-11
  6.86000E-01  1.00000E+00  1.00000E-04  1.11593E-10
  6.87000E-01  9.99999E-01  9.99999E-05 -2.23101E-11
  6.88000E-01  1.00000E+00  1.00000E-04 -1.11550E-10
  6.89000E-01  1.00000E+00  1.00000E-04  6.69134E-11
  6.90000E-01  1.00000E+00  1.00000E-04 -2.05458E-15
  6.91000E-01  1.00000E+00  1.00000E-04  4.01622E-10
  6.92000E-01  9.99999E-01  9.99997E-05 -1.78443E-10
  6.93000E-01  1.00000E+00  1.00000E-04 -3.12416E-10
  6.94000E-01  1.00000E+00  9.99999E-05 -4.46021E-11
  6.95000E-01  1.00000E+00  1.00000E-04 -2.82434E-10
  6.96000E-01  1.00000E+00  1.00000E-04  1.42018E-09
  6.97000E-01  9.99995E-01  9.99994E-05 -1.56163E-10
  6.98000E-01  1.00000E+00  1.00000E-04 -9.06127E-10
  6.99000E-01  1.00000E+00  1.00000E-04 -8.56369E-12
  7.00000E-01  1.00000E+00  1.00000E-04  0.00000E+00
  7.01000E-01  1.00000E+00  1.00000E-04  0.00000E+00
  7.02000E-01  1.00000E+00  1.00000E-04  0.00000E+00
  7.03000E-01  1.00000E+00  1.00000E-04  0.00000E+00
  7.04000E-01  1.00000E+00  1.00000E-04  0.00000E+00
  7.05000E-01  1.00000E+00  1.00000E-04  1.56214E-10
  7.06000E-01  1.00000E+00  9.99999E-05  8.92409E-11
  7.07000E-01  1.00000E+00  1.00000E-04 -4.23952E-10
  7.08000E-01  1.00000E+00  1.00000E-04  6.69501E-11
  7.09000E-01  1.00000E+00  1.00000E-04  1.11562E-10
  7.10000E-01  1.00000E+00  1.00000E-04  0.00000E+00
  7.11000E-01  1.00000E+00  1.00000E-04  0.00000E+00
  7.12000E-01  1.00000E+00  1.00000E-04  0.00000E+00
  7.13000E-01  1.00000E+00  1.00000E-04  0.00000E+00
  7.14000E-01  1.00000E+00  1.00000E-04  0.00000E+00
  7.15000E-01  1.00000E+00  1.00000E-04  0.00000E+00
  7.16000E-01  1.00000E+00  1.00000E-04  0.00000E+00
  7.17000E-01  1.00000E+00  1.00000E-04 -2.23125E-11
  7.18000E-01  1.00000E+00  1.00000E-04  0.00000E+00
  7.19000E-01  1.00000E+00  1.00000E-04  2.23184E-11
  7.20000E-01  1.00000E+00  1.00000E-04 -1.08226E-09
  7.21000E-01  1.00000E+00  1.00000E-04 -1.52884E-07
  7.22000E-01  1.00000E+00  1.00177E-04 -2.39051E-14
  7.23000E-01  1.00000E+00  1.00000E-04  1.52877E-07
  7.24000E-01  1.00000E+00  1.00000E-04  1.02110E-09
  7.25000E-01  1.00000E+00  1.00000E-04  1.86693E-11
  7.26000E-01  1.00000E+00  1.00000E-04  4.46197E-11
  7.27000E-01  1.00000E+00  1.00000E-04  0.00000E+00
  7.28000E-01  1.00000E+00  1.00000E-04  0.00000E+00
  7.29000E-01  1.00000E+00  1.00000E-04  0.00000E+00
  7.30000E-01  1.00000E+00  1.00000E-04  0.00000E+00
  7.31000E-01  1.00000E+00  1.00000E-04  0.00000E+00
  7.32000E-01  1.00000E+00  1.00000E-04  0.00000E+00
  7.33000E-01  1.00000E+00  1.00000E-04  0.00000E+00
  7.34000E-01  1.00000E+00  1.00000E-04  0.00000E+00
  7.35000E-01  1.00000E+00  1.00000E-04  0.00000E+00
  7.36000E-01  1.00000E+00  1.00000E-04  0.00000E+00
  7.37000E-01  1.00000E+00  1.00000E-04  0.00000E+00
  7.38000E-01  1.00000E+00  1.00000E-04  0.00000E+00
  7.39000E-01  1.00000E+00  1.00000E-04  0.00000E+00
  7.40000E-01  1.00000E+00  1.00000E-04  0.00000E+00
  7.41000E-01  1.00000E+00  1.00000E-04  0.00000E+00
  7.42000E-01  1.00000E+00  1.00000E-04 -4.46300E-11
  7.43000E-01  1.00000E+00  1.00000E-04 -2.23171E-11
  7.44000E-01  1.00000E+00  1.00000E-04  6.69483E-11
  7.45000E-01  1.00000E+00  1.00000E-04  7.76995E-17
  7.46000E-01  1.00000E+00  1.00000E-04  0.00000E+00
  7.47000E-01  1.00000E+00  1.00000E-04  0.00000E+00
  7.48000E-01  1.00000E+00  1.00000E-04  0.00000E+00
  7.49000E-01  1.00000E+00  1.00000E-04 -2.23163E-11
  7.50000E-01  1.00000E+00  1.00000E-04 -2.23157E-11
  7.51000E-01  1.00000E+00  1.00000E-04  4.46311E-11
  7.52000E-01  1.00000E+00  1.00000E-04  2.23093E-11
  7.53000E-01  1.00000E+00  1.00000E-04 -2.23094E-11
  7.54000E-01  1.00000E+00  1.00000E-04  0.00000E+00
  7.55000E-01  1.00000E+00  1.00000E-04  2.23164E-11
  7.56000E-01  1.00000E+00  1.00000E-04  0.00000E+00
  7.57000E-01  1.00000E+00  1.00000E-04 -2.23138E-11
  7.58000E-01  1.00000E+00  1.00000E-04  0.00000E+00
  7.59000E-01  1.00000E+00  1.00000E-04  0.00000E+00
  7.60000E-01  1.00000E+00  1.00000E-04  0.00000E+00
  7.61000E-01  1.00000E+00  1.00000E-04  0.00000E+00
  7.62000E-01  1.00000E+00  1.00000E-04  0.00000E+00
  7.63000E-01  1.00000E+00  1.00000E-04  0.00000E+00
  7.64000E-01  1.00000E+00  1.00000E-04  0.00000E+00
  7.65000E-01  1.00000E+00  1.00000E-04  0.00000E+00
  7.66000E-01  1.00000E+00  1.00000E-04  2.23135E-11
  7.67000E-01  1.00000E+00  1.00000E-04  0.00000E+00
  7.68000E-01  1.00000E+00  1.00000E-04 -2.23163E-11
  7.69000E-01  1.00000E+00  1.00000E-04 -1.33889E-10
  7.70000E-01  1.00000E+00  1.00000E-04  0.00000E+00
  7.71000E-01  1.00000E+00  1.00000E-04 -8.70359E-10
  7.72000E-01  1.00000E+00  1.00000E-04 -1.41380E-07
  7.73000E-01  1.00000E+00  1.00164E-04 -2.81743E-12
  7.74000E-01  1.00000E+00  1.00000E-04  1.40308E-07
  7.75000E-01  1.00000E+00  1.00000E-04 -1.52610E-07
  7.76000E-01  1.00000E+00  1.00178E-04  2.67622E-12
  7.77000E-01  1.00000E+00  1.00000E-04  1.53627E-07
  7.78000E-01  1.00000E+00  1.00000E-04  1.15325E-09
  7.79000E-01  1.00000E+00  1.00000E-04  0.00000E+00
  7.80000E-01  1.00000E+00  1.00000E-04 -6.69425E-11
  7.81000E-01  1.00000E+00  1.00000E-04  2.23137E-11
  7.82000E-01  1.00000E+00  1.00000E-04  0.00000E+00
  7.83000E-01  1.00000E+00  1.00000E-04 -2.23117E-11
  7.84000E-01  1.00000E+00  1.00000E-04  6.69556E-11
  7.85000E-01  1.00000E+00  1.00000E-04  0.00000E+00
  7.86000E-01  1.00000E+00  1.00000E-04 -6.69490E-11
  7.87000E-01  1.00000E+00  1.00000E-04  0.00000E+00
  7.88000E-01  1.00000E+00  1.00000E-04  0.00000E+00
  7.89000E-01  1.00000E+00  1.00000E-04  0.00000E+00
  7.90000E-01  1.00000E+00  1.00000E-04  0.00000E+00
  7.91000E-01  1.00000E+00  1.00000E-04  0.00000E+00
  7.92000E-01  1.00000E+00  1.00000E-04 -2.23103E-11
  7.93000E-01  1.00000E+00  1.00000E-04  0.00000E+00
  7.94000E-01  1.00000E+00  1.00000E-04  2.23102E-11
  7.95000E-01  1.00000E+00  1.00000E-04 -2.23167E-11
  7.96000E-01  1.00000E+00  1.00000E-04  0.00000E+00
  7.97000E-01  1.00000E+00  1.00000E-04  2.23137E-11
  7.98000E-01  1.00000E+00  1.00000E-04  8.92538E-11
  7.99000E-01  9.99999E-01  9.99999E-05  0.00000E+00
  8.00000E-01  1.00000E+00  1.00000E-04 -8.92546E-11
  8.01000E-01  1.00000E+00  1.00000E-04  8.92739E-11
  8.02000E-01  9.99999E-01  9.99999E-05  0.00000E+00
  8.03000E-01  1.00000E+00  1.00000E-04 -8.92423E-11
  8.04000E-01  1.00000E+00  1.00000E-04  0.00000E+00
  8.05000E-01  1.00000E+00  1.00000E-04 -8.58043E-10
  8.06000E-01  1.00000E+00  1.00000E-04 -1.21179E-07
  8.07000E-01  1.00000E+00  1.00141E-04 -2.23594E-12
  8.08000E-01  1.00000E+00  1.00000E-04  1.20323E-07
  8.09000E-01  1.00000E+00  1.00000E-04 -1.20312E-07
  8.10000E-01  1.00000E+00  1.00141E-04  2.28156E-12
  8.11000E-01  1.00000E+00  1.00000E-04  1.21182E-07
  8.12000E-01  1.00000E+00  1.00000E-04  9.23626E-10
  8.13000E-01  1.00000E+00  1.00000E-04  0.00000E+00
  8.14000E-01  1.00000E+00  1.00000E-04 -6.69422E-11
  8.15000E-01  1.00000E+00  1.00000E-04  6.69539E-11
  8.16000E-01  1.00000E+00  1.00000E-04  2.23130E-11
  8.17000E-01  1.00000E+00  1.00000E-04 -1.33880E-10
  8.18000E-01  1.00000E+00  1.00000E-04  2.23175E-11
  8.19000E-01  1.00000E+00  1.00000E-04  2.23135E-11
  8.20000E-01  1.00000E+00  1.00000E-04  0.00000E+00
  8.21000E-01  1.00000E+00  1.00000E-04  0.00000E+00
  8.22000E-01  1.00000E+00  1.00000E-04  0.00000E+00
  8.23000E-01  1.00000E+00  1.00000E-04  4.46270E-11
  8.24000E-01  1.00000E+00  1.00000E-04  2.47443E-16
  8.25000E-01  1.00000E+00  1.00000E-04 -2.23197E-11
  8.26000E-01  1.00000E+00  1.00000E-04  7.76995E-17
  8.27000E-01  1.00000E+00  1.00000E-04 -2.23147E-11
  8.28000E-01  1.00000E+00  1.00000E-04  0.00000E+00
  8.29000E-01  1.00000E+00  1.00000E-04  2.23144E-11
  8.30000E-01  1.00000E+00  1.00000E-04  0.00000E+00
  8.31000E-01  1.00000E+00  1.00000E-04 -2.23172E-11
  8.32000E-01  1.00000E+00  1.00000E-04  0.00000E+00
  8.33000E-01  1.00000E+00  1.00000E-04  0.00000E+00
  8.34000E-01  1.00000E+00  1.00000E-04  4.46389E-11
  8.35000E-01  1.00000E+00  1.00000E-04  0.00000E+00
  8.36000E-01  1.00000E+00  1.00000E-04 -4.46327E-11
  8.37000E-01  1.00000E+00  1.00000E-04  0.00000E+00
  8.38000E-01  1.00000E+00  1.00000E-04 -1.06013E-09
  8.39000E-01  1.00000E+00  1.00000E-04 -1.49774E-07
  8.40000E-01  1.00000E+00  1.00174E-04 -9.14208E-11
  8.41000E-01  1.00000E+00  1.00000E-04  1.49889E-07
  8.42000E-01  1.00000E+00  1.00000E-04  1.10484E-09
  8.43000E-01  1.00000E+00  1.00000E-04  8.54695E-17
  8.44000E-01  1.00000E+00  1.00000E-04 -4.46314E-11
  8.45000E-01  1.00000E+00  1.00000E-04  2.23170E-11
  8.46000E-01  1.00000E+00  1.00000E-04  0.00000E+00
  8.47000E-01  1.00000E+00  1.00000E-04 -4.46281E-11
  8.48000E-01  1.00000E+00  1.00000E-04  2.23220E-11
  8.49000E-01  1.00000E+00  1.00000E-04  0.00000E+00
  8.50000E-01  1.00000E+00  1.00000E-04  0.00000E+00
  8.51000E-01  1.00000E+00  1.00000E-04 -1.11575E-11
  8.52000E-01  1.00000E+00  1.00000E-04 -1.11582E-11
  8.53000E-01  1.00000E+00  1.00000E-04  4.46236E-11
  8.54000E-01  1.00000E+00  1.00000E-04  9.19899E-12
  8.55000E-01  1.00000E+00  1.00000E-04  9.49918E-10
  8.56000E-01  9.99994E-01  9.99994E-05 -5.81046E-16
  8.57000E-01  1.00000E+00  1.00000E-04 -9.69977E-10
  8.58000E-01  1.00000E+00  1.00000E-04  1.89108E-10
  8.59000E-01  9.99999E-01  9.99999E-05  8.54695E-17
  8.60000E-01  1.00000E+00  1.00000E-04 -2.00836E-10
  8.61000E-01  1.00000E+00  1.00000E-04  0.00000E+00
  8.62000E-01  1.00000E+00  1.00000E-04  0.00000E+00
  8.63000E-01  1.00000E+00  1.00000E-04  0.00000E+00
  8.64000E-01  1.00000E+00  1.00000E-04  0.00000E+00
  8.65000E-01  1.00000E+00  1.00000E-04  0.00000E+00
  8.66000E-01  1.00000E+00  1.00000E-04  2.23159E-11
  8.67000E-01  1.00000E+00  1.00000E-04  4.46320E-11
  8.68000E-01  1.00000E+00  1.00000E-04 -6.69497E-11
  8.69000E-01  1.00000E+00  1.00000E-04  0.00000E+00
  8.70000E-01  1.00000E+00  1.00000E-04  0.00000E+00
  8.71000E-01  1.00000E+00  1.00000E-04  2.23190E-11
  8.72000E-01  1.00000E+00  1.00000E-04  6.69389E-11
  8.73000E-01  1.00000E+00  1.00000E-04 -1.33887E-10
  8.74000E-01  1.00000E+00  1.00000E-04  2.23186E-11
  8.75000E-01  1.00000E+00  1.00000E-04  2.23130E-11
  8.76000E-01  1.00000E+00  1.00000E-04  4.46217E-11
  8.77000E-01  1.00000E+00  1.00000E-04  0.00000E+00
  8.78000E-01  1.00000E+00  1.00000E-04 -6.69450E-11
  8.79000E-01  1.00000E+00  1.00000E-04  6.69545E-11
  8.80000E-01  1.00000E+00  1.00000E-04  2.23189E-11
  8.81000E-01  1.00000E+00  1.00000E-04  2.00784E-10
  8.82000E-01  9.99998E-01  9.99998E-05  7.76995E-17
  8.83000E-01  1.00000E+00  1.00000E-04 -2.67723E-10
  8.84000E-01  1.00000E+00  1.00000E-04  2.23144E-11
  8.85000E-01  1.00000E+00  1.00000E-04  0.00000E+00
  8.86000E-01  1.00000E+00  1.00000E-04 -2.23197E-11
  8.87000E-01  1.00000E+00  1.00000E-04  0.00000E+00
  8.88000E-01  1.00000E+00  1.00000E-04  0.00000E+00
  8.89000E-01  1.00000E+00  1.00000E-04  2.23166E-11
  8.90000E-01  1.00000E+00  1.00000E-04  0.00000E+00
  8.91000E-01  1.00000E+00  1.00000E-04 -2.23101E-11
  8.92000E-01  1.00000E+00  1.00000E-04  0.00000E+00
  8.93000E-01  1.00000E+00  1.00000E-04  0.00000E+00
  8.94000E-01  1.00000E+00  1.00000E-04  0.00000E+00
  8.95000E-01  1.00000E+00  1.00000E-04  2.23157E-11
  8.96000E-01  1.00000E+00  1.00000E-04 -2.23181E-11
  8.97000E-01  1.00000E+00  1.00000E-04  0.00000E+00
  8.98000E-01  1.00000E+00  1.00000E-04  0.00000E+00
  8.99000E-01  1.00000E+00  1.00000E-04 -2.44871E-16
  9.00000E-01  1.00000E+00  1.00000E-04  1.14794E-16
  9.01000E-01  1.00000E+00  1.00000E-04  1.30077E-16
  9.02000E-01  1.00000E+00  1.00000E-04  0.00000E+00
  9.03000E-01  1.00000E+00  1.00000E-04 -1.11576E-11
  9.04000E-01  1.00000E+00  1.00000E-04 -1.11571E-11
  9.05000E-01  1.00000E+00  1.00000E-04  8.54695E-17
  9.06000E-01  1.00000E+00  1.00000E-04 -4.46330E-11
  9.07000E-01  1.00000E+00  1.00000E-04  4.46407E-11
  9.08000E-01  1.00000E+00  1.00000E-04  2.23099E-11
  9.09000E-01  1.00000E+00  1.00000E-04  2.23150E-11
  9.10000E-01  1.00000E+00  1.00000E-04 -1.11574E-11
  9.11000E-01  1.00000E+00  1.00000E-04 -1.11562E-11
  9.12000E-01  1.00000E+00  1.00000E-04  7.76995E-17
  9.13000E-01  1.00000E+00  1.00000E-04  0.00000E+00
  9.14000E-01  1.00000E+00  1.00000E-04  0.00000E+00
  9.15000E-01  1.00000E+00  1.00000E-04  0.00000E+00
  9.16000E-01  1.00000E+00  1.00000E-04  8.92542E-11
  9.17000E-01  9.99999E-01  9.99999E-05  0.00000E+00
  9.18000E-01  1.00000E+00  1.00000E-04 -8.92711E-11
  9.19000E-01  1.00000E+00  1.00000E-04  0.00000E+00
  9.20000E-01  1.00000E+00  1.00000E-04  0.00000E+00
  9.21000E-01  1.00000E+00  1.00000E-04  1.11585E-10
  9.22000E-01  9.99999E-01  9.99999E-05  3.02648E-16
  9.23000E-01  1.00000E+00  1.00000E-04 -6.69276E-11
  9.24000E-01  1.00000E+00  1.00000E-04  6.69211E-11
  9.25000E-01  1.00000E+00  1.00000E-04 -6.69219E-11
  9.26000E-01  1.00000E+00  1.00000E-04 -4.46243E-11
  9.27000E-01  1.00000E+00  1.00000E-04  0.00000E+00
  9.28000E-01  1.00000E+00  1.00000E-04 -2.33099E-16
  9.29000E-01  1.00000E+00  1.00000E-04  7.76995E-17
  9.30000E-01  1.00000E+00  1.00000E-04  7.76995E-17
  9.31000E-01  1.00000E+00  1.00000E-04  2.23113E-11
  9.32000E-01  1.00000E+00  1.00000E-04  7.32553E-12
  9.33000E-01  1.00000E+00  1.00000E-04 -7.32560E-12
  9.34000E-01  1.00000E+00  1.00000E-04 -2.23180E-11
  9.35000E-01  1.00000E+00  1.00000E-04  0.00000E+00
  9.36000E-01  1.00000E+00  1.00000E-04 -4.46226E-11
  9.37000E-01  1.00000E+00  1.00000E-04  0.00000E+00
  9.38000E-01  1.00000E+00  1.00000E-04  1.33861E-10
  9.39000E-01  1.00000E+00  1.00000E-04  0.00000E+00
  9.40000E-01  1.00000E+00  1.00000E-04 -1.33901E-10
  9.41000E-01  1.00000E+00  1.00000E-04  0.00000E+00
  9.42000E-01  1.00000E+00  1.00000E-04  1.56171E-10
  9.43000E-01  1.00000E+00  1.00000E-04 -2.23082E-11
  9.44000E-01  1.00000E+00  1.00000E-04 -2.23178E-11
  9.45000E-01  1.00000E+00  1.00000E-04  6.02280E-10
  9.46000E-01  9.99996E-01  9.99996E-05  1.78502E-10
  9.47000E-01  1.00000E+00  1.00000E-04 -8.69880E-10
  9.48000E-01  1.00000E+00  1.00000E-04  2.23141E-11
  9.49000E-01  1.00000E+00  1.00000E-04  2.23106E-11
  9.50000E-01  1.00000E+00  1.00000E-04  6.69191E-11
  9.51000E-01  1.00000E+00  1.00000E-04  2.23155E-11
  9.52000E-01  1.00000E+00  1.00000E-04 -2.60109E-12
  9.53000E-01  1.00000E+00  1.00000E-04 -1.97159E-11
  9.54000E-01  1.00000E+00  1.00000E-04 -2.00782E-10
  9.55000E-01  1.00000E+00  1.00000E-04  6.69546E-11
  9.56000E-01  1.00000E+00  1.00000E-04  6.69615E-11
  9.57000E-01  1.00000E+00  1.00000E-04  2.23194E-11
  9.58000E-01  1.00000E+00  1.00000E-04  4.46244E-11
  9.59000E-01  1.00000E+00  1.00000E-04 -1.33839E-10
  9.60000E-01  1.00000E+00  1.00000E-04  2.23082E-11
  9.61000E-01  1.00000E+00  1.00000E-04  2.23156E-11
  9.62000E-01  1.00000E+00  1.00000E-04 -4.46217E-11
  9.63000E-01  1.00000E+00  1.00000E-04 -8.92779E-11
  9.64000E-01  1.00000E+00  1.00000E-04  2.23156E-10
  9.65000E-01  1.00000E+00  1.00000E-04  2.23126E-11
  9.66000E-01  1.00000E+00  1.00000E-04 -2.67676E-10
  9.67000E-01  1.00000E+00  1.00000E-04  8.92852E-11
  9.68000E-01  1.00000E+00  1.00000E-04 -1.21530E-16
  9.69000E-01  1.00000E+00  1.00000E-04 -2.23199E-11
  9.70000E-01  1.00000E+00  1.00000E-04  2.23157E-11
  9.71000E-01  1.00000E+00  1.00000E-04  1.56142E-10
  9.72000E-01  9.99999E-01  9.99999E-05  4.46327E-11
  9.73000E-01  1.00000E+00  1.00000E-04  7.13941E-10
  9.74000E-01  9.99995E-01  9.99995E-05  4.46176E-11
  9.75000E-01  1.00000E+00  1.00000E-04 -9.26835E-10
  9.76000E-01  1.00000E+00  1.00000E-04  7.91898E-11
  9.77000E-01  1.00000E+00  9.99999E-05  6.69408E-11
  9.78000E-01  1.00000E+00  1.00000E-04 -2.00800E-10
  9.79000E-01  9.99999E-01  1.00000E-04  1.47978E-15
  9.80000E-01  1.00000E+00  1.00000E-04  4.90675E-10
  9.81000E-01  9.99998E-01  9.99998E-05  2.23188E-11
  9.82000E-01  1.00000E+00  1.00000E-04 -6.46864E-10
  9.83000E-01  1.00000E+00  1.00000E-04  8.92495E-11
  9.84000E-01  1.00000E+00  1.00000E-04  5.73651E-12
  9.85000E-01  1.00000E+00  1.00000E-04  7.52832E-10
  9.86000E-01  9.99996E-01  9.99995E-05 -6.24507E-10
  9.87000E-01  1.00001E+00  1.00001E-04 -7.81025E-10
  9.88000E-01  1.00000E+00  1.00000E-04  5.43684E-10
  9.89000E-01  1.00000E+00  1.00000E-04  2.94823E-09
  9.90000E-01  9.99981E-01  9.99981E-05  2.64220E-10
  9.91000E-01  1.00000E+00  1.00000E-04 -2.94771E-09
  9.92000E-01  1.00000E+00  1.00000E-04 -2.79481E-11
  9.93000E-01  1.00000E+00  1.00000E-04  0.00000E+00
  9.94000E-01  1.00000E+00  1.00000E-04 -4.46238E-11
  9.95000E-01  1.00000E+00  1.00000E-04  0.00000E+00
  9.96000E-01  1.00000E+00  1.00000E-04  4.46345E-11
  9.97000E-01  1.00000E+00  1.00000E-04  0.00000E+00
  9.98000E-01  1.00000E+00  1.00000E-04  0.00000E+00
  9.99000E-01  1.00000E+00  1.00000E-04  0.00000E+00
