  0.00000E+00  5.87442E-05  1.07716E-01  8.73604E-04
  1.00000E-02  5.87445E-05  1.07716E-01  2.63251E-03
  2.00000E-02  5.87454E-05  1.07716E-01  4.50691E-03
  3.00000E-02  5.87479E-05  1.07717E-01  6.56980E-03
  4.00000E-02  5.87601E-05  1.07719E-01  8.79396E-03
  5.00000E-02  5.88032E-05  1.07721E-01  1.09881E-02
  6.00000E-02  5.88763E-05  1.07723E-01  1.29781E-02
  7.00000E-02  5.89680E-05  1.07725E-01  1.48443E-02
  8.00000E-02  5.90476E-05  1.07726E-01  1.66348E-02
  9.00000E-02  5.91055E-05  1.07727E-01  1.82984E-02
  1.00000E-01  5.91550E-05  1.07727E-01  1.99256E-02
  1.10000E-01  5.93000E-05  1.07728E-01  2.16337E-02
  1.20000E-01  6.02422E-05  1.07729E-01  2.33182E-02
  1.30000E-01  6.28309E-05  1.07730E-01  2.48836E-02
  1.40000E-01  6.69127E-05  1.07731E-01  2.63317E-02
  1.50000E-01  7.19549E-05  1.07731E-01  2.76837E-02
  1.60000E-01  7.76952E-05  1.07731E-01  2.91085E-02
  1.70000E-01  8.39967E-05  1.07731E-01  3.06951E-02
  1.80000E-01  9.09408E-05  1.07731E-01  3.24655E-02
  1.90000E-01  9.86975E-05  1.07731E-01  3.42182E-02
  2.00000E-01  1.07162E-04  1.07731E-01  3.59154E-02
  2.10000E-01  1.16681E-04  1.07731E-01  3.76000E-02
  2.20000E-01  1.27348E-04  1.07731E-01  3.93082E-02
  2.30000E-01  1.39573E-04  1.07729E-01  4.10523E-02
  2.40000E-01  1.53874E-04  1.07727E-01  4.28909E-02
  2.50000E-01  1.70499E-04  1.07726E-01  4.46591E-02
  2.60000E-01  1.90745E-04  1.07724E-01  4.64391E-02
  2.70000E-01  2.14660E-04  1.07724E-01  4.84556E-02
  2.80000E-01  2.43609E-04  1.07724E-01  5.03550E-02
  2.90000E-01  2.78894E-04  1.07724E-01  5.22382E-02
  3.00000E-01  3.22066E-04  1.07724E-01  5.41307E-02
  3.10000E-01  3.73836E-04  1.07725E-01  5.58854E-02
  3.20000E-01  4.36399E-04  1.07725E-01  5.76899E-02
  3.30000E-01  5.09967E-04  1.07728E-01  5.96083E-02
  3.40000E-01  5.95821E-04  1.07733E-01  6.15850E-02
  3.50000E-01  6.93522E-04  1.07739E-01  6.34342E-02
  3.60000E-01  8.02517E-04  1.07741E-01  6.49533E-02
  3.70000E-01  9.23117E-04  1.07743E-01  6.65346E-02
  3.80000E-01  1.05374E-03  1.07742E-01  6.80799E-02
  3.90000E-01  1.19446E-03  1.07739E-01  6.95772E-02
  4.00000E-01  1.34633E-03  1.07738E-01  7.13610E-02
  4.10000E-01  1.50699E-03  1.07737E-01  7.31134E-02
  4.20000E-01  1.67806E-03  1.07738E-01  7.49271E-02
  4.30000E-01  1.85972E-03  1.07739E-01  7.67804E-02
  4.40000E-01  2.04946E-03  1.07742E-01  7.82616E-02
  4.50000E-01  2.25585E-03  1.07750E-01  7.99668E-02
  4.60000E-01  2.47109E-03  1.07758E-01  8.14332E-02
  4.70000E-01  2.70461E-03  1.07765E-01  8.35334E-02
  4.80000E-01  2.94725E-03  1.07765E-01  8.52598E-02
  4.90000E-01  3.22271E-03  1.07769E-01  8.72744E-02
  5.00000E-01  3.48954E-03  1.07778E-01  8.89377E-02
  5.10000E-01  3.83184E-03  1.07787E-01  9.07580E-02
  5.20000E-01  4.10478E-03  1.07788E-01  9.24626E-02
  5.30000E-01  4.55038E-03  1.07806E-01  9.47165E-02
  5.40000E-01  4.81661E-03  1.07812E-01  9.62875E-02
  5.50000E-01  5.38714E-03  1.07822E-01  9.78581E-02
  5.60000E-01  5.67426E-03  1.07823E-01  9.96299E-02
  5.70000E-01  6.31175E-03  1.07849E-01  1.01588E-01
  5.80000E-01  6.66733E-03  1.07864E-01  1.03326E-01
  5.90000E-01  7.37999E-03  1.07884E-01  1.05275E-01
  6.00000E-01  7.75768E-03  1.07888E-01  1.07070E-01
  6.10000E-01  8.57762E-03  1.07918E-01  1.08665E-01
  6.20000E-01  8.99967E-03  1.07931E-01  1.10379E-01
  6.30000E-01  9.87394E-03  1.07966E-01  1.12513E-01
  6.40000E-01  1.03353E-02  1.07979E-01  1.14085E-01
  6.50000E-01  1.13179E-02  1.08009E-01  1.15576E-01
  6.60000E-01  1.18192E-02  1.08024E-01  1.17245E-01
  6.70000E-01  1.28690E-02  1.08067E-01  1.19234E-01
  6.80000E-01  1.34137E-02  1.08090E-01  1.20973E-01
  6.90000E-01  1.45857E-02  1.08140E-01  1.22880E-01
  7.00000E-01  1.51905E-02  1.08161E-01  1.24517E-01
  7.10000E-01  1.64679E-02  1.08220E-01  1.26670E-01
  7.20000E-01  1.71304E-02  1.08252E-01  1.28373E-01
  7.30000E-01  1.85500E-02  1.08316E-01  1.30248E-01
  7.40000E-01  1.92843E-02  1.08351E-01  1.31895E-01
  7.50000E-01  2.08383E-02  1.08428E-01  1.34025E-01
  7.60000E-01  2.16430E-02  1.08460E-01  1.35446E-01
  7.70000E-01  2.33609E-02  1.08522E-01  1.37244E-01
  7.80000E-01  2.42494E-02  1.08556E-01  1.38458E-01
  7.90000E-01  2.61277E-02  1.08629E-01  1.40391E-01
  8.00000E-01  2.70949E-02  1.08654E-01  1.41529E-01
  8.10000E-01  2.91638E-02  1.08727E-01  1.43340E-01
  8.20000E-01  3.02357E-02  1.08767E-01  1.44475E-01
  8.30000E-01  3.25043E-02  1.08870E-01  1.46556E-01
  8.40000E-01  3.36711E-02  1.08921E-01  1.47841E-01
  8.50000E-01  3.61583E-02  1.09048E-01  1.50053E-01
  8.60000E-01  3.74447E-02  1.09111E-01  1.51315E-01
  8.70000E-01  4.01773E-02  1.09246E-01  1.53588E-01
  8.80000E-01  4.15889E-02  1.09311E-01  1.54772E-01
  8.90000E-01  4.45910E-02  1.09469E-01  1.57015E-01
  9.00000E-01  4.61359E-02  1.09545E-01  1.58220E-01
  9.10000E-01  4.93865E-02  1.09721E-01  1.60550E-01
  9.20000E-01  5.10553E-02  1.09811E-01  1.61708E-01
  9.30000E-01  5.45931E-02  1.10002E-01  1.64038E-01
  9.40000E-01  5.64180E-02  1.10100E-01  1.65210E-01
  9.50000E-01  6.03002E-02  1.10325E-01  1.67582E-01
  9.60000E-01  6.22571E-02  1.10432E-01  1.68737E-01
  9.70000E-01  6.65869E-02  1.10684E-01  1.71190E-01
  9.80000E-01  6.85671E-02  1.10797E-01  1.72255E-01
  9.90000E-01  7.43340E-02  1.11134E-01  1.75073E-01
