  0.00000E+00  2.02416E-05  1.82411E+01  5.42277E-03
  1.00000E-03  2.02406E-05  1.82407E+01  1.72276E-02
  2.00000E-03  2.02404E-05  1.82402E+01  2.69260E-02
  3.00000E-03  2.02403E-05  1.82398E+01  4.41212E-02
  4.00000E-03  2.02404E-05  1.82394E+01  7.56461E-02
  5.00000E-03  2.02409E-05  1.82392E+01  1.17634E-01
  6.00000E-03  2.02438E-05  1.82393E+01  1.58046E-01
  7.00000E-03  2.02541E-05  1.82395E+01  1.87231E-01
  8.00000E-03  2.02674E-05  1.82396E+01  2.06464E-01
  9.00000E-03  2.02904E-05  1.82397E+01  2.17207E-01
  1.00000E-02  2.03092E-05  1.82398E+01  2.22733E-01
  1.10000E-02  2.03335E-05  1.82399E+01  2.28056E-01
  1.20000E-02  2.03500E-05  1.82400E+01  2.36974E-01
  1.30000E-02  2.03655E-05  1.82403E+01  2.50201E-01
  1.40000E-02  2.03718E-05  1.82406E+01  2.66963E-01
  1.50000E-02  2.03898E-05  1.82409E+01  2.83436E-01
  1.60000E-02  2.04176E-05  1.82412E+01  3.00221E-01
  1.70000E-02  2.05780E-05  1.82414E+01  3.17202E-01
  1.80000E-02  2.10759E-05  1.82417E+01  3.32716E-01
  1.90000E-02  2.17383E-05  1.82420E+01  3.47762E-01
  2.00000E-02  2.28492E-05  1.82422E+01  3.61849E-01
  2.10000E-02  2.39908E-05  1.82424E+01  3.74168E-01
  2.20000E-02  2.52566E-05  1.82425E+01  3.84513E-01
  2.30000E-02  2.66531E-05  1.82426E+01  3.94709E-01
  2.40000E-02  2.81867E-05  1.82426E+01  4.05682E-01
  2.50000E-02  2.97565E-05  1.82427E+01  4.16573E-01
  2.60000E-02  3.14491E-05  1.82426E+01  4.26997E-01
  2.70000E-02  3.33566E-05  1.82426E+01  4.38845E-01
  2.80000E-02  3.53268E-05  1.82426E+01  4.50343E-01
  2.90000E-02  3.73678E-05  1.82426E+01  4.61645E-01
  3.00000E-02  3.97880E-05  1.82426E+01  4.74160E-01
  3.10000E-02  4.22272E-05  1.82426E+01  4.85975E-01
  3.20000E-02  4.48212E-05  1.82426E+01  4.95316E-01
  3.30000E-02  4.79944E-05  1.82426E+01  5.06454E-01
  3.40000E-02  5.12248E-05  1.82426E+01  5.16967E-01
  3.50000E-02  5.48679E-05  1.82428E+01  5.21917E-01
  3.60000E-02  5.92976E-05  1.82432E+01  5.27640E-01
  3.70000E-02  6.37658E-05  1.82435E+01  5.33653E-01
  3.80000E-02  6.94842E-05  1.82441E+01  5.46827E-01
  3.90000E-02  7.52212E-05  1.82446E+01  5.63335E-01
  4.00000E-02  8.26505E-05  1.82452E+01  5.79582E-01
  4.10000E-02  9.01948E-05  1.82458E+01  6.00340E-01
  4.20000E-02  9.98598E-05  1.82463E+01  6.23495E-01
  4.30000E-02  1.10223E-04  1.82466E+01  6.43185E-01
  4.40000E-02  1.22148E-04  1.82467E+01  6.64722E-01
  4.50000E-02  1.36760E-04  1.82465E+01  6.87948E-01
  4.60000E-02  1.51318E-04  1.82463E+01  7.02943E-01
  4.70000E-02  1.69638E-04  1.82458E+01  7.14946E-01
  4.80000E-02  1.89489E-04  1.82454E+01  7.28895E-01
  4.90000E-02  2.10638E-04  1.82452E+01  7.45019E-01
  5.00000E-02  2.35191E-04  1.82445E+01  7.54810E-01
  5.10000E-02  2.59766E-04  1.82429E+01  7.56096E-01
  5.20000E-02  2.88642E-04  1.82412E+01  7.51117E-01
  5.30000E-02  3.16958E-04  1.82394E+01  7.49489E-01
  5.40000E-02  3.49800E-04  1.82372E+01  7.54362E-01
  5.50000E-02  3.80804E-04  1.82355E+01  7.62168E-01
  5.60000E-02  4.16963E-04  1.82342E+01  7.69350E-01
  5.70000E-02  4.53347E-04  1.82331E+01  7.77306E-01
  5.80000E-02  4.89731E-04  1.82327E+01  7.87437E-01
  5.90000E-02  5.31701E-04  1.82326E+01  7.94133E-01
  6.00000E-02  5.71662E-04  1.82325E+01  8.05439E-01
  6.10000E-02  6.15614E-04  1.82327E+01  8.16299E-01
  6.20000E-02  6.59242E-04  1.82327E+01  8.29754E-01
  6.30000E-02  7.05503E-04  1.82330E+01  8.44506E-01
  6.40000E-02  7.58583E-04  1.82329E+01  8.62300E-01
  6.50000E-02  8.04396E-04  1.82319E+01  8.85656E-01
  6.60000E-02  8.58725E-04  1.82315E+01  9.10274E-01
  6.70000E-02  9.16407E-04  1.82314E+01  9.32912E-01
  6.80000E-02  9.71183E-04  1.82310E+01  9.49023E-01
  6.90000E-02  1.03677E-03  1.82323E+01  9.79072E-01
  7.00000E-02  1.10093E-03  1.82323E+01  1.00381E+00
  7.10000E-02  1.16465E-03  1.82322E+01  1.02231E+00
  7.20000E-02  1.23451E-03  1.82337E+01  1.04642E+00
  7.30000E-02  1.31426E-03  1.82344E+01  1.07532E+00
  7.40000E-02  1.39295E-03  1.82347E+01  1.09559E+00
  7.50000E-02  1.47575E-03  1.82349E+01  1.11372E+00
  7.60000E-02  1.56369E-03  1.82353E+01  1.13468E+00
  7.70000E-02  1.65282E-03  1.82367E+01  1.16577E+00
  7.80000E-02  1.75902E-03  1.82371E+01  1.18671E+00
  7.90000E-02  1.86314E-03  1.82372E+01  1.20481E+00
  8.00000E-02  1.96476E-03  1.82371E+01  1.22354E+00
  8.10000E-02  2.07953E-03  1.82373E+01  1.24173E+00
  8.20000E-02  2.21204E-03  1.82372E+01  1.26042E+00
  8.30000E-02  2.31847E-03  1.82373E+01  1.27852E+00
  8.40000E-02  2.45144E-03  1.82372E+01  1.29743E+00
  8.50000E-02  2.59361E-03  1.82384E+01  1.31821E+00
  8.60000E-02  2.74017E-03  1.82396E+01  1.34436E+00
  8.70000E-02  2.86782E-03  1.82400E+01  1.36224E+00
  8.80000E-02  3.03574E-03  1.82403E+01  1.37934E+00
  8.90000E-02  3.18488E-03  1.82402E+01  1.39776E+00
  9.00000E-02  3.33707E-03  1.82408E+01  1.41246E+00
  9.10000E-02  3.51335E-03  1.82442E+01  1.42475E+00
  9.20000E-02  3.69256E-03  1.82454E+01  1.43961E+00
  9.30000E-02  3.82926E-03  1.82454E+01  1.46050E+00
  9.40000E-02  4.05827E-03  1.82453E+01  1.47882E+00
  9.50000E-02  4.22549E-03  1.82459E+01  1.49689E+00
  9.60000E-02  4.40393E-03  1.82472E+01  1.50860E+00
  9.70000E-02  4.62845E-03  1.82522E+01  1.51452E+00
  9.80000E-02  4.81154E-03  1.82521E+01  1.53287E+00
  9.90000E-02  5.04319E-03  1.82523E+01  1.55064E+00
  1.00000E-01  5.24194E-03  1.82543E+01  1.55783E+00
  1.01000E-01  5.47636E-03  1.82587E+01  1.57062E+00
  1.02000E-01  5.74128E-03  1.82585E+01  1.58842E+00
  1.03000E-01  5.94439E-03  1.82591E+01  1.60411E+00
  1.04000E-01  6.21071E-03  1.82617E+01  1.61011E+00
  1.05000E-01  6.47434E-03  1.82623E+01  1.62517E+00
  1.06000E-01  6.71938E-03  1.82623E+01  1.64392E+00
  1.07000E-01  7.03170E-03  1.82623E+01  1.66184E+00
  1.08000E-01  7.30320E-03  1.82625E+01  1.68026E+00
  1.09000E-01  7.61245E-03  1.82625E+01  1.69839E+00
  1.10000E-01  7.91179E-03  1.82626E+01  1.71664E+00
  1.11000E-01  8.21317E-03  1.82623E+01  1.73405E+00
  1.12000E-01  8.55929E-03  1.82632E+01  1.74924E+00
  1.13000E-01  8.86903E-03  1.82649E+01  1.75811E+00
  1.14000E-01  9.25187E-03  1.82660E+01  1.77185E+00
  1.15000E-01  9.55977E-03  1.82663E+01  1.79004E+00
  1.16000E-01  1.00038E-02  1.82665E+01  1.80779E+00
  1.17000E-01  1.03547E-02  1.82663E+01  1.82618E+00
  1.18000E-01  1.07474E-02  1.82668E+01  1.84316E+00
  1.19000E-01  1.11917E-02  1.82647E+01  1.85268E+00
  1.20000E-01  1.15539E-02  1.82642E+01  1.86623E+00
  1.21000E-01  1.20215E-02  1.82640E+01  1.87894E+00
  1.22000E-01  1.24698E-02  1.82646E+01  1.90135E+00
  1.23000E-01  1.28975E-02  1.82641E+01  1.90898E+00
  1.24000E-01  1.34817E-02  1.82662E+01  1.91172E+00
  1.25000E-01  1.38234E-02  1.82668E+01  1.93348E+00
  1.26000E-01  1.44476E-02  1.82656E+01  1.94655E+00
  1.27000E-01  1.49814E-02  1.82707E+01  1.96882E+00
  1.28000E-01  1.53961E-02  1.82676E+01  1.98272E+00
  1.29000E-01  1.60821E-02  1.82736E+01  2.00759E+00
  1.30000E-01  1.65330E-02  1.82688E+01  2.02465E+00
  1.31000E-01  1.72868E-02  1.82762E+01  2.04090E+00
  1.32000E-01  1.77364E-02  1.82693E+01  2.06301E+00
  1.33000E-01  1.83376E-02  1.82775E+01  2.07081E+00
  1.34000E-01  1.91334E-02  1.82797E+01  2.09476E+00
  1.35000E-01  1.96813E-02  1.82765E+01  2.10116E+00
  1.36000E-01  2.04524E-02  1.82841E+01  2.11840E+00
  1.37000E-01  2.10109E-02  1.82812E+01  2.13621E+00
  1.38000E-01  2.17951E-02  1.82816E+01  2.13721E+00
  1.39000E-01  2.25738E-02  1.82859E+01  2.15502E+00
  1.40000E-01  2.31269E-02  1.82780E+01  2.17337E+00
  1.41000E-01  2.40009E-02  1.82823E+01  2.17832E+00
  1.42000E-01  2.48661E-02  1.82797E+01  2.19837E+00
  1.43000E-01  2.55181E-02  1.82802E+01  2.21998E+00
  1.44000E-01  2.64794E-02  1.82772E+01  2.23225E+00
  1.45000E-01  2.74002E-02  1.82798E+01  2.26362E+00
  1.46000E-01  2.79692E-02  1.82704E+01  2.27644E+00
  1.47000E-01  2.91229E-02  1.82778E+01  2.30050E+00
  1.48000E-01  3.00774E-02  1.82736E+01  2.32393E+00
  1.49000E-01  3.05844E-02  1.82897E+01  2.32833E+00
  1.50000E-01  3.18669E-02  1.83006E+01  2.34382E+00
  1.51000E-01  3.29657E-02  1.83157E+01  2.34994E+00
  1.52000E-01  3.37725E-02  1.83175E+01  2.37353E+00
  1.53000E-01  3.49796E-02  1.83198E+01  2.39388E+00
  1.54000E-01  3.58776E-02  1.83396E+01  2.40622E+00
  1.55000E-01  3.68752E-02  1.83380E+01  2.42543E+00
  1.56000E-01  3.80177E-02  1.83563E+01  2.44817E+00
  1.57000E-01  3.94787E-02  1.83522E+01  2.46159E+00
  1.58000E-01  4.03801E-02  1.83705E+01  2.48626E+00
  1.59000E-01  4.17583E-02  1.83613E+01  2.50436E+00
  1.60000E-01  4.28779E-02  1.83733E+01  2.52254E+00
  1.61000E-01  4.39143E-02  1.83689E+01  2.55023E+00
  1.62000E-01  4.50928E-02  1.83702E+01  2.56659E+00
  1.63000E-01  4.69550E-02  1.83742E+01  2.58398E+00
  1.64000E-01  4.80601E-02  1.83822E+01  2.60485E+00
  1.65000E-01  4.91149E-02  1.83884E+01  2.60734E+00
  1.66000E-01  5.09043E-02  1.84023E+01  2.60684E+00
  1.67000E-01  5.21807E-02  1.84060E+01  2.62958E+00
  1.68000E-01  5.35071E-02  1.84056E+01  2.64320E+00
  1.69000E-01  5.49447E-02  1.84102E+01  2.65572E+00
  1.70000E-01  5.67986E-02  1.84118E+01  2.67172E+00
  1.71000E-01  5.83306E-02  1.84182E+01  2.68266E+00
  1.72000E-01  5.94229E-02  1.84451E+01  2.67974E+00
  1.73000E-01  6.14331E-02  1.84627E+01  2.69837E+00
  1.74000E-01  6.31805E-02  1.84679E+01  2.71030E+00
  1.75000E-01  6.48124E-02  1.84745E+01  2.73200E+00
  1.76000E-01  6.65708E-02  1.84851E+01  2.74626E+00
  1.77000E-01  6.83008E-02  1.84976E+01  2.77383E+00
  1.78000E-01  6.99617E-02  1.84914E+01  2.79968E+00
  1.79000E-01  7.20377E-02  1.85091E+01  2.81245E+00
  1.80000E-01  7.40991E-02  1.85037E+01  2.84896E+00
  1.81000E-01  7.56344E-02  1.85183E+01  2.86442E+00
  1.82000E-01  7.72354E-02  1.85325E+01  2.86347E+00
  1.83000E-01  8.02569E-02  1.85618E+01  2.88923E+00
  1.84000E-01  8.17082E-02  1.85537E+01  2.90019E+00
  1.85000E-01  8.35180E-02  1.85688E+01  2.92233E+00
  1.86000E-01  8.53601E-02  1.85670E+01  2.94312E+00
  1.87000E-01  8.81580E-02  1.85969E+01  2.94358E+00
  1.88000E-01  9.06167E-02  1.86171E+01  2.95684E+00
  1.89000E-01  9.23748E-02  1.86337E+01  2.96647E+00
  1.90000E-01  9.52397E-02  1.86392E+01  2.99327E+00
  1.91000E-01  9.70143E-02  1.86415E+01  3.01008E+00
  1.92000E-01  1.00223E-01  1.86580E+01  3.01814E+00
  1.93000E-01  1.02260E-01  1.86896E+01  3.03655E+00
  1.94000E-01  1.04330E-01  1.87214E+01  3.04219E+00
  1.95000E-01  1.07138E-01  1.87207E+01  3.05887E+00
  1.96000E-01  1.09539E-01  1.87382E+01  3.07335E+00
  1.97000E-01  1.12903E-01  1.87386E+01  3.09818E+00
  1.98000E-01  1.15012E-01  1.87682E+01  3.11526E+00
  1.99000E-01  1.18063E-01  1.88176E+01  3.11497E+00
  2.00000E-01  1.20579E-01  1.88290E+01  3.14222E+00
  2.01000E-01  1.23428E-01  1.88247E+01  3.16644E+00
  2.02000E-01  1.26695E-01  1.88353E+01  3.18237E+00
  2.03000E-01  1.29289E-01  1.88434E+01  3.20786E+00
  2.04000E-01  1.33292E-01  1.88752E+01  3.22639E+00
  2.05000E-01  1.35770E-01  1.89195E+01  3.22528E+00
  2.06000E-01  1.39068E-01  1.89464E+01  3.23837E+00
  2.07000E-01  1.41626E-01  1.89711E+01  3.25625E+00
  2.08000E-01  1.45432E-01  1.89755E+01  3.28458E+00
  2.09000E-01  1.49078E-01  1.89649E+01  3.31952E+00
  2.10000E-01  1.51831E-01  1.89666E+01  3.33933E+00
  2.11000E-01  1.55404E-01  1.89996E+01  3.35969E+00
  2.12000E-01  1.58423E-01  1.90055E+01  3.38824E+00
  2.13000E-01  1.62943E-01  1.90495E+01  3.39078E+00
  2.14000E-01  1.66599E-01  1.91201E+01  3.38619E+00
  2.15000E-01  1.70874E-01  1.92040E+01  3.38018E+00
  2.16000E-01  1.74596E-01  1.92663E+01  3.39791E+00
  2.17000E-01  1.77648E-01  1.92579E+01  3.42321E+00
  2.18000E-01  1.83395E-01  1.92939E+01  3.43983E+00
  2.19000E-01  1.86211E-01  1.92888E+01  3.46659E+00
  2.20000E-01  1.89662E-01  1.92701E+01  3.50571E+00
  2.21000E-01  1.94989E-01  1.92778E+01  3.54004E+00
  2.22000E-01  1.98703E-01  1.93011E+01  3.55686E+00
  2.23000E-01  2.03082E-01  1.93718E+01  3.55153E+00
  2.24000E-01  2.07326E-01  1.94537E+01  3.55051E+00
  2.25000E-01  2.13019E-01  1.95372E+01  3.55199E+00
  2.26000E-01  2.18553E-01  1.96265E+01  3.55458E+00
  2.27000E-01  2.22421E-01  1.96883E+01  3.57281E+00
  2.28000E-01  2.28345E-01  1.96944E+01  3.60585E+00
  2.29000E-01  2.32787E-01  1.96997E+01  3.62687E+00
  2.30000E-01  2.36267E-01  1.97023E+01  3.64840E+00
  2.31000E-01  2.41605E-01  1.97122E+01  3.69648E+00
  2.32000E-01  2.47170E-01  1.97311E+01  3.73765E+00
  2.33000E-01  2.53613E-01  1.98098E+01  3.76130E+00
  2.34000E-01  2.57925E-01  1.98371E+01  3.76757E+00
  2.35000E-01  2.64773E-01  1.99300E+01  3.75904E+00
  2.36000E-01  2.70409E-01  2.00110E+01  3.75861E+00
  2.37000E-01  2.76607E-01  2.01313E+01  3.76112E+00
  2.38000E-01  2.81995E-01  2.01704E+01  3.77810E+00
  2.39000E-01  2.88348E-01  2.01884E+01  3.82373E+00
  2.40000E-01  2.92768E-01  2.01759E+01  3.86278E+00
  2.41000E-01  3.00131E-01  2.01774E+01  3.89511E+00
  2.42000E-01  3.06673E-01  2.02608E+01  3.89978E+00
  2.43000E-01  3.12873E-01  2.03029E+01  3.91141E+00
  2.44000E-01  3.21370E-01  2.04670E+01  3.91481E+00
  2.45000E-01  3.28148E-01  2.06072E+01  3.91965E+00
  2.46000E-01  3.35882E-01  2.07297E+01  3.94785E+00
  2.47000E-01  3.41351E-01  2.07124E+01  3.96939E+00
  2.48000E-01  3.47668E-01  2.07057E+01  4.00658E+00
  2.49000E-01  3.56537E-01  2.07742E+01  4.02385E+00
  2.50000E-01  3.63934E-01  2.07710E+01  4.04685E+00
  2.51000E-01  3.73660E-01  2.09597E+01  4.07216E+00
  2.52000E-01  3.79850E-01  2.11256E+01  4.10852E+00
  2.53000E-01  3.87572E-01  2.11761E+01  4.11000E+00
  2.54000E-01  3.97496E-01  2.12108E+01  4.11550E+00
  2.55000E-01  4.06144E-01  2.11861E+01  4.13806E+00
  2.56000E-01  4.14111E-01  2.13508E+01  4.16642E+00
  2.57000E-01  4.20831E-01  2.14475E+01  4.18215E+00
  2.58000E-01  4.32521E-01  2.15295E+01  4.18488E+00
  2.59000E-01  4.42829E-01  2.16514E+01  4.23241E+00
  2.60000E-01  4.51121E-01  2.17616E+01  4.26978E+00
  2.61000E-01  4.59583E-01  2.17953E+01  4.26881E+00
  2.62000E-01  4.70280E-01  2.19243E+01  4.27559E+00
  2.63000E-01  4.82359E-01  2.21365E+01  4.32508E+00
  2.64000E-01  4.92007E-01  2.21402E+01  4.34000E+00
  2.65000E-01  5.00924E-01  2.21866E+01  4.35282E+00
  2.66000E-01  5.13988E-01  2.24321E+01  4.39918E+00
  2.67000E-01  5.25167E-01  2.25136E+01  4.41392E+00
  2.68000E-01  5.34267E-01  2.25544E+01  4.41183E+00
  2.69000E-01  5.47200E-01  2.26880E+01  4.43703E+00
  2.70000E-01  5.59492E-01  2.28791E+01  4.47887E+00
  2.71000E-01  5.72306E-01  2.29824E+01  4.48606E+00
  2.72000E-01  5.84206E-01  2.30402E+01  4.48513E+00
  2.73000E-01  5.94104E-01  2.30671E+01  4.48897E+00
  2.74000E-01  6.11288E-01  2.34056E+01  4.54029E+00
  2.75000E-01  6.28634E-01  2.37686E+01  4.62240E+00
  2.76000E-01  6.40105E-01  2.38337E+01  4.63678E+00
  2.77000E-01  6.52265E-01  2.38545E+01  4.63532E+00
  2.78000E-01  6.66898E-01  2.40235E+01  4.65257E+00
  2.79000E-01  6.81305E-01  2.42617E+01  4.69593E+00
  2.80000E-01  6.96428E-01  2.43817E+01  4.70849E+00
  2.81000E-01  7.08671E-01  2.44216E+01  4.70738E+00
  2.82000E-01  7.24235E-01  2.45173E+01  4.71194E+00
  2.83000E-01  7.44855E-01  2.48073E+01  4.75240E+00
  2.84000E-01  7.60688E-01  2.50065E+01  4.78071E+00
  2.85000E-01  7.82159E-01  2.53263E+01  4.81119E+00
  2.86000E-01  8.04089E-01  2.57398E+01  4.88855E+00
  2.87000E-01  8.19345E-01  2.59154E+01  4.92590E+00
  2.88000E-01  8.37157E-01  2.59958E+01  4.92784E+00
  2.89000E-01  8.56528E-01  2.60950E+01  4.92884E+00
  2.90000E-01  8.71388E-01  2.61254E+01  4.92804E+00
  2.91000E-01  8.91409E-01  2.63549E+01  4.94109E+00
  2.92000E-01  9.18543E-01  2.68710E+01  5.01798E+00
  2.93000E-01  9.41050E-01  2.72273E+01  5.05837E+00
  2.94000E-01  9.61834E-01  2.74067E+01  5.07257E+00
  2.95000E-01  9.82938E-01  2.74848E+01  5.07608E+00
  2.96000E-01  1.00074E+00  2.75211E+01  5.07490E+00
  2.97000E-01  1.02647E+00  2.77634E+01  5.08556E+00
  2.98000E-01  1.05245E+00  2.81236E+01  5.11702E+00
  2.99000E-01  1.08243E+00  2.85432E+01  5.15898E+00
  3.00000E-01  1.11310E+00  2.90223E+01  5.22014E+00
  3.01000E-01  1.14107E+00  2.94035E+01  5.26124E+00
  3.02000E-01  1.16341E+00  2.95540E+01  5.27017E+00
  3.03000E-01  1.19465E+00  2.98844E+01  5.29518E+00
  3.04000E-01  1.22442E+00  3.02163E+01  5.32464E+00
  3.05000E-01  1.25838E+00  3.05688E+01  5.36336E+00
  3.06000E-01  1.29307E+00  3.10861E+01  5.40805E+00
  3.07000E-01  1.33179E+00  3.16501E+01  5.44685E+00
  3.08000E-01  1.36380E+00  3.19526E+01  5.46995E+00
  3.09000E-01  1.39463E+00  3.21285E+01  5.47674E+00
  3.10000E-01  1.42427E+00  3.24170E+01  5.48778E+00
  3.11000E-01  1.47061E+00  3.29484E+01  5.53294E+00
  3.12000E-01  1.50567E+00  3.33415E+01  5.57281E+00
  3.13000E-01  1.55201E+00  3.39703E+01  5.61129E+00
  3.14000E-01  1.58961E+00  3.43409E+01  5.64231E+00
  3.15000E-01  1.63641E+00  3.48803E+01  5.67509E+00
  3.16000E-01  1.67855E+00  3.53263E+01  5.69938E+00
  3.17000E-01  1.73226E+00  3.59584E+01  5.73595E+00
  3.18000E-01  1.77382E+00  3.64173E+01  5.76965E+00
  3.19000E-01  1.82453E+00  3.68654E+01  5.80331E+00
  3.20000E-01  1.87871E+00  3.75422E+01  5.83537E+00
  3.21000E-01  1.93596E+00  3.82598E+01  5.87565E+00
  3.22000E-01  1.98987E+00  3.87944E+01  5.89973E+00
  3.23000E-01  2.04218E+00  3.92706E+01  5.94075E+00
  3.24000E-01  2.10394E+00  4.00292E+01  5.96907E+00
  3.25000E-01  2.17211E+00  4.07786E+01  6.00278E+00
  3.26000E-01  2.23213E+00  4.14854E+01  6.03377E+00
  3.27000E-01  2.30214E+00  4.21118E+01  6.08520E+00
  3.28000E-01  2.37482E+00  4.29951E+01  6.11704E+00
  3.29000E-01  2.44449E+00  4.37003E+01  6.13812E+00
  3.30000E-01  2.52075E+00  4.44960E+01  6.17814E+00
  3.31000E-01  2.59784E+00  4.53166E+01  6.22720E+00
  3.32000E-01  2.68072E+00  4.61985E+01  6.25507E+00
  3.33000E-01  2.77388E+00  4.72238E+01  6.28791E+00
  3.34000E-01  2.85424E+00  4.81031E+01  6.32797E+00
  3.35000E-01  2.94748E+00  4.89989E+01  6.37117E+00
  3.36000E-01  3.03810E+00  4.98737E+01  6.39360E+00
  3.37000E-01  3.15489E+00  5.12004E+01  6.43995E+00
  3.38000E-01  3.25760E+00  5.23674E+01  6.48813E+00
  3.39000E-01  3.34391E+00  5.31067E+01  6.50291E+00
  3.40000E-01  3.46930E+00  5.42086E+01  6.53826E+00
  3.41000E-01  3.62267E+00  5.59675E+01  6.61959E+00
  3.42000E-01  3.70042E+00  5.69438E+01  6.62473E+00
  3.43000E-01  3.66311E+00  5.36560E+01  6.43297E+00
  3.44000E-01  2.83283E+00  3.23962E+01  5.03118E+00
  3.45000E-01  1.54891E+00  6.43084E+00  1.77442E+00
  3.46000E-01  1.07351E+00  1.56422E-01  1.10513E-01
  3.47000E-01  1.00225E+00  1.38141E-04  2.36976E-04
  3.48000E-01  1.00000E+00  1.00001E-04  4.04248E-08
  3.49000E-01  1.00000E+00  9.99996E-05  5.14322E-09
  3.50000E-01  1.00000E+00  1.00000E-04 -2.61225E-09
  3.51000E-01  1.00000E+00  1.00000E-04  6.43624E-10
  3.52000E-01  1.00000E+00  1.00000E-04  2.00235E-11
  3.53000E-01  1.00000E+00  1.00000E-04  0.00000E+00
  3.54000E-01  1.00000E+00  1.00000E-04  0.00000E+00
  3.55000E-01  1.00000E+00  1.00000E-04  0.00000E+00
  3.56000E-01  1.00000E+00  1.00000E-04  0.00000E+00
  3.57000E-01  1.00000E+00  1.00000E-04  0.00000E+00
  3.58000E-01  1.00000E+00  1.00000E-04  0.00000E+00
  3.59000E-01  1.00000E+00  1.00000E-04  0.00000E+00
  3.60000E-01  1.00000E+00  1.00000E-04  0.00000E+00
  3.61000E-01  1.00000E+00  1.00000E-04 -7.76996E-17
  3.62000E-01  1.00000E+00  1.00000E-04  0.00000E+00
  3.63000E-01  1.00000E+00  1.00000E-04  7.76996E-17
  3.64000E-01  1.00000E+00  1.00000E-04  0.00000E+00
  3.65000E-01  1.00000E+00  1.00000E-04  0.00000E+00
  3.66000E-01  1.00000E+00  1.00000E-04  0.00000E+00
  3.67000E-01  1.00000E+00  1.00000E-04  0.00000E+00
  3.68000E-01  1.00000E+00  1.00000E-04  0.00000E+00
  3.69000E-01  1.00000E+00  1.00000E-04  0.00000E+00
  3.70000E-01  1.00000E+00  1.00000E-04  0.00000E+00
  3.71000E-01  1.00000E+00  1.00000E-04  0.00000E+00
  3.72000E-01  1.00000E+00  1.00000E-04 -2.23708E-10
  3.73000E-01  1.00000E+00  1.00000E-04 -2.23754E-10
  3.74000E-01  1.00000E+00  1.00000E-04  3.04413E-10
  3.75000E-01  1.00000E+00  1.00000E-04 -1.19902E-09
  3.76000E-01  1.00000E+00  1.00000E-04  7.80271E-17
  3.77000E-01  1.00000E+00  1.00000E-04  1.27818E-09
  3.78000E-01  1.00000E+00  1.00000E-04  6.48880E-11
  3.79000E-01  1.00000E+00  1.00000E-04  0.00000E+00
  3.80000E-01  1.00000E+00  1.00000E-04  0.00000E+00
  3.81000E-01  1.00000E+00  1.00000E-04  3.35619E-10
  3.82000E-01  1.00000E+00  1.00000E-04  1.11856E-10
  3.83000E-01  1.00000E+00  1.00000E-04 -3.35326E-10
  3.84000E-01  1.00000E+00  1.00000E-04  2.23699E-10
  3.85000E-01  1.00000E+00  1.00000E-04 -1.59962E-16
  3.86000E-01  1.00000E+00  1.00000E-04 -3.35572E-10
  3.87000E-01  1.00000E+00  1.00000E-04  0.00000E+00
  3.88000E-01  1.00000E+00  1.00000E-04  0.00000E+00
  3.89000E-01  1.00000E+00  1.00000E-04  0.00000E+00
  3.90000E-01  1.00000E+00  1.00000E-04  0.00000E+00
  3.91000E-01  1.00000E+00  1.00000E-04  0.00000E+00
  3.92000E-01  1.00000E+00  1.00000E-04  0.00000E+00
  3.93000E-01  1.00000E+00  1.00000E-04  0.00000E+00
  3.94000E-01  1.00000E+00  1.00000E-04  0.00000E+00
  3.95000E-01  1.00000E+00  1.00000E-04  0.00000E+00
  3.96000E-01  1.00000E+00  1.00000E-04  0.00000E+00
  3.97000E-01  1.00000E+00  1.00000E-04  3.17614E-10
  3.98000E-01  1.00000E+00  1.00000E-04 -3.17842E-10
  3.99000E-01  1.00000E+00  1.00000E-04 -1.11829E-10
  4.00000E-01  1.00000E+00  1.00000E-04  1.11805E-10
  4.01000E-01  1.00000E+00  1.00000E-04  0.00000E+00
  4.02000E-01  1.00000E+00  1.00000E-04  0.00000E+00
  4.03000E-01  1.00000E+00  1.00000E-04 -2.89691E-10
  4.04000E-01  1.00000E+00  1.00000E-04 -6.73275E-08
  4.05000E-01  1.00000E+00  1.00000E-04 -2.00185E-06
  4.06000E-01  1.00000E+00  1.00480E-04 -1.27499E-10
  4.07000E-01  1.00000E+00  1.00000E-04  2.00179E-06
  4.08000E-01  1.00000E+00  1.00000E-04  6.76481E-08
  4.09000E-01  1.00000E+00  1.00000E-04  2.92249E-10
  4.10000E-01  1.00000E+00  1.00000E-04  0.00000E+00
  4.11000E-01  1.00000E+00  1.00000E-04  0.00000E+00
  4.12000E-01  1.00000E+00  1.00000E-04  0.00000E+00
  4.13000E-01  1.00000E+00  1.00000E-04  0.00000E+00
  4.14000E-01  1.00000E+00  1.00000E-04 -2.92020E-10
  4.15000E-01  1.00000E+00  1.00000E-04 -6.76237E-08
  4.16000E-01  1.00000E+00  1.00000E-04 -2.00242E-06
  4.17000E-01  1.00000E+00  1.00480E-04  1.21798E-13
  4.18000E-01  1.00000E+00  1.00000E-04  2.00254E-06
  4.19000E-01  1.00000E+00  1.00000E-04  6.77264E-08
  4.20000E-01  1.00000E+00  1.00000E-04  3.57384E-10
  4.21000E-01  1.00000E+00  1.00000E-04  0.00000E+00
  4.22000E-01  1.00000E+00  1.00000E-04  0.00000E+00
  4.23000E-01  1.00000E+00  1.00000E-04  4.47371E-10
  4.24000E-01  1.00000E+00  9.99999E-05  0.00000E+00
  4.25000E-01  1.00000E+00  1.00000E-04 -3.35713E-10
  4.26000E-01  1.00000E+00  1.00000E-04  4.55623E-11
  4.27000E-01  1.00000E+00  1.00000E-04  2.38992E-09
  4.28000E-01  9.99996E-01  9.99996E-05  1.38945E-10
  4.29000E-01  1.00000E+00  1.00000E-04 -2.55982E-09
  4.30000E-01  1.00000E+00  1.00000E-04 -1.22933E-10
  4.31000E-01  1.00000E+00  1.00000E-04  0.00000E+00
  4.32000E-01  1.00000E+00  1.00000E-04  2.23787E-10
  4.33000E-01  1.00000E+00  1.00000E-04  0.00000E+00
  4.34000E-01  1.00000E+00  1.00000E-04 -2.23627E-10
  4.35000E-01  1.00000E+00  1.00000E-04  0.00000E+00
  4.36000E-01  1.00000E+00  1.00000E-04 -7.76996E-17
  4.37000E-01  1.00000E+00  1.00000E-04 -3.35885E-10
  4.38000E-01  1.00000E+00  1.00000E-04  1.11953E-10
  4.39000E-01  1.00000E+00  1.00000E-04  2.23725E-10
  4.40000E-01  1.00000E+00  1.00000E-04  0.00000E+00
  4.41000E-01  1.00000E+00  1.00000E-04  1.11939E-10
  4.42000E-01  1.00000E+00  1.00000E-04  0.00000E+00
  4.43000E-01  1.00000E+00  1.00000E-04 -1.11901E-10
  4.44000E-01  1.00000E+00  1.00000E-04  1.11930E-10
  4.45000E-01  1.00000E+00  1.00000E-04  0.00000E+00
  4.46000E-01  1.00000E+00  1.00000E-04 -1.11768E-10
  4.47000E-01  1.00000E+00  1.00000E-04  0.00000E+00
  4.48000E-01  1.00000E+00  1.00000E-04  0.00000E+00
  4.49000E-01  1.00000E+00  1.00000E-04  0.00000E+00
  4.50000E-01  1.00000E+00  1.00000E-04  1.11871E-10
  4.51000E-01  1.00000E+00  1.00000E-04 -4.47733E-10
  4.52000E-01  1.00000E+00  1.00000E-04 -1.12077E-10
  4.53000E-01  1.00000E+00  1.00000E-04  4.47051E-10
  4.54000E-01  1.00000E+00  1.00000E-04  1.11802E-10
  4.55000E-01  1.00000E+00  1.00000E-04  0.00000E+00
  4.56000E-01  1.00000E+00  1.00000E-04 -5.59537E-11
  4.57000E-01  1.00000E+00  1.00000E-04 -5.59527E-11
  4.58000E-01  1.00000E+00  1.00000E-04  7.76996E-17
  4.59000E-01  1.00000E+00  1.00000E-04  0.00000E+00
  4.60000E-01  1.00000E+00  1.00000E-04  1.11777E-10
  4.61000E-01  1.00000E+00  1.00000E-04 -2.23535E-10
  4.62000E-01  1.00000E+00  1.00000E-04 -1.11952E-10
  4.63000E-01  1.00000E+00  1.00000E-04  2.23848E-10
  4.64000E-01  1.00000E+00  1.00000E-04  1.11853E-10
  4.65000E-01  1.00000E+00  1.00000E-04  0.00000E+00
  4.66000E-01  1.00000E+00  1.00000E-04 -1.11816E-10
  4.67000E-01  1.00000E+00  1.00000E-04  1.11928E-10
  4.68000E-01  1.00000E+00  1.00000E-04  9.38678E-11
  4.69000E-01  1.00000E+00  1.00000E-04 -5.41601E-10
  4.70000E-01  1.00000E+00  1.00000E-04  2.23849E-10
  4.71000E-01  1.00000E+00  1.00000E-04  1.11883E-10
  4.72000E-01  1.00000E+00  1.00000E-04 -4.47324E-10
  4.73000E-01  1.00000E+00  1.00000E-04  1.11978E-10
  4.74000E-01  1.00000E+00  1.00000E-04  3.35343E-10
  4.75000E-01  1.00000E+00  1.00000E-04 -6.59449E-16
  4.76000E-01  1.00000E+00  1.00000E-04  8.54695E-17
  4.77000E-01  1.00000E+00  1.00000E-04 -2.23555E-10
  4.78000E-01  1.00000E+00  1.00000E-04  1.11973E-10
  4.79000E-01  1.00000E+00  1.00000E-04  2.23574E-10
  4.80000E-01  1.00000E+00  1.00000E-04  2.23576E-10
  4.81000E-01  1.00000E+00  1.00000E-04  1.11928E-10
  4.82000E-01  1.00000E+00  1.00000E-04 -3.35424E-10
  4.83000E-01  1.00000E+00  1.00000E-04 -7.83042E-10
  4.84000E-01  1.00000E+00  1.00000E-04 -3.64601E-10
  4.85000E-01  1.00000E+00  1.00000E-04  2.03595E-09
  4.86000E-01  1.00000E+00  9.99999E-05 -2.16657E-10
  4.87000E-01  1.00000E+00  1.00000E-04 -9.67478E-16
  4.88000E-01  9.99999E-01  9.99999E-05 -1.79796E-10
  4.89000E-01  1.00000E+00  1.00000E-04 -4.86526E-09
  4.90000E-01  1.00000E+00  1.00000E-04  1.68512E-09
  4.91000E-01  1.00000E+00  1.00000E-04  2.55099E-09
  4.92000E-01  1.00000E+00  1.00000E-04  8.00444E-10
  4.93000E-01  9.99999E-01  9.99999E-05 -1.09202E-10
  4.94000E-01  1.00000E+00  1.00000E-04 -6.53437E-10
  4.95000E-01  1.00000E+00  1.00000E-04 -1.79537E-11
  4.96000E-01  1.00000E+00  1.00000E-04  0.00000E+00
  4.97000E-01  1.00000E+00  1.00000E-04  0.00000E+00
  4.98000E-01  1.00000E+00  1.00000E-04  0.00000E+00
  4.99000E-01  1.00000E+00  1.00000E-04  0.00000E+00
  5.00000E-01  1.00000E+00  1.00000E-04  0.00000E+00
  5.01000E-01  1.00000E+00  1.00000E-04  0.00000E+00
  5.02000E-01  1.00000E+00  1.00000E-04  0.00000E+00
  5.03000E-01  1.00000E+00  1.00000E-04  0.00000E+00
  5.04000E-01  1.00000E+00  1.00000E-04  6.48914E-11
  5.05000E-01  1.00000E+00  1.00000E-04  1.27736E-09
  5.06000E-01  9.99998E-01  9.99998E-05  0.00000E+00
  5.07000E-01  1.00000E+00  1.00000E-04 -1.27813E-09
  5.08000E-01  1.00000E+00  1.00000E-04 -6.48999E-11
  5.09000E-01  1.00000E+00  1.00000E-04  0.00000E+00
  5.10000E-01  1.00000E+00  1.00000E-04 -7.76996E-17
  5.11000E-01  1.00000E+00  1.00000E-04  0.00000E+00
  5.12000E-01  1.00000E+00  1.00000E-04  7.76995E-17
  5.13000E-01  1.00000E+00  1.00000E-04  0.00000E+00
  5.14000E-01  1.00000E+00  1.00000E-04  0.00000E+00
  5.15000E-01  1.00000E+00  1.00000E-04  4.14319E-11
  5.16000E-01  1.00000E+00  1.00000E-04  8.53869E-10
  5.17000E-01  9.99999E-01  9.99999E-05  0.00000E+00
  5.18000E-01  1.00000E+00  1.00000E-04 -8.53987E-10
  5.19000E-01  1.00000E+00  1.00000E-04 -4.14367E-11
  5.20000E-01  1.00000E+00  1.00000E-04 -5.39112E-15
  5.21000E-01  1.00000E+00  1.00000E-04  2.65674E-15
  5.22000E-01  1.00000E+00  1.00000E-04  2.73438E-15
  5.23000E-01  1.00000E+00  1.00000E-04  0.00000E+00
  5.24000E-01  1.00000E+00  1.00000E-04  0.00000E+00
  5.25000E-01  1.00000E+00  1.00000E-04  0.00000E+00
  5.26000E-01  1.00000E+00  1.00000E-04  0.00000E+00
  5.27000E-01  1.00000E+00  1.00000E-04  0.00000E+00
  5.28000E-01  1.00000E+00  1.00000E-04  0.00000E+00
  5.29000E-01  1.00000E+00  1.00000E-04  4.47447E-10
  5.30000E-01  9.99999E-01  9.99999E-05  0.00000E+00
  5.31000E-01  1.00000E+00  1.00000E-04 -4.47419E-10
  5.32000E-01  1.00000E+00  1.00000E-04  0.00000E+00
  5.33000E-01  1.00000E+00  1.00000E-04 -1.11857E-10
  5.34000E-01  1.00000E+00  1.00000E-04 -1.11795E-10
  5.35000E-01  1.00000E+00  1.00000E-04  0.00000E+00
  5.36000E-01  1.00000E+00  1.00000E-04  1.11819E-10
  5.37000E-01  1.00000E+00  1.00000E-04  1.11853E-10
  5.38000E-01  1.00000E+00  1.00000E-04  0.00000E+00
  5.39000E-01  1.00000E+00  1.00000E-04  0.00000E+00
  5.40000E-01  1.00000E+00  1.00000E-04  0.00000E+00
  5.41000E-01  1.00000E+00  1.00000E-04 -1.11874E-10
  5.42000E-01  1.00000E+00  1.00000E-04  0.00000E+00
  5.43000E-01  1.00000E+00  1.00000E-04  1.11857E-10
  5.44000E-01  1.00000E+00  1.00000E-04  1.11848E-10
  5.45000E-01  1.00000E+00  1.00000E-04  0.00000E+00
  5.46000E-01  1.00000E+00  1.00000E-04 -1.11821E-10
  5.47000E-01  1.00000E+00  1.00000E-04  0.00000E+00
  5.48000E-01  1.00000E+00  1.00000E-04  0.00000E+00
  5.49000E-01  1.00000E+00  1.00000E-04  0.00000E+00
  5.50000E-01  1.00000E+00  1.00000E-04 -1.04927E-15
  5.51000E-01  1.00000E+00  1.00000E-04 -8.61812E-16
  5.52000E-01  1.00000E+00  1.00000E-04  1.91108E-15
  5.53000E-01  1.00000E+00  1.00000E-04  1.11850E-10
  5.54000E-01  1.00000E+00  1.00000E-04  0.00000E+00
  5.55000E-01  1.00000E+00  1.00000E-04 -1.11775E-10
  5.56000E-01  1.00000E+00  1.00000E-04  3.35760E-10
  5.57000E-01  1.00000E+00  1.00000E-04 -9.40165E-17
  5.58000E-01  1.00000E+00  1.00000E-04  0.00000E+00
  5.59000E-01  1.00000E+00  1.00000E-04  0.00000E+00
  5.60000E-01  1.00000E+00  1.00000E-04  0.00000E+00
  5.61000E-01  1.00000E+00  1.00000E-04  9.40165E-17
  5.62000E-01  1.00000E+00  1.00000E-04 -1.67800E-10
  5.63000E-01  1.00000E+00  1.00000E-04 -1.67804E-10
  5.64000E-01  1.00000E+00  1.00000E-04 -4.73074E-11
  5.65000E-01  1.00000E+00  1.00000E-04  4.72777E-11
  5.66000E-01  1.00000E+00  1.00000E-04  2.23748E-10
  5.67000E-01  1.00000E+00  1.00000E-04  0.00000E+00
  5.68000E-01  1.00000E+00  1.00000E-04 -2.23722E-10
  5.69000E-01  1.00000E+00  1.00000E-04  0.00000E+00
  5.70000E-01  1.00000E+00  1.00000E-04  2.23890E-10
  5.71000E-01  1.00000E+00  1.00000E-04 -9.40165E-17
  5.72000E-01  1.00000E+00  1.00000E-04  0.00000E+00
  5.73000E-01  1.00000E+00  1.00000E-04  9.40165E-17
  5.74000E-01  1.00000E+00  1.00000E-04 -2.23535E-10
  5.75000E-01  1.00000E+00  1.00000E-04  0.00000E+00
  5.76000E-01  1.00000E+00  1.00000E-04  0.00000E+00
  5.77000E-01  1.00000E+00  1.00000E-04  0.00000E+00
  5.78000E-01  1.00000E+00  1.00000E-04  0.00000E+00
  5.79000E-01  1.00000E+00  1.00000E-04  0.00000E+00
  5.80000E-01  1.00000E+00  1.00000E-04  0.00000E+00
  5.81000E-01  1.00000E+00  1.00000E-04  1.11792E-10
  5.82000E-01  1.00000E+00  1.00000E-04  0.00000E+00
  5.83000E-01  1.00000E+00  1.00000E-04 -3.35336E-10
  5.84000E-01  1.00000E+00  1.00000E-04  7.46373E-11
  5.85000E-01  1.00000E+00  1.00000E-04  7.46370E-11
  5.86000E-01  1.00000E+00  1.00000E-04  7.46343E-11
  5.87000E-01  1.00000E+00  1.00000E-04  0.00000E+00
  5.88000E-01  1.00000E+00  1.00000E-04  0.00000E+00
  5.89000E-01  1.00000E+00  1.00000E-04  0.00000E+00
  5.90000E-01  1.00000E+00  1.00000E-04  0.00000E+00
  5.91000E-01  1.00000E+00  1.00000E-04  0.00000E+00
  5.92000E-01  1.00000E+00  1.00000E-04  0.00000E+00
  5.93000E-01  1.00000E+00  1.00000E-04  3.35786E-10
  5.94000E-01  1.00000E+00  1.00000E-04 -1.03418E-16
  5.95000E-01  1.00000E+00  1.00000E-04 -9.40164E-17
  5.96000E-01  1.00000E+00  1.00000E-04  0.00000E+00
  5.97000E-01  1.00000E+00  1.00000E-04  3.58972E-16
  5.98000E-01  1.00000E+00  1.00000E-04  1.03418E-16
  5.99000E-01  1.00000E+00  1.00000E-04 -3.35319E-10
  6.00000E-01  1.00000E+00  1.00000E-04 -3.00588E-10
  6.01000E-01  1.00000E+00  1.00000E-04 -6.76698E-08
  6.02000E-01  1.00000E+00  1.00000E-04 -2.00440E-06
  6.03000E-01  1.00000E+00  1.00480E-04  4.23148E-10
  6.04000E-01  1.00000E+00  1.00000E-04  2.00325E-06
  6.05000E-01  1.00000E+00  1.00000E-04  6.78737E-08
  6.06000E-01  1.00000E+00  1.00000E-04  1.33051E-09
  6.07000E-01  9.99999E-01  9.99999E-05 -9.86996E-11
  6.08000E-01  1.00000E+00  1.00000E-04 -4.47585E-10
  6.09000E-01  9.99999E-01  9.99999E-05  1.11795E-10
  6.10000E-01  1.00000E+00  1.00000E-04 -5.58764E-10
  6.11000E-01  1.00000E+00  1.00000E-04 -1.11909E-10
  6.12000E-01  1.00000E+00  1.00000E-04  3.35735E-10
  6.13000E-01  1.00000E+00  1.00000E-04  0.00000E+00
  6.14000E-01  1.00000E+00  1.00000E-04 -3.35799E-10
  6.15000E-01  1.00000E+00  1.00000E-04  0.00000E+00
  6.16000E-01  1.00000E+00  1.00000E-04  0.00000E+00
  6.17000E-01  1.00000E+00  1.00000E-04  0.00000E+00
  6.18000E-01  1.00000E+00  1.00000E-04  0.00000E+00
  6.19000E-01  1.00000E+00  1.00000E-04  0.00000E+00
  6.20000E-01  1.00000E+00  1.00000E-04  0.00000E+00
  6.21000E-01  1.00000E+00  1.00000E-04  3.35344E-10
  6.22000E-01  1.00000E+00  1.00000E-04 -2.23537E-10
  6.23000E-01  1.00000E+00  1.00000E-04 -3.35734E-10
  6.24000E-01  1.00000E+00  1.00000E-04  1.11933E-10
  6.25000E-01  1.00000E+00  1.00000E-04  1.11919E-10
  6.26000E-01  1.00000E+00  1.00000E-04  0.00000E+00
  6.27000E-01  1.00000E+00  1.00000E-04 -1.11915E-10
  6.28000E-01  1.00000E+00  1.00000E-04  2.23576E-10
  6.29000E-01  1.00000E+00  1.00000E-04  0.00000E+00
  6.30000E-01  1.00000E+00  1.00000E-04 -1.13760E-16
  6.31000E-01  1.00000E+00  1.00000E-04  1.03418E-17
  6.32000E-01  1.00000E+00  1.00000E-04 -6.82979E-17
  6.33000E-01  1.00000E+00  1.00000E-04  8.62465E-17
  6.34000E-01  1.00000E+00  1.00000E-04  8.54695E-17
  6.35000E-01  1.00000E+00  1.00000E-04  0.00000E+00
  6.36000E-01  1.00000E+00  1.00000E-04 -1.11755E-10
  6.37000E-01  1.00000E+00  1.00000E-04 -1.11957E-10
  6.38000E-01  1.00000E+00  1.00000E-04  1.11913E-10
  6.39000E-01  1.00000E+00  1.00000E-04  1.11803E-10
  6.40000E-01  1.00000E+00  1.00000E-04  2.23770E-10
  6.41000E-01  1.00000E+00  1.00000E-04 -1.63169E-16
  6.42000E-01  1.00000E+00  1.00000E-04 -3.35453E-10
  6.43000E-01  1.00000E+00  1.00000E-04 -7.76996E-17
  6.44000E-01  1.00000E+00  1.00000E-04 -7.76995E-18
  6.45000E-01  1.00000E+00  1.00000E-04  8.54695E-17
  6.46000E-01  1.00000E+00  1.00000E-04  1.11914E-10
  6.47000E-01  1.00000E+00  1.00000E-04 -7.76996E-17
  6.48000E-01  1.00000E+00  1.00000E-04  1.11921E-10
  6.49000E-01  1.00000E+00  1.00000E-04  6.15059E-10
  6.50000E-01  9.99999E-01  9.99999E-05 -3.91838E-10
  6.51000E-01  1.00000E+00  1.00000E-04 -4.47879E-10
  6.52000E-01  1.00000E+00  1.00000E-04 -1.11911E-10
  6.53000E-01  1.00000E+00  1.00000E-04  1.11974E-10
  6.54000E-01  1.00000E+00  1.00000E-04 -1.01786E-16
  6.55000E-01  1.00000E+00  1.00000E-04 -6.71485E-10
  6.56000E-01  1.00000E+00  1.00000E-04 -9.40165E-17
  6.57000E-01  1.00000E+00  1.00000E-04  1.11961E-10
  6.58000E-01  1.00000E+00  1.00000E-04  6.30141E-10
  6.59000E-01  1.00000E+00  1.00000E-04 -1.82401E-10
  6.60000E-01  1.00000E+00  1.00000E-04 -1.11806E-10
  6.61000E-01  1.00000E+00  1.00000E-04  6.70806E-10
  6.62000E-01  1.00000E+00  1.00000E-04 -4.47655E-10
  6.63000E-01  1.00000E+00  1.00000E-04  8.54695E-17
  6.64000E-01  1.00000E+00  1.00000E-04  7.76996E-17
  6.65000E-01  1.00000E+00  1.00000E-04  8.62914E-12
  6.66000E-01  1.00000E+00  1.00000E-04  2.29484E-09
  6.67000E-01  9.99998E-01  9.99998E-05 -6.27793E-10
  6.68000E-01  1.00000E+00  1.00000E-04 -1.38181E-09
  6.69000E-01  1.00000E+00  1.00000E-04 -2.79805E-11
  6.70000E-01  1.00000E+00  1.00000E-04 -1.27536E-09
  6.71000E-01  1.00000E+00  1.00000E-04  0.00000E+00
  6.72000E-01  1.00000E+00  1.00000E-04  1.23151E-09
  6.73000E-01  1.00000E+00  1.00000E-04  3.35330E-10
  6.74000E-01  1.00000E+00  1.00000E-04 -2.23753E-10
  6.75000E-01  1.00000E+00  1.00000E-04 -1.49055E-10
  6.76000E-01  1.00000E+00  1.00000E-04 -1.49057E-10
  6.77000E-01  1.00000E+00  1.00000E-04 -1.49056E-10
  6.78000E-01  1.00000E+00  1.00000E-04  2.94212E-10
  6.79000E-01  1.00000E+00  1.00000E-04 -5.18305E-10
  6.80000E-01  1.00000E+00  1.00000E-04  2.23899E-10
  6.81000E-01  1.00000E+00  9.99999E-05  1.13147E-09
  6.82000E-01  9.99999E-01  9.99999E-05 -7.96263E-10
  6.83000E-01  1.00000E+00  1.00000E-04  5.58921E-11
  6.84000E-01  1.00000E+00  1.00000E-04  5.58897E-11
  6.85000E-01  1.00000E+00  1.00000E-04 -2.23624E-10
  6.86000E-01  1.00000E+00  1.00000E-04  5.59678E-10
  6.87000E-01  9.99999E-01  9.99999E-05 -1.11796E-10
  6.88000E-01  1.00000E+00  1.00000E-04 -5.17603E-10
  6.89000E-01  1.00000E+00  1.00000E-04  2.93853E-10
  6.90000E-01  1.00000E+00  1.00000E-04  4.92205E-11
  6.91000E-01  1.00000E+00  1.00000E-04  1.92123E-09
  6.92000E-01  9.99999E-01  9.99997E-05 -8.50608E-10
  6.93000E-01  1.00000E+00  1.00000E-04 -1.50229E-09
  6.94000E-01  1.00000E+00  9.99999E-05 -3.39212E-10
  6.95000E-01  1.00000E+00  1.00000E-04 -1.05704E-09
  6.96000E-01  1.00000E+00  1.00000E-04  6.71848E-09
  6.97000E-01  9.99995E-01  9.99994E-05 -7.32812E-10
  6.98000E-01  1.00000E+00  1.00000E-04 -4.34249E-09
  6.99000E-01  1.00000E+00  1.00000E-04 -2.00194E-10
  7.00000E-01  1.00000E+00  1.00000E-04  0.00000E+00
  7.01000E-01  1.00000E+00  1.00000E-04  0.00000E+00
  7.02000E-01  1.00000E+00  1.00000E-04  0.00000E+00
  7.03000E-01  1.00000E+00  1.00000E-04  0.00000E+00
  7.04000E-01  1.00000E+00  1.00000E-04  3.13633E-11
  7.05000E-01  1.00000E+00  1.00000E-04  7.51949E-10
  7.06000E-01  1.00000E+00  9.99999E-05  3.98136E-10
  7.07000E-01  1.00000E+00  1.00000E-04 -2.02452E-09
  7.08000E-01  1.00000E+00  1.00000E-04  2.84236E-10
  7.09000E-01  1.00000E+00  1.00000E-04  5.59149E-10
  7.10000E-01  1.00000E+00  1.00000E-04  0.00000E+00
  7.11000E-01  1.00000E+00  1.00000E-04  0.00000E+00
  7.12000E-01  1.00000E+00  1.00000E-04  0.00000E+00
  7.13000E-01  1.00000E+00  1.00000E-04  0.00000E+00
  7.14000E-01  1.00000E+00  1.00000E-04  0.00000E+00
  7.15000E-01  1.00000E+00  1.00000E-04  0.00000E+00
  7.16000E-01  1.00000E+00  1.00000E-04  0.00000E+00
  7.17000E-01  1.00000E+00  1.00000E-04 -1.11826E-10
  7.18000E-01  1.00000E+00  1.00000E-04 -4.02744E-11
  7.19000E-01  1.00000E+00  1.00000E-04 -2.25540E-10
  7.20000E-01  1.00000E+00  1.00000E-04 -8.53385E-08
  7.21000E-01  1.00000E+00  1.00000E-04 -2.52662E-06
  7.22000E-01  1.00000E+00  1.00606E-04 -5.07958E-12
  7.23000E-01  1.00000E+00  1.00000E-04  2.52625E-06
  7.24000E-01  1.00000E+00  1.00000E-04  8.50961E-08
  7.25000E-01  1.00000E+00  1.00000E-04  4.41559E-10
  7.26000E-01  1.00000E+00  1.00000E-04  2.23573E-10
  7.27000E-01  1.00000E+00  1.00000E-04  0.00000E+00
  7.28000E-01  1.00000E+00  1.00000E-04  0.00000E+00
  7.29000E-01  1.00000E+00  1.00000E-04  0.00000E+00
  7.30000E-01  1.00000E+00  1.00000E-04  0.00000E+00
  7.31000E-01  1.00000E+00  1.00000E-04  0.00000E+00
  7.32000E-01  1.00000E+00  1.00000E-04  0.00000E+00
  7.33000E-01  1.00000E+00  1.00000E-04  0.00000E+00
  7.34000E-01  1.00000E+00  1.00000E-04  0.00000E+00
  7.35000E-01  1.00000E+00  1.00000E-04  0.00000E+00
  7.36000E-01  1.00000E+00  1.00000E-04  0.00000E+00
  7.37000E-01  1.00000E+00  1.00000E-04  0.00000E+00
  7.38000E-01  1.00000E+00  1.00000E-04  0.00000E+00
  7.39000E-01  1.00000E+00  1.00000E-04  0.00000E+00
  7.40000E-01  1.00000E+00  1.00000E-04  0.00000E+00
  7.41000E-01  1.00000E+00  1.00000E-04  0.00000E+00
  7.42000E-01  1.00000E+00  1.00000E-04 -2.23757E-10
  7.43000E-01  1.00000E+00  1.00000E-04 -1.11912E-10
  7.44000E-01  1.00000E+00  1.00000E-04  3.35687E-10
  7.45000E-01  1.00000E+00  1.00000E-04  7.76995E-17
  7.46000E-01  1.00000E+00  1.00000E-04  0.00000E+00
  7.47000E-01  1.00000E+00  1.00000E-04  0.00000E+00
  7.48000E-01  1.00000E+00  1.00000E-04  0.00000E+00
  7.49000E-01  1.00000E+00  1.00000E-04 -1.11900E-10
  7.50000E-01  1.00000E+00  1.00000E-04 -1.11890E-10
  7.51000E-01  1.00000E+00  1.00000E-04  2.23770E-10
  7.52000E-01  1.00000E+00  1.00000E-04  1.11776E-10
  7.53000E-01  1.00000E+00  1.00000E-04 -1.11776E-10
  7.54000E-01  1.00000E+00  1.00000E-04  0.00000E+00
  7.55000E-01  1.00000E+00  1.00000E-04  1.11901E-10
  7.56000E-01  1.00000E+00  1.00000E-04  0.00000E+00
  7.57000E-01  1.00000E+00  1.00000E-04 -1.11852E-10
  7.58000E-01  1.00000E+00  1.00000E-04  0.00000E+00
  7.59000E-01  1.00000E+00  1.00000E-04  0.00000E+00
  7.60000E-01  1.00000E+00  1.00000E-04  0.00000E+00
  7.61000E-01  1.00000E+00  1.00000E-04  0.00000E+00
  7.62000E-01  1.00000E+00  1.00000E-04  0.00000E+00
  7.63000E-01  1.00000E+00  1.00000E-04  0.00000E+00
  7.64000E-01  1.00000E+00  1.00000E-04  0.00000E+00
  7.65000E-01  1.00000E+00  1.00000E-04  0.00000E+00
  7.66000E-01  1.00000E+00  1.00000E-04  1.11847E-10
  7.67000E-01  1.00000E+00  1.00000E-04  0.00000E+00
  7.68000E-01  1.00000E+00  1.00000E-04 -1.11902E-10
  7.69000E-01  1.00000E+00  1.00000E-04 -6.71248E-10
  7.70000E-01  1.00000E+00  1.00000E-04 -3.46385E-10
  7.71000E-01  1.00000E+00  1.00000E-04 -7.84448E-08
  7.72000E-01  1.00000E+00  1.00000E-04 -2.34124E-06
  7.73000E-01  1.00000E+00  1.00562E-04 -1.17640E-09
  7.74000E-01  1.00000E+00  1.00000E-04  2.25089E-06
  7.75000E-01  1.00000E+00  1.00000E-04 -2.46077E-06
  7.76000E-01  1.00000E+00  1.00612E-04  1.11249E-09
  7.77000E-01  1.00000E+00  1.00000E-04  2.54620E-06
  7.78000E-01  1.00000E+00  1.00000E-04  8.62854E-08
  7.79000E-01  1.00000E+00  1.00000E-04  3.54159E-10
  7.80000E-01  1.00000E+00  1.00000E-04 -3.35571E-10
  7.81000E-01  1.00000E+00  1.00000E-04  1.11846E-10
  7.82000E-01  1.00000E+00  1.00000E-04  0.00000E+00
  7.83000E-01  1.00000E+00  1.00000E-04 -1.11813E-10
  7.84000E-01  1.00000E+00  1.00000E-04  3.35807E-10
  7.85000E-01  1.00000E+00  1.00000E-04  0.00000E+00
  7.86000E-01  1.00000E+00  1.00000E-04 -3.35685E-10
  7.87000E-01  1.00000E+00  1.00000E-04  0.00000E+00
  7.88000E-01  1.00000E+00  1.00000E-04  0.00000E+00
  7.89000E-01  1.00000E+00  1.00000E-04  0.00000E+00
  7.90000E-01  1.00000E+00  1.00000E-04  0.00000E+00
  7.91000E-01  1.00000E+00  1.00000E-04  0.00000E+00
  7.92000E-01  1.00000E+00  1.00000E-04 -1.11789E-10
  7.93000E-01  1.00000E+00  1.00000E-04  0.00000E+00
  7.94000E-01  1.00000E+00  1.00000E-04  1.11788E-10
  7.95000E-01  1.00000E+00  1.00000E-04 -1.11912E-10
  7.96000E-01  1.00000E+00  1.00000E-04  0.00000E+00
  7.97000E-01  1.00000E+00  1.00000E-04  1.11849E-10
  7.98000E-01  1.00000E+00  1.00000E-04  4.47373E-10
  7.99000E-01  9.99999E-01  9.99999E-05  0.00000E+00
  8.00000E-01  1.00000E+00  1.00000E-04 -4.05991E-10
  8.01000E-01  1.00000E+00  1.00000E-04  4.06322E-10
  8.02000E-01  9.99999E-01  9.99999E-05  0.00000E+00
  8.03000E-01  1.00000E+00  1.00000E-04 -4.47151E-10
  8.04000E-01  1.00000E+00  1.00000E-04 -3.00513E-10
  8.05000E-01  1.00000E+00  1.00000E-04 -6.76476E-08
  8.06000E-01  1.00000E+00  1.00000E-04 -2.00233E-06
  8.07000E-01  1.00000E+00  1.00480E-04 -9.38295E-10
  8.08000E-01  1.00000E+00  1.00000E-04  1.93036E-06
  8.09000E-01  1.00000E+00  1.00000E-04 -1.92970E-06
  8.10000E-01  1.00000E+00  1.00480E-04  9.48823E-10
  8.11000E-01  1.00000E+00  1.00000E-04  2.00248E-06
  8.12000E-01  1.00000E+00  1.00000E-04  6.79684E-08
  8.13000E-01  1.00000E+00  1.00000E-04  2.74518E-10
  8.14000E-01  1.00000E+00  1.00000E-04 -3.17622E-10
  8.15000E-01  1.00000E+00  1.00000E-04  3.17820E-10
  8.16000E-01  1.00000E+00  1.00000E-04  1.11834E-10
  8.17000E-01  1.00000E+00  1.00000E-04 -6.39734E-10
  8.18000E-01  1.00000E+00  1.00000E-04  8.05515E-11
  8.19000E-01  1.00000E+00  1.00000E-04  1.11848E-10
  8.20000E-01  1.00000E+00  1.00000E-04  0.00000E+00
  8.21000E-01  1.00000E+00  1.00000E-04  0.00000E+00
  8.22000E-01  1.00000E+00  1.00000E-04  0.00000E+00
  8.23000E-01  1.00000E+00  1.00000E-04  2.23695E-10
  8.24000E-01  1.00000E+00  1.00000E-04  2.47443E-16
  8.25000E-01  1.00000E+00  1.00000E-04 -1.11947E-10
  8.26000E-01  1.00000E+00  1.00000E-04  7.76995E-17
  8.27000E-01  1.00000E+00  1.00000E-04 -1.11878E-10
  8.28000E-01  1.00000E+00  1.00000E-04  0.00000E+00
  8.29000E-01  1.00000E+00  1.00000E-04  1.11864E-10
  8.30000E-01  1.00000E+00  1.00000E-04  0.00000E+00
  8.31000E-01  1.00000E+00  1.00000E-04 -1.11919E-10
  8.32000E-01  1.00000E+00  1.00000E-04  0.00000E+00
  8.33000E-01  1.00000E+00  1.00000E-04  0.00000E+00
  8.34000E-01  1.00000E+00  1.00000E-04  2.23895E-10
  8.35000E-01  1.00000E+00  1.00000E-04  0.00000E+00
  8.36000E-01  1.00000E+00  1.00000E-04 -2.23810E-10
  8.37000E-01  1.00000E+00  1.00000E-04 -3.71848E-10
  8.38000E-01  1.00000E+00  1.00000E-04 -8.37987E-08
  8.39000E-01  1.00000E+00  1.00000E-04 -2.48356E-06
  8.40000E-01  1.00000E+00  1.00597E-04 -4.13737E-10
  8.41000E-01  1.00000E+00  1.00000E-04  2.48533E-06
  8.42000E-01  1.00000E+00  1.00000E-04  8.40641E-08
  8.43000E-01  1.00000E+00  1.00000E-04  3.50607E-10
  8.44000E-01  1.00000E+00  1.00000E-04 -2.23791E-10
  8.45000E-01  1.00000E+00  1.00000E-04  1.11915E-10
  8.46000E-01  1.00000E+00  1.00000E-04  0.00000E+00
  8.47000E-01  1.00000E+00  1.00000E-04 -2.23717E-10
  8.48000E-01  1.00000E+00  1.00000E-04  1.11992E-10
  8.49000E-01  1.00000E+00  1.00000E-04  0.00000E+00
  8.50000E-01  1.00000E+00  1.00000E-04  0.00000E+00
  8.51000E-01  1.00000E+00  1.00000E-04 -5.59422E-11
  8.52000E-01  1.00000E+00  1.00000E-04 -5.59433E-11
  8.53000E-01  1.00000E+00  1.00000E-04  2.23614E-10
  8.54000E-01  1.00000E+00  1.00000E-04  2.21826E-10
  8.55000E-01  1.00000E+00  1.00000E-04  4.51446E-09
  8.56000E-01  9.99994E-01  9.99994E-05 -1.06089E-12
  8.57000E-01  1.00000E+00  1.00000E-04 -4.57687E-09
  8.58000E-01  1.00000E+00  1.00000E-04  7.33090E-10
  8.59000E-01  9.99999E-01  9.99999E-05  8.54695E-17
  8.60000E-01  1.00000E+00  1.00000E-04 -9.57751E-10
  8.61000E-01  1.00000E+00  1.00000E-04 -4.92405E-11
  8.62000E-01  1.00000E+00  1.00000E-04  0.00000E+00
  8.63000E-01  1.00000E+00  1.00000E-04  0.00000E+00
  8.64000E-01  1.00000E+00  1.00000E-04  0.00000E+00
  8.65000E-01  1.00000E+00  1.00000E-04  0.00000E+00
  8.66000E-01  1.00000E+00  1.00000E-04  1.11898E-10
  8.67000E-01  1.00000E+00  1.00000E-04  2.23798E-10
  8.68000E-01  1.00000E+00  1.00000E-04 -3.35706E-10
  8.69000E-01  1.00000E+00  1.00000E-04  0.00000E+00
  8.70000E-01  1.00000E+00  1.00000E-04  0.00000E+00
  8.71000E-01  1.00000E+00  1.00000E-04  1.11944E-10
  8.72000E-01  1.00000E+00  1.00000E-04  3.35519E-10
  8.73000E-01  1.00000E+00  1.00000E-04 -6.39832E-10
  8.74000E-01  1.00000E+00  1.00000E-04  8.05481E-11
  8.75000E-01  1.00000E+00  1.00000E-04  1.11844E-10
  8.76000E-01  1.00000E+00  1.00000E-04  2.23596E-10
  8.77000E-01  1.00000E+00  1.00000E-04  0.00000E+00
  8.78000E-01  1.00000E+00  1.00000E-04 -3.17651E-10
  8.79000E-01  1.00000E+00  1.00000E-04  3.17816E-10
  8.80000E-01  1.00000E+00  1.00000E-04  1.53320E-10
  8.81000E-01  1.00000E+00  1.00000E-04  9.64748E-10
  8.82000E-01  9.99998E-01  9.99998E-05  7.76995E-17
  8.83000E-01  1.00000E+00  1.00000E-04 -1.27309E-09
  8.84000E-01  1.00000E+00  1.00000E-04  4.33661E-11
  8.85000E-01  1.00000E+00  1.00000E-04  0.00000E+00
  8.86000E-01  1.00000E+00  1.00000E-04 -1.11953E-10
  8.87000E-01  1.00000E+00  1.00000E-04  0.00000E+00
  8.88000E-01  1.00000E+00  1.00000E-04  0.00000E+00
  8.89000E-01  1.00000E+00  1.00000E-04  1.11903E-10
  8.90000E-01  1.00000E+00  1.00000E-04  0.00000E+00
  8.91000E-01  1.00000E+00  1.00000E-04 -1.11785E-10
  8.92000E-01  1.00000E+00  1.00000E-04  0.00000E+00
  8.93000E-01  1.00000E+00  1.00000E-04  0.00000E+00
  8.94000E-01  1.00000E+00  1.00000E-04  0.00000E+00
  8.95000E-01  1.00000E+00  1.00000E-04  1.11892E-10
  8.96000E-01  1.00000E+00  1.00000E-04 -1.11927E-10
  8.97000E-01  1.00000E+00  1.00000E-04  0.00000E+00
  8.98000E-01  1.00000E+00  1.00000E-04  0.00000E+00
  8.99000E-01  1.00000E+00  1.00000E-04 -2.44871E-16
  9.00000E-01  1.00000E+00  1.00000E-04  1.14794E-16
  9.01000E-01  1.00000E+00  1.00000E-04  1.30077E-16
  9.02000E-01  1.00000E+00  1.00000E-04  0.00000E+00
  9.03000E-01  1.00000E+00  1.00000E-04 -5.59328E-11
  9.04000E-01  1.00000E+00  1.00000E-04 -5.59319E-11
  9.05000E-01  1.00000E+00  1.00000E-04  8.54695E-17
  9.06000E-01  1.00000E+00  1.00000E-04 -2.23813E-10
  9.07000E-01  1.00000E+00  1.00000E-04  2.23928E-10
  9.08000E-01  1.00000E+00  1.00000E-04  1.11786E-10
  9.09000E-01  1.00000E+00  1.00000E-04  1.11872E-10
  9.10000E-01  1.00000E+00  1.00000E-04 -5.59248E-11
  9.11000E-01  1.00000E+00  1.00000E-04 -5.59242E-11
  9.12000E-01  1.00000E+00  1.00000E-04  7.76995E-17
  9.13000E-01  1.00000E+00  1.00000E-04  0.00000E+00
  9.14000E-01  1.00000E+00  1.00000E-04  0.00000E+00
  9.15000E-01  1.00000E+00  1.00000E-04  0.00000E+00
  9.16000E-01  1.00000E+00  1.00000E-04  4.47397E-10
  9.17000E-01  9.99999E-01  9.99999E-05  0.00000E+00
  9.18000E-01  1.00000E+00  1.00000E-04 -4.47699E-10
  9.19000E-01  1.00000E+00  1.00000E-04  0.00000E+00
  9.20000E-01  1.00000E+00  1.00000E-04  0.00000E+00
  9.21000E-01  1.00000E+00  1.00000E-04  5.59491E-10
  9.22000E-01  9.99999E-01  9.99999E-05  3.02648E-16
  9.23000E-01  1.00000E+00  1.00000E-04 -3.17470E-10
  9.24000E-01  1.00000E+00  1.00000E-04  2.99530E-10
  9.25000E-01  1.00000E+00  1.00000E-04 -3.17391E-10
  9.26000E-01  1.00000E+00  1.00000E-04 -2.23643E-10
  9.27000E-01  1.00000E+00  1.00000E-04  0.00000E+00
  9.28000E-01  1.00000E+00  1.00000E-04 -2.33099E-16
  9.29000E-01  1.00000E+00  1.00000E-04  7.76995E-17
  9.30000E-01  1.00000E+00  1.00000E-04  7.76995E-17
  9.31000E-01  1.00000E+00  1.00000E-04  1.11808E-10
  9.32000E-01  1.00000E+00  1.00000E-04  2.82397E-11
  9.33000E-01  1.00000E+00  1.00000E-04 -2.82397E-11
  9.34000E-01  1.00000E+00  1.00000E-04 -1.11926E-10
  9.35000E-01  1.00000E+00  1.00000E-04  0.00000E+00
  9.36000E-01  1.00000E+00  1.00000E-04 -2.23620E-10
  9.37000E-01  1.00000E+00  1.00000E-04  0.00000E+00
  9.38000E-01  1.00000E+00  1.00000E-04  6.70723E-10
  9.39000E-01  1.00000E+00  1.00000E-04  0.00000E+00
  9.40000E-01  1.00000E+00  1.00000E-04 -6.71462E-10
  9.41000E-01  1.00000E+00  1.00000E-04  0.00000E+00
  9.42000E-01  1.00000E+00  1.00000E-04  7.41147E-10
  9.43000E-01  1.00000E+00  1.00000E-04 -7.04373E-11
  9.44000E-01  1.00000E+00  1.00000E-04 -1.40296E-11
  9.45000E-01  1.00000E+00  1.00000E-04  2.92008E-09
  9.46000E-01  9.99996E-01  9.99996E-05  8.02580E-10
  9.47000E-01  1.00000E+00  1.00000E-04 -4.10584E-09
  9.48000E-01  1.00000E+00  1.00000E-04  2.08733E-11
  9.49000E-01  1.00000E+00  1.00000E-04  4.31872E-11
  9.50000E-01  1.00000E+00  1.00000E-04  3.35187E-10
  9.51000E-01  1.00000E+00  1.00000E-04  1.11882E-10
  9.52000E-01  1.00000E+00  1.00000E-04 -2.20173E-11
  9.53000E-01  1.00000E+00  1.00000E-04 -8.98797E-11
  9.54000E-01  1.00000E+00  1.00000E-04 -9.88135E-10
  9.55000E-01  1.00000E+00  1.00000E-04  3.17925E-10
  9.56000E-01  1.00000E+00  1.00000E-04  3.35905E-10
  9.57000E-01  1.00000E+00  1.00000E-04  1.11950E-10
  9.58000E-01  1.00000E+00  1.00000E-04  2.23649E-10
  9.59000E-01  1.00000E+00  1.00000E-04 -6.39106E-10
  9.60000E-01  1.00000E+00  1.00000E-04  8.05464E-11
  9.61000E-01  1.00000E+00  1.00000E-04  1.11885E-10
  9.62000E-01  1.00000E+00  1.00000E-04 -2.23626E-10
  9.63000E-01  1.00000E+00  1.00000E-04 -4.16473E-10
  9.64000E-01  1.00000E+00  1.00000E-04  1.08755E-09
  9.65000E-01  1.00000E+00  1.00000E-04  1.11804E-10
  9.66000E-01  1.00000E+00  1.00000E-04 -1.29935E-09
  9.67000E-01  1.00000E+00  1.00000E-04  4.06540E-10
  9.68000E-01  1.00000E+00  1.00000E-04 -1.21530E-16
  9.69000E-01  1.00000E+00  1.00000E-04 -1.11956E-10
  9.70000E-01  1.00000E+00  1.00000E-04  1.11893E-10
  9.71000E-01  1.00000E+00  1.00000E-04  7.82051E-10
  9.72000E-01  9.99999E-01  9.99999E-05  3.31576E-10
  9.73000E-01  1.00000E+00  1.00000E-04  3.42333E-09
  9.74000E-01  9.99995E-01  9.99995E-05  1.97329E-10
  9.75000E-01  1.00000E+00  1.00000E-04 -4.38664E-09
  9.76000E-01  1.00000E+00  1.00000E-04  2.13692E-10
  9.77000E-01  1.00000E+00  9.99999E-05  3.17694E-10
  9.78000E-01  1.00000E+00  1.00000E-04 -9.88943E-10
  9.79000E-01  9.99999E-01  1.00000E-04  1.47978E-15
  9.80000E-01  1.00000E+00  1.00000E-04  2.45786E-09
  9.81000E-01  9.99998E-01  9.99998E-05  1.09313E-10
  9.82000E-01  1.00000E+00  1.00000E-04 -3.11656E-09
  9.83000E-01  1.00000E+00  1.00000E-04  3.26107E-10
  9.84000E-01  1.00000E+00  1.00000E-04  1.72180E-10
  9.85000E-01  1.00000E+00  1.00000E-04  3.42792E-09
  9.86000E-01  9.99996E-01  9.99995E-05 -2.92836E-09
  9.87000E-01  1.00001E+00  1.00001E-04 -3.83411E-09
  9.88000E-01  1.00000E+00  1.00000E-04  2.81861E-09
  9.89000E-01  1.00000E+00  1.00000E-04  1.44491E-08
  9.90000E-01  9.99981E-01  9.99981E-05  1.28340E-09
  9.91000E-01  1.00000E+00  1.00000E-04 -1.40702E-08
  9.92000E-01  1.00000E+00  1.00000E-04 -6.53274E-10
  9.93000E-01  1.00000E+00  1.00000E-04  0.00000E+00
  9.94000E-01  1.00000E+00  1.00000E-04 -2.23642E-10
  9.95000E-01  1.00000E+00  1.00000E-04  0.00000E+00
  9.96000E-01  1.00000E+00  1.00000E-04  2.23826E-10
  9.97000E-01  1.00000E+00  1.00000E-04  0.00000E+00
  9.98000E-01  1.00000E+00  1.00000E-04  0.00000E+00
  9.99000E-01  1.00000E+00  1.00000E-04  0.00000E+00
