  0.00000E+00  2.21659E-05  2.12221E+01  1.30194E-02
  1.00000E-03  2.21652E-05  2.12221E+01  3.87345E-02
  2.00000E-03  2.21652E-05  2.12220E+01  6.00610E-02
  3.00000E-03  2.21654E-05  2.12219E+01  7.65014E-02
  4.00000E-03  2.21661E-05  2.12218E+01  9.21862E-02
  5.00000E-03  2.21664E-05  2.12217E+01  1.11081E-01
  6.00000E-03  2.21709E-05  2.12216E+01  1.31786E-01
  7.00000E-03  2.21836E-05  2.12215E+01  1.52550E-01
  8.00000E-03  2.22007E-05  2.12213E+01  1.71494E-01
  9.00000E-03  2.22265E-05  2.12212E+01  1.89850E-01
  1.00000E-02  2.22484E-05  2.12212E+01  2.10106E-01
  1.10000E-02  2.22746E-05  2.12213E+01  2.29683E-01
  1.20000E-02  2.22913E-05  2.12215E+01  2.49198E-01
  1.30000E-02  2.23059E-05  2.12216E+01  2.69268E-01
  1.40000E-02  2.23141E-05  2.12217E+01  2.89653E-01
  1.50000E-02  2.23422E-05  2.12218E+01  3.09833E-01
  1.60000E-02  2.24089E-05  2.12219E+01  3.28368E-01
  1.70000E-02  2.27864E-05  2.12219E+01  3.46462E-01
  1.80000E-02  2.34871E-05  2.12219E+01  3.65021E-01
  1.90000E-02  2.44569E-05  2.12219E+01  3.83337E-01
  2.00000E-02  2.58394E-05  2.12218E+01  4.02150E-01
  2.10000E-02  2.71593E-05  2.12219E+01  4.22984E-01
  2.20000E-02  2.87063E-05  2.12220E+01  4.42556E-01
  2.30000E-02  3.03810E-05  2.12219E+01  4.61327E-01
  2.40000E-02  3.21677E-05  2.12219E+01  4.79410E-01
  2.50000E-02  3.40233E-05  2.12219E+01  4.97869E-01
  2.60000E-02  3.61115E-05  2.12220E+01  5.15584E-01
  2.70000E-02  3.83587E-05  2.12220E+01  5.33565E-01
  2.80000E-02  4.06603E-05  2.12220E+01  5.51307E-01
  2.90000E-02  4.32493E-05  2.12221E+01  5.68981E-01
  3.00000E-02  4.61248E-05  2.12219E+01  5.89153E-01
  3.10000E-02  4.90134E-05  2.12218E+01  6.07127E-01
  3.20000E-02  5.24570E-05  2.12217E+01  6.25956E-01
  3.30000E-02  5.63114E-05  2.12219E+01  6.45855E-01
  3.40000E-02  6.03371E-05  2.12218E+01  6.65502E-01
  3.50000E-02  6.52864E-05  2.12218E+01  6.84020E-01
  3.60000E-02  7.07234E-05  2.12218E+01  7.02165E-01
  3.70000E-02  7.67632E-05  2.12218E+01  7.20329E-01
  3.80000E-02  8.40792E-05  2.12218E+01  7.40551E-01
  3.90000E-02  9.18517E-05  2.12214E+01  7.62062E-01
  4.00000E-02  1.01598E-04  2.12210E+01  7.82395E-01
  4.10000E-02  1.11928E-04  2.12207E+01  8.03382E-01
  4.20000E-02  1.24923E-04  2.12205E+01  8.21893E-01
  4.30000E-02  1.38564E-04  2.12204E+01  8.39301E-01
  4.40000E-02  1.55544E-04  2.12203E+01  8.58058E-01
  4.50000E-02  1.73637E-04  2.12201E+01  8.79002E-01
  4.60000E-02  1.94120E-04  2.12200E+01  8.98429E-01
  4.70000E-02  2.18628E-04  2.12200E+01  9.17194E-01
  4.80000E-02  2.42924E-04  2.12200E+01  9.35923E-01
  4.90000E-02  2.71622E-04  2.12200E+01  9.54467E-01
  5.00000E-02  3.01593E-04  2.12201E+01  9.73769E-01
  5.10000E-02  3.33652E-04  2.12199E+01  9.92996E-01
  5.20000E-02  3.69221E-04  2.12194E+01  1.01361E+00
  5.30000E-02  4.04452E-04  2.12190E+01  1.03585E+00
  5.40000E-02  4.44131E-04  2.12186E+01  1.05629E+00
  5.50000E-02  4.83211E-04  2.12181E+01  1.07183E+00
  5.60000E-02  5.27765E-04  2.12178E+01  1.09248E+00
  5.70000E-02  5.69324E-04  2.12175E+01  1.11730E+00
  5.80000E-02  6.18408E-04  2.12172E+01  1.13001E+00
  5.90000E-02  6.65689E-04  2.12167E+01  1.14584E+00
  6.00000E-02  7.14583E-04  2.12160E+01  1.16745E+00
  6.10000E-02  7.68698E-04  2.12150E+01  1.19149E+00
  6.20000E-02  8.22510E-04  2.12150E+01  1.20773E+00
  6.30000E-02  8.82135E-04  2.12153E+01  1.22380E+00
  6.40000E-02  9.38541E-04  2.12151E+01  1.24486E+00
  6.50000E-02  1.00162E-03  2.12147E+01  1.26593E+00
  6.60000E-02  1.07180E-03  2.12141E+01  1.28898E+00
  6.70000E-02  1.13608E-03  2.12139E+01  1.30900E+00
  6.80000E-02  1.21373E-03  2.12142E+01  1.32635E+00
  6.90000E-02  1.28777E-03  2.12146E+01  1.34867E+00
  7.00000E-02  1.36450E-03  2.12143E+01  1.37066E+00
  7.10000E-02  1.45634E-03  2.12132E+01  1.39576E+00
  7.20000E-02  1.54661E-03  2.12109E+01  1.41340E+00
  7.30000E-02  1.64006E-03  2.12103E+01  1.43388E+00
  7.40000E-02  1.73836E-03  2.12109E+01  1.44771E+00
  7.50000E-02  1.84822E-03  2.12084E+01  1.45913E+00
  7.60000E-02  1.96130E-03  2.12075E+01  1.47317E+00
  7.70000E-02  2.08481E-03  2.12059E+01  1.48816E+00
  7.80000E-02  2.20366E-03  2.12002E+01  1.49248E+00
  7.90000E-02  2.33139E-03  2.11932E+01  1.49712E+00
  8.00000E-02  2.47907E-03  2.11849E+01  1.49620E+00
  8.10000E-02  2.61390E-03  2.11826E+01  1.50844E+00
  8.20000E-02  2.75546E-03  2.11821E+01  1.52439E+00
  8.30000E-02  2.92316E-03  2.11817E+01  1.54602E+00
  8.40000E-02  3.09153E-03  2.11820E+01  1.56997E+00
  8.50000E-02  3.24067E-03  2.11819E+01  1.59079E+00
  8.60000E-02  3.42496E-03  2.11812E+01  1.60912E+00
  8.70000E-02  3.60076E-03  2.11778E+01  1.62134E+00
  8.80000E-02  3.78488E-03  2.11693E+01  1.62113E+00
  8.90000E-02  3.96985E-03  2.11619E+01  1.61770E+00
  9.00000E-02  4.18259E-03  2.11571E+01  1.62881E+00
  9.10000E-02  4.35696E-03  2.11586E+01  1.64980E+00
  9.20000E-02  4.58515E-03  2.11598E+01  1.67068E+00
  9.30000E-02  4.81030E-03  2.11617E+01  1.68672E+00
  9.40000E-02  5.00689E-03  2.11627E+01  1.70046E+00
  9.50000E-02  5.24214E-03  2.11630E+01  1.72361E+00
  9.60000E-02  5.51068E-03  2.11658E+01  1.74260E+00
  9.70000E-02  5.70305E-03  2.11680E+01  1.75788E+00
  9.80000E-02  6.00618E-03  2.11703E+01  1.77119E+00
  9.90000E-02  6.25394E-03  2.11714E+01  1.78820E+00
  1.00000E-01  6.53401E-03  2.11709E+01  1.80622E+00
  1.01000E-01  6.81522E-03  2.11731E+01  1.82200E+00
  1.02000E-01  7.07979E-03  2.11742E+01  1.82938E+00
  1.03000E-01  7.42513E-03  2.11672E+01  1.83211E+00
  1.04000E-01  7.70694E-03  2.11585E+01  1.83165E+00
  1.05000E-01  8.04548E-03  2.11479E+01  1.83462E+00
  1.06000E-01  8.40468E-03  2.11435E+01  1.85724E+00
  1.07000E-01  8.70166E-03  2.11424E+01  1.88283E+00
  1.08000E-01  9.08731E-03  2.11405E+01  1.90038E+00
  1.09000E-01  9.45489E-03  2.11467E+01  1.93542E+00
  1.10000E-01  9.82718E-03  2.11453E+01  1.95429E+00
  1.11000E-01  1.02418E-02  2.11476E+01  1.98192E+00
  1.12000E-01  1.06185E-02  2.11522E+01  2.00607E+00
  1.13000E-01  1.10942E-02  2.11638E+01  2.01512E+00
  1.14000E-01  1.15128E-02  2.11818E+01  2.01507E+00
  1.15000E-01  1.19881E-02  2.11966E+01  2.02037E+00
  1.16000E-01  1.24373E-02  2.12086E+01  2.03747E+00
  1.17000E-01  1.29243E-02  2.12108E+01  2.06302E+00
  1.18000E-01  1.34388E-02  2.12076E+01  2.09035E+00
  1.19000E-01  1.39052E-02  2.12162E+01  2.11141E+00
  1.20000E-01  1.45426E-02  2.12229E+01  2.13991E+00
  1.21000E-01  1.50061E-02  2.12293E+01  2.14845E+00
  1.22000E-01  1.56267E-02  2.12337E+01  2.16907E+00
  1.23000E-01  1.61960E-02  2.12383E+01  2.20074E+00
  1.24000E-01  1.67866E-02  2.12414E+01  2.22108E+00
  1.25000E-01  1.74522E-02  2.12428E+01  2.25375E+00
  1.26000E-01  1.79973E-02  2.12474E+01  2.26571E+00
  1.27000E-01  1.87656E-02  2.12508E+01  2.29558E+00
  1.28000E-01  1.94449E-02  2.12444E+01  2.32226E+00
  1.29000E-01  2.00164E-02  2.12617E+01  2.33689E+00
  1.30000E-01  2.08414E-02  2.12521E+01  2.35649E+00
  1.31000E-01  2.16099E-02  2.12739E+01  2.36577E+00
  1.32000E-01  2.23636E-02  2.12809E+01  2.38491E+00
  1.33000E-01  2.31285E-02  2.12850E+01  2.38008E+00
  1.34000E-01  2.38938E-02  2.12768E+01  2.37675E+00
  1.35000E-01  2.47694E-02  2.12660E+01  2.38712E+00
  1.36000E-01  2.55352E-02  2.12516E+01  2.38904E+00
  1.37000E-01  2.63862E-02  2.12552E+01  2.40387E+00
  1.38000E-01  2.73264E-02  2.12478E+01  2.42458E+00
  1.39000E-01  2.82596E-02  2.12571E+01  2.44126E+00
  1.40000E-01  2.92453E-02  2.12584E+01  2.46654E+00
  1.41000E-01  3.00883E-02  2.12709E+01  2.47821E+00
  1.42000E-01  3.12613E-02  2.12682E+01  2.51184E+00
  1.43000E-01  3.21443E-02  2.12905E+01  2.52128E+00
  1.44000E-01  3.30919E-02  2.13087E+01  2.55385E+00
  1.45000E-01  3.44471E-02  2.13184E+01  2.57269E+00
  1.46000E-01  3.51391E-02  2.13247E+01  2.58573E+00
  1.47000E-01  3.66369E-02  2.13265E+01  2.60688E+00
  1.48000E-01  3.78053E-02  2.13334E+01  2.63063E+00
  1.49000E-01  3.88016E-02  2.13145E+01  2.65299E+00
  1.50000E-01  3.98404E-02  2.13289E+01  2.66643E+00
  1.51000E-01  4.12771E-02  2.13034E+01  2.68046E+00
  1.52000E-01  4.24133E-02  2.13135E+01  2.71210E+00
  1.53000E-01  4.38637E-02  2.12924E+01  2.72666E+00
  1.54000E-01  4.53845E-02  2.13098E+01  2.73984E+00
  1.55000E-01  4.63374E-02  2.13226E+01  2.75878E+00
  1.56000E-01  4.78841E-02  2.13526E+01  2.75682E+00
  1.57000E-01  4.92775E-02  2.13737E+01  2.76054E+00
  1.58000E-01  5.08395E-02  2.14016E+01  2.77796E+00
  1.59000E-01  5.24925E-02  2.14066E+01  2.80038E+00
  1.60000E-01  5.40011E-02  2.14198E+01  2.81940E+00
  1.61000E-01  5.54033E-02  2.14165E+01  2.86456E+00
  1.62000E-01  5.68832E-02  2.14123E+01  2.88419E+00
  1.63000E-01  5.88815E-02  2.14170E+01  2.89792E+00
  1.64000E-01  6.03472E-02  2.14186E+01  2.93923E+00
  1.65000E-01  6.18883E-02  2.14358E+01  2.95050E+00
  1.66000E-01  6.40492E-02  2.14547E+01  2.94982E+00
  1.67000E-01  6.56497E-02  2.14814E+01  2.94972E+00
  1.68000E-01  6.74120E-02  2.15160E+01  2.96223E+00
  1.69000E-01  6.94530E-02  2.15213E+01  2.97569E+00
  1.70000E-01  7.16133E-02  2.15256E+01  3.01291E+00
  1.71000E-01  7.33286E-02  2.15127E+01  3.03528E+00
  1.72000E-01  7.51683E-02  2.15164E+01  3.05212E+00
  1.73000E-01  7.75413E-02  2.15162E+01  3.08484E+00
  1.74000E-01  7.94017E-02  2.15309E+01  3.10461E+00
  1.75000E-01  8.17247E-02  2.15787E+01  3.10292E+00
  1.76000E-01  8.40292E-02  2.16184E+01  3.12874E+00
  1.77000E-01  8.61346E-02  2.16136E+01  3.14074E+00
  1.78000E-01  8.82283E-02  2.16285E+01  3.15937E+00
  1.79000E-01  9.06889E-02  2.16210E+01  3.19859E+00
  1.80000E-01  9.29414E-02  2.16294E+01  3.21598E+00
  1.81000E-01  9.51358E-02  2.16647E+01  3.22272E+00
  1.82000E-01  9.79287E-02  2.16969E+01  3.24413E+00
  1.83000E-01  1.00859E-01  2.17192E+01  3.25174E+00
  1.84000E-01  1.03300E-01  2.17251E+01  3.27165E+00
  1.85000E-01  1.05902E-01  2.17196E+01  3.31055E+00
  1.86000E-01  1.08414E-01  2.17226E+01  3.32433E+00
  1.87000E-01  1.11399E-01  2.17358E+01  3.34573E+00
  1.88000E-01  1.13878E-01  2.17376E+01  3.37497E+00
  1.89000E-01  1.16820E-01  2.17945E+01  3.37586E+00
  1.90000E-01  1.19684E-01  2.18195E+01  3.38931E+00
  1.91000E-01  1.22993E-01  2.18442E+01  3.40513E+00
  1.92000E-01  1.25982E-01  2.19113E+01  3.40910E+00
  1.93000E-01  1.29634E-01  2.19492E+01  3.43049E+00
  1.94000E-01  1.32011E-01  2.19325E+01  3.46294E+00
  1.95000E-01  1.35633E-01  2.19248E+01  3.50193E+00
  1.96000E-01  1.38514E-01  2.19234E+01  3.53403E+00
  1.97000E-01  1.42011E-01  2.19625E+01  3.54933E+00
  1.98000E-01  1.46212E-01  2.20439E+01  3.54501E+00
  1.99000E-01  1.49331E-01  2.21281E+01  3.54565E+00
  2.00000E-01  1.53649E-01  2.21458E+01  3.57232E+00
  2.01000E-01  1.56275E-01  2.21269E+01  3.61084E+00
  2.02000E-01  1.60205E-01  2.21465E+01  3.64020E+00
  2.03000E-01  1.64573E-01  2.22096E+01  3.63957E+00
  2.04000E-01  1.68640E-01  2.22927E+01  3.65178E+00
  2.05000E-01  1.72481E-01  2.22985E+01  3.68691E+00
  2.06000E-01  1.75361E-01  2.22948E+01  3.71348E+00
  2.07000E-01  1.80851E-01  2.23266E+01  3.73217E+00
  2.08000E-01  1.84558E-01  2.23434E+01  3.74690E+00
  2.09000E-01  1.89496E-01  2.24254E+01  3.75775E+00
  2.10000E-01  1.93208E-01  2.24639E+01  3.77212E+00
  2.11000E-01  1.97879E-01  2.24839E+01  3.79248E+00
  2.12000E-01  2.03259E-01  2.25380E+01  3.83116E+00
  2.13000E-01  2.07481E-01  2.26065E+01  3.85152E+00
  2.14000E-01  2.13060E-01  2.26811E+01  3.85327E+00
  2.15000E-01  2.17015E-01  2.27025E+01  3.86791E+00
  2.16000E-01  2.22574E-01  2.27117E+01  3.89255E+00
  2.17000E-01  2.27647E-01  2.27836E+01  3.90583E+00
  2.18000E-01  2.32408E-01  2.28554E+01  3.92658E+00
  2.19000E-01  2.38435E-01  2.29518E+01  3.94270E+00
  2.20000E-01  2.44139E-01  2.29775E+01  3.98599E+00
  2.21000E-01  2.50025E-01  2.30016E+01  4.01044E+00
  2.22000E-01  2.54532E-01  2.30861E+01  4.01377E+00
  2.23000E-01  2.61161E-01  2.31324E+01  4.02908E+00
  2.24000E-01  2.65974E-01  2.31390E+01  4.06588E+00
  2.25000E-01  2.72248E-01  2.32486E+01  4.09100E+00
  2.26000E-01  2.79809E-01  2.33566E+01  4.10604E+00
  2.27000E-01  2.85822E-01  2.34030E+01  4.14299E+00
  2.28000E-01  2.92833E-01  2.34022E+01  4.17118E+00
  2.29000E-01  2.97285E-01  2.34416E+01  4.18841E+00
  2.30000E-01  3.05106E-01  2.35336E+01  4.18093E+00
  2.31000E-01  3.12355E-01  2.36357E+01  4.18179E+00
  2.32000E-01  3.18711E-01  2.37966E+01  4.20262E+00
  2.33000E-01  3.26948E-01  2.38979E+01  4.24338E+00
  2.34000E-01  3.34695E-01  2.39214E+01  4.28024E+00
  2.35000E-01  3.41343E-01  2.39292E+01  4.31366E+00
  2.36000E-01  3.49577E-01  2.39885E+01  4.33040E+00
  2.37000E-01  3.57387E-01  2.41477E+01  4.35241E+00
  2.38000E-01  3.65683E-01  2.42622E+01  4.36317E+00
  2.39000E-01  3.73345E-01  2.44049E+01  4.36446E+00
  2.40000E-01  3.82249E-01  2.45293E+01  4.37286E+00
  2.41000E-01  3.91623E-01  2.46643E+01  4.42208E+00
  2.42000E-01  3.99858E-01  2.47193E+01  4.45290E+00
  2.43000E-01  4.10374E-01  2.48027E+01  4.47768E+00
  2.44000E-01  4.16462E-01  2.47469E+01  4.50381E+00
  2.45000E-01  4.25861E-01  2.48568E+01  4.52143E+00
  2.46000E-01  4.35641E-01  2.49523E+01  4.54799E+00
  2.47000E-01  4.47861E-01  2.52494E+01  4.57830E+00
  2.48000E-01  4.58479E-01  2.54466E+01  4.58938E+00
  2.49000E-01  4.69567E-01  2.55956E+01  4.61604E+00
  2.50000E-01  4.76980E-01  2.55249E+01  4.62755E+00
  2.51000E-01  4.88914E-01  2.55777E+01  4.64254E+00
  2.52000E-01  4.98721E-01  2.56780E+01  4.69123E+00
  2.53000E-01  5.14731E-01  2.60334E+01  4.74595E+00
  2.54000E-01  5.22330E-01  2.61561E+01  4.76246E+00
  2.55000E-01  5.35711E-01  2.63105E+01  4.75863E+00
  2.56000E-01  5.49988E-01  2.64968E+01  4.76244E+00
  2.57000E-01  5.63758E-01  2.66698E+01  4.81012E+00
  2.58000E-01  5.72288E-01  2.66375E+01  4.85112E+00
  2.59000E-01  5.87154E-01  2.68722E+01  4.87370E+00
  2.60000E-01  6.02189E-01  2.70394E+01  4.89488E+00
  2.61000E-01  6.14084E-01  2.72517E+01  4.91116E+00
  2.62000E-01  6.30058E-01  2.75884E+01  4.96074E+00
  2.63000E-01  6.46412E-01  2.76734E+01  4.98218E+00
  2.64000E-01  6.58109E-01  2.77205E+01  4.99578E+00
  2.65000E-01  6.77863E-01  2.81038E+01  5.04217E+00
  2.66000E-01  6.92720E-01  2.82792E+01  5.07295E+00
  2.67000E-01  7.05378E-01  2.83295E+01  5.07295E+00
  2.68000E-01  7.21313E-01  2.84099E+01  5.07560E+00
  2.69000E-01  7.41746E-01  2.88739E+01  5.13267E+00
  2.70000E-01  7.65130E-01  2.94062E+01  5.21707E+00
  2.71000E-01  7.78652E-01  2.95083E+01  5.22649E+00
  2.72000E-01  7.96140E-01  2.95990E+01  5.22126E+00
  2.73000E-01  8.11405E-01  2.96173E+01  5.22245E+00
  2.74000E-01  8.29938E-01  2.97463E+01  5.23712E+00
  2.75000E-01  8.53334E-01  3.01623E+01  5.28090E+00
  2.76000E-01  8.78709E-01  3.06282E+01  5.32593E+00
  2.77000E-01  8.97656E-01  3.08360E+01  5.36363E+00
  2.78000E-01  9.23030E-01  3.11992E+01  5.39649E+00
  2.79000E-01  9.46386E-01  3.15215E+01  5.42136E+00
  2.80000E-01  9.69705E-01  3.18300E+01  5.45513E+00
  2.81000E-01  9.96704E-01  3.21602E+01  5.49090E+00
  2.82000E-01  1.01531E+00  3.23201E+01  5.50917E+00
  2.83000E-01  1.04590E+00  3.27659E+01  5.53806E+00
  2.84000E-01  1.07412E+00  3.32840E+01  5.60380E+00
  2.85000E-01  1.10390E+00  3.37333E+01  5.64093E+00
  2.86000E-01  1.13137E+00  3.39927E+01  5.65140E+00
  2.87000E-01  1.15460E+00  3.41319E+01  5.66002E+00
  2.88000E-01  1.18712E+00  3.45442E+01  5.69738E+00
  2.89000E-01  1.22111E+00  3.50492E+01  5.73641E+00
  2.90000E-01  1.25644E+00  3.56775E+01  5.77862E+00
  2.91000E-01  1.28692E+00  3.59407E+01  5.81452E+00
  2.92000E-01  1.32268E+00  3.64253E+01  5.84842E+00
  2.93000E-01  1.35779E+00  3.69351E+01  5.87735E+00
  2.94000E-01  1.39976E+00  3.74173E+01  5.91601E+00
  2.95000E-01  1.43320E+00  3.78738E+01  5.94865E+00
  2.96000E-01  1.47788E+00  3.84259E+01  5.97773E+00
  2.97000E-01  1.51822E+00  3.90088E+01  6.02579E+00
  2.98000E-01  1.56028E+00  3.95089E+01  6.05635E+00
  2.99000E-01  1.60743E+00  4.01232E+01  6.09298E+00
  3.00000E-01  1.65184E+00  4.07913E+01  6.12408E+00
  3.01000E-01  1.70645E+00  4.14456E+01  6.16977E+00
  3.02000E-01  1.74475E+00  4.18524E+01  6.19609E+00
  3.03000E-01  1.80511E+00  4.26794E+01  6.23353E+00
  3.04000E-01  1.85601E+00  4.34107E+01  6.27850E+00
  3.05000E-01  1.91344E+00  4.40963E+01  6.31921E+00
  3.06000E-01  1.96740E+00  4.47070E+01  6.35434E+00
  3.07000E-01  2.03593E+00  4.56988E+01  6.39152E+00
  3.08000E-01  2.09283E+00  4.63547E+01  6.42390E+00
  3.09000E-01  2.15954E+00  4.71558E+01  6.47149E+00
  3.10000E-01  2.22771E+00  4.81321E+01  6.50524E+00
  3.11000E-01  2.30288E+00  4.90721E+01  6.55543E+00
  3.12000E-01  2.36586E+00  4.97578E+01  6.58694E+00
  3.13000E-01  2.45019E+00  5.08472E+01  6.62444E+00
  3.14000E-01  2.52937E+00  5.18643E+01  6.67408E+00
  3.15000E-01  2.60967E+00  5.27986E+01  6.71198E+00
  3.16000E-01  2.69737E+00  5.38491E+01  6.74537E+00
  3.17000E-01  2.79135E+00  5.51098E+01  6.79389E+00
  3.18000E-01  2.88253E+00  5.62420E+01  6.83623E+00
  3.19000E-01  2.97815E+00  5.71885E+01  6.87343E+00
  3.20000E-01  3.08735E+00  5.86234E+01  6.91533E+00
  3.21000E-01  3.20649E+00  6.02192E+01  6.97218E+00
  3.22000E-01  3.29462E+00  6.12152E+01  6.99821E+00
  3.23000E-01  3.41444E+00  6.23135E+01  7.02539E+00
  3.24000E-01  3.58176E+00  6.44685E+01  7.11627E+00
  3.25000E-01  3.67756E+00  6.59514E+01  7.14515E+00
  3.26000E-01  3.67909E+00  6.39114E+01  7.02938E+00
  3.27000E-01  3.12158E+00  4.52437E+01  5.94395E+00
  3.28000E-01  1.75314E+00  1.18060E+01  2.65204E+00
  3.29000E-01  1.11836E+00  4.31678E-01  2.40696E-01
  3.30000E-01  1.00540E+00  3.49803E-04  9.11691E-04
  3.31000E-01  1.00000E+00  1.00001E-04  2.80161E-07
  3.32000E-01  1.00000E+00  1.00000E-04  3.01025E-10
  3.33000E-01  1.00000E+00  1.00000E-04  9.80381E-11
  3.34000E-01  1.00000E+00  1.00000E-04 -2.95875E-10
  3.35000E-01  1.00000E+00  1.00000E-04  2.39237E-16
  3.36000E-01  1.00000E+00  1.00000E-04  1.03418E-16
  3.37000E-01  1.00000E+00  1.00000E-04 -9.87887E-11
  3.38000E-01  1.00000E+00  1.00000E-04  0.00000E+00
  3.39000E-01  1.00000E+00  1.00000E-04 -3.94589E-10
  3.40000E-01  1.00000E+00  1.00000E-04 -9.87633E-11
  3.41000E-01  1.00000E+00  1.00000E-04  3.94561E-10
  3.42000E-01  1.00000E+00  1.00000E-04 -9.87472E-11
  3.43000E-01  1.00000E+00  1.00000E-04  9.87037E-11
  3.44000E-01  1.00000E+00  1.00000E-04  1.20469E-09
  3.45000E-01  9.99999E-01  9.99999E-05 -1.49983E-09
  3.46000E-01  1.00000E+00  1.00000E-04 -9.41286E-10
  3.47000E-01  1.00000E+00  1.00000E-04 -4.22139E-09
  3.48000E-01  1.00000E+00  1.00001E-04  2.69806E-09
  3.49000E-01  1.00000E+00  9.99996E-05  4.61650E-09
  3.50000E-01  1.00000E+00  1.00000E-04 -2.35520E-09
  3.51000E-01  1.00000E+00  1.00000E-04  5.91008E-10
  3.52000E-01  1.00000E+00  1.00000E-04  6.85805E-12
  3.53000E-01  1.00000E+00  1.00000E-04  0.00000E+00
  3.54000E-01  1.00000E+00  1.00000E-04  0.00000E+00
  3.55000E-01  1.00000E+00  1.00000E-04  0.00000E+00
  3.56000E-01  1.00000E+00  1.00000E-04  0.00000E+00
  3.57000E-01  1.00000E+00  1.00000E-04  0.00000E+00
  3.58000E-01  1.00000E+00  1.00000E-04  0.00000E+00
  3.59000E-01  1.00000E+00  1.00000E-04  0.00000E+00
  3.60000E-01  1.00000E+00  1.00000E-04  0.00000E+00
  3.61000E-01  1.00000E+00  1.00000E-04 -7.76996E-17
  3.62000E-01  1.00000E+00  1.00000E-04  0.00000E+00
  3.63000E-01  1.00000E+00  1.00000E-04  7.76996E-17
  3.64000E-01  1.00000E+00  1.00000E-04  0.00000E+00
  3.65000E-01  1.00000E+00  1.00000E-04  0.00000E+00
  3.66000E-01  1.00000E+00  1.00000E-04  0.00000E+00
  3.67000E-01  1.00000E+00  1.00000E-04  0.00000E+00
  3.68000E-01  1.00000E+00  1.00000E-04  0.00000E+00
  3.69000E-01  1.00000E+00  1.00000E-04  0.00000E+00
  3.70000E-01  1.00000E+00  1.00000E-04  0.00000E+00
  3.71000E-01  1.00000E+00  1.00000E-04  0.00000E+00
  3.72000E-01  1.00000E+00  1.00000E-04 -1.97380E-10
  3.73000E-01  1.00000E+00  1.00000E-04 -1.97418E-10
  3.74000E-01  1.00000E+00  1.00000E-04  2.78044E-10
  3.75000E-01  1.00000E+00  1.00000E-04 -1.06738E-09
  3.76000E-01  1.00000E+00  1.00000E-04  7.79974E-17
  3.77000E-01  1.00000E+00  1.00000E-04  1.13320E-09
  3.78000E-01  1.00000E+00  1.00000E-04  5.17293E-11
  3.79000E-01  1.00000E+00  1.00000E-04  0.00000E+00
  3.80000E-01  1.00000E+00  1.00000E-04  0.00000E+00
  3.81000E-01  1.00000E+00  1.00000E-04  2.96114E-10
  3.82000E-01  1.00000E+00  1.00000E-04  9.86907E-11
  3.83000E-01  1.00000E+00  1.00000E-04 -2.95882E-10
  3.84000E-01  1.00000E+00  1.00000E-04  1.97379E-10
  3.85000E-01  1.00000E+00  1.00000E-04 -1.59962E-16
  3.86000E-01  1.00000E+00  1.00000E-04 -2.96077E-10
  3.87000E-01  1.00000E+00  1.00000E-04  0.00000E+00
  3.88000E-01  1.00000E+00  1.00000E-04  0.00000E+00
  3.89000E-01  1.00000E+00  1.00000E-04  0.00000E+00
  3.90000E-01  1.00000E+00  1.00000E-04  0.00000E+00
  3.91000E-01  1.00000E+00  1.00000E-04  0.00000E+00
  3.92000E-01  1.00000E+00  1.00000E-04  0.00000E+00
  3.93000E-01  1.00000E+00  1.00000E-04  0.00000E+00
  3.94000E-01  1.00000E+00  1.00000E-04  0.00000E+00
  3.95000E-01  1.00000E+00  1.00000E-04  0.00000E+00
  3.96000E-01  1.00000E+00  1.00000E-04  0.00000E+00
  3.97000E-01  1.00000E+00  1.00000E-04  2.91283E-10
  3.98000E-01  1.00000E+00  1.00000E-04 -2.91468E-10
  3.99000E-01  1.00000E+00  1.00000E-04 -9.86708E-11
  4.00000E-01  1.00000E+00  1.00000E-04  9.86526E-11
  4.01000E-01  1.00000E+00  1.00000E-04  0.00000E+00
  4.02000E-01  1.00000E+00  1.00000E-04  0.00000E+00
  4.03000E-01  1.00000E+00  1.00000E-04 -1.82390E-10
  4.04000E-01  1.00000E+00  1.00000E-04 -4.81810E-08
  4.05000E-01  1.00000E+00  1.00000E-04 -1.61377E-06
  4.06000E-01  1.00000E+00  1.00437E-04 -1.12918E-10
  4.07000E-01  1.00000E+00  1.00000E-04  1.61369E-06
  4.08000E-01  1.00000E+00  1.00000E-04  4.84610E-08
  4.09000E-01  1.00000E+00  1.00000E-04  1.84329E-10
  4.10000E-01  1.00000E+00  1.00000E-04  0.00000E+00
  4.11000E-01  1.00000E+00  1.00000E-04  0.00000E+00
  4.12000E-01  1.00000E+00  1.00000E-04  0.00000E+00
  4.13000E-01  1.00000E+00  1.00000E-04  0.00000E+00
  4.14000E-01  1.00000E+00  1.00000E-04 -1.84198E-10
  4.15000E-01  1.00000E+00  1.00000E-04 -4.84450E-08
  4.16000E-01  1.00000E+00  1.00000E-04 -1.61420E-06
  4.17000E-01  1.00000E+00  1.00437E-04 -3.94162E-13
  4.18000E-01  1.00000E+00  1.00000E-04  1.61425E-06
  4.19000E-01  1.00000E+00  1.00000E-04  4.85221E-08
  4.20000E-01  1.00000E+00  1.00000E-04  2.43224E-10
  4.21000E-01  1.00000E+00  1.00000E-04  0.00000E+00
  4.22000E-01  1.00000E+00  1.00000E-04  0.00000E+00
  4.23000E-01  1.00000E+00  1.00000E-04  3.94730E-10
  4.24000E-01  1.00000E+00  9.99999E-05  0.00000E+00
  4.25000E-01  1.00000E+00  1.00000E-04 -2.96186E-10
  4.26000E-01  1.00000E+00  1.00000E-04  3.24052E-11
  4.27000E-01  1.00000E+00  1.00000E-04  2.12617E-09
  4.28000E-01  9.99996E-01  9.99996E-05  1.12616E-10
  4.29000E-01  1.00000E+00  1.00000E-04 -2.27061E-09
  4.30000E-01  1.00000E+00  1.00000E-04 -9.66126E-11
  4.31000E-01  1.00000E+00  1.00000E-04  0.00000E+00
  4.32000E-01  1.00000E+00  1.00000E-04  1.97437E-10
  4.33000E-01  1.00000E+00  1.00000E-04  0.00000E+00
  4.34000E-01  1.00000E+00  1.00000E-04 -1.97319E-10
  4.35000E-01  1.00000E+00  1.00000E-04  0.00000E+00
  4.36000E-01  1.00000E+00  1.00000E-04 -7.76996E-17
  4.37000E-01  1.00000E+00  1.00000E-04 -2.96329E-10
  4.38000E-01  1.00000E+00  1.00000E-04  9.87698E-11
  4.39000E-01  1.00000E+00  1.00000E-04  1.97393E-10
  4.40000E-01  1.00000E+00  1.00000E-04  0.00000E+00
  4.41000E-01  1.00000E+00  1.00000E-04  9.87591E-11
  4.42000E-01  1.00000E+00  1.00000E-04  0.00000E+00
  4.43000E-01  1.00000E+00  1.00000E-04 -9.87242E-11
  4.44000E-01  1.00000E+00  1.00000E-04  9.87511E-11
  4.45000E-01  1.00000E+00  1.00000E-04  0.00000E+00
  4.46000E-01  1.00000E+00  1.00000E-04 -9.86206E-11
  4.47000E-01  1.00000E+00  1.00000E-04  0.00000E+00
  4.48000E-01  1.00000E+00  1.00000E-04  0.00000E+00
  4.49000E-01  1.00000E+00  1.00000E-04  0.00000E+00
  4.50000E-01  1.00000E+00  1.00000E-04  9.87019E-11
  4.51000E-01  1.00000E+00  1.00000E-04 -3.95013E-10
  4.52000E-01  1.00000E+00  1.00000E-04 -9.88686E-11
  4.53000E-01  1.00000E+00  1.00000E-04  3.94461E-10
  4.54000E-01  1.00000E+00  1.00000E-04  9.86491E-11
  4.55000E-01  1.00000E+00  1.00000E-04  0.00000E+00
  4.56000E-01  1.00000E+00  1.00000E-04 -4.93648E-11
  4.57000E-01  1.00000E+00  1.00000E-04 -4.93660E-11
  4.58000E-01  1.00000E+00  1.00000E-04  7.76996E-17
  4.59000E-01  1.00000E+00  1.00000E-04  0.00000E+00
  4.60000E-01  1.00000E+00  1.00000E-04  9.86274E-11
  4.61000E-01  1.00000E+00  1.00000E-04 -1.97242E-10
  4.62000E-01  1.00000E+00  1.00000E-04 -9.87681E-11
  4.63000E-01  1.00000E+00  1.00000E-04  1.97491E-10
  4.64000E-01  1.00000E+00  1.00000E-04  9.86898E-11
  4.65000E-01  1.00000E+00  1.00000E-04  0.00000E+00
  4.66000E-01  1.00000E+00  1.00000E-04 -9.86590E-11
  4.67000E-01  1.00000E+00  1.00000E-04  9.87480E-11
  4.68000E-01  1.00000E+00  1.00000E-04  9.38678E-11
  4.69000E-01  1.00000E+00  1.00000E-04 -4.88913E-10
  4.70000E-01  1.00000E+00  1.00000E-04  1.97490E-10
  4.71000E-01  1.00000E+00  1.00000E-04  9.87120E-11
  4.72000E-01  1.00000E+00  1.00000E-04 -3.94683E-10
  4.73000E-01  1.00000E+00  1.00000E-04  9.87906E-11
  4.74000E-01  1.00000E+00  1.00000E-04  2.95886E-10
  4.75000E-01  1.00000E+00  1.00000E-04 -6.59449E-16
  4.76000E-01  1.00000E+00  1.00000E-04  8.54695E-17
  4.77000E-01  1.00000E+00  1.00000E-04 -1.97255E-10
  4.78000E-01  1.00000E+00  1.00000E-04  9.87856E-11
  4.79000E-01  1.00000E+00  1.00000E-04  1.97271E-10
  4.80000E-01  1.00000E+00  1.00000E-04  1.97273E-10
  4.81000E-01  1.00000E+00  1.00000E-04  9.87498E-11
  4.82000E-01  1.00000E+00  1.00000E-04 -2.95956E-10
  4.83000E-01  1.00000E+00  1.00000E-04 -6.90883E-10
  4.84000E-01  1.00000E+00  1.00000E-04 -3.26318E-10
  4.85000E-01  1.00000E+00  1.00000E-04  1.81333E-09
  4.86000E-01  1.00000E+00  9.99999E-05 -2.03538E-10
  4.87000E-01  1.00000E+00  1.00000E-04 -9.67478E-16
  4.88000E-01  9.99999E-01  9.99999E-05 -1.40269E-10
  4.89000E-01  1.00000E+00  1.00000E-04 -4.33748E-09
  4.90000E-01  1.00000E+00  1.00000E-04  1.51366E-09
  4.91000E-01  1.00000E+00  1.00000E-04  2.26167E-09
  4.92000E-01  1.00000E+00  1.00000E-04  6.97931E-10
  4.93000E-01  9.99999E-01  9.99999E-05 -9.87946E-11
  4.94000E-01  1.00000E+00  1.00000E-04 -5.87564E-10
  4.95000E-01  1.00000E+00  1.00000E-04 -4.78853E-12
  4.96000E-01  1.00000E+00  1.00000E-04  0.00000E+00
  4.97000E-01  1.00000E+00  1.00000E-04  0.00000E+00
  4.98000E-01  1.00000E+00  1.00000E-04  0.00000E+00
  4.99000E-01  1.00000E+00  1.00000E-04  0.00000E+00
  5.00000E-01  1.00000E+00  1.00000E-04  0.00000E+00
  5.01000E-01  1.00000E+00  1.00000E-04  0.00000E+00
  5.02000E-01  1.00000E+00  1.00000E-04  0.00000E+00
  5.03000E-01  1.00000E+00  1.00000E-04  0.00000E+00
  5.04000E-01  1.00000E+00  1.00000E-04  5.17249E-11
  5.05000E-01  1.00000E+00  1.00000E-04  1.13254E-09
  5.06000E-01  9.99998E-01  9.99998E-05  0.00000E+00
  5.07000E-01  1.00000E+00  1.00000E-04 -1.13315E-09
  5.08000E-01  1.00000E+00  1.00000E-04 -5.17355E-11
  5.09000E-01  1.00000E+00  1.00000E-04  0.00000E+00
  5.10000E-01  1.00000E+00  1.00000E-04 -7.76996E-17
  5.11000E-01  1.00000E+00  1.00000E-04  0.00000E+00
  5.12000E-01  1.00000E+00  1.00000E-04  7.76995E-17
  5.13000E-01  1.00000E+00  1.00000E-04  0.00000E+00
  5.14000E-01  1.00000E+00  1.00000E-04  0.00000E+00
  5.15000E-01  1.00000E+00  1.00000E-04  2.82674E-11
  5.16000E-01  1.00000E+00  1.00000E-04  7.61631E-10
  5.17000E-01  9.99999E-01  9.99999E-05  0.00000E+00
  5.18000E-01  1.00000E+00  1.00000E-04 -7.61729E-10
  5.19000E-01  1.00000E+00  1.00000E-04 -2.82736E-11
  5.20000E-01  1.00000E+00  1.00000E-04 -5.39112E-15
  5.21000E-01  1.00000E+00  1.00000E-04  2.65674E-15
  5.22000E-01  1.00000E+00  1.00000E-04  2.73438E-15
  5.23000E-01  1.00000E+00  1.00000E-04  0.00000E+00
  5.24000E-01  1.00000E+00  1.00000E-04  0.00000E+00
  5.25000E-01  1.00000E+00  1.00000E-04  0.00000E+00
  5.26000E-01  1.00000E+00  1.00000E-04  0.00000E+00
  5.27000E-01  1.00000E+00  1.00000E-04  0.00000E+00
  5.28000E-01  1.00000E+00  1.00000E-04  0.00000E+00
  5.29000E-01  1.00000E+00  1.00000E-04  3.94784E-10
  5.30000E-01  9.99999E-01  9.99999E-05  0.00000E+00
  5.31000E-01  1.00000E+00  1.00000E-04 -3.94760E-10
  5.32000E-01  1.00000E+00  1.00000E-04  0.00000E+00
  5.33000E-01  1.00000E+00  1.00000E-04 -9.86921E-11
  5.34000E-01  1.00000E+00  1.00000E-04 -9.86435E-11
  5.35000E-01  1.00000E+00  1.00000E-04  0.00000E+00
  5.36000E-01  1.00000E+00  1.00000E-04  9.86605E-11
  5.37000E-01  1.00000E+00  1.00000E-04  9.86897E-11
  5.38000E-01  1.00000E+00  1.00000E-04  0.00000E+00
  5.39000E-01  1.00000E+00  1.00000E-04  0.00000E+00
  5.40000E-01  1.00000E+00  1.00000E-04  0.00000E+00
  5.41000E-01  1.00000E+00  1.00000E-04 -9.87013E-11
  5.42000E-01  1.00000E+00  1.00000E-04  0.00000E+00
  5.43000E-01  1.00000E+00  1.00000E-04  9.86921E-11
  5.44000E-01  1.00000E+00  1.00000E-04  9.86881E-11
  5.45000E-01  1.00000E+00  1.00000E-04  0.00000E+00
  5.46000E-01  1.00000E+00  1.00000E-04 -9.86629E-11
  5.47000E-01  1.00000E+00  1.00000E-04  0.00000E+00
  5.48000E-01  1.00000E+00  1.00000E-04  0.00000E+00
  5.49000E-01  1.00000E+00  1.00000E-04  0.00000E+00
  5.50000E-01  1.00000E+00  1.00000E-04 -1.04927E-15
  5.51000E-01  1.00000E+00  1.00000E-04 -8.61812E-16
  5.52000E-01  1.00000E+00  1.00000E-04  1.91108E-15
  5.53000E-01  1.00000E+00  1.00000E-04  9.86893E-11
  5.54000E-01  1.00000E+00  1.00000E-04  0.00000E+00
  5.55000E-01  1.00000E+00  1.00000E-04 -9.86259E-11
  5.56000E-01  1.00000E+00  1.00000E-04  2.96222E-10
  5.57000E-01  1.00000E+00  1.00000E-04 -9.40165E-17
  5.58000E-01  1.00000E+00  1.00000E-04  0.00000E+00
  5.59000E-01  1.00000E+00  1.00000E-04  0.00000E+00
  5.60000E-01  1.00000E+00  1.00000E-04  0.00000E+00
  5.61000E-01  1.00000E+00  1.00000E-04  9.40165E-17
  5.62000E-01  1.00000E+00  1.00000E-04 -1.48048E-10
  5.63000E-01  1.00000E+00  1.00000E-04 -1.48052E-10
  5.64000E-01  1.00000E+00  1.00000E-04 -4.19758E-11
  5.65000E-01  1.00000E+00  1.00000E-04  4.19522E-11
  5.66000E-01  1.00000E+00  1.00000E-04  1.97402E-10
  5.67000E-01  1.00000E+00  1.00000E-04  0.00000E+00
  5.68000E-01  1.00000E+00  1.00000E-04 -1.97392E-10
  5.69000E-01  1.00000E+00  1.00000E-04  0.00000E+00
  5.70000E-01  1.00000E+00  1.00000E-04  1.97526E-10
  5.71000E-01  1.00000E+00  1.00000E-04 -9.40165E-17
  5.72000E-01  1.00000E+00  1.00000E-04  0.00000E+00
  5.73000E-01  1.00000E+00  1.00000E-04  9.40165E-17
  5.74000E-01  1.00000E+00  1.00000E-04 -1.97235E-10
  5.75000E-01  1.00000E+00  1.00000E-04  0.00000E+00
  5.76000E-01  1.00000E+00  1.00000E-04  0.00000E+00
  5.77000E-01  1.00000E+00  1.00000E-04  0.00000E+00
  5.78000E-01  1.00000E+00  1.00000E-04  0.00000E+00
  5.79000E-01  1.00000E+00  1.00000E-04  0.00000E+00
  5.80000E-01  1.00000E+00  1.00000E-04  0.00000E+00
  5.81000E-01  1.00000E+00  1.00000E-04  9.86413E-11
  5.82000E-01  1.00000E+00  1.00000E-04  0.00000E+00
  5.83000E-01  1.00000E+00  1.00000E-04 -2.95886E-10
  5.84000E-01  1.00000E+00  1.00000E-04  6.58451E-11
  5.85000E-01  1.00000E+00  1.00000E-04  6.58480E-11
  5.86000E-01  1.00000E+00  1.00000E-04  6.58436E-11
  5.87000E-01  1.00000E+00  1.00000E-04  0.00000E+00
  5.88000E-01  1.00000E+00  1.00000E-04  0.00000E+00
  5.89000E-01  1.00000E+00  1.00000E-04  0.00000E+00
  5.90000E-01  1.00000E+00  1.00000E-04  0.00000E+00
  5.91000E-01  1.00000E+00  1.00000E-04  0.00000E+00
  5.92000E-01  1.00000E+00  1.00000E-04  0.00000E+00
  5.93000E-01  1.00000E+00  1.00000E-04  2.96246E-10
  5.94000E-01  1.00000E+00  1.00000E-04 -1.03418E-16
  5.95000E-01  1.00000E+00  1.00000E-04 -9.40164E-17
  5.96000E-01  1.00000E+00  1.00000E-04  0.00000E+00
  5.97000E-01  1.00000E+00  1.00000E-04  3.58972E-16
  5.98000E-01  1.00000E+00  1.00000E-04  1.03418E-16
  5.99000E-01  1.00000E+00  1.00000E-04 -2.95885E-10
  6.00000E-01  1.00000E+00  1.00000E-04 -1.88650E-10
  6.01000E-01  1.00000E+00  1.00000E-04 -4.84797E-08
  6.02000E-01  1.00000E+00  1.00000E-04 -1.61571E-06
  6.03000E-01  1.00000E+00  1.00437E-04  3.78679E-10
  6.04000E-01  1.00000E+00  1.00000E-04  1.61478E-06
  6.05000E-01  1.00000E+00  1.00000E-04  4.86308E-08
  6.06000E-01  1.00000E+00  1.00000E-04  1.10646E-09
  6.07000E-01  9.99999E-01  9.99999E-05 -8.55242E-11
  6.08000E-01  1.00000E+00  1.00000E-04 -3.94885E-10
  6.09000E-01  9.99999E-01  9.99999E-05  9.86438E-11
  6.10000E-01  1.00000E+00  1.00000E-04 -4.93028E-10
  6.11000E-01  1.00000E+00  1.00000E-04 -9.87321E-11
  6.12000E-01  1.00000E+00  1.00000E-04  2.96196E-10
  6.13000E-01  1.00000E+00  1.00000E-04  0.00000E+00
  6.14000E-01  1.00000E+00  1.00000E-04 -2.96252E-10
  6.15000E-01  1.00000E+00  1.00000E-04  0.00000E+00
  6.16000E-01  1.00000E+00  1.00000E-04  0.00000E+00
  6.17000E-01  1.00000E+00  1.00000E-04  0.00000E+00
  6.18000E-01  1.00000E+00  1.00000E-04  0.00000E+00
  6.19000E-01  1.00000E+00  1.00000E-04  0.00000E+00
  6.20000E-01  1.00000E+00  1.00000E-04  0.00000E+00
  6.21000E-01  1.00000E+00  1.00000E-04  2.95901E-10
  6.22000E-01  1.00000E+00  1.00000E-04 -1.97241E-10
  6.23000E-01  1.00000E+00  1.00000E-04 -2.96189E-10
  6.24000E-01  1.00000E+00  1.00000E-04  9.87525E-11
  6.25000E-01  1.00000E+00  1.00000E-04  9.87399E-11
  6.26000E-01  1.00000E+00  1.00000E-04  0.00000E+00
  6.27000E-01  1.00000E+00  1.00000E-04 -9.87372E-11
  6.28000E-01  1.00000E+00  1.00000E-04  1.97277E-10
  6.29000E-01  1.00000E+00  1.00000E-04  0.00000E+00
  6.30000E-01  1.00000E+00  1.00000E-04 -1.13760E-16
  6.31000E-01  1.00000E+00  1.00000E-04  1.03418E-17
  6.32000E-01  1.00000E+00  1.00000E-04 -6.82979E-17
  6.33000E-01  1.00000E+00  1.00000E-04  8.62465E-17
  6.34000E-01  1.00000E+00  1.00000E-04  8.54695E-17
  6.35000E-01  1.00000E+00  1.00000E-04  0.00000E+00
  6.36000E-01  1.00000E+00  1.00000E-04 -9.86086E-11
  6.37000E-01  1.00000E+00  1.00000E-04 -9.87730E-11
  6.38000E-01  1.00000E+00  1.00000E-04  9.87359E-11
  6.39000E-01  1.00000E+00  1.00000E-04  9.86500E-11
  6.40000E-01  1.00000E+00  1.00000E-04  1.97429E-10
  6.41000E-01  1.00000E+00  1.00000E-04 -1.63169E-16
  6.42000E-01  1.00000E+00  1.00000E-04 -2.95992E-10
  6.43000E-01  1.00000E+00  1.00000E-04 -7.76996E-17
  6.44000E-01  1.00000E+00  1.00000E-04 -7.76995E-18
  6.45000E-01  1.00000E+00  1.00000E-04  8.54695E-17
  6.46000E-01  1.00000E+00  1.00000E-04  9.87376E-11
  6.47000E-01  1.00000E+00  1.00000E-04 -7.76996E-17
  6.48000E-01  1.00000E+00  1.00000E-04  9.87428E-11
  6.49000E-01  1.00000E+00  1.00000E-04  5.49353E-10
  6.50000E-01  9.99999E-01  9.99999E-05 -3.52372E-10
  6.51000E-01  1.00000E+00  1.00000E-04 -3.95128E-10
  6.52000E-01  1.00000E+00  1.00000E-04 -9.87344E-11
  6.53000E-01  1.00000E+00  1.00000E-04  9.87864E-11
  6.54000E-01  1.00000E+00  1.00000E-04 -1.01786E-16
  6.55000E-01  1.00000E+00  1.00000E-04 -5.92409E-10
  6.56000E-01  1.00000E+00  1.00000E-04 -9.40165E-17
  6.57000E-01  1.00000E+00  1.00000E-04  9.87758E-11
  6.58000E-01  1.00000E+00  1.00000E-04  5.64208E-10
  6.59000E-01  1.00000E+00  1.00000E-04 -1.69211E-10
  6.60000E-01  1.00000E+00  1.00000E-04 -9.86513E-11
  6.61000E-01  1.00000E+00  1.00000E-04  5.91889E-10
  6.62000E-01  1.00000E+00  1.00000E-04 -3.94950E-10
  6.63000E-01  1.00000E+00  1.00000E-04  8.54695E-17
  6.64000E-01  1.00000E+00  1.00000E-04  7.76996E-17
  6.65000E-01  1.00000E+00  1.00000E-04 -4.53532E-12
  6.66000E-01  1.00000E+00  1.00000E-04  2.04520E-09
  6.67000E-01  9.99998E-01  9.99998E-05 -5.62054E-10
  6.68000E-01  1.00000E+00  1.00000E-04 -1.22399E-09
  6.69000E-01  1.00000E+00  1.00000E-04 -1.48122E-11
  6.70000E-01  1.00000E+00  1.00000E-04 -1.13027E-09
  6.71000E-01  1.00000E+00  1.00000E-04  0.00000E+00
  6.72000E-01  1.00000E+00  1.00000E-04  1.08647E-09
  6.73000E-01  1.00000E+00  1.00000E-04  2.95888E-10
  6.74000E-01  1.00000E+00  1.00000E-04 -1.97414E-10
  6.75000E-01  1.00000E+00  1.00000E-04 -1.31521E-10
  6.76000E-01  1.00000E+00  1.00000E-04 -1.31520E-10
  6.77000E-01  1.00000E+00  1.00000E-04 -1.31520E-10
  6.78000E-01  1.00000E+00  1.00000E-04  2.67855E-10
  6.79000E-01  1.00000E+00  1.00000E-04 -4.65552E-10
  6.80000E-01  1.00000E+00  1.00000E-04  1.97532E-10
  6.81000E-01  1.00000E+00  9.99999E-05  1.01318E-09
  6.82000E-01  9.99999E-01  9.99999E-05 -7.17379E-10
  6.83000E-01  1.00000E+00  1.00000E-04  4.93165E-11
  6.84000E-01  1.00000E+00  1.00000E-04  4.93149E-11
  6.85000E-01  1.00000E+00  1.00000E-04 -1.97313E-10
  6.86000E-01  1.00000E+00  1.00000E-04  4.93782E-10
  6.87000E-01  9.99999E-01  9.99999E-05 -9.86418E-11
  6.88000E-01  1.00000E+00  1.00000E-04 -4.64994E-10
  6.89000E-01  1.00000E+00  1.00000E-04  2.67585E-10
  6.90000E-01  1.00000E+00  1.00000E-04  3.60626E-11
  6.91000E-01  1.00000E+00  1.00000E-04  1.71056E-09
  6.92000E-01  9.99999E-01  9.99997E-05 -7.58663E-10
  6.93000E-01  1.00000E+00  1.00000E-04 -1.33093E-09
  6.94000E-01  1.00000E+00  9.99999E-05 -2.86618E-10
  6.95000E-01  1.00000E+00  1.00000E-04 -9.77928E-10
  6.96000E-01  1.00000E+00  1.00000E-04  5.98138E-09
  6.97000E-01  9.99995E-01  9.99994E-05 -6.53835E-10
  6.98000E-01  1.00000E+00  1.00000E-04 -3.85555E-09
  6.99000E-01  1.00000E+00  1.00000E-04 -1.60698E-10
  7.00000E-01  1.00000E+00  1.00000E-04  0.00000E+00
  7.01000E-01  1.00000E+00  1.00000E-04  0.00000E+00
  7.02000E-01  1.00000E+00  1.00000E-04  0.00000E+00
  7.03000E-01  1.00000E+00  1.00000E-04  0.00000E+00
  7.04000E-01  1.00000E+00  1.00000E-04  1.81997E-11
  7.05000E-01  1.00000E+00  1.00000E-04  6.72902E-10
  7.06000E-01  1.00000E+00  9.99999E-05  3.58684E-10
  7.07000E-01  1.00000E+00  1.00000E-04 -1.80074E-09
  7.08000E-01  1.00000E+00  1.00000E-04  2.57865E-10
  7.09000E-01  1.00000E+00  1.00000E-04  4.93350E-10
  7.10000E-01  1.00000E+00  1.00000E-04  0.00000E+00
  7.11000E-01  1.00000E+00  1.00000E-04  0.00000E+00
  7.12000E-01  1.00000E+00  1.00000E-04  0.00000E+00
  7.13000E-01  1.00000E+00  1.00000E-04  0.00000E+00
  7.14000E-01  1.00000E+00  1.00000E-04  0.00000E+00
  7.15000E-01  1.00000E+00  1.00000E-04  0.00000E+00
  7.16000E-01  1.00000E+00  1.00000E-04  0.00000E+00
  7.17000E-01  1.00000E+00  1.00000E-04 -9.86676E-11
  7.18000E-01  1.00000E+00  1.00000E-04 -2.71052E-11
  7.19000E-01  1.00000E+00  1.00000E-04 -1.12712E-10
  7.20000E-01  1.00000E+00  1.00000E-04 -6.11309E-08
  7.21000E-01  1.00000E+00  1.00000E-04 -2.03653E-06
  7.22000E-01  1.00000E+00  1.00551E-04 -3.20935E-12
  7.23000E-01  1.00000E+00  1.00000E-04  2.03627E-06
  7.24000E-01  1.00000E+00  1.00000E-04  6.09128E-08
  7.25000E-01  1.00000E+00  1.00000E-04  2.95794E-10
  7.26000E-01  1.00000E+00  1.00000E-04  1.97272E-10
  7.27000E-01  1.00000E+00  1.00000E-04  0.00000E+00
  7.28000E-01  1.00000E+00  1.00000E-04  0.00000E+00
  7.29000E-01  1.00000E+00  1.00000E-04  0.00000E+00
  7.30000E-01  1.00000E+00  1.00000E-04  0.00000E+00
  7.31000E-01  1.00000E+00  1.00000E-04  0.00000E+00
  7.32000E-01  1.00000E+00  1.00000E-04  0.00000E+00
  7.33000E-01  1.00000E+00  1.00000E-04  0.00000E+00
  7.34000E-01  1.00000E+00  1.00000E-04  0.00000E+00
  7.35000E-01  1.00000E+00  1.00000E-04  0.00000E+00
  7.36000E-01  1.00000E+00  1.00000E-04  0.00000E+00
  7.37000E-01  1.00000E+00  1.00000E-04  0.00000E+00
  7.38000E-01  1.00000E+00  1.00000E-04  0.00000E+00
  7.39000E-01  1.00000E+00  1.00000E-04  0.00000E+00
  7.40000E-01  1.00000E+00  1.00000E-04  0.00000E+00
  7.41000E-01  1.00000E+00  1.00000E-04  0.00000E+00
  7.42000E-01  1.00000E+00  1.00000E-04 -1.97417E-10
  7.43000E-01  1.00000E+00  1.00000E-04 -9.87360E-11
  7.44000E-01  1.00000E+00  1.00000E-04  2.96166E-10
  7.45000E-01  1.00000E+00  1.00000E-04  7.76995E-17
  7.46000E-01  1.00000E+00  1.00000E-04  0.00000E+00
  7.47000E-01  1.00000E+00  1.00000E-04  0.00000E+00
  7.48000E-01  1.00000E+00  1.00000E-04  0.00000E+00
  7.49000E-01  1.00000E+00  1.00000E-04 -9.87251E-11
  7.50000E-01  1.00000E+00  1.00000E-04 -9.87175E-11
  7.51000E-01  1.00000E+00  1.00000E-04  1.97429E-10
  7.52000E-01  1.00000E+00  1.00000E-04  9.86270E-11
  7.53000E-01  1.00000E+00  1.00000E-04 -9.86272E-11
  7.54000E-01  1.00000E+00  1.00000E-04  0.00000E+00
  7.55000E-01  1.00000E+00  1.00000E-04  9.87276E-11
  7.56000E-01  1.00000E+00  1.00000E-04  0.00000E+00
  7.57000E-01  1.00000E+00  1.00000E-04 -9.86893E-11
  7.58000E-01  1.00000E+00  1.00000E-04  0.00000E+00
  7.59000E-01  1.00000E+00  1.00000E-04  0.00000E+00
  7.60000E-01  1.00000E+00  1.00000E-04  0.00000E+00
  7.61000E-01  1.00000E+00  1.00000E-04  0.00000E+00
  7.62000E-01  1.00000E+00  1.00000E-04  0.00000E+00
  7.63000E-01  1.00000E+00  1.00000E-04  0.00000E+00
  7.64000E-01  1.00000E+00  1.00000E-04  0.00000E+00
  7.65000E-01  1.00000E+00  1.00000E-04  0.00000E+00
  7.66000E-01  1.00000E+00  1.00000E-04  9.86827E-11
  7.67000E-01  1.00000E+00  1.00000E-04  0.00000E+00
  7.68000E-01  1.00000E+00  1.00000E-04 -9.87271E-11
  7.69000E-01  1.00000E+00  1.00000E-04 -5.92230E-10
  7.70000E-01  1.00000E+00  1.00000E-04 -2.16901E-10
  7.71000E-01  1.00000E+00  1.00000E-04 -5.60794E-08
  7.72000E-01  1.00000E+00  1.00000E-04 -1.88675E-06
  7.73000E-01  1.00000E+00  1.00511E-04 -7.37993E-10
  7.74000E-01  1.00000E+00  1.00000E-04  1.82261E-06
  7.75000E-01  1.00000E+00  1.00000E-04 -1.99108E-06
  7.76000E-01  1.00000E+00  1.00556E-04  6.98003E-10
  7.77000E-01  1.00000E+00  1.00000E-04  2.05172E-06
  7.78000E-01  1.00000E+00  1.00000E-04  6.18469E-08
  7.79000E-01  1.00000E+00  1.00000E-04  2.20153E-10
  7.80000E-01  1.00000E+00  1.00000E-04 -2.96077E-10
  7.81000E-01  1.00000E+00  1.00000E-04  9.86854E-11
  7.82000E-01  1.00000E+00  1.00000E-04  0.00000E+00
  7.83000E-01  1.00000E+00  1.00000E-04 -9.86582E-11
  7.84000E-01  1.00000E+00  1.00000E-04  2.96266E-10
  7.85000E-01  1.00000E+00  1.00000E-04  0.00000E+00
  7.86000E-01  1.00000E+00  1.00000E-04 -2.96175E-10
  7.87000E-01  1.00000E+00  1.00000E-04  0.00000E+00
  7.88000E-01  1.00000E+00  1.00000E-04  0.00000E+00
  7.89000E-01  1.00000E+00  1.00000E-04  0.00000E+00
  7.90000E-01  1.00000E+00  1.00000E-04  0.00000E+00
  7.91000E-01  1.00000E+00  1.00000E-04  0.00000E+00
  7.92000E-01  1.00000E+00  1.00000E-04 -9.86382E-11
  7.93000E-01  1.00000E+00  1.00000E-04  0.00000E+00
  7.94000E-01  1.00000E+00  1.00000E-04  9.86372E-11
  7.95000E-01  1.00000E+00  1.00000E-04 -9.87342E-11
  7.96000E-01  1.00000E+00  1.00000E-04  0.00000E+00
  7.97000E-01  1.00000E+00  1.00000E-04  9.86864E-11
  7.98000E-01  1.00000E+00  1.00000E-04  3.94735E-10
  7.99000E-01  9.99999E-01  9.99999E-05  0.00000E+00
  8.00000E-01  1.00000E+00  1.00000E-04 -3.66500E-10
  8.01000E-01  1.00000E+00  1.00000E-04  3.66770E-10
  8.02000E-01  9.99999E-01  9.99999E-05  0.00000E+00
  8.03000E-01  1.00000E+00  1.00000E-04 -3.94555E-10
  8.04000E-01  1.00000E+00  1.00000E-04 -1.88591E-10
  8.05000E-01  1.00000E+00  1.00000E-04 -4.84624E-08
  8.06000E-01  1.00000E+00  1.00000E-04 -1.61413E-06
  8.07000E-01  1.00000E+00  1.00437E-04 -5.89106E-10
  8.08000E-01  1.00000E+00  1.00000E-04  1.56295E-06
  8.09000E-01  1.00000E+00  1.00000E-04 -1.56253E-06
  8.10000E-01  1.00000E+00  1.00437E-04  5.95663E-10
  8.11000E-01  1.00000E+00  1.00000E-04  1.61426E-06
  8.12000E-01  1.00000E+00  1.00000E-04  4.87459E-08
  8.13000E-01  1.00000E+00  1.00000E-04  1.69991E-10
  8.14000E-01  1.00000E+00  1.00000E-04 -2.91291E-10
  8.15000E-01  1.00000E+00  1.00000E-04  2.91452E-10
  8.16000E-01  1.00000E+00  1.00000E-04  9.86763E-11
  8.17000E-01  1.00000E+00  1.00000E-04 -5.73914E-10
  8.18000E-01  1.00000E+00  1.00000E-04  8.05515E-11
  8.19000E-01  1.00000E+00  1.00000E-04  9.86854E-11
  8.20000E-01  1.00000E+00  1.00000E-04  0.00000E+00
  8.21000E-01  1.00000E+00  1.00000E-04  0.00000E+00
  8.22000E-01  1.00000E+00  1.00000E-04  0.00000E+00
  8.23000E-01  1.00000E+00  1.00000E-04  1.97370E-10
  8.24000E-01  1.00000E+00  1.00000E-04  2.47443E-16
  8.25000E-01  1.00000E+00  1.00000E-04 -9.87656E-11
  8.26000E-01  1.00000E+00  1.00000E-04  7.76995E-17
  8.27000E-01  1.00000E+00  1.00000E-04 -9.87059E-11
  8.28000E-01  1.00000E+00  1.00000E-04  0.00000E+00
  8.29000E-01  1.00000E+00  1.00000E-04  9.86963E-11
  8.30000E-01  1.00000E+00  1.00000E-04  0.00000E+00
  8.31000E-01  1.00000E+00  1.00000E-04 -9.87386E-11
  8.32000E-01  1.00000E+00  1.00000E-04  0.00000E+00
  8.33000E-01  1.00000E+00  1.00000E-04  0.00000E+00
  8.34000E-01  1.00000E+00  1.00000E-04  1.97530E-10
  8.35000E-01  1.00000E+00  1.00000E-04  0.00000E+00
  8.36000E-01  1.00000E+00  1.00000E-04 -1.97455E-10
  8.37000E-01  1.00000E+00  1.00000E-04 -2.34095E-10
  8.38000E-01  1.00000E+00  1.00000E-04 -6.00094E-08
  8.39000E-01  1.00000E+00  1.00000E-04 -2.00104E-06
  8.40000E-01  1.00000E+00  1.00542E-04 -3.72780E-10
  8.41000E-01  1.00000E+00  1.00000E-04  2.00253E-06
  8.42000E-01  1.00000E+00  1.00000E-04  6.02356E-08
  8.43000E-01  1.00000E+00  1.00000E-04  2.19088E-10
  8.44000E-01  1.00000E+00  1.00000E-04 -1.97440E-10
  8.45000E-01  1.00000E+00  1.00000E-04  9.87356E-11
  8.46000E-01  1.00000E+00  1.00000E-04  0.00000E+00
  8.47000E-01  1.00000E+00  1.00000E-04 -1.97385E-10
  8.48000E-01  1.00000E+00  1.00000E-04  9.87994E-11
  8.49000E-01  1.00000E+00  1.00000E-04  0.00000E+00
  8.50000E-01  1.00000E+00  1.00000E-04  0.00000E+00
  8.51000E-01  1.00000E+00  1.00000E-04 -4.93584E-11
  8.52000E-01  1.00000E+00  1.00000E-04 -4.93567E-11
  8.53000E-01  1.00000E+00  1.00000E-04  1.97309E-10
  8.54000E-01  1.00000E+00  1.00000E-04  1.72084E-10
  8.55000E-01  1.00000E+00  1.00000E-04  4.01136E-09
  8.56000E-01  9.99994E-01  9.99994E-05 -1.06089E-12
  8.57000E-01  1.00000E+00  1.00000E-04 -4.06912E-09
  8.58000E-01  1.00000E+00  1.00000E-04  6.73030E-10
  8.59000E-01  9.99999E-01  9.99999E-05  8.54695E-17
  8.60000E-01  1.00000E+00  1.00000E-04 -8.52368E-10
  8.61000E-01  1.00000E+00  1.00000E-04 -3.60756E-11
  8.62000E-01  1.00000E+00  1.00000E-04  0.00000E+00
  8.63000E-01  1.00000E+00  1.00000E-04  0.00000E+00
  8.64000E-01  1.00000E+00  1.00000E-04  0.00000E+00
  8.65000E-01  1.00000E+00  1.00000E-04  0.00000E+00
  8.66000E-01  1.00000E+00  1.00000E-04  9.87225E-11
  8.67000E-01  1.00000E+00  1.00000E-04  1.97447E-10
  8.68000E-01  1.00000E+00  1.00000E-04 -2.96174E-10
  8.69000E-01  1.00000E+00  1.00000E-04  0.00000E+00
  8.70000E-01  1.00000E+00  1.00000E-04  0.00000E+00
  8.71000E-01  1.00000E+00  1.00000E-04  9.87633E-11
  8.72000E-01  1.00000E+00  1.00000E-04  2.96043E-10
  8.73000E-01  1.00000E+00  1.00000E-04 -5.73987E-10
  8.74000E-01  1.00000E+00  1.00000E-04  8.05481E-11
  8.75000E-01  1.00000E+00  1.00000E-04  9.86820E-11
  8.76000E-01  1.00000E+00  1.00000E-04  1.97292E-10
  8.77000E-01  1.00000E+00  1.00000E-04  0.00000E+00
  8.78000E-01  1.00000E+00  1.00000E-04 -2.91318E-10
  8.79000E-01  1.00000E+00  1.00000E-04  2.91438E-10
  8.80000E-01  1.00000E+00  1.00000E-04  1.26969E-10
  8.81000E-01  1.00000E+00  1.00000E-04  8.59518E-10
  8.82000E-01  9.99998E-01  9.99998E-05  7.76995E-17
  8.83000E-01  1.00000E+00  1.00000E-04 -1.12842E-09
  8.84000E-01  1.00000E+00  1.00000E-04  4.33661E-11
  8.85000E-01  1.00000E+00  1.00000E-04  0.00000E+00
  8.86000E-01  1.00000E+00  1.00000E-04 -9.87704E-11
  8.87000E-01  1.00000E+00  1.00000E-04  0.00000E+00
  8.88000E-01  1.00000E+00  1.00000E-04  0.00000E+00
  8.89000E-01  1.00000E+00  1.00000E-04  9.87279E-11
  8.90000E-01  1.00000E+00  1.00000E-04  0.00000E+00
  8.91000E-01  1.00000E+00  1.00000E-04 -9.86350E-11
  8.92000E-01  1.00000E+00  1.00000E-04  0.00000E+00
  8.93000E-01  1.00000E+00  1.00000E-04  0.00000E+00
  8.94000E-01  1.00000E+00  1.00000E-04  0.00000E+00
  8.95000E-01  1.00000E+00  1.00000E-04  9.87193E-11
  8.96000E-01  1.00000E+00  1.00000E-04 -9.87471E-11
  8.97000E-01  1.00000E+00  1.00000E-04  0.00000E+00
  8.98000E-01  1.00000E+00  1.00000E-04  0.00000E+00
  8.99000E-01  1.00000E+00  1.00000E-04 -2.44871E-16
  9.00000E-01  1.00000E+00  1.00000E-04  1.14794E-16
  9.01000E-01  1.00000E+00  1.00000E-04  1.30077E-16
  9.02000E-01  1.00000E+00  1.00000E-04  0.00000E+00
  9.03000E-01  1.00000E+00  1.00000E-04 -4.93494E-11
  9.04000E-01  1.00000E+00  1.00000E-04 -4.93488E-11
  9.05000E-01  1.00000E+00  1.00000E-04  8.54695E-17
  9.06000E-01  1.00000E+00  1.00000E-04 -1.97461E-10
  9.07000E-01  1.00000E+00  1.00000E-04  1.97557E-10
  9.08000E-01  1.00000E+00  1.00000E-04  9.86352E-11
  9.09000E-01  1.00000E+00  1.00000E-04  9.87024E-11
  9.10000E-01  1.00000E+00  1.00000E-04 -4.93424E-11
  9.11000E-01  1.00000E+00  1.00000E-04 -4.93428E-11
  9.12000E-01  1.00000E+00  1.00000E-04  7.76995E-17
  9.13000E-01  1.00000E+00  1.00000E-04  0.00000E+00
  9.14000E-01  1.00000E+00  1.00000E-04  0.00000E+00
  9.15000E-01  1.00000E+00  1.00000E-04  0.00000E+00
  9.16000E-01  1.00000E+00  1.00000E-04  3.94750E-10
  9.17000E-01  9.99999E-01  9.99999E-05  0.00000E+00
  9.18000E-01  1.00000E+00  1.00000E-04 -3.94984E-10
  9.19000E-01  1.00000E+00  1.00000E-04  0.00000E+00
  9.20000E-01  1.00000E+00  1.00000E-04  0.00000E+00
  9.21000E-01  1.00000E+00  1.00000E-04  4.93645E-10
  9.22000E-01  9.99999E-01  9.99999E-05  3.02648E-16
  9.23000E-01  1.00000E+00  1.00000E-04 -2.91189E-10
  9.24000E-01  1.00000E+00  1.00000E-04  2.86442E-10
  9.25000E-01  1.00000E+00  1.00000E-04 -2.91125E-10
  9.26000E-01  1.00000E+00  1.00000E-04 -1.97327E-10
  9.27000E-01  1.00000E+00  1.00000E-04  0.00000E+00
  9.28000E-01  1.00000E+00  1.00000E-04 -2.33099E-16
  9.29000E-01  1.00000E+00  1.00000E-04  7.76995E-17
  9.30000E-01  1.00000E+00  1.00000E-04  7.76995E-17
  9.31000E-01  1.00000E+00  1.00000E-04  9.86519E-11
  9.32000E-01  1.00000E+00  1.00000E-04  2.51613E-11
  9.33000E-01  1.00000E+00  1.00000E-04 -2.51610E-11
  9.34000E-01  1.00000E+00  1.00000E-04 -9.87474E-11
  9.35000E-01  1.00000E+00  1.00000E-04  0.00000E+00
  9.36000E-01  1.00000E+00  1.00000E-04 -1.97308E-10
  9.37000E-01  1.00000E+00  1.00000E-04  0.00000E+00
  9.38000E-01  1.00000E+00  1.00000E-04  5.91825E-10
  9.39000E-01  1.00000E+00  1.00000E-04  0.00000E+00
  9.40000E-01  1.00000E+00  1.00000E-04 -5.92403E-10
  9.41000E-01  1.00000E+00  1.00000E-04  0.00000E+00
  9.42000E-01  1.00000E+00  1.00000E-04  6.62248E-10
  9.43000E-01  1.00000E+00  1.00000E-04 -7.04373E-11
  9.44000E-01  1.00000E+00  1.00000E-04 -2.71915E-11
  9.45000E-01  1.00000E+00  1.00000E-04  2.59138E-09
  9.46000E-01  9.99996E-01  9.99996E-05  7.22248E-10
  9.47000E-01  1.00000E+00  1.00000E-04 -3.65783E-09
  9.48000E-01  1.00000E+00  1.00000E-04  3.40391E-11
  9.49000E-01  1.00000E+00  1.00000E-04  4.31872E-11
  9.50000E-01  1.00000E+00  1.00000E-04  2.95763E-10
  9.51000E-01  1.00000E+00  1.00000E-04  9.87126E-11
  9.52000E-01  1.00000E+00  1.00000E-04 -1.89173E-11
  9.53000E-01  1.00000E+00  1.00000E-04 -7.98064E-11
  9.54000E-01  1.00000E+00  1.00000E-04 -8.82927E-10
  9.55000E-01  1.00000E+00  1.00000E-04  2.91539E-10
  9.56000E-01  1.00000E+00  1.00000E-04  2.96339E-10
  9.57000E-01  1.00000E+00  1.00000E-04  9.87670E-11
  9.58000E-01  1.00000E+00  1.00000E-04  1.97333E-10
  9.59000E-01  1.00000E+00  1.00000E-04 -5.73429E-10
  9.60000E-01  1.00000E+00  1.00000E-04  8.05464E-11
  9.61000E-01  1.00000E+00  1.00000E-04  9.87163E-11
  9.62000E-01  1.00000E+00  1.00000E-04 -1.97312E-10
  9.63000E-01  1.00000E+00  1.00000E-04 -3.76893E-10
  9.64000E-01  1.00000E+00  1.00000E-04  9.69002E-10
  9.65000E-01  1.00000E+00  1.00000E-04  9.86511E-11
  9.66000E-01  1.00000E+00  1.00000E-04 -1.15482E-09
  9.67000E-01  1.00000E+00  1.00000E-04  3.66957E-10
  9.68000E-01  1.00000E+00  1.00000E-04 -1.21530E-16
  9.69000E-01  1.00000E+00  1.00000E-04 -9.87712E-11
  9.70000E-01  1.00000E+00  1.00000E-04  9.87211E-11
  9.71000E-01  1.00000E+00  1.00000E-04  6.90087E-10
  9.72000E-01  9.99999E-01  9.99999E-05  2.78895E-10
  9.73000E-01  1.00000E+00  1.00000E-04  3.04133E-09
  9.74000E-01  9.99995E-01  9.99995E-05  1.71018E-10
  9.75000E-01  1.00000E+00  1.00000E-04 -3.89997E-09
  9.76000E-01  1.00000E+00  1.00000E-04  2.13692E-10
  9.77000E-01  1.00000E+00  9.99999E-05  2.91351E-10
  9.78000E-01  1.00000E+00  1.00000E-04 -8.83590E-10
  9.79000E-01  9.99999E-01  1.00000E-04  1.47978E-15
  9.80000E-01  1.00000E+00  1.00000E-04  2.16880E-09
  9.81000E-01  9.99998E-01  9.99998E-05  9.86313E-11
  9.82000E-01  1.00000E+00  1.00000E-04 -2.76663E-09
  9.83000E-01  1.00000E+00  1.00000E-04  3.02123E-10
  9.84000E-01  1.00000E+00  1.00000E-04  1.32657E-10
  9.85000E-01  1.00000E+00  1.00000E-04  3.06894E-09
  9.86000E-01  9.99996E-01  9.99995E-05 -2.60892E-09
  9.87000E-01  1.00001E+00  1.00001E-04 -3.39288E-09
  9.88000E-01  1.00000E+00  1.00000E-04  2.47345E-09
  9.89000E-01  1.00000E+00  1.00000E-04  1.27936E-08
  9.90000E-01  9.99981E-01  9.99981E-05  1.13662E-09
  9.91000E-01  1.00000E+00  1.00000E-04 -1.24998E-08
  9.92000E-01  1.00000E+00  1.00000E-04 -5.16136E-10
  9.93000E-01  1.00000E+00  1.00000E-04  0.00000E+00
  9.94000E-01  1.00000E+00  1.00000E-04 -1.97326E-10
  9.95000E-01  1.00000E+00  1.00000E-04  0.00000E+00
  9.96000E-01  1.00000E+00  1.00000E-04  1.97476E-10
  9.97000E-01  1.00000E+00  1.00000E-04  0.00000E+00
  9.98000E-01  1.00000E+00  1.00000E-04  0.00000E+00
  9.99000E-01  1.00000E+00  1.00000E-04  0.00000E+00
