  0.00000E+00  4.25466E-05  6.29176E+01  2.72520E-02
  1.00000E-03  4.25471E-05  6.29189E+01  7.85174E-02
  2.00000E-03  4.25478E-05  6.29213E+01  1.31067E-01
  3.00000E-03  4.25502E-05  6.29238E+01  1.79284E-01
  4.00000E-03  4.25543E-05  6.29259E+01  2.19172E-01
  5.00000E-03  4.25690E-05  6.29270E+01  2.51928E-01
  6.00000E-03  4.26067E-05  6.29272E+01  2.85984E-01
  7.00000E-03  4.26575E-05  6.29271E+01  3.26043E-01
  8.00000E-03  4.27176E-05  6.29268E+01  3.72509E-01
  9.00000E-03  4.27705E-05  6.29264E+01  4.20926E-01
  1.00000E-02  4.28069E-05  6.29261E+01  4.63574E-01
  1.10000E-02  4.28351E-05  6.29260E+01  5.02069E-01
  1.20000E-02  4.28870E-05  6.29260E+01  5.42376E-01
  1.30000E-02  4.32271E-05  6.29261E+01  5.83570E-01
  1.40000E-02  4.43942E-05  6.29262E+01  6.23330E-01
  1.50000E-02  4.65994E-05  6.29263E+01  6.62918E-01
  1.60000E-02  4.95202E-05  6.29265E+01  7.05403E-01
  1.70000E-02  5.29785E-05  6.29268E+01  7.44508E-01
  1.80000E-02  5.67227E-05  6.29270E+01  7.78160E-01
  1.90000E-02  6.08363E-05  6.29278E+01  8.03436E-01
  2.00000E-02  6.53244E-05  6.29292E+01  8.22527E-01
  2.10000E-02  7.03771E-05  6.29311E+01  8.42725E-01
  2.20000E-02  7.55980E-05  6.29338E+01  8.63780E-01
  2.30000E-02  8.17386E-05  6.29369E+01  8.85477E-01
  2.40000E-02  8.82189E-05  6.29394E+01  9.11019E-01
  2.50000E-02  9.55032E-05  6.29417E+01  9.41337E-01
  2.60000E-02  1.04018E-04  6.29438E+01  9.76014E-01
  2.70000E-02  1.13438E-04  6.29459E+01  1.01415E+00
  2.80000E-02  1.24752E-04  6.29477E+01  1.05302E+00
  2.90000E-02  1.37843E-04  6.29497E+01  1.09276E+00
  3.00000E-02  1.53252E-04  6.29514E+01  1.13785E+00
  3.10000E-02  1.71446E-04  6.29521E+01  1.19244E+00
  3.20000E-02  1.93278E-04  6.29519E+01  1.24894E+00
  3.30000E-02  2.18960E-04  6.29518E+01  1.30534E+00
  3.40000E-02  2.50172E-04  6.29519E+01  1.35973E+00
  3.50000E-02  2.86647E-04  6.29523E+01  1.41552E+00
  3.60000E-02  3.29359E-04  6.29524E+01  1.47361E+00
  3.70000E-02  3.79470E-04  6.29523E+01  1.52920E+00
  3.80000E-02  4.35901E-04  6.29530E+01  1.58068E+00
  3.90000E-02  4.99921E-04  6.29532E+01  1.63603E+00
  4.00000E-02  5.70727E-04  6.29536E+01  1.68822E+00
  4.10000E-02  6.46924E-04  6.29538E+01  1.73886E+00
  4.20000E-02  7.31400E-04  6.29549E+01  1.79405E+00
  4.30000E-02  8.20127E-04  6.29547E+01  1.84200E+00
  4.40000E-02  9.15194E-04  6.29555E+01  1.89328E+00
  4.50000E-02  1.01634E-03  6.29559E+01  1.94699E+00
  4.60000E-02  1.12275E-03  6.29562E+01  1.99400E+00
  4.70000E-02  1.23672E-03  6.29561E+01  2.04260E+00
  4.80000E-02  1.35331E-03  6.29570E+01  2.09597E+00
  4.90000E-02  1.47912E-03  6.29569E+01  2.14598E+00
  5.00000E-02  1.61058E-03  6.29568E+01  2.19328E+00
  5.10000E-02  1.75024E-03  6.29572E+01  2.24021E+00
  5.20000E-02  1.89794E-03  6.29568E+01  2.28750E+00
  5.30000E-02  2.05417E-03  6.29564E+01  2.33683E+00
  5.40000E-02  2.22006E-03  6.29562E+01  2.38859E+00
  5.50000E-02  2.39746E-03  6.29563E+01  2.42891E+00
  5.60000E-02  2.58927E-03  6.29565E+01  2.47418E+00
  5.70000E-02  2.78685E-03  6.29564E+01  2.52059E+00
  5.80000E-02  3.00934E-03  6.29564E+01  2.56550E+00
  5.90000E-02  3.23724E-03  6.29588E+01  2.60306E+00
  6.00000E-02  3.49269E-03  6.29596E+01  2.64960E+00
  6.10000E-02  3.75206E-03  6.29599E+01  2.69476E+00
  6.20000E-02  4.04079E-03  6.29616E+01  2.73518E+00
  6.30000E-02  4.34920E-03  6.29669E+01  2.77242E+00
  6.40000E-02  4.66539E-03  6.29653E+01  2.81921E+00
  6.50000E-02  5.00629E-03  6.29653E+01  2.86649E+00
  6.60000E-02  5.36229E-03  6.29657E+01  2.91378E+00
  6.70000E-02  5.74468E-03  6.29665E+01  2.95954E+00
  6.80000E-02  6.13584E-03  6.29685E+01  3.00694E+00
  6.90000E-02  6.54595E-03  6.29684E+01  3.05168E+00
  7.00000E-02  6.97630E-03  6.29691E+01  3.09669E+00
  7.10000E-02  7.42048E-03  6.29755E+01  3.12377E+00
  7.20000E-02  7.87884E-03  6.29828E+01  3.17976E+00
  7.30000E-02  8.36181E-03  6.29905E+01  3.23261E+00
  7.40000E-02  8.87256E-03  6.29965E+01  3.27096E+00
  7.50000E-02  9.38542E-03  6.29987E+01  3.31305E+00
  7.60000E-02  9.92083E-03  6.29929E+01  3.36691E+00
  7.70000E-02  1.04916E-02  6.29898E+01  3.40632E+00
  7.80000E-02  1.10883E-02  6.29929E+01  3.45587E+00
  7.90000E-02  1.16897E-02  6.29976E+01  3.51260E+00
  8.00000E-02  1.23452E-02  6.30079E+01  3.55284E+00
  8.10000E-02  1.30154E-02  6.30290E+01  3.58780E+00
  8.20000E-02  1.37105E-02  6.30299E+01  3.62923E+00
  8.30000E-02  1.44439E-02  6.30300E+01  3.68210E+00
  8.40000E-02  1.52059E-02  6.30322E+01  3.72910E+00
  8.50000E-02  1.60304E-02  6.30495E+01  3.76067E+00
  8.60000E-02  1.68436E-02  6.30665E+01  3.79361E+00
  8.70000E-02  1.77259E-02  6.30704E+01  3.84073E+00
  8.80000E-02  1.86089E-02  6.30829E+01  3.87654E+00
  8.90000E-02  1.95758E-02  6.31092E+01  3.91472E+00
  9.00000E-02  2.05380E-02  6.31178E+01  3.94258E+00
  9.10000E-02  2.15749E-02  6.31368E+01  3.99043E+00
  9.20000E-02  2.26380E-02  6.31458E+01  4.02872E+00
  9.30000E-02  2.37513E-02  6.31581E+01  4.08675E+00
  9.40000E-02  2.49114E-02  6.31794E+01  4.14719E+00
  9.50000E-02  2.61049E-02  6.31892E+01  4.18771E+00
  9.60000E-02  2.73714E-02  6.32147E+01  4.21963E+00
  9.70000E-02  2.86826E-02  6.32047E+01  4.25857E+00
  9.80000E-02  3.00437E-02  6.32118E+01  4.31693E+00
  9.90000E-02  3.14500E-02  6.32511E+01  4.35852E+00
  1.00000E-01  3.29178E-02  6.32875E+01  4.40354E+00
  1.01000E-01  3.44673E-02  6.32972E+01  4.44209E+00
  1.02000E-01  3.59872E-02  6.32875E+01  4.50048E+00
  1.03000E-01  3.76811E-02  6.33232E+01  4.55887E+00
  1.04000E-01  3.93574E-02  6.33453E+01  4.60658E+00
  1.05000E-01  4.10992E-02  6.33885E+01  4.64826E+00
  1.06000E-01  4.29540E-02  6.33826E+01  4.67778E+00
  1.07000E-01  4.48006E-02  6.33918E+01  4.71766E+00
  1.08000E-01  4.67362E-02  6.34352E+01  4.76462E+00
  1.09000E-01  4.87895E-02  6.34660E+01  4.81293E+00
  1.10000E-01  5.08392E-02  6.35028E+01  4.85429E+00
  1.11000E-01  5.29970E-02  6.35274E+01  4.89999E+00
  1.12000E-01  5.52539E-02  6.35776E+01  4.94867E+00
  1.13000E-01  5.75351E-02  6.36135E+01  4.98981E+00
  1.14000E-01  5.99478E-02  6.36578E+01  5.03038E+00
  1.15000E-01  6.23883E-02  6.37271E+01  5.08213E+00
  1.16000E-01  6.49553E-02  6.37841E+01  5.12313E+00
  1.17000E-01  6.75939E-02  6.38135E+01  5.16957E+00
  1.18000E-01  7.02730E-02  6.38594E+01  5.22239E+00
  1.19000E-01  7.30752E-02  6.39230E+01  5.27058E+00
  1.20000E-01  7.59881E-02  6.39635E+01  5.30610E+00
  1.21000E-01  7.89677E-02  6.40290E+01  5.34759E+00
  1.22000E-01  8.20300E-02  6.40980E+01  5.40037E+00
  1.23000E-01  8.52049E-02  6.41408E+01  5.44309E+00
  1.24000E-01  8.85285E-02  6.42181E+01  5.47792E+00
  1.25000E-01  9.19118E-02  6.43299E+01  5.52300E+00
  1.26000E-01  9.53766E-02  6.43455E+01  5.55832E+00
  1.27000E-01  9.89868E-02  6.44272E+01  5.62202E+00
  1.28000E-01  1.02672E-01  6.45066E+01  5.67128E+00
  1.29000E-01  1.06514E-01  6.45733E+01  5.71034E+00
  1.30000E-01  1.10481E-01  6.47036E+01  5.76376E+00
  1.31000E-01  1.14530E-01  6.47792E+01  5.81435E+00
  1.32000E-01  1.18826E-01  6.49023E+01  5.86932E+00
  1.33000E-01  1.23105E-01  6.49756E+01  5.90600E+00
  1.34000E-01  1.27626E-01  6.50926E+01  5.94989E+00
  1.35000E-01  1.32106E-01  6.52041E+01  5.99504E+00
  1.36000E-01  1.36941E-01  6.52693E+01  6.02143E+00
  1.37000E-01  1.41749E-01  6.54370E+01  6.08567E+00
  1.38000E-01  1.46863E-01  6.55807E+01  6.12929E+00
  1.39000E-01  1.51952E-01  6.56471E+01  6.16712E+00
  1.40000E-01  1.57217E-01  6.58283E+01  6.22903E+00
  1.41000E-01  1.62878E-01  6.59292E+01  6.27416E+00
  1.42000E-01  1.68188E-01  6.60724E+01  6.32587E+00
  1.43000E-01  1.74339E-01  6.62636E+01  6.38893E+00
  1.44000E-01  1.80023E-01  6.63564E+01  6.42559E+00
  1.45000E-01  1.86250E-01  6.65804E+01  6.48128E+00
  1.46000E-01  1.92720E-01  6.67593E+01  6.52692E+00
  1.47000E-01  1.99146E-01  6.69006E+01  6.56077E+00
  1.48000E-01  2.05943E-01  6.71832E+01  6.62390E+00
  1.49000E-01  2.13023E-01  6.73352E+01  6.66408E+00
  1.50000E-01  2.20036E-01  6.75164E+01  6.71040E+00
  1.51000E-01  2.27550E-01  6.77852E+01  6.77444E+00
  1.52000E-01  2.35079E-01  6.79197E+01  6.81188E+00
  1.53000E-01  2.42975E-01  6.81717E+01  6.87478E+00
  1.54000E-01  2.50851E-01  6.84153E+01  6.93289E+00
  1.55000E-01  2.59217E-01  6.85863E+01  6.96418E+00
  1.56000E-01  2.67828E-01  6.89703E+01  7.02664E+00
  1.57000E-01  2.77140E-01  6.93269E+01  7.08776E+00
  1.58000E-01  2.85504E-01  6.94679E+01  7.11398E+00
  1.59000E-01  2.95516E-01  6.98158E+01  7.17989E+00
  1.60000E-01  3.04855E-01  7.01443E+01  7.24260E+00
  1.61000E-01  3.14766E-01  7.03263E+01  7.27744E+00
  1.62000E-01  3.25261E-01  7.08011E+01  7.35308E+00
  1.63000E-01  3.35941E-01  7.11375E+01  7.40559E+00
  1.64000E-01  3.46840E-01  7.14087E+01  7.43920E+00
  1.65000E-01  3.58236E-01  7.19169E+01  7.51366E+00
  1.66000E-01  3.70257E-01  7.22678E+01  7.56080E+00
  1.67000E-01  3.81722E-01  7.25673E+01  7.60543E+00
  1.68000E-01  3.95176E-01  7.31882E+01  7.68866E+00
  1.69000E-01  4.07840E-01  7.35354E+01  7.73603E+00
  1.70000E-01  4.20511E-01  7.38907E+01  7.77453E+00
  1.71000E-01  4.35703E-01  7.45891E+01  7.85969E+00
  1.72000E-01  4.49395E-01  7.50617E+01  7.91495E+00
  1.73000E-01  4.63614E-01  7.53688E+01  7.94436E+00
  1.74000E-01  4.79941E-01  7.61317E+01  8.03230E+00
  1.75000E-01  4.95380E-01  7.67504E+01  8.09943E+00
  1.76000E-01  5.11533E-01  7.71146E+01  8.13032E+00
  1.77000E-01  5.28712E-01  7.78729E+01  8.21343E+00
  1.78000E-01  5.46893E-01  7.86159E+01  8.28655E+00
  1.79000E-01  5.64267E-01  7.90062E+01  8.31743E+00
  1.80000E-01  5.83695E-01  7.99066E+01  8.39841E+00
  1.81000E-01  6.04492E-01  8.07850E+01  8.48153E+00
  1.82000E-01  6.23451E-01  8.12566E+01  8.51338E+00
  1.83000E-01  6.44573E-01  8.20843E+01  8.58669E+00
  1.84000E-01  6.68774E-01  8.32426E+01  8.68231E+00
  1.85000E-01  6.89152E-01  8.37483E+01  8.71833E+00
  1.86000E-01  7.13345E-01  8.46260E+01  8.77877E+00
  1.87000E-01  7.39874E-01  8.59195E+01  8.88848E+00
  1.88000E-01  7.64690E-01  8.67391E+01  8.93928E+00
  1.89000E-01  7.90170E-01  8.75203E+01  8.98304E+00
  1.90000E-01  8.21092E-01  8.90512E+01  9.09180E+00
  1.91000E-01  8.49011E-01  9.00924E+01  9.16213E+00
  1.92000E-01  8.77627E-01  9.08330E+01  9.19808E+00
  1.93000E-01  9.11030E-01  9.23795E+01  9.30020E+00
  1.94000E-01  9.45827E-01  9.40150E+01  9.40128E+00
  1.95000E-01  9.78008E-01  9.48075E+01  9.43789E+00
  1.96000E-01  1.01308E+00  9.61943E+01  9.50954E+00
  1.97000E-01  1.05462E+00  9.82383E+01  9.62773E+00
  1.98000E-01  1.09317E+00  9.94995E+01  9.68577E+00
  1.99000E-01  1.13060E+00  1.00666E+02  9.74566E+00
  2.00000E-01  1.17842E+00  1.02929E+02  9.85675E+00
  2.01000E-01  1.22506E+00  1.04859E+02  9.94113E+00
  2.02000E-01  1.26832E+00  1.06082E+02  9.98763E+00
  2.03000E-01  1.31884E+00  1.08141E+02  1.00924E+01
  2.04000E-01  1.37511E+00  1.10697E+02  1.02081E+01
  2.05000E-01  1.42787E+00  1.12476E+02  1.02615E+01
  2.06000E-01  1.48340E+00  1.14501E+02  1.03284E+01
  2.07000E-01  1.54834E+00  1.17324E+02  1.04582E+01
  2.08000E-01  1.61389E+00  1.19843E+02  1.05517E+01
  2.09000E-01  1.67624E+00  1.21870E+02  1.06048E+01
  2.10000E-01  1.75015E+00  1.24887E+02  1.07075E+01
  2.11000E-01  1.83006E+00  1.28293E+02  1.08276E+01
  2.12000E-01  1.90603E+00  1.30932E+02  1.08973E+01
  2.13000E-01  1.98672E+00  1.33753E+02  1.09811E+01
  2.14000E-01  2.07914E+00  1.37555E+02  1.11073E+01
  2.15000E-01  2.17424E+00  1.41200E+02  1.12029E+01
  2.16000E-01  2.26945E+00  1.44349E+02  1.12731E+01
  2.17000E-01  2.37790E+00  1.48658E+02  1.13857E+01
  2.18000E-01  2.49202E+00  1.53294E+02  1.15016E+01
  2.19000E-01  2.60466E+00  1.56897E+02  1.15767E+01
  2.20000E-01  2.73305E+00  1.61478E+02  1.16792E+01
  2.21000E-01  2.87575E+00  1.67201E+02  1.18187E+01
  2.22000E-01  3.00484E+00  1.72389E+02  1.18976E+01
  2.23000E-01  3.14412E+00  1.75878E+02  1.19477E+01
  2.24000E-01  3.34632E+00  1.82914E+02  1.21173E+01
  2.25000E-01  3.52565E+00  1.91019E+02  1.22853E+01
  2.26000E-01  3.59117E+00  1.91051E+02  1.22101E+01
  2.27000E-01  3.37810E+00  1.58489E+02  1.11381E+01
  2.28000E-01  2.06851E+00  5.47986E+01  6.19577E+00
  2.29000E-01  1.19087E+00  2.91385E+00  7.91013E-01
  2.30000E-01  1.01329E+00  7.00576E-03  7.78290E-03
  2.31000E-01  1.00000E+00  1.00034E-04  3.48376E-06
  2.32000E-01  1.00000E+00  1.00000E-04  4.29295E-11
  2.33000E-01  1.00000E+00  1.00000E-04 -2.38407E-10
  2.34000E-01  1.00000E+00  1.00000E-04  1.58939E-10
  2.35000E-01  1.00000E+00  1.00000E-04  7.94056E-11
  2.36000E-01  1.00000E+00  1.00000E-04  0.00000E+00
  2.37000E-01  1.00000E+00  1.00000E-04  0.00000E+00
  2.38000E-01  1.00000E+00  1.00000E-04  0.00000E+00
  2.39000E-01  1.00000E+00  1.00000E-04  0.00000E+00
  2.40000E-01  1.00000E+00  1.00000E-04  0.00000E+00
  2.41000E-01  1.00000E+00  1.00000E-04  0.00000E+00
  2.42000E-01  1.00000E+00  1.00000E-04  0.00000E+00
  2.43000E-01  1.00000E+00  1.00000E-04  0.00000E+00
  2.44000E-01  1.00000E+00  1.00000E-04  0.00000E+00
  2.45000E-01  1.00000E+00  1.00000E-04  0.00000E+00
  2.46000E-01  1.00000E+00  1.00000E-04  0.00000E+00
  2.47000E-01  1.00000E+00  1.00000E-04 -4.36995E-10
  2.48000E-01  1.00000E+00  1.00000E-04  0.00000E+00
  2.49000E-01  1.00000E+00  1.00000E-04  4.36752E-10
  2.50000E-01  1.00000E+00  1.00000E-04  0.00000E+00
  2.51000E-01  1.00000E+00  1.00000E-04  0.00000E+00
  2.52000E-01  1.00000E+00  1.00000E-04  1.19151E-10
  2.53000E-01  1.00000E+00  1.00000E-04 -7.94097E-11
  2.54000E-01  1.00000E+00  1.00000E-04 -7.94431E-11
  2.55000E-01  1.00000E+00  1.00000E-04 -3.97074E-11
  2.56000E-01  1.00000E+00  1.00000E-04  8.54697E-17
  2.57000E-01  1.00000E+00  1.00000E-04  7.94327E-11
  2.58000E-01  1.00000E+00  1.00000E-04  0.00000E+00
  2.59000E-01  1.00000E+00  1.00000E-04  0.00000E+00
  2.60000E-01  1.00000E+00  1.00000E-04  0.00000E+00
  2.61000E-01  1.00000E+00  1.00000E-04  0.00000E+00
  2.62000E-01  1.00000E+00  1.00000E-04  3.97064E-11
  2.63000E-01  1.00000E+00  1.00000E-04  0.00000E+00
  2.64000E-01  1.00000E+00  1.00000E-04 -3.97270E-11
  2.65000E-01  1.00000E+00  1.00000E-04  0.00000E+00
  2.66000E-01  1.00000E+00  1.00000E-04  0.00000E+00
  2.67000E-01  1.00000E+00  1.00000E-04  0.00000E+00
  2.68000E-01  1.00000E+00  1.00000E-04  0.00000E+00
  2.69000E-01  1.00000E+00  1.00000E-04  0.00000E+00
  2.70000E-01  1.00000E+00  1.00000E-04  1.19189E-10
  2.71000E-01  1.00000E+00  1.00000E-04  7.94070E-11
  2.72000E-01  1.00000E+00  1.00000E-04 -3.97287E-11
  2.73000E-01  1.00000E+00  1.00000E-04 -3.97240E-10
  2.74000E-01  1.00000E+00  1.00000E-04  1.19238E-10
  2.75000E-01  1.00000E+00  1.00000E-04  3.97266E-11
  2.76000E-01  1.00000E+00  1.00000E-04  3.97164E-11
  2.77000E-01  1.00000E+00  1.00000E-04  3.97159E-11
  2.78000E-01  1.00000E+00  1.00000E-04 -3.97167E-11
  2.79000E-01  1.00000E+00  1.00000E-04 -7.76997E-17
  2.80000E-01  1.00000E+00  1.00000E-04  1.47532E-15
  2.81000E-01  1.00000E+00  1.00000E-04  1.43821E-15
  2.82000E-01  1.00000E+00  1.00000E-04  1.03793E-15
  2.83000E-01  1.00000E+00  1.00000E-04 -1.31827E-09
  2.84000E-01  1.00000E+00  1.00000E-04 -2.85656E-07
  2.85000E-01  1.00000E+00  1.00218E-04 -4.35893E-07
  2.86000E-01  1.00000E+00  1.00239E-04  3.49929E-07
  2.87000E-01  1.00000E+00  1.00000E-04  1.47907E-08
  2.88000E-01  1.00000E+00  1.00231E-04  4.39171E-09
  2.89000E-01  1.00000E+00  1.00000E-04  3.49503E-07
  2.90000E-01  1.00000E+00  1.00000E-04  4.30199E-09
  2.91000E-01  1.00000E+00  1.00000E-04  3.69732E-11
  2.92000E-01  1.00000E+00  1.00000E-04  3.97079E-11
  2.93000E-01  1.00000E+00  1.00000E-04 -3.97177E-11
  2.94000E-01  1.00000E+00  1.00000E-04 -1.19107E-10
  2.95000E-01  1.00000E+00  1.00000E-04  0.00000E+00
  2.96000E-01  1.00000E+00  1.00000E-04  0.00000E+00
  2.97000E-01  1.00000E+00  1.00000E-04  0.00000E+00
  2.98000E-01  1.00000E+00  1.00000E-04  0.00000E+00
  2.99000E-01  1.00000E+00  1.00000E-04  0.00000E+00
  3.00000E-01  1.00000E+00  1.00000E-04  0.00000E+00
  3.01000E-01  1.00000E+00  1.00000E-04  0.00000E+00
  3.02000E-01  1.00000E+00  1.00000E-04  0.00000E+00
  3.03000E-01  1.00000E+00  1.00000E-04  0.00000E+00
  3.04000E-01  1.00000E+00  1.00000E-04  0.00000E+00
  3.05000E-01  1.00000E+00  1.00000E-04  0.00000E+00
  3.06000E-01  1.00000E+00  1.00000E-04  0.00000E+00
  3.07000E-01  1.00000E+00  1.00000E-04  1.19166E-10
  3.08000E-01  1.00000E+00  1.00000E-04  7.94486E-11
  3.09000E-01  1.00000E+00  1.00000E-04 -1.19201E-10
  3.10000E-01  1.00000E+00  1.00000E-04 -7.94644E-11
  3.11000E-01  1.00000E+00  1.00000E-04  3.97107E-11
  3.12000E-01  1.00000E+00  1.00000E-04 -3.96989E-11
  3.13000E-01  1.00000E+00  1.00000E-04 -3.97342E-11
  3.14000E-01  1.00000E+00  1.00000E-04  1.98593E-11
  3.15000E-01  1.00000E+00  1.00000E-04  1.98609E-11
  3.16000E-01  1.00000E+00  1.00000E-04  7.76997E-17
  3.17000E-01  1.00000E+00  1.00000E-04  3.97111E-11
  3.18000E-01  1.00000E+00  1.00000E-04 -1.19132E-10
  3.19000E-01  1.00000E+00  1.00000E-04 -3.97315E-11
  3.20000E-01  1.00000E+00  1.00000E-04  1.58920E-10
  3.21000E-01  1.00000E+00  1.00000E-04 -3.97037E-11
  3.22000E-01  1.00000E+00  1.00000E-04 -1.58935E-10
  3.23000E-01  1.00000E+00  1.00000E-04  2.38340E-10
  3.24000E-01  1.00000E+00  1.00000E-04 -1.98516E-10
  3.25000E-01  1.00000E+00  1.00000E-04  1.98668E-11
  3.26000E-01  1.00000E+00  1.00000E-04  1.98671E-11
  3.27000E-01  1.00000E+00  1.00000E-04  1.32462E-11
  3.28000E-01  1.00000E+00  1.00000E-04  1.32324E-11
  3.29000E-01  1.00000E+00  1.00000E-04  1.32316E-11
  3.30000E-01  1.00000E+00  1.00000E-04  3.96977E-11
  3.31000E-01  1.00000E+00  1.00000E-04  0.00000E+00
  3.32000E-01  1.00000E+00  1.00000E-04  1.19145E-10
  3.33000E-01  1.00000E+00  1.00000E-04  3.96979E-11
  3.34000E-01  1.00000E+00  1.00000E-04 -1.19109E-10
  3.35000E-01  1.00000E+00  1.00000E-04  2.39237E-16
  3.36000E-01  1.00000E+00  1.00000E-04  1.03418E-16
  3.37000E-01  1.00000E+00  1.00000E-04 -3.97368E-11
  3.38000E-01  1.00000E+00  1.00000E-04  0.00000E+00
  3.39000E-01  1.00000E+00  1.00000E-04 -1.58834E-10
  3.40000E-01  1.00000E+00  1.00000E-04 -3.97308E-11
  3.41000E-01  1.00000E+00  1.00000E-04  1.58826E-10
  3.42000E-01  1.00000E+00  1.00000E-04 -3.97282E-11
  3.43000E-01  1.00000E+00  1.00000E-04  3.97196E-11
  3.44000E-01  1.00000E+00  1.00000E-04  5.15395E-10
  3.45000E-01  9.99999E-01  9.99999E-05 -6.34331E-10
  3.46000E-01  1.00000E+00  1.00000E-04 -3.42665E-10
  3.47000E-01  1.00000E+00  1.00000E-04 -1.77534E-09
  3.48000E-01  1.00000E+00  1.00001E-04  1.12617E-09
  3.49000E-01  1.00000E+00  9.99996E-05  1.93228E-09
  3.50000E-01  1.00000E+00  1.00000E-04 -1.05320E-09
  3.51000E-01  1.00000E+00  1.00000E-04  2.71525E-10
  3.52000E-01  1.00000E+00  1.00000E-04  0.00000E+00
  3.53000E-01  1.00000E+00  1.00000E-04  0.00000E+00
  3.54000E-01  1.00000E+00  1.00000E-04  0.00000E+00
  3.55000E-01  1.00000E+00  1.00000E-04  0.00000E+00
  3.56000E-01  1.00000E+00  1.00000E-04  0.00000E+00
  3.57000E-01  1.00000E+00  1.00000E-04  0.00000E+00
  3.58000E-01  1.00000E+00  1.00000E-04  0.00000E+00
  3.59000E-01  1.00000E+00  1.00000E-04  0.00000E+00
  3.60000E-01  1.00000E+00  1.00000E-04  0.00000E+00
  3.61000E-01  1.00000E+00  1.00000E-04 -7.76996E-17
  3.62000E-01  1.00000E+00  1.00000E-04  0.00000E+00
  3.63000E-01  1.00000E+00  1.00000E-04  7.76996E-17
  3.64000E-01  1.00000E+00  1.00000E-04  0.00000E+00
  3.65000E-01  1.00000E+00  1.00000E-04  0.00000E+00
  3.66000E-01  1.00000E+00  1.00000E-04  0.00000E+00
  3.67000E-01  1.00000E+00  1.00000E-04  0.00000E+00
  3.68000E-01  1.00000E+00  1.00000E-04  0.00000E+00
  3.69000E-01  1.00000E+00  1.00000E-04  0.00000E+00
  3.70000E-01  1.00000E+00  1.00000E-04  0.00000E+00
  3.71000E-01  1.00000E+00  1.00000E-04  0.00000E+00
  3.72000E-01  1.00000E+00  1.00000E-04 -7.94333E-11
  3.73000E-01  1.00000E+00  1.00000E-04 -7.94402E-11
  3.74000E-01  1.00000E+00  1.00000E-04  1.19183E-10
  3.75000E-01  1.00000E+00  1.00000E-04 -4.36870E-10
  3.76000E-01  1.00000E+00  1.00000E-04  7.78485E-17
  3.77000E-01  1.00000E+00  1.00000E-04  4.76726E-10
  3.78000E-01  1.00000E+00  1.00000E-04  0.00000E+00
  3.79000E-01  1.00000E+00  1.00000E-04  0.00000E+00
  3.80000E-01  1.00000E+00  1.00000E-04  0.00000E+00
  3.81000E-01  1.00000E+00  1.00000E-04  1.19161E-10
  3.82000E-01  1.00000E+00  1.00000E-04  3.97166E-11
  3.83000E-01  1.00000E+00  1.00000E-04 -1.19112E-10
  3.84000E-01  1.00000E+00  1.00000E-04  7.94331E-11
  3.85000E-01  1.00000E+00  1.00000E-04 -1.59962E-16
  3.86000E-01  1.00000E+00  1.00000E-04 -1.19155E-10
  3.87000E-01  1.00000E+00  1.00000E-04  0.00000E+00
  3.88000E-01  1.00000E+00  1.00000E-04  0.00000E+00
  3.89000E-01  1.00000E+00  1.00000E-04  0.00000E+00
  3.90000E-01  1.00000E+00  1.00000E-04  0.00000E+00
  3.91000E-01  1.00000E+00  1.00000E-04  0.00000E+00
  3.92000E-01  1.00000E+00  1.00000E-04  0.00000E+00
  3.93000E-01  1.00000E+00  1.00000E-04  0.00000E+00
  3.94000E-01  1.00000E+00  1.00000E-04  0.00000E+00
  3.95000E-01  1.00000E+00  1.00000E-04  0.00000E+00
  3.96000E-01  1.00000E+00  1.00000E-04  0.00000E+00
  3.97000E-01  1.00000E+00  1.00000E-04  1.19150E-10
  3.98000E-01  1.00000E+00  1.00000E-04 -1.19188E-10
  3.99000E-01  1.00000E+00  1.00000E-04 -3.97136E-11
  4.00000E-01  1.00000E+00  1.00000E-04  3.97106E-11
  4.01000E-01  1.00000E+00  1.00000E-04  0.00000E+00
  4.02000E-01  1.00000E+00  1.00000E-04  0.00000E+00
  4.03000E-01  1.00000E+00  1.00000E-04 -2.46056E-12
  4.04000E-01  1.00000E+00  1.00000E-04 -4.03706E-09
  4.05000E-01  1.00000E+00  1.00000E-04 -3.32405E-07
  4.06000E-01  1.00000E+00  1.00218E-04 -4.59450E-11
  4.07000E-01  1.00000E+00  1.00000E-04  3.32345E-07
  4.08000E-01  1.00000E+00  1.00000E-04  4.15026E-09
  4.09000E-01  1.00000E+00  1.00000E-04  2.88219E-12
  4.10000E-01  1.00000E+00  1.00000E-04  0.00000E+00
  4.11000E-01  1.00000E+00  1.00000E-04  0.00000E+00
  4.12000E-01  1.00000E+00  1.00000E-04  0.00000E+00
  4.13000E-01  1.00000E+00  1.00000E-04  0.00000E+00
  4.14000E-01  1.00000E+00  1.00000E-04 -2.87982E-12
  4.15000E-01  1.00000E+00  1.00000E-04 -4.14957E-09
  4.16000E-01  1.00000E+00  1.00000E-04 -3.32403E-07
  4.17000E-01  1.00000E+00  1.00218E-04 -2.73881E-13
  4.18000E-01  1.00000E+00  1.00000E-04  3.32373E-07
  4.19000E-01  1.00000E+00  1.00000E-04  4.15644E-09
  4.20000E-01  1.00000E+00  1.00000E-04  3.79201E-11
  4.21000E-01  1.00000E+00  1.00000E-04  0.00000E+00
  4.22000E-01  1.00000E+00  1.00000E-04  0.00000E+00
  4.23000E-01  1.00000E+00  1.00000E-04  1.58862E-10
  4.24000E-01  1.00000E+00  9.99999E-05  0.00000E+00
  4.25000E-01  1.00000E+00  1.00000E-04 -1.19178E-10
  4.26000E-01  1.00000E+00  1.00000E-04 -1.01786E-16
  4.27000E-01  1.00000E+00  1.00000E-04  8.73982E-10
  4.28000E-01  9.99996E-01  9.99996E-05  3.97211E-11
  4.29000E-01  1.00000E+00  1.00000E-04 -9.36642E-10
  4.30000E-01  1.00000E+00  1.00000E-04 -1.62240E-11
  4.31000E-01  1.00000E+00  1.00000E-04  0.00000E+00
  4.32000E-01  1.00000E+00  1.00000E-04  7.94421E-11
  4.33000E-01  1.00000E+00  1.00000E-04  0.00000E+00
  4.34000E-01  1.00000E+00  1.00000E-04 -7.94242E-11
  4.35000E-01  1.00000E+00  1.00000E-04  0.00000E+00
  4.36000E-01  1.00000E+00  1.00000E-04 -7.76996E-17
  4.37000E-01  1.00000E+00  1.00000E-04 -1.19202E-10
  4.38000E-01  1.00000E+00  1.00000E-04  3.97329E-11
  4.39000E-01  1.00000E+00  1.00000E-04  7.94354E-11
  4.40000E-01  1.00000E+00  1.00000E-04  0.00000E+00
  4.41000E-01  1.00000E+00  1.00000E-04  3.97302E-11
  4.42000E-01  1.00000E+00  1.00000E-04  0.00000E+00
  4.43000E-01  1.00000E+00  1.00000E-04 -3.97228E-11
  4.44000E-01  1.00000E+00  1.00000E-04  3.97287E-11
  4.45000E-01  1.00000E+00  1.00000E-04  0.00000E+00
  4.46000E-01  1.00000E+00  1.00000E-04 -3.97032E-11
  4.47000E-01  1.00000E+00  1.00000E-04  0.00000E+00
  4.48000E-01  1.00000E+00  1.00000E-04  0.00000E+00
  4.49000E-01  1.00000E+00  1.00000E-04  0.00000E+00
  4.50000E-01  1.00000E+00  1.00000E-04  3.97190E-11
  4.51000E-01  1.00000E+00  1.00000E-04 -1.58917E-10
  4.52000E-01  1.00000E+00  1.00000E-04 -3.97529E-11
  4.53000E-01  1.00000E+00  1.00000E-04  1.58808E-10
  4.54000E-01  1.00000E+00  1.00000E-04  3.97096E-11
  4.55000E-01  1.00000E+00  1.00000E-04  0.00000E+00
  4.56000E-01  1.00000E+00  1.00000E-04 -1.98611E-11
  4.57000E-01  1.00000E+00  1.00000E-04 -1.98636E-11
  4.58000E-01  1.00000E+00  1.00000E-04  7.76996E-17
  4.59000E-01  1.00000E+00  1.00000E-04  0.00000E+00
  4.60000E-01  1.00000E+00  1.00000E-04  3.97050E-11
  4.61000E-01  1.00000E+00  1.00000E-04 -7.94056E-11
  4.62000E-01  1.00000E+00  1.00000E-04 -3.97325E-11
  4.63000E-01  1.00000E+00  1.00000E-04  7.94557E-11
  4.64000E-01  1.00000E+00  1.00000E-04  3.97167E-11
  4.65000E-01  1.00000E+00  1.00000E-04  0.00000E+00
  4.66000E-01  1.00000E+00  1.00000E-04 -3.97111E-11
  4.67000E-01  1.00000E+00  1.00000E-04  3.97284E-11
  4.68000E-01  1.00000E+00  1.00000E-04  3.96988E-11
  4.69000E-01  1.00000E+00  1.00000E-04 -1.98628E-10
  4.70000E-01  1.00000E+00  1.00000E-04  7.94545E-11
  4.71000E-01  1.00000E+00  1.00000E-04  3.97210E-11
  4.72000E-01  1.00000E+00  1.00000E-04 -1.58854E-10
  4.73000E-01  1.00000E+00  1.00000E-04  3.97372E-11
  4.74000E-01  1.00000E+00  1.00000E-04  1.19113E-10
  4.75000E-01  1.00000E+00  1.00000E-04 -6.59449E-16
  4.76000E-01  1.00000E+00  1.00000E-04  8.54695E-17
  4.77000E-01  1.00000E+00  1.00000E-04 -7.94087E-11
  4.78000E-01  1.00000E+00  1.00000E-04  3.97362E-11
  4.79000E-01  1.00000E+00  1.00000E-04  7.94117E-11
  4.80000E-01  1.00000E+00  1.00000E-04  7.94129E-11
  4.81000E-01  1.00000E+00  1.00000E-04  3.97285E-11
  4.82000E-01  1.00000E+00  1.00000E-04 -1.19130E-10
  4.83000E-01  1.00000E+00  1.00000E-04 -2.78026E-10
  4.84000E-01  1.00000E+00  1.00000E-04 -1.49158E-10
  4.85000E-01  1.00000E+00  1.00000E-04  7.69477E-10
  4.86000E-01  1.00000E+00  9.99999E-05 -1.03882E-10
  4.87000E-01  1.00000E+00  1.00000E-04 -9.67478E-16
  4.88000E-01  9.99999E-01  9.99999E-05 -1.56842E-11
  4.89000E-01  1.00000E+00  1.00000E-04 -1.83305E-09
  4.90000E-01  1.00000E+00  1.00000E-04  6.56603E-10
  4.91000E-01  1.00000E+00  1.00000E-04  9.13229E-10
  4.92000E-01  1.00000E+00  1.00000E-04  2.77998E-10
  4.93000E-01  9.99999E-01  9.99999E-05 -3.97355E-11
  4.94000E-01  1.00000E+00  1.00000E-04 -2.38345E-10
  4.95000E-01  1.00000E+00  1.00000E-04  0.00000E+00
  4.96000E-01  1.00000E+00  1.00000E-04  0.00000E+00
  4.97000E-01  1.00000E+00  1.00000E-04  0.00000E+00
  4.98000E-01  1.00000E+00  1.00000E-04  0.00000E+00
  4.99000E-01  1.00000E+00  1.00000E-04  0.00000E+00
  5.00000E-01  1.00000E+00  1.00000E-04  0.00000E+00
  5.01000E-01  1.00000E+00  1.00000E-04  0.00000E+00
  5.02000E-01  1.00000E+00  1.00000E-04  0.00000E+00
  5.03000E-01  1.00000E+00  1.00000E-04  0.00000E+00
  5.04000E-01  1.00000E+00  1.00000E-04  0.00000E+00
  5.05000E-01  1.00000E+00  1.00000E-04  4.76591E-10
  5.06000E-01  9.99998E-01  9.99998E-05  0.00000E+00
  5.07000E-01  1.00000E+00  1.00000E-04 -4.76725E-10
  5.08000E-01  1.00000E+00  1.00000E-04  0.00000E+00
  5.09000E-01  1.00000E+00  1.00000E-04  0.00000E+00
  5.10000E-01  1.00000E+00  1.00000E-04 -7.76996E-17
  5.11000E-01  1.00000E+00  1.00000E-04  0.00000E+00
  5.12000E-01  1.00000E+00  1.00000E-04  7.76995E-17
  5.13000E-01  1.00000E+00  1.00000E-04  0.00000E+00
  5.14000E-01  1.00000E+00  1.00000E-04  0.00000E+00
  5.15000E-01  1.00000E+00  1.00000E-04  0.00000E+00
  5.16000E-01  1.00000E+00  1.00000E-04  3.17810E-10
  5.17000E-01  9.99999E-01  9.99999E-05  0.00000E+00
  5.18000E-01  1.00000E+00  1.00000E-04 -3.17835E-10
  5.19000E-01  1.00000E+00  1.00000E-04  0.00000E+00
  5.20000E-01  1.00000E+00  1.00000E-04 -7.76996E-17
  5.21000E-01  1.00000E+00  1.00000E-04  0.00000E+00
  5.22000E-01  1.00000E+00  1.00000E-04  7.76996E-17
  5.23000E-01  1.00000E+00  1.00000E-04  0.00000E+00
  5.24000E-01  1.00000E+00  1.00000E-04  0.00000E+00
  5.25000E-01  1.00000E+00  1.00000E-04  0.00000E+00
  5.26000E-01  1.00000E+00  1.00000E-04  0.00000E+00
  5.27000E-01  1.00000E+00  1.00000E-04  0.00000E+00
  5.28000E-01  1.00000E+00  1.00000E-04  0.00000E+00
  5.29000E-01  1.00000E+00  1.00000E-04  1.58872E-10
  5.30000E-01  9.99999E-01  9.99999E-05  0.00000E+00
  5.31000E-01  1.00000E+00  1.00000E-04 -1.58867E-10
  5.32000E-01  1.00000E+00  1.00000E-04  0.00000E+00
  5.33000E-01  1.00000E+00  1.00000E-04 -3.97172E-11
  5.34000E-01  1.00000E+00  1.00000E-04 -3.97074E-11
  5.35000E-01  1.00000E+00  1.00000E-04  0.00000E+00
  5.36000E-01  1.00000E+00  1.00000E-04  3.97118E-11
  5.37000E-01  1.00000E+00  1.00000E-04  3.97168E-11
  5.38000E-01  1.00000E+00  1.00000E-04  0.00000E+00
  5.39000E-01  1.00000E+00  1.00000E-04  0.00000E+00
  5.40000E-01  1.00000E+00  1.00000E-04  0.00000E+00
  5.41000E-01  1.00000E+00  1.00000E-04 -3.97195E-11
  5.42000E-01  1.00000E+00  1.00000E-04  0.00000E+00
  5.43000E-01  1.00000E+00  1.00000E-04  3.97169E-11
  5.44000E-01  1.00000E+00  1.00000E-04  3.97164E-11
  5.45000E-01  1.00000E+00  1.00000E-04  0.00000E+00
  5.46000E-01  1.00000E+00  1.00000E-04 -3.97126E-11
  5.47000E-01  1.00000E+00  1.00000E-04  0.00000E+00
  5.48000E-01  1.00000E+00  1.00000E-04  0.00000E+00
  5.49000E-01  1.00000E+00  1.00000E-04  0.00000E+00
  5.50000E-01  1.00000E+00  1.00000E-04 -1.04927E-15
  5.51000E-01  1.00000E+00  1.00000E-04 -8.61812E-16
  5.52000E-01  1.00000E+00  1.00000E-04  1.91108E-15
  5.53000E-01  1.00000E+00  1.00000E-04  3.97168E-11
  5.54000E-01  1.00000E+00  1.00000E-04  0.00000E+00
  5.55000E-01  1.00000E+00  1.00000E-04 -3.97042E-11
  5.56000E-01  1.00000E+00  1.00000E-04  1.19183E-10
  5.57000E-01  1.00000E+00  1.00000E-04 -9.40165E-17
  5.58000E-01  1.00000E+00  1.00000E-04  0.00000E+00
  5.59000E-01  1.00000E+00  1.00000E-04  0.00000E+00
  5.60000E-01  1.00000E+00  1.00000E-04  0.00000E+00
  5.61000E-01  1.00000E+00  1.00000E-04  9.40165E-17
  5.62000E-01  1.00000E+00  1.00000E-04 -5.95781E-11
  5.63000E-01  1.00000E+00  1.00000E-04 -5.95786E-11
  5.64000E-01  1.00000E+00  1.00000E-04 -1.86788E-11
  5.65000E-01  1.00000E+00  1.00000E-04  1.86728E-11
  5.66000E-01  1.00000E+00  1.00000E-04  7.94378E-11
  5.67000E-01  1.00000E+00  1.00000E-04  0.00000E+00
  5.68000E-01  1.00000E+00  1.00000E-04 -7.94348E-11
  5.69000E-01  1.00000E+00  1.00000E-04  0.00000E+00
  5.70000E-01  1.00000E+00  1.00000E-04  7.94607E-11
  5.71000E-01  1.00000E+00  1.00000E-04 -9.40165E-17
  5.72000E-01  1.00000E+00  1.00000E-04  0.00000E+00
  5.73000E-01  1.00000E+00  1.00000E-04  9.40165E-17
  5.74000E-01  1.00000E+00  1.00000E-04 -7.94053E-11
  5.75000E-01  1.00000E+00  1.00000E-04  0.00000E+00
  5.76000E-01  1.00000E+00  1.00000E-04  0.00000E+00
  5.77000E-01  1.00000E+00  1.00000E-04  0.00000E+00
  5.78000E-01  1.00000E+00  1.00000E-04  0.00000E+00
  5.79000E-01  1.00000E+00  1.00000E-04  0.00000E+00
  5.80000E-01  1.00000E+00  1.00000E-04  0.00000E+00
  5.81000E-01  1.00000E+00  1.00000E-04  3.97088E-11
  5.82000E-01  1.00000E+00  1.00000E-04  0.00000E+00
  5.83000E-01  1.00000E+00  1.00000E-04 -1.19113E-10
  5.84000E-01  1.00000E+00  1.00000E-04  2.64892E-11
  5.85000E-01  1.00000E+00  1.00000E-04  2.64869E-11
  5.86000E-01  1.00000E+00  1.00000E-04  2.64893E-11
  5.87000E-01  1.00000E+00  1.00000E-04  0.00000E+00
  5.88000E-01  1.00000E+00  1.00000E-04  0.00000E+00
  5.89000E-01  1.00000E+00  1.00000E-04  0.00000E+00
  5.90000E-01  1.00000E+00  1.00000E-04  0.00000E+00
  5.91000E-01  1.00000E+00  1.00000E-04  0.00000E+00
  5.92000E-01  1.00000E+00  1.00000E-04  0.00000E+00
  5.93000E-01  1.00000E+00  1.00000E-04  1.19186E-10
  5.94000E-01  1.00000E+00  1.00000E-04 -1.03418E-16
  5.95000E-01  1.00000E+00  1.00000E-04 -9.40164E-17
  5.96000E-01  1.00000E+00  1.00000E-04  0.00000E+00
  5.97000E-01  1.00000E+00  1.00000E-04  3.58972E-16
  5.98000E-01  1.00000E+00  1.00000E-04  1.03418E-16
  5.99000E-01  1.00000E+00  1.00000E-04 -1.19113E-10
  6.00000E-01  1.00000E+00  1.00000E-04 -2.89353E-12
  6.01000E-01  1.00000E+00  1.00000E-04 -4.15356E-09
  6.02000E-01  1.00000E+00  1.00000E-04 -3.32687E-07
  6.03000E-01  1.00000E+00  1.00218E-04  1.60812E-10
  6.04000E-01  1.00000E+00  1.00000E-04  3.32458E-07
  6.05000E-01  1.00000E+00  1.00000E-04  4.16891E-09
  6.06000E-01  1.00000E+00  1.00000E-04  3.84030E-10
  6.07000E-01  9.99999E-01  9.99999E-05 -2.65331E-11
  6.08000E-01  1.00000E+00  1.00000E-04 -1.58885E-10
  6.09000E-01  9.99999E-01  9.99999E-05  3.97095E-11
  6.10000E-01  1.00000E+00  1.00000E-04 -1.98499E-10
  6.11000E-01  1.00000E+00  1.00000E-04 -3.97237E-11
  6.12000E-01  1.00000E+00  1.00000E-04  1.19181E-10
  6.13000E-01  1.00000E+00  1.00000E-04  0.00000E+00
  6.14000E-01  1.00000E+00  1.00000E-04 -1.19187E-10
  6.15000E-01  1.00000E+00  1.00000E-04  0.00000E+00
  6.16000E-01  1.00000E+00  1.00000E-04  0.00000E+00
  6.17000E-01  1.00000E+00  1.00000E-04  0.00000E+00
  6.18000E-01  1.00000E+00  1.00000E-04  0.00000E+00
  6.19000E-01  1.00000E+00  1.00000E-04  0.00000E+00
  6.20000E-01  1.00000E+00  1.00000E-04  0.00000E+00
  6.21000E-01  1.00000E+00  1.00000E-04  1.19116E-10
  6.22000E-01  1.00000E+00  1.00000E-04 -7.94063E-11
  6.23000E-01  1.00000E+00  1.00000E-04 -1.19179E-10
  6.24000E-01  1.00000E+00  1.00000E-04  3.97290E-11
  6.25000E-01  1.00000E+00  1.00000E-04  3.97257E-11
  6.26000E-01  1.00000E+00  1.00000E-04  0.00000E+00
  6.27000E-01  1.00000E+00  1.00000E-04 -3.97256E-11
  6.28000E-01  1.00000E+00  1.00000E-04  7.94140E-11
  6.29000E-01  1.00000E+00  1.00000E-04  0.00000E+00
  6.30000E-01  1.00000E+00  1.00000E-04 -1.13760E-16
  6.31000E-01  1.00000E+00  1.00000E-04  1.03418E-17
  6.32000E-01  1.00000E+00  1.00000E-04 -6.82979E-17
  6.33000E-01  1.00000E+00  1.00000E-04  8.62465E-17
  6.34000E-01  1.00000E+00  1.00000E-04  8.54695E-17
  6.35000E-01  1.00000E+00  1.00000E-04  0.00000E+00
  6.36000E-01  1.00000E+00  1.00000E-04 -3.97004E-11
  6.37000E-01  1.00000E+00  1.00000E-04 -3.97334E-11
  6.38000E-01  1.00000E+00  1.00000E-04  3.97252E-11
  6.39000E-01  1.00000E+00  1.00000E-04  3.97099E-11
  6.40000E-01  1.00000E+00  1.00000E-04  7.94417E-11
  6.41000E-01  1.00000E+00  1.00000E-04 -1.63169E-16
  6.42000E-01  1.00000E+00  1.00000E-04 -1.19133E-10
  6.43000E-01  1.00000E+00  1.00000E-04 -7.76996E-17
  6.44000E-01  1.00000E+00  1.00000E-04 -7.76995E-18
  6.45000E-01  1.00000E+00  1.00000E-04  8.54695E-17
  6.46000E-01  1.00000E+00  1.00000E-04  3.97261E-11
  6.47000E-01  1.00000E+00  1.00000E-04 -7.76996E-17
  6.48000E-01  1.00000E+00  1.00000E-04  3.97267E-11
  6.49000E-01  1.00000E+00  1.00000E-04  2.38195E-10
  6.50000E-01  9.99999E-01  9.99999E-05 -1.58844E-10
  6.51000E-01  1.00000E+00  1.00000E-04 -1.58941E-10
  6.52000E-01  1.00000E+00  1.00000E-04 -3.97247E-11
  6.53000E-01  1.00000E+00  1.00000E-04  3.97358E-11
  6.54000E-01  1.00000E+00  1.00000E-04 -1.01786E-16
  6.55000E-01  1.00000E+00  1.00000E-04 -2.38359E-10
  6.56000E-01  1.00000E+00  1.00000E-04 -9.40165E-17
  6.57000E-01  1.00000E+00  1.00000E-04  3.97340E-11
  6.58000E-01  1.00000E+00  1.00000E-04  2.38370E-10
  6.59000E-01  1.00000E+00  1.00000E-04 -7.94559E-11
  6.60000E-01  1.00000E+00  1.00000E-04 -3.97099E-11
  6.61000E-01  1.00000E+00  1.00000E-04  2.38249E-10
  6.62000E-01  1.00000E+00  1.00000E-04 -1.58903E-10
  6.63000E-01  1.00000E+00  1.00000E-04  8.54695E-17
  6.64000E-01  1.00000E+00  1.00000E-04  7.76996E-17
  6.65000E-01  1.00000E+00  1.00000E-04 -2.45102E-11
  6.66000E-01  1.00000E+00  1.00000E-04  8.58131E-10
  6.67000E-01  9.99998E-01  9.99998E-05 -2.38241E-10
  6.68000E-01  1.00000E+00  1.00000E-04 -5.16206E-10
  6.69000E-01  1.00000E+00  1.00000E-04  3.97309E-11
  6.70000E-01  1.00000E+00  1.00000E-04 -4.76826E-10
  6.71000E-01  1.00000E+00  1.00000E-04  0.00000E+00
  6.72000E-01  1.00000E+00  1.00000E-04  4.37058E-10
  6.73000E-01  1.00000E+00  1.00000E-04  1.19113E-10
  6.74000E-01  1.00000E+00  1.00000E-04 -7.94394E-11
  6.75000E-01  1.00000E+00  1.00000E-04 -5.29437E-11
  6.76000E-01  1.00000E+00  1.00000E-04 -5.29402E-11
  6.77000E-01  1.00000E+00  1.00000E-04 -5.29429E-11
  6.78000E-01  1.00000E+00  1.00000E-04  1.19163E-10
  6.79000E-01  1.00000E+00  1.00000E-04 -1.98660E-10
  6.80000E-01  1.00000E+00  1.00000E-04  7.94639E-11
  6.81000E-01  1.00000E+00  9.99999E-05  4.26684E-10
  6.82000E-01  9.99999E-01  9.99999E-05 -3.07589E-10
  6.83000E-01  1.00000E+00  1.00000E-04  1.98538E-11
  6.84000E-01  1.00000E+00  1.00000E-04  1.98506E-11
  6.85000E-01  1.00000E+00  1.00000E-04 -7.94197E-11
  6.86000E-01  1.00000E+00  1.00000E-04  1.98652E-10
  6.87000E-01  9.99999E-01  9.99999E-05 -3.97070E-11
  6.88000E-01  1.00000E+00  1.00000E-04 -1.98531E-10
  6.89000E-01  1.00000E+00  1.00000E-04  1.19086E-10
  6.90000E-01  1.00000E+00  1.00000E-04 -2.05458E-15
  6.91000E-01  1.00000E+00  1.00000E-04  7.14911E-10
  6.92000E-01  9.99999E-01  9.99997E-05 -3.17559E-10
  6.93000E-01  1.00000E+00  1.00000E-04 -5.56192E-10
  6.94000E-01  1.00000E+00  9.99999E-05 -7.93869E-11
  6.95000E-01  1.00000E+00  1.00000E-04 -4.81294E-10
  6.96000E-01  1.00000E+00  1.00000E-04  2.50648E-09
  6.97000E-01  9.99995E-01  9.99994E-05 -2.77977E-10
  6.98000E-01  1.00000E+00  1.00000E-04 -1.60218E-09
  6.99000E-01  1.00000E+00  1.00000E-04 -2.59673E-11
  7.00000E-01  1.00000E+00  1.00000E-04  0.00000E+00
  7.01000E-01  1.00000E+00  1.00000E-04  0.00000E+00
  7.02000E-01  1.00000E+00  1.00000E-04  0.00000E+00
  7.03000E-01  1.00000E+00  1.00000E-04  0.00000E+00
  7.04000E-01  1.00000E+00  1.00000E-04  0.00000E+00
  7.05000E-01  1.00000E+00  1.00000E-04  2.78068E-10
  7.06000E-01  1.00000E+00  9.99999E-05  1.58830E-10
  7.07000E-01  1.00000E+00  1.00000E-04 -7.54595E-10
  7.08000E-01  1.00000E+00  1.00000E-04  1.19175E-10
  7.09000E-01  1.00000E+00  1.00000E-04  1.98565E-10
  7.10000E-01  1.00000E+00  1.00000E-04  0.00000E+00
  7.11000E-01  1.00000E+00  1.00000E-04  0.00000E+00
  7.12000E-01  1.00000E+00  1.00000E-04  0.00000E+00
  7.13000E-01  1.00000E+00  1.00000E-04  0.00000E+00
  7.14000E-01  1.00000E+00  1.00000E-04  0.00000E+00
  7.15000E-01  1.00000E+00  1.00000E-04  0.00000E+00
  7.16000E-01  1.00000E+00  1.00000E-04  0.00000E+00
  7.17000E-01  1.00000E+00  1.00000E-04 -3.97128E-11
  7.18000E-01  1.00000E+00  1.00000E-04  0.00000E+00
  7.19000E-01  1.00000E+00  1.00000E-04  3.37158E-11
  7.20000E-01  1.00000E+00  1.00000E-04 -5.23295E-09
  7.21000E-01  1.00000E+00  1.00000E-04 -4.19341E-07
  7.22000E-01  1.00000E+00  1.00275E-04 -1.21480E-13
  7.23000E-01  1.00000E+00  1.00000E-04  4.19315E-07
  7.24000E-01  1.00000E+00  1.00000E-04  5.13038E-09
  7.25000E-01  1.00000E+00  1.00000E-04  3.60787E-11
  7.26000E-01  1.00000E+00  1.00000E-04  7.94119E-11
  7.27000E-01  1.00000E+00  1.00000E-04  0.00000E+00
  7.28000E-01  1.00000E+00  1.00000E-04  0.00000E+00
  7.29000E-01  1.00000E+00  1.00000E-04  0.00000E+00
  7.30000E-01  1.00000E+00  1.00000E-04  0.00000E+00
  7.31000E-01  1.00000E+00  1.00000E-04  0.00000E+00
  7.32000E-01  1.00000E+00  1.00000E-04  0.00000E+00
  7.33000E-01  1.00000E+00  1.00000E-04  0.00000E+00
  7.34000E-01  1.00000E+00  1.00000E-04  0.00000E+00
  7.35000E-01  1.00000E+00  1.00000E-04  0.00000E+00
  7.36000E-01  1.00000E+00  1.00000E-04  0.00000E+00
  7.37000E-01  1.00000E+00  1.00000E-04  0.00000E+00
  7.38000E-01  1.00000E+00  1.00000E-04  0.00000E+00
  7.39000E-01  1.00000E+00  1.00000E-04  0.00000E+00
  7.40000E-01  1.00000E+00  1.00000E-04  0.00000E+00
  7.41000E-01  1.00000E+00  1.00000E-04  0.00000E+00
  7.42000E-01  1.00000E+00  1.00000E-04 -7.94400E-11
  7.43000E-01  1.00000E+00  1.00000E-04 -3.97261E-11
  7.44000E-01  1.00000E+00  1.00000E-04  1.19169E-10
  7.45000E-01  1.00000E+00  1.00000E-04  7.76995E-17
  7.46000E-01  1.00000E+00  1.00000E-04  0.00000E+00
  7.47000E-01  1.00000E+00  1.00000E-04  0.00000E+00
  7.48000E-01  1.00000E+00  1.00000E-04  0.00000E+00
  7.49000E-01  1.00000E+00  1.00000E-04 -3.97235E-11
  7.50000E-01  1.00000E+00  1.00000E-04 -3.97219E-11
  7.51000E-01  1.00000E+00  1.00000E-04  7.94427E-11
  7.52000E-01  1.00000E+00  1.00000E-04  3.97040E-11
  7.53000E-01  1.00000E+00  1.00000E-04 -3.97041E-11
  7.54000E-01  1.00000E+00  1.00000E-04  0.00000E+00
  7.55000E-01  1.00000E+00  1.00000E-04  3.97241E-11
  7.56000E-01  1.00000E+00  1.00000E-04  0.00000E+00
  7.57000E-01  1.00000E+00  1.00000E-04 -3.97166E-11
  7.58000E-01  1.00000E+00  1.00000E-04  0.00000E+00
  7.59000E-01  1.00000E+00  1.00000E-04  0.00000E+00
  7.60000E-01  1.00000E+00  1.00000E-04  0.00000E+00
  7.61000E-01  1.00000E+00  1.00000E-04  0.00000E+00
  7.62000E-01  1.00000E+00  1.00000E-04  0.00000E+00
  7.63000E-01  1.00000E+00  1.00000E-04  0.00000E+00
  7.64000E-01  1.00000E+00  1.00000E-04  0.00000E+00
  7.65000E-01  1.00000E+00  1.00000E-04  0.00000E+00
  7.66000E-01  1.00000E+00  1.00000E-04  3.97154E-11
  7.67000E-01  1.00000E+00  1.00000E-04  0.00000E+00
  7.68000E-01  1.00000E+00  1.00000E-04 -3.97236E-11
  7.69000E-01  1.00000E+00  1.00000E-04 -2.38321E-10
  7.70000E-01  1.00000E+00  1.00000E-04 -4.14931E-12
  7.71000E-01  1.00000E+00  1.00000E-04 -4.61479E-09
  7.72000E-01  1.00000E+00  1.00000E-04 -3.87997E-07
  7.73000E-01  1.00000E+00  1.00255E-04 -2.44892E-11
  7.74000E-01  1.00000E+00  1.00000E-04  3.82733E-07
  7.75000E-01  1.00000E+00  1.00000E-04 -4.16691E-07
  7.76000E-01  1.00000E+00  1.00277E-04  2.32365E-11
  7.77000E-01  1.00000E+00  1.00000E-04  4.21674E-07
  7.78000E-01  1.00000E+00  1.00000E-04  5.37905E-09
  7.79000E-01  1.00000E+00  1.00000E-04  3.32310E-12
  7.80000E-01  1.00000E+00  1.00000E-04 -1.19154E-10
  7.81000E-01  1.00000E+00  1.00000E-04  3.97163E-11
  7.82000E-01  1.00000E+00  1.00000E-04  0.00000E+00
  7.83000E-01  1.00000E+00  1.00000E-04 -3.97108E-11
  7.84000E-01  1.00000E+00  1.00000E-04  1.19189E-10
  7.85000E-01  1.00000E+00  1.00000E-04  0.00000E+00
  7.86000E-01  1.00000E+00  1.00000E-04 -1.19173E-10
  7.87000E-01  1.00000E+00  1.00000E-04  0.00000E+00
  7.88000E-01  1.00000E+00  1.00000E-04  0.00000E+00
  7.89000E-01  1.00000E+00  1.00000E-04  0.00000E+00
  7.90000E-01  1.00000E+00  1.00000E-04  0.00000E+00
  7.91000E-01  1.00000E+00  1.00000E-04  0.00000E+00
  7.92000E-01  1.00000E+00  1.00000E-04 -3.97071E-11
  7.93000E-01  1.00000E+00  1.00000E-04  0.00000E+00
  7.94000E-01  1.00000E+00  1.00000E-04  3.97062E-11
  7.95000E-01  1.00000E+00  1.00000E-04 -3.97246E-11
  7.96000E-01  1.00000E+00  1.00000E-04  0.00000E+00
  7.97000E-01  1.00000E+00  1.00000E-04  3.97163E-11
  7.98000E-01  1.00000E+00  1.00000E-04  1.58862E-10
  7.99000E-01  9.99999E-01  9.99999E-05  0.00000E+00
  8.00000E-01  1.00000E+00  1.00000E-04 -1.58866E-10
  8.01000E-01  1.00000E+00  1.00000E-04  1.58920E-10
  8.02000E-01  9.99999E-01  9.99999E-05  0.00000E+00
  8.03000E-01  1.00000E+00  1.00000E-04 -1.58830E-10
  8.04000E-01  1.00000E+00  1.00000E-04 -2.88217E-12
  8.05000E-01  1.00000E+00  1.00000E-04 -4.15060E-09
  8.06000E-01  1.00000E+00  1.00000E-04 -3.32400E-07
  8.07000E-01  1.00000E+00  1.00218E-04 -1.96056E-11
  8.08000E-01  1.00000E+00  1.00000E-04  3.28190E-07
  8.09000E-01  1.00000E+00  1.00000E-04 -3.28150E-07
  8.10000E-01  1.00000E+00  1.00218E-04  1.98636E-11
  8.11000E-01  1.00000E+00  1.00000E-04  3.32412E-07
  8.12000E-01  1.00000E+00  1.00000E-04  4.26824E-09
  8.13000E-01  1.00000E+00  1.00000E-04  0.00000E+00
  8.14000E-01  1.00000E+00  1.00000E-04 -1.19152E-10
  8.15000E-01  1.00000E+00  1.00000E-04  1.19187E-10
  8.16000E-01  1.00000E+00  1.00000E-04  3.97148E-11
  8.17000E-01  1.00000E+00  1.00000E-04 -2.38290E-10
  8.18000E-01  1.00000E+00  1.00000E-04  3.97269E-11
  8.19000E-01  1.00000E+00  1.00000E-04  3.97158E-11
  8.20000E-01  1.00000E+00  1.00000E-04  0.00000E+00
  8.21000E-01  1.00000E+00  1.00000E-04  0.00000E+00
  8.22000E-01  1.00000E+00  1.00000E-04  0.00000E+00
  8.23000E-01  1.00000E+00  1.00000E-04  7.94317E-11
  8.24000E-01  1.00000E+00  1.00000E-04  2.47443E-16
  8.25000E-01  1.00000E+00  1.00000E-04 -3.97320E-11
  8.26000E-01  1.00000E+00  1.00000E-04  7.76995E-17
  8.27000E-01  1.00000E+00  1.00000E-04 -3.97191E-11
  8.28000E-01  1.00000E+00  1.00000E-04  0.00000E+00
  8.29000E-01  1.00000E+00  1.00000E-04  3.97179E-11
  8.30000E-01  1.00000E+00  1.00000E-04  0.00000E+00
  8.31000E-01  1.00000E+00  1.00000E-04 -3.97260E-11
  8.32000E-01  1.00000E+00  1.00000E-04  0.00000E+00
  8.33000E-01  1.00000E+00  1.00000E-04  0.00000E+00
  8.34000E-01  1.00000E+00  1.00000E-04  7.94639E-11
  8.35000E-01  1.00000E+00  1.00000E-04  0.00000E+00
  8.36000E-01  1.00000E+00  1.00000E-04 -7.94458E-11
  8.37000E-01  1.00000E+00  1.00000E-04 -5.63335E-12
  8.38000E-01  1.00000E+00  1.00000E-04 -5.12911E-09
  8.39000E-01  1.00000E+00  1.00000E-04 -4.11154E-07
  8.40000E-01  1.00000E+00  1.00270E-04 -1.60626E-10
  8.41000E-01  1.00000E+00  1.00000E-04  4.11428E-07
  8.42000E-01  1.00000E+00  1.00000E-04  5.21081E-09
  8.43000E-01  1.00000E+00  1.00000E-04  3.86207E-12
  8.44000E-01  1.00000E+00  1.00000E-04 -7.94418E-11
  8.45000E-01  1.00000E+00  1.00000E-04  3.97248E-11
  8.46000E-01  1.00000E+00  1.00000E-04  0.00000E+00
  8.47000E-01  1.00000E+00  1.00000E-04 -7.94342E-11
  8.48000E-01  1.00000E+00  1.00000E-04  3.97396E-11
  8.49000E-01  1.00000E+00  1.00000E-04  0.00000E+00
  8.50000E-01  1.00000E+00  1.00000E-04  0.00000E+00
  8.51000E-01  1.00000E+00  1.00000E-04 -1.98610E-11
  8.52000E-01  1.00000E+00  1.00000E-04 -1.98607E-11
  8.53000E-01  1.00000E+00  1.00000E-04  7.94236E-11
  8.54000E-01  1.00000E+00  1.00000E-04  2.66061E-11
  8.55000E-01  1.00000E+00  1.00000E-04  1.68062E-09
  8.56000E-01  9.99994E-01  9.99994E-05 -6.71191E-13
  8.57000E-01  1.00000E+00  1.00000E-04 -1.71085E-09
  8.58000E-01  1.00000E+00  1.00000E-04  3.21298E-10
  8.59000E-01  9.99999E-01  9.99999E-05  8.54695E-17
  8.60000E-01  1.00000E+00  1.00000E-04 -3.57486E-10
  8.61000E-01  1.00000E+00  1.00000E-04  0.00000E+00
  8.62000E-01  1.00000E+00  1.00000E-04  0.00000E+00
  8.63000E-01  1.00000E+00  1.00000E-04  0.00000E+00
  8.64000E-01  1.00000E+00  1.00000E-04  0.00000E+00
  8.65000E-01  1.00000E+00  1.00000E-04  0.00000E+00
  8.66000E-01  1.00000E+00  1.00000E-04  3.97216E-11
  8.67000E-01  1.00000E+00  1.00000E-04  7.94444E-11
  8.68000E-01  1.00000E+00  1.00000E-04 -1.19177E-10
  8.69000E-01  1.00000E+00  1.00000E-04  0.00000E+00
  8.70000E-01  1.00000E+00  1.00000E-04  0.00000E+00
  8.71000E-01  1.00000E+00  1.00000E-04  3.97308E-11
  8.72000E-01  1.00000E+00  1.00000E-04  1.19142E-10
  8.73000E-01  1.00000E+00  1.00000E-04 -2.38316E-10
  8.74000E-01  1.00000E+00  1.00000E-04  3.97298E-11
  8.75000E-01  1.00000E+00  1.00000E-04  3.97153E-11
  8.76000E-01  1.00000E+00  1.00000E-04  7.94183E-11
  8.77000E-01  1.00000E+00  1.00000E-04  0.00000E+00
  8.78000E-01  1.00000E+00  1.00000E-04 -1.19162E-10
  8.79000E-01  1.00000E+00  1.00000E-04  1.19186E-10
  8.80000E-01  1.00000E+00  1.00000E-04  3.97311E-11
  8.81000E-01  1.00000E+00  1.00000E-04  3.57354E-10
  8.82000E-01  9.99998E-01  9.99998E-05  7.76995E-17
  8.83000E-01  1.00000E+00  1.00000E-04 -4.76480E-10
  8.84000E-01  1.00000E+00  1.00000E-04  3.97177E-11
  8.85000E-01  1.00000E+00  1.00000E-04  0.00000E+00
  8.86000E-01  1.00000E+00  1.00000E-04 -3.97328E-11
  8.87000E-01  1.00000E+00  1.00000E-04  0.00000E+00
  8.88000E-01  1.00000E+00  1.00000E-04  0.00000E+00
  8.89000E-01  1.00000E+00  1.00000E-04  3.97235E-11
  8.90000E-01  1.00000E+00  1.00000E-04  0.00000E+00
  8.91000E-01  1.00000E+00  1.00000E-04 -3.97064E-11
  8.92000E-01  1.00000E+00  1.00000E-04  0.00000E+00
  8.93000E-01  1.00000E+00  1.00000E-04  0.00000E+00
  8.94000E-01  1.00000E+00  1.00000E-04  0.00000E+00
  8.95000E-01  1.00000E+00  1.00000E-04  3.97213E-11
  8.96000E-01  1.00000E+00  1.00000E-04 -3.97279E-11
  8.97000E-01  1.00000E+00  1.00000E-04  0.00000E+00
  8.98000E-01  1.00000E+00  1.00000E-04  0.00000E+00
  8.99000E-01  1.00000E+00  1.00000E-04 -2.44871E-16
  9.00000E-01  1.00000E+00  1.00000E-04  1.14794E-16
  9.01000E-01  1.00000E+00  1.00000E-04  1.30077E-16
  9.02000E-01  1.00000E+00  1.00000E-04  0.00000E+00
  9.03000E-01  1.00000E+00  1.00000E-04 -1.98597E-11
  9.04000E-01  1.00000E+00  1.00000E-04 -1.98591E-11
  9.05000E-01  1.00000E+00  1.00000E-04  8.54695E-17
  9.06000E-01  1.00000E+00  1.00000E-04 -7.94480E-11
  9.07000E-01  1.00000E+00  1.00000E-04  7.94692E-11
  9.08000E-01  1.00000E+00  1.00000E-04  3.97061E-11
  9.09000E-01  1.00000E+00  1.00000E-04  3.97195E-11
  9.10000E-01  1.00000E+00  1.00000E-04 -1.98587E-11
  9.11000E-01  1.00000E+00  1.00000E-04 -1.98570E-11
  9.12000E-01  1.00000E+00  1.00000E-04  7.76995E-17
  9.13000E-01  1.00000E+00  1.00000E-04  0.00000E+00
  9.14000E-01  1.00000E+00  1.00000E-04  0.00000E+00
  9.15000E-01  1.00000E+00  1.00000E-04  0.00000E+00
  9.16000E-01  1.00000E+00  1.00000E-04  1.58865E-10
  9.17000E-01  9.99999E-01  9.99999E-05  0.00000E+00
  9.18000E-01  1.00000E+00  1.00000E-04 -1.58910E-10
  9.19000E-01  1.00000E+00  1.00000E-04  0.00000E+00
  9.20000E-01  1.00000E+00  1.00000E-04  0.00000E+00
  9.21000E-01  1.00000E+00  1.00000E-04  1.98627E-10
  9.22000E-01  9.99999E-01  9.99999E-05  3.02648E-16
  9.23000E-01  1.00000E+00  1.00000E-04 -1.19111E-10
  9.24000E-01  1.00000E+00  1.00000E-04  1.19095E-10
  9.25000E-01  1.00000E+00  1.00000E-04 -1.19097E-10
  9.26000E-01  1.00000E+00  1.00000E-04 -7.94244E-11
  9.27000E-01  1.00000E+00  1.00000E-04  0.00000E+00
  9.28000E-01  1.00000E+00  1.00000E-04 -2.33099E-16
  9.29000E-01  1.00000E+00  1.00000E-04  7.76995E-17
  9.30000E-01  1.00000E+00  1.00000E-04  7.76995E-17
  9.31000E-01  1.00000E+00  1.00000E-04  3.97098E-11
  9.32000E-01  1.00000E+00  1.00000E-04  1.12106E-11
  9.33000E-01  1.00000E+00  1.00000E-04 -1.12105E-11
  9.34000E-01  1.00000E+00  1.00000E-04 -3.97281E-11
  9.35000E-01  1.00000E+00  1.00000E-04  0.00000E+00
  9.36000E-01  1.00000E+00  1.00000E-04 -7.94205E-11
  9.37000E-01  1.00000E+00  1.00000E-04  0.00000E+00
  9.38000E-01  1.00000E+00  1.00000E-04  2.38235E-10
  9.39000E-01  1.00000E+00  1.00000E-04  0.00000E+00
  9.40000E-01  1.00000E+00  1.00000E-04 -2.38356E-10
  9.41000E-01  1.00000E+00  1.00000E-04  0.00000E+00
  9.42000E-01  1.00000E+00  1.00000E-04  2.77948E-10
  9.43000E-01  1.00000E+00  1.00000E-04 -3.97015E-11
  9.44000E-01  1.00000E+00  1.00000E-04 -3.97278E-11
  9.45000E-01  1.00000E+00  1.00000E-04  1.07196E-09
  9.46000E-01  9.99996E-01  9.99996E-05  3.09411E-10
  9.47000E-01  1.00000E+00  1.00000E-04 -1.52828E-09
  9.48000E-01  1.00000E+00  1.00000E-04  3.39516E-11
  9.49000E-01  1.00000E+00  1.00000E-04  3.39507E-11
  9.50000E-01  1.00000E+00  1.00000E-04  1.19090E-10
  9.51000E-01  1.00000E+00  1.00000E-04  3.97210E-11
  9.52000E-01  1.00000E+00  1.00000E-04 -6.64097E-12
  9.53000E-01  1.00000E+00  1.00000E-04 -3.30832E-11
  9.54000E-01  1.00000E+00  1.00000E-04 -3.57337E-10
  9.55000E-01  1.00000E+00  1.00000E-04  1.19188E-10
  9.56000E-01  1.00000E+00  1.00000E-04  1.19205E-10
  9.57000E-01  1.00000E+00  1.00000E-04  3.97323E-11
  9.58000E-01  1.00000E+00  1.00000E-04  7.94252E-11
  9.59000E-01  1.00000E+00  1.00000E-04 -2.38178E-10
  9.60000E-01  1.00000E+00  1.00000E-04  3.97014E-11
  9.61000E-01  1.00000E+00  1.00000E-04  3.97216E-11
  9.62000E-01  1.00000E+00  1.00000E-04 -7.94194E-11
  9.63000E-01  1.00000E+00  1.00000E-04 -1.58935E-10
  9.64000E-01  1.00000E+00  1.00000E-04  3.97227E-10
  9.65000E-01  1.00000E+00  1.00000E-04  3.97103E-11
  9.66000E-01  1.00000E+00  1.00000E-04 -4.76354E-10
  9.67000E-01  1.00000E+00  1.00000E-04  1.58950E-10
  9.68000E-01  1.00000E+00  1.00000E-04 -1.21530E-16
  9.69000E-01  1.00000E+00  1.00000E-04 -3.97334E-11
  9.70000E-01  1.00000E+00  1.00000E-04  3.97228E-11
  9.71000E-01  1.00000E+00  1.00000E-04  2.77869E-10
  9.72000E-01  9.99999E-01  9.99999E-05  8.15912E-11
  9.73000E-01  1.00000E+00  1.00000E-04  1.26883E-09
  9.74000E-01  9.99995E-01  9.99995E-05  7.59375E-11
  9.75000E-01  1.00000E+00  1.00000E-04 -1.63490E-09
  9.76000E-01  1.00000E+00  1.00000E-04  1.29587E-10
  9.77000E-01  1.00000E+00  9.99999E-05  1.19157E-10
  9.78000E-01  1.00000E+00  1.00000E-04 -3.57449E-10
  9.79000E-01  9.99999E-01  1.00000E-04  1.47978E-15
  9.80000E-01  1.00000E+00  1.00000E-04  8.73241E-10
  9.81000E-01  9.99998E-01  9.99998E-05  3.97131E-11
  9.82000E-01  1.00000E+00  1.00000E-04 -1.14565E-09
  9.83000E-01  1.00000E+00  1.00000E-04  1.53319E-10
  9.84000E-01  1.00000E+00  1.00000E-04  2.31446E-11
  9.85000E-01  1.00000E+00  1.00000E-04  1.30992E-09
  9.86000E-01  9.99996E-01  9.99995E-05 -1.09453E-09
  9.87000E-01  1.00001E+00  1.00001E-04 -1.38612E-09
  9.88000E-01  1.00000E+00  1.00000E-04  9.74565E-10
  9.89000E-01  1.00000E+00  1.00000E-04  5.22820E-09
  9.90000E-01  9.99981E-01  9.99981E-05  4.67390E-10
  9.91000E-01  1.00000E+00  1.00000E-04 -5.19653E-09
  9.92000E-01  1.00000E+00  1.00000E-04 -8.87680E-11
  9.93000E-01  1.00000E+00  1.00000E-04  0.00000E+00
  9.94000E-01  1.00000E+00  1.00000E-04 -7.94231E-11
  9.95000E-01  1.00000E+00  1.00000E-04  0.00000E+00
  9.96000E-01  1.00000E+00  1.00000E-04  7.94528E-11
  9.97000E-01  1.00000E+00  1.00000E-04  0.00000E+00
  9.98000E-01  1.00000E+00  1.00000E-04  0.00000E+00
  9.99000E-01  1.00000E+00  1.00000E-04  0.00000E+00
