  0.00000E+00  2.66400E-05  2.88319E+01  1.77174E-02
  1.00000E-03  2.66391E-05  2.88313E+01  5.79075E-02
  2.00000E-03  2.66385E-05  2.88303E+01  1.02201E-01
  3.00000E-03  2.66386E-05  2.88296E+01  1.45604E-01
  4.00000E-03  2.66393E-05  2.88297E+01  1.87984E-01
  5.00000E-03  2.66414E-05  2.88303E+01  2.18134E-01
  6.00000E-03  2.66516E-05  2.88312E+01  2.40503E-01
  7.00000E-03  2.66710E-05  2.88318E+01  2.54477E-01
  8.00000E-03  2.66981E-05  2.88320E+01  2.64140E-01
  9.00000E-03  2.67309E-05  2.88323E+01  2.75184E-01
  1.00000E-02  2.67601E-05  2.88328E+01  2.95675E-01
  1.10000E-02  2.67896E-05  2.88333E+01  3.23294E-01
  1.20000E-02  2.68043E-05  2.88337E+01  3.53904E-01
  1.30000E-02  2.68198E-05  2.88338E+01  3.85671E-01
  1.40000E-02  2.68418E-05  2.88339E+01  4.16486E-01
  1.50000E-02  2.69571E-05  2.88341E+01  4.45753E-01
  1.60000E-02  2.73811E-05  2.88343E+01  4.72088E-01
  1.70000E-02  2.83904E-05  2.88345E+01  4.99012E-01
  1.80000E-02  2.96568E-05  2.88348E+01  5.27458E-01
  1.90000E-02  3.13907E-05  2.88349E+01  5.55550E-01
  2.00000E-02  3.32546E-05  2.88351E+01  5.81891E-01
  2.10000E-02  3.51468E-05  2.88350E+01  6.06560E-01
  2.20000E-02  3.74548E-05  2.88350E+01  6.30763E-01
  2.30000E-02  3.97285E-05  2.88353E+01  6.53165E-01
  2.40000E-02  4.22607E-05  2.88355E+01  6.75814E-01
  2.50000E-02  4.50100E-05  2.88358E+01  6.99150E-01
  2.60000E-02  4.80142E-05  2.88359E+01  7.21044E-01
  2.70000E-02  5.11429E-05  2.88358E+01  7.41282E-01
  2.80000E-02  5.46820E-05  2.88357E+01  7.60152E-01
  2.90000E-02  5.85609E-05  2.88355E+01  7.77036E-01
  3.00000E-02  6.27005E-05  2.88353E+01  7.93403E-01
  3.10000E-02  6.75715E-05  2.88351E+01  8.08227E-01
  3.20000E-02  7.30585E-05  2.88347E+01  8.21869E-01
  3.30000E-02  7.90544E-05  2.88344E+01  8.35423E-01
  3.40000E-02  8.63568E-05  2.88339E+01  8.49205E-01
  3.50000E-02  9.44522E-05  2.88332E+01  8.64015E-01
  3.60000E-02  1.03649E-04  2.88323E+01  8.74630E-01
  3.70000E-02  1.14819E-04  2.88313E+01  8.83646E-01
  3.80000E-02  1.27241E-04  2.88302E+01  8.91953E-01
  3.90000E-02  1.42107E-04  2.88288E+01  8.99529E-01
  4.00000E-02  1.59271E-04  2.88271E+01  9.07449E-01
  4.10000E-02  1.78877E-04  2.88250E+01  9.16563E-01
  4.20000E-02  2.01828E-04  2.88228E+01  9.23474E-01
  4.30000E-02  2.27141E-04  2.88204E+01  9.27829E-01
  4.40000E-02  2.56722E-04  2.88182E+01  9.37685E-01
  4.50000E-02  2.88378E-04  2.88161E+01  9.50003E-01
  4.60000E-02  3.24839E-04  2.88130E+01  9.58233E-01
  4.70000E-02  3.61336E-04  2.88093E+01  9.62757E-01
  4.80000E-02  4.04805E-04  2.88054E+01  9.67977E-01
  4.90000E-02  4.48249E-04  2.88019E+01  9.78468E-01
  5.00000E-02  4.94736E-04  2.87985E+01  9.90643E-01
  5.10000E-02  5.45816E-04  2.87961E+01  1.00763E+00
  5.20000E-02  5.96151E-04  2.87934E+01  1.02763E+00
  5.30000E-02  6.53089E-04  2.87906E+01  1.05150E+00
  5.40000E-02  7.09594E-04  2.87885E+01  1.07357E+00
  5.50000E-02  7.70121E-04  2.87881E+01  1.10360E+00
  5.60000E-02  8.33803E-04  2.87867E+01  1.14126E+00
  5.70000E-02  8.97912E-04  2.87858E+01  1.17210E+00
  5.80000E-02  9.68020E-04  2.87856E+01  1.20747E+00
  5.90000E-02  1.03985E-03  2.87848E+01  1.24077E+00
  6.00000E-02  1.11804E-03  2.87850E+01  1.27244E+00
  6.10000E-02  1.19202E-03  2.87850E+01  1.30914E+00
  6.20000E-02  1.28067E-03  2.87846E+01  1.33977E+00
  6.30000E-02  1.36715E-03  2.87848E+01  1.37148E+00
  6.40000E-02  1.46206E-03  2.87851E+01  1.41110E+00
  6.50000E-02  1.55847E-03  2.87846E+01  1.44581E+00
  6.60000E-02  1.66133E-03  2.87865E+01  1.47284E+00
  6.70000E-02  1.77612E-03  2.87860E+01  1.51079E+00
  6.80000E-02  1.88830E-03  2.87865E+01  1.54937E+00
  6.90000E-02  2.02177E-03  2.87883E+01  1.57645E+00
  7.00000E-02  2.14237E-03  2.87895E+01  1.60917E+00
  7.10000E-02  2.28545E-03  2.87894E+01  1.64969E+00
  7.20000E-02  2.44389E-03  2.87921E+01  1.67300E+00
  7.30000E-02  2.59309E-03  2.87927E+01  1.70741E+00
  7.40000E-02  2.75840E-03  2.87943E+01  1.73793E+00
  7.50000E-02  2.93143E-03  2.87943E+01  1.76378E+00
  7.60000E-02  3.11071E-03  2.87986E+01  1.79419E+00
  7.70000E-02  3.30726E-03  2.88012E+01  1.81625E+00
  7.80000E-02  3.49645E-03  2.88043E+01  1.82768E+00
  7.90000E-02  3.71218E-03  2.88153E+01  1.83902E+00
  8.00000E-02  3.93271E-03  2.88275E+01  1.84682E+00
  8.10000E-02  4.14913E-03  2.88381E+01  1.84813E+00
  8.20000E-02  4.36983E-03  2.88492E+01  1.84982E+00
  8.30000E-02  4.62784E-03  2.88599E+01  1.86856E+00
  8.40000E-02  4.86943E-03  2.88657E+01  1.88303E+00
  8.50000E-02  5.11447E-03  2.88671E+01  1.90108E+00
  8.60000E-02  5.39440E-03  2.88625E+01  1.92175E+00
  8.70000E-02  5.65413E-03  2.88562E+01  1.94016E+00
  8.80000E-02  5.93768E-03  2.88509E+01  1.95954E+00
  8.90000E-02  6.23315E-03  2.88513E+01  1.98308E+00
  9.00000E-02  6.52555E-03  2.88511E+01  2.00146E+00
  9.10000E-02  6.83583E-03  2.88488E+01  2.03532E+00
  9.20000E-02  7.18431E-03  2.88473E+01  2.06399E+00
  9.30000E-02  7.49701E-03  2.88474E+01  2.08159E+00
  9.40000E-02  7.86367E-03  2.88431E+01  2.11969E+00
  9.50000E-02  8.21818E-03  2.88437E+01  2.14209E+00
  9.60000E-02  8.60244E-03  2.88430E+01  2.17053E+00
  9.70000E-02  8.95570E-03  2.88386E+01  2.20491E+00
  9.80000E-02  9.41676E-03  2.88426E+01  2.22579E+00
  9.90000E-02  9.81393E-03  2.88360E+01  2.26382E+00
  1.00000E-01  1.02511E-02  2.88381E+01  2.28237E+00
  1.01000E-01  1.07094E-02  2.88344E+01  2.32050E+00
  1.02000E-01  1.11642E-02  2.88345E+01  2.34106E+00
  1.03000E-01  1.16348E-02  2.88362E+01  2.37010E+00
  1.04000E-01  1.21705E-02  2.88335E+01  2.40516E+00
  1.05000E-01  1.26489E-02  2.88362E+01  2.41961E+00
  1.06000E-01  1.32228E-02  2.88382E+01  2.45494E+00
  1.07000E-01  1.37632E-02  2.88429E+01  2.47498E+00
  1.08000E-01  1.43905E-02  2.88591E+01  2.48102E+00
  1.09000E-01  1.49349E-02  2.88749E+01  2.48446E+00
  1.10000E-01  1.55640E-02  2.88831E+01  2.49537E+00
  1.11000E-01  1.62260E-02  2.88872E+01  2.53083E+00
  1.12000E-01  1.68654E-02  2.88890E+01  2.56049E+00
  1.13000E-01  1.75892E-02  2.88877E+01  2.58104E+00
  1.14000E-01  1.83010E-02  2.88911E+01  2.60873E+00
  1.15000E-01  1.89833E-02  2.88889E+01  2.64393E+00
  1.16000E-01  1.98034E-02  2.88913E+01  2.66276E+00
  1.17000E-01  2.05321E-02  2.88844E+01  2.70240E+00
  1.18000E-01  2.13514E-02  2.88852E+01  2.72045E+00
  1.19000E-01  2.21759E-02  2.88846E+01  2.75092E+00
  1.20000E-01  2.30422E-02  2.88814E+01  2.78486E+00
  1.21000E-01  2.39672E-02  2.88821E+01  2.79854E+00
  1.22000E-01  2.48106E-02  2.88821E+01  2.82818E+00
  1.23000E-01  2.58095E-02  2.88979E+01  2.85053E+00
  1.24000E-01  2.67594E-02  2.89252E+01  2.85107E+00
  1.25000E-01  2.78134E-02  2.89532E+01  2.85305E+00
  1.26000E-01  2.87842E-02  2.89568E+01  2.88180E+00
  1.27000E-01  2.99034E-02  2.89590E+01  2.90785E+00
  1.28000E-01  3.09530E-02  2.89895E+01  2.92151E+00
  1.29000E-01  3.19889E-02  2.89806E+01  2.95625E+00
  1.30000E-01  3.33342E-02  2.89875E+01  2.98364E+00
  1.31000E-01  3.43874E-02  2.90074E+01  3.00167E+00
  1.32000E-01  3.56748E-02  2.90161E+01  3.04184E+00
  1.33000E-01  3.69410E-02  2.90067E+01  3.05681E+00
  1.34000E-01  3.82167E-02  2.90191E+01  3.07994E+00
  1.35000E-01  3.95057E-02  2.90053E+01  3.11174E+00
  1.36000E-01  4.07556E-02  2.90105E+01  3.12539E+00
  1.37000E-01  4.21062E-02  2.89979E+01  3.15067E+00
  1.38000E-01  4.37747E-02  2.90106E+01  3.16812E+00
  1.39000E-01  4.52226E-02  2.89984E+01  3.19840E+00
  1.40000E-01  4.65020E-02  2.89771E+01  3.23134E+00
  1.41000E-01  4.80342E-02  2.89855E+01  3.26365E+00
  1.42000E-01  4.96752E-02  2.90145E+01  3.28577E+00
  1.43000E-01  5.14119E-02  2.90640E+01  3.30492E+00
  1.44000E-01  5.31234E-02  2.91053E+01  3.31797E+00
  1.45000E-01  5.49129E-02  2.91484E+01  3.30779E+00
  1.46000E-01  5.67430E-02  2.91897E+01  3.32614E+00
  1.47000E-01  5.83574E-02  2.91819E+01  3.35401E+00
  1.48000E-01  6.03719E-02  2.91847E+01  3.37562E+00
  1.49000E-01  6.21149E-02  2.91971E+01  3.40004E+00
  1.50000E-01  6.41767E-02  2.91883E+01  3.44462E+00
  1.51000E-01  6.61560E-02  2.91925E+01  3.48138E+00
  1.52000E-01  6.81214E-02  2.91825E+01  3.52017E+00
  1.53000E-01  7.02404E-02  2.91786E+01  3.55245E+00
  1.54000E-01  7.24133E-02  2.92021E+01  3.56849E+00
  1.55000E-01  7.43699E-02  2.92242E+01  3.58659E+00
  1.56000E-01  7.68896E-02  2.92821E+01  3.59465E+00
  1.57000E-01  7.94792E-02  2.93557E+01  3.58690E+00
  1.58000E-01  8.16008E-02  2.94185E+01  3.60311E+00
  1.59000E-01  8.42948E-02  2.94023E+01  3.63756E+00
  1.60000E-01  8.67841E-02  2.93926E+01  3.67736E+00
  1.61000E-01  8.89431E-02  2.94075E+01  3.70524E+00
  1.62000E-01  9.18090E-02  2.94664E+01  3.71726E+00
  1.63000E-01  9.47142E-02  2.94645E+01  3.75187E+00
  1.64000E-01  9.69317E-02  2.94814E+01  3.78180E+00
  1.65000E-01  1.00192E-01  2.95346E+01  3.79479E+00
  1.66000E-01  1.02971E-01  2.95355E+01  3.83052E+00
  1.67000E-01  1.05378E-01  2.95300E+01  3.86777E+00
  1.68000E-01  1.08645E-01  2.95220E+01  3.90802E+00
  1.69000E-01  1.11869E-01  2.95654E+01  3.93221E+00
  1.70000E-01  1.14718E-01  2.96369E+01  3.93625E+00
  1.71000E-01  1.18316E-01  2.97156E+01  3.94760E+00
  1.72000E-01  1.21738E-01  2.97804E+01  3.96003E+00
  1.73000E-01  1.24723E-01  2.97803E+01  3.98787E+00
  1.74000E-01  1.28456E-01  2.97867E+01  4.01957E+00
  1.75000E-01  1.31887E-01  2.98346E+01  4.04265E+00
  1.76000E-01  1.35422E-01  2.98561E+01  4.06001E+00
  1.77000E-01  1.39266E-01  2.99559E+01  4.07912E+00
  1.78000E-01  1.43330E-01  2.99875E+01  4.10623E+00
  1.79000E-01  1.47156E-01  3.00212E+01  4.14347E+00
  1.80000E-01  1.50564E-01  3.00933E+01  4.17084E+00
  1.81000E-01  1.54966E-01  3.00982E+01  4.19506E+00
  1.82000E-01  1.59414E-01  3.01132E+01  4.22241E+00
  1.83000E-01  1.62916E-01  3.01679E+01  4.23646E+00
  1.84000E-01  1.67058E-01  3.01611E+01  4.28313E+00
  1.85000E-01  1.72248E-01  3.02807E+01  4.31163E+00
  1.86000E-01  1.76596E-01  3.03532E+01  4.33024E+00
  1.87000E-01  1.81269E-01  3.04227E+01  4.35538E+00
  1.88000E-01  1.86078E-01  3.04453E+01  4.36913E+00
  1.89000E-01  1.90718E-01  3.05065E+01  4.39824E+00
  1.90000E-01  1.95886E-01  3.06414E+01  4.42421E+00
  1.91000E-01  2.01357E-01  3.07476E+01  4.44956E+00
  1.92000E-01  2.06410E-01  3.07371E+01  4.46973E+00
  1.93000E-01  2.11315E-01  3.07628E+01  4.48752E+00
  1.94000E-01  2.16477E-01  3.07655E+01  4.51398E+00
  1.95000E-01  2.22235E-01  3.09160E+01  4.53393E+00
  1.96000E-01  2.28407E-01  3.10469E+01  4.57684E+00
  1.97000E-01  2.34608E-01  3.11336E+01  4.60468E+00
  1.98000E-01  2.40545E-01  3.12463E+01  4.65155E+00
  1.99000E-01  2.45990E-01  3.12747E+01  4.66498E+00
  2.00000E-01  2.52334E-01  3.13197E+01  4.66498E+00
  2.01000E-01  2.59202E-01  3.13814E+01  4.68657E+00
  2.02000E-01  2.65595E-01  3.14801E+01  4.71636E+00
  2.03000E-01  2.71395E-01  3.15200E+01  4.74558E+00
  2.04000E-01  2.79121E-01  3.17151E+01  4.78125E+00
  2.05000E-01  2.86514E-01  3.18955E+01  4.82564E+00
  2.06000E-01  2.93796E-01  3.19806E+01  4.85234E+00
  2.07000E-01  3.01553E-01  3.21067E+01  4.88368E+00
  2.08000E-01  3.08236E-01  3.21119E+01  4.89892E+00
  2.09000E-01  3.15834E-01  3.21937E+01  4.91409E+00
  2.10000E-01  3.23546E-01  3.23462E+01  4.94305E+00
  2.11000E-01  3.33171E-01  3.25422E+01  4.98168E+00
  2.12000E-01  3.39915E-01  3.26306E+01  5.01353E+00
  2.13000E-01  3.50412E-01  3.27879E+01  5.04025E+00
  2.14000E-01  3.58373E-01  3.29276E+01  5.07448E+00
  2.15000E-01  3.67091E-01  3.29840E+01  5.09249E+00
  2.16000E-01  3.75620E-01  3.31200E+01  5.11603E+00
  2.17000E-01  3.85156E-01  3.33098E+01  5.15353E+00
  2.18000E-01  3.95790E-01  3.34890E+01  5.19030E+00
  2.19000E-01  4.04809E-01  3.36206E+01  5.22144E+00
  2.20000E-01  4.16403E-01  3.37376E+01  5.24324E+00
  2.21000E-01  4.24752E-01  3.38235E+01  5.25312E+00
  2.22000E-01  4.37716E-01  3.41241E+01  5.31922E+00
  2.23000E-01  4.47835E-01  3.44131E+01  5.36930E+00
  2.24000E-01  4.59619E-01  3.45371E+01  5.37630E+00
  2.25000E-01  4.70367E-01  3.46378E+01  5.39292E+00
  2.26000E-01  4.81814E-01  3.48205E+01  5.42167E+00
  2.27000E-01  4.95677E-01  3.50499E+01  5.46075E+00
  2.28000E-01  5.07584E-01  3.53324E+01  5.50752E+00
  2.29000E-01  5.21067E-01  3.54811E+01  5.52859E+00
  2.30000E-01  5.31582E-01  3.55529E+01  5.53743E+00
  2.31000E-01  5.46896E-01  3.58269E+01  5.57344E+00
  2.32000E-01  5.60335E-01  3.61059E+01  5.61474E+00
  2.33000E-01  5.75456E-01  3.63400E+01  5.64562E+00
  2.34000E-01  5.90937E-01  3.66724E+01  5.69150E+00
  2.35000E-01  6.06293E-01  3.69962E+01  5.73063E+00
  2.36000E-01  6.22138E-01  3.71575E+01  5.74465E+00
  2.37000E-01  6.36414E-01  3.73916E+01  5.77030E+00
  2.38000E-01  6.55849E-01  3.78103E+01  5.82299E+00
  2.39000E-01  6.71742E-01  3.80748E+01  5.85348E+00
  2.40000E-01  6.90426E-01  3.84093E+01  5.88458E+00
  2.41000E-01  7.08961E-01  3.87988E+01  5.94099E+00
  2.42000E-01  7.26151E-01  3.89889E+01  5.96594E+00
  2.43000E-01  7.45150E-01  3.92262E+01  5.99377E+00
  2.44000E-01  7.63301E-01  3.95799E+01  6.04167E+00
  2.45000E-01  7.87909E-01  4.00503E+01  6.08236E+00
  2.46000E-01  8.06366E-01  4.03845E+01  6.10483E+00
  2.47000E-01  8.30751E-01  4.08718E+01  6.13991E+00
  2.48000E-01  8.53501E-01  4.13054E+01  6.18746E+00
  2.49000E-01  8.76087E-01  4.16218E+01  6.22193E+00
  2.50000E-01  8.97914E-01  4.19109E+01  6.26681E+00
  2.51000E-01  9.24870E-01  4.25238E+01  6.31192E+00
  2.52000E-01  9.52851E-01  4.29933E+01  6.33934E+00
  2.53000E-01  9.76306E-01  4.34255E+01  6.35884E+00
  2.54000E-01  1.00619E+00  4.39751E+01  6.41818E+00
  2.55000E-01  1.03605E+00  4.45635E+01  6.47115E+00
  2.56000E-01  1.05957E+00  4.48145E+01  6.50587E+00
  2.57000E-01  1.09489E+00  4.54235E+01  6.54022E+00
  2.58000E-01  1.12442E+00  4.61231E+01  6.58504E+00
  2.59000E-01  1.16256E+00  4.67991E+01  6.62428E+00
  2.60000E-01  1.19113E+00  4.71971E+01  6.66347E+00
  2.61000E-01  1.22892E+00  4.79209E+01  6.71329E+00
  2.62000E-01  1.26447E+00  4.84500E+01  6.76634E+00
  2.63000E-01  1.30236E+00  4.92928E+01  6.79456E+00
  2.64000E-01  1.34472E+00  4.99665E+01  6.83515E+00
  2.65000E-01  1.38320E+00  5.07243E+01  6.89656E+00
  2.66000E-01  1.42617E+00  5.14122E+01  6.92988E+00
  2.67000E-01  1.46935E+00  5.21359E+01  6.97600E+00
  2.68000E-01  1.51652E+00  5.30436E+01  7.02750E+00
  2.69000E-01  1.56753E+00  5.39651E+01  7.06903E+00
  2.70000E-01  1.61307E+00  5.47529E+01  7.11586E+00
  2.71000E-01  1.66623E+00  5.55585E+01  7.16942E+00
  2.72000E-01  1.72165E+00  5.67786E+01  7.21465E+00
  2.73000E-01  1.77605E+00  5.75865E+01  7.25484E+00
  2.74000E-01  1.83367E+00  5.84636E+01  7.31225E+00
  2.75000E-01  1.89849E+00  5.98508E+01  7.35061E+00
  2.76000E-01  1.96558E+00  6.09405E+01  7.40692E+00
  2.77000E-01  2.02122E+00  6.17731E+01  7.45853E+00
  2.78000E-01  2.10052E+00  6.32366E+01  7.50118E+00
  2.79000E-01  2.17163E+00  6.45193E+01  7.56323E+00
  2.80000E-01  2.24151E+00  6.55320E+01  7.60512E+00
  2.81000E-01  2.33135E+00  6.72492E+01  7.65498E+00
  2.82000E-01  2.40612E+00  6.85445E+01  7.71553E+00
  2.83000E-01  2.49899E+00  6.99602E+01  7.77373E+00
  2.84000E-01  2.58440E+00  7.14891E+01  7.80274E+00
  2.85000E-01  2.68555E+00  7.31803E+01  7.87704E+00
  2.86000E-01  2.78266E+00  7.48701E+01  7.93292E+00
  2.87000E-01  2.88305E+00  7.64110E+01  7.96102E+00
  2.88000E-01  3.00218E+00  7.83372E+01  8.03645E+00
  2.89000E-01  3.11147E+00  8.03205E+01  8.09835E+00
  2.90000E-01  3.22964E+00  8.23936E+01  8.13031E+00
  2.91000E-01  3.34151E+00  8.36007E+01  8.16672E+00
  2.92000E-01  3.52760E+00  8.67839E+01  8.27684E+00
  2.93000E-01  3.64296E+00  8.92044E+01  8.32626E+00
  2.94000E-01  3.65660E+00  8.70225E+01  8.21889E+00
  2.95000E-01  3.19781E+00  6.44022E+01  7.09236E+00
  2.96000E-01  1.81856E+00  1.78944E+01  3.33896E+00
  2.97000E-01  1.13261E+00  7.02115E-01  3.25919E-01
  2.98000E-01  1.00659E+00  5.97368E-04  1.43690E-03
  2.99000E-01  1.00000E+00  1.00003E-04  5.14881E-07
  3.00000E-01  1.00000E+00  1.00000E-04  7.26834E-12
  3.01000E-01  1.00000E+00  1.00000E-04  0.00000E+00
  3.02000E-01  1.00000E+00  1.00000E-04  0.00000E+00
  3.03000E-01  1.00000E+00  1.00000E-04  0.00000E+00
  3.04000E-01  1.00000E+00  1.00000E-04  0.00000E+00
  3.05000E-01  1.00000E+00  1.00000E-04  0.00000E+00
  3.06000E-01  1.00000E+00  1.00000E-04  0.00000E+00
  3.07000E-01  1.00000E+00  1.00000E-04  2.29001E-10
  3.08000E-01  1.00000E+00  1.00000E-04  1.52677E-10
  3.09000E-01  1.00000E+00  1.00000E-04 -2.29105E-10
  3.10000E-01  1.00000E+00  1.00000E-04 -1.52730E-10
  3.11000E-01  1.00000E+00  1.00000E-04  7.62980E-11
  3.12000E-01  1.00000E+00  1.00000E-04 -7.62596E-11
  3.13000E-01  1.00000E+00  1.00000E-04 -7.63693E-11
  3.14000E-01  1.00000E+00  1.00000E-04  3.81621E-11
  3.15000E-01  1.00000E+00  1.00000E-04  3.81636E-11
  3.16000E-01  1.00000E+00  1.00000E-04  7.76997E-17
  3.17000E-01  1.00000E+00  1.00000E-04  7.62985E-11
  3.18000E-01  1.00000E+00  1.00000E-04 -2.28882E-10
  3.19000E-01  1.00000E+00  1.00000E-04 -7.63636E-11
  3.20000E-01  1.00000E+00  1.00000E-04  3.05427E-10
  3.21000E-01  1.00000E+00  1.00000E-04 -7.62754E-11
  3.22000E-01  1.00000E+00  1.00000E-04 -3.05473E-10
  3.23000E-01  1.00000E+00  1.00000E-04  4.32938E-10
  3.24000E-01  1.00000E+00  1.00000E-04 -3.56293E-10
  3.25000E-01  1.00000E+00  1.00000E-04  3.81784E-11
  3.26000E-01  1.00000E+00  1.00000E-04  3.81750E-11
  3.27000E-01  1.00000E+00  1.00000E-04  2.54453E-11
  3.28000E-01  1.00000E+00  1.00000E-04  2.54326E-11
  3.29000E-01  1.00000E+00  1.00000E-04  2.54334E-11
  3.30000E-01  1.00000E+00  1.00000E-04  7.62576E-11
  3.31000E-01  1.00000E+00  1.00000E-04  0.00000E+00
  3.32000E-01  1.00000E+00  1.00000E-04  2.28928E-10
  3.33000E-01  1.00000E+00  1.00000E-04  7.62562E-11
  3.34000E-01  1.00000E+00  1.00000E-04 -2.28819E-10
  3.35000E-01  1.00000E+00  1.00000E-04  2.39237E-16
  3.36000E-01  1.00000E+00  1.00000E-04  1.03418E-16
  3.37000E-01  1.00000E+00  1.00000E-04 -7.63783E-11
  3.38000E-01  1.00000E+00  1.00000E-04  0.00000E+00
  3.39000E-01  1.00000E+00  1.00000E-04 -3.05159E-10
  3.40000E-01  1.00000E+00  1.00000E-04 -7.63624E-11
  3.41000E-01  1.00000E+00  1.00000E-04  3.05135E-10
  3.42000E-01  1.00000E+00  1.00000E-04 -7.63515E-11
  3.43000E-01  1.00000E+00  1.00000E-04  7.63251E-11
  3.44000E-01  1.00000E+00  1.00000E-04  9.54391E-10
  3.45000E-01  9.99999E-01  9.99999E-05 -1.18271E-09
  3.46000E-01  1.00000E+00  1.00000E-04 -7.01408E-10
  3.47000E-01  1.00000E+00  1.00000E-04 -3.32013E-09
  3.48000E-01  1.00000E+00  1.00001E-04  2.11553E-09
  3.49000E-01  1.00000E+00  9.99996E-05  3.62214E-09
  3.50000E-01  1.00000E+00  1.00000E-04 -1.89715E-09
  3.51000E-01  1.00000E+00  1.00000E-04  4.86084E-10
  3.52000E-01  1.00000E+00  1.00000E-04  0.00000E+00
  3.53000E-01  1.00000E+00  1.00000E-04  0.00000E+00
  3.54000E-01  1.00000E+00  1.00000E-04  0.00000E+00
  3.55000E-01  1.00000E+00  1.00000E-04  0.00000E+00
  3.56000E-01  1.00000E+00  1.00000E-04  0.00000E+00
  3.57000E-01  1.00000E+00  1.00000E-04  0.00000E+00
  3.58000E-01  1.00000E+00  1.00000E-04  0.00000E+00
  3.59000E-01  1.00000E+00  1.00000E-04  0.00000E+00
  3.60000E-01  1.00000E+00  1.00000E-04  0.00000E+00
  3.61000E-01  1.00000E+00  1.00000E-04 -7.76996E-17
  3.62000E-01  1.00000E+00  1.00000E-04  0.00000E+00
  3.63000E-01  1.00000E+00  1.00000E-04  7.76996E-17
  3.64000E-01  1.00000E+00  1.00000E-04  0.00000E+00
  3.65000E-01  1.00000E+00  1.00000E-04  0.00000E+00
  3.66000E-01  1.00000E+00  1.00000E-04  0.00000E+00
  3.67000E-01  1.00000E+00  1.00000E-04  0.00000E+00
  3.68000E-01  1.00000E+00  1.00000E-04  0.00000E+00
  3.69000E-01  1.00000E+00  1.00000E-04  0.00000E+00
  3.70000E-01  1.00000E+00  1.00000E-04  0.00000E+00
  3.71000E-01  1.00000E+00  1.00000E-04  0.00000E+00
  3.72000E-01  1.00000E+00  1.00000E-04 -1.52631E-10
  3.73000E-01  1.00000E+00  1.00000E-04 -1.52656E-10
  3.74000E-01  1.00000E+00  1.00000E-04  2.29046E-10
  3.75000E-01  1.00000E+00  1.00000E-04 -8.39449E-10
  3.76000E-01  1.00000E+00  1.00000E-04  7.79444E-17
  3.77000E-01  1.00000E+00  1.00000E-04  8.86834E-10
  3.78000E-01  1.00000E+00  1.00000E-04  2.93610E-11
  3.79000E-01  1.00000E+00  1.00000E-04  0.00000E+00
  3.80000E-01  1.00000E+00  1.00000E-04  0.00000E+00
  3.81000E-01  1.00000E+00  1.00000E-04  2.28983E-10
  3.82000E-01  1.00000E+00  1.00000E-04  7.63162E-11
  3.83000E-01  1.00000E+00  1.00000E-04 -2.28828E-10
  3.84000E-01  1.00000E+00  1.00000E-04  1.52629E-10
  3.85000E-01  1.00000E+00  1.00000E-04 -1.59962E-16
  3.86000E-01  1.00000E+00  1.00000E-04 -2.28957E-10
  3.87000E-01  1.00000E+00  1.00000E-04  0.00000E+00
  3.88000E-01  1.00000E+00  1.00000E-04  0.00000E+00
  3.89000E-01  1.00000E+00  1.00000E-04  0.00000E+00
  3.90000E-01  1.00000E+00  1.00000E-04  0.00000E+00
  3.91000E-01  1.00000E+00  1.00000E-04  0.00000E+00
  3.92000E-01  1.00000E+00  1.00000E-04  0.00000E+00
  3.93000E-01  1.00000E+00  1.00000E-04  0.00000E+00
  3.94000E-01  1.00000E+00  1.00000E-04  0.00000E+00
  3.95000E-01  1.00000E+00  1.00000E-04  0.00000E+00
  3.96000E-01  1.00000E+00  1.00000E-04  0.00000E+00
  3.97000E-01  1.00000E+00  1.00000E-04  2.28945E-10
  3.98000E-01  1.00000E+00  1.00000E-04 -2.29066E-10
  3.99000E-01  1.00000E+00  1.00000E-04 -7.63054E-11
  4.00000E-01  1.00000E+00  1.00000E-04  7.62944E-11
  4.01000E-01  1.00000E+00  1.00000E-04  0.00000E+00
  4.02000E-01  1.00000E+00  1.00000E-04  0.00000E+00
  4.03000E-01  1.00000E+00  1.00000E-04 -6.83591E-11
  4.04000E-01  1.00000E+00  1.00000E-04 -2.41161E-08
  4.05000E-01  1.00000E+00  1.00000E-04 -1.03506E-06
  4.06000E-01  1.00000E+00  1.00359E-04 -8.78600E-11
  4.07000E-01  1.00000E+00  1.00000E-04  1.03497E-06
  4.08000E-01  1.00000E+00  1.00000E-04  2.43306E-08
  4.09000E-01  1.00000E+00  1.00000E-04  6.94082E-11
  4.10000E-01  1.00000E+00  1.00000E-04  0.00000E+00
  4.11000E-01  1.00000E+00  1.00000E-04  0.00000E+00
  4.12000E-01  1.00000E+00  1.00000E-04  0.00000E+00
  4.13000E-01  1.00000E+00  1.00000E-04  0.00000E+00
  4.14000E-01  1.00000E+00  1.00000E-04 -6.93658E-11
  4.15000E-01  1.00000E+00  1.00000E-04 -2.43237E-08
  4.16000E-01  1.00000E+00  1.00000E-04 -1.03523E-06
  4.17000E-01  1.00000E+00  1.00359E-04 -4.85086E-13
  4.18000E-01  1.00000E+00  1.00000E-04  1.03523E-06
  4.19000E-01  1.00000E+00  1.00000E-04  2.43655E-08
  4.20000E-01  1.00000E+00  1.00000E-04  1.19922E-10
  4.21000E-01  1.00000E+00  1.00000E-04  0.00000E+00
  4.22000E-01  1.00000E+00  1.00000E-04  0.00000E+00
  4.23000E-01  1.00000E+00  1.00000E-04  3.05247E-10
  4.24000E-01  1.00000E+00  9.99999E-05  0.00000E+00
  4.25000E-01  1.00000E+00  1.00000E-04 -2.29038E-10
  4.26000E-01  1.00000E+00  1.00000E-04  1.00369E-11
  4.27000E-01  1.00000E+00  1.00000E-04  1.66971E-09
  4.28000E-01  9.99996E-01  9.99996E-05  7.63197E-11
  4.29000E-01  1.00000E+00  1.00000E-04 -1.77781E-09
  4.30000E-01  1.00000E+00  1.00000E-04 -5.28145E-11
  4.31000E-01  1.00000E+00  1.00000E-04  0.00000E+00
  4.32000E-01  1.00000E+00  1.00000E-04  1.52657E-10
  4.33000E-01  1.00000E+00  1.00000E-04  0.00000E+00
  4.34000E-01  1.00000E+00  1.00000E-04 -1.52605E-10
  4.35000E-01  1.00000E+00  1.00000E-04  0.00000E+00
  4.36000E-01  1.00000E+00  1.00000E-04 -7.76996E-17
  4.37000E-01  1.00000E+00  1.00000E-04 -2.29108E-10
  4.38000E-01  1.00000E+00  1.00000E-04  7.63672E-11
  4.39000E-01  1.00000E+00  1.00000E-04  1.52638E-10
  4.40000E-01  1.00000E+00  1.00000E-04  0.00000E+00
  4.41000E-01  1.00000E+00  1.00000E-04  7.63604E-11
  4.42000E-01  1.00000E+00  1.00000E-04  0.00000E+00
  4.43000E-01  1.00000E+00  1.00000E-04 -7.63351E-11
  4.44000E-01  1.00000E+00  1.00000E-04  7.63524E-11
  4.45000E-01  1.00000E+00  1.00000E-04  0.00000E+00
  4.46000E-01  1.00000E+00  1.00000E-04 -7.62721E-11
  4.47000E-01  1.00000E+00  1.00000E-04  0.00000E+00
  4.48000E-01  1.00000E+00  1.00000E-04  0.00000E+00
  4.49000E-01  1.00000E+00  1.00000E-04  0.00000E+00
  4.50000E-01  1.00000E+00  1.00000E-04  7.63221E-11
  4.51000E-01  1.00000E+00  1.00000E-04 -3.05418E-10
  4.52000E-01  1.00000E+00  1.00000E-04 -7.64305E-11
  4.53000E-01  1.00000E+00  1.00000E-04  3.05077E-10
  4.54000E-01  1.00000E+00  1.00000E-04  7.62937E-11
  4.55000E-01  1.00000E+00  1.00000E-04  0.00000E+00
  4.56000E-01  1.00000E+00  1.00000E-04 -3.81698E-11
  4.57000E-01  1.00000E+00  1.00000E-04 -3.81701E-11
  4.58000E-01  1.00000E+00  1.00000E-04  7.76996E-17
  4.59000E-01  1.00000E+00  1.00000E-04  0.00000E+00
  4.60000E-01  1.00000E+00  1.00000E-04  7.62777E-11
  4.61000E-01  1.00000E+00  1.00000E-04 -1.52544E-10
  4.62000E-01  1.00000E+00  1.00000E-04 -7.63660E-11
  4.63000E-01  1.00000E+00  1.00000E-04  1.52699E-10
  4.64000E-01  1.00000E+00  1.00000E-04  7.63160E-11
  4.65000E-01  1.00000E+00  1.00000E-04  0.00000E+00
  4.66000E-01  1.00000E+00  1.00000E-04 -7.62972E-11
  4.67000E-01  1.00000E+00  1.00000E-04  7.63530E-11
  4.68000E-01  1.00000E+00  1.00000E-04  7.62596E-11
  4.69000E-01  1.00000E+00  1.00000E-04 -3.81721E-10
  4.70000E-01  1.00000E+00  1.00000E-04  1.52698E-10
  4.71000E-01  1.00000E+00  1.00000E-04  7.63280E-11
  4.72000E-01  1.00000E+00  1.00000E-04 -3.05222E-10
  4.73000E-01  1.00000E+00  1.00000E-04  7.63804E-11
  4.74000E-01  1.00000E+00  1.00000E-04  2.28825E-10
  4.75000E-01  1.00000E+00  1.00000E-04 -6.59449E-16
  4.76000E-01  1.00000E+00  1.00000E-04  8.54695E-17
  4.77000E-01  1.00000E+00  1.00000E-04 -1.52552E-10
  4.78000E-01  1.00000E+00  1.00000E-04  7.63762E-11
  4.79000E-01  1.00000E+00  1.00000E-04  1.52563E-10
  4.80000E-01  1.00000E+00  1.00000E-04  1.52566E-10
  4.81000E-01  1.00000E+00  1.00000E-04  7.63527E-11
  4.82000E-01  1.00000E+00  1.00000E-04 -2.28876E-10
  4.83000E-01  1.00000E+00  1.00000E-04 -5.34243E-10
  4.84000E-01  1.00000E+00  1.00000E-04 -2.59084E-10
  4.85000E-01  1.00000E+00  1.00000E-04  1.42852E-09
  4.86000E-01  1.00000E+00  9.99999E-05 -1.76980E-10
  4.87000E-01  1.00000E+00  1.00000E-04 -9.67478E-16
  4.88000E-01  9.99999E-01  9.99999E-05 -7.78115E-11
  4.89000E-01  1.00000E+00  1.00000E-04 -3.41625E-09
  4.90000E-01  1.00000E+00  1.00000E-04  1.20242E-09
  4.91000E-01  1.00000E+00  1.00000E-04  1.75463E-09
  4.92000E-01  1.00000E+00  1.00000E-04  5.34157E-10
  4.93000E-01  9.99999E-01  9.99999E-05 -7.63819E-11
  4.94000E-01  1.00000E+00  1.00000E-04 -4.58032E-10
  4.95000E-01  1.00000E+00  1.00000E-04  0.00000E+00
  4.96000E-01  1.00000E+00  1.00000E-04  0.00000E+00
  4.97000E-01  1.00000E+00  1.00000E-04  0.00000E+00
  4.98000E-01  1.00000E+00  1.00000E-04  0.00000E+00
  4.99000E-01  1.00000E+00  1.00000E-04  0.00000E+00
  5.00000E-01  1.00000E+00  1.00000E-04  0.00000E+00
  5.01000E-01  1.00000E+00  1.00000E-04  0.00000E+00
  5.02000E-01  1.00000E+00  1.00000E-04  0.00000E+00
  5.03000E-01  1.00000E+00  1.00000E-04  0.00000E+00
  5.04000E-01  1.00000E+00  1.00000E-04  2.93482E-11
  5.05000E-01  1.00000E+00  1.00000E-04  8.86429E-10
  5.06000E-01  9.99998E-01  9.99998E-05  0.00000E+00
  5.07000E-01  1.00000E+00  1.00000E-04 -8.86826E-10
  5.08000E-01  1.00000E+00  1.00000E-04 -2.93616E-11
  5.09000E-01  1.00000E+00  1.00000E-04  0.00000E+00
  5.10000E-01  1.00000E+00  1.00000E-04 -7.76996E-17
  5.11000E-01  1.00000E+00  1.00000E-04  0.00000E+00
  5.12000E-01  1.00000E+00  1.00000E-04  7.76995E-17
  5.13000E-01  1.00000E+00  1.00000E-04  0.00000E+00
  5.14000E-01  1.00000E+00  1.00000E-04  0.00000E+00
  5.15000E-01  1.00000E+00  1.00000E-04  5.89294E-12
  5.16000E-01  1.00000E+00  1.00000E-04  6.04868E-10
  5.17000E-01  9.99999E-01  9.99999E-05  0.00000E+00
  5.18000E-01  1.00000E+00  1.00000E-04 -6.04933E-10
  5.19000E-01  1.00000E+00  1.00000E-04 -5.90084E-12
  5.20000E-01  1.00000E+00  1.00000E-04 -5.39112E-15
  5.21000E-01  1.00000E+00  1.00000E-04  2.65674E-15
  5.22000E-01  1.00000E+00  1.00000E-04  2.73438E-15
  5.23000E-01  1.00000E+00  1.00000E-04  0.00000E+00
  5.24000E-01  1.00000E+00  1.00000E-04  0.00000E+00
  5.25000E-01  1.00000E+00  1.00000E-04  0.00000E+00
  5.26000E-01  1.00000E+00  1.00000E-04  0.00000E+00
  5.27000E-01  1.00000E+00  1.00000E-04  0.00000E+00
  5.28000E-01  1.00000E+00  1.00000E-04  0.00000E+00
  5.29000E-01  1.00000E+00  1.00000E-04  3.05277E-10
  5.30000E-01  9.99999E-01  9.99999E-05  0.00000E+00
  5.31000E-01  1.00000E+00  1.00000E-04 -3.05262E-10
  5.32000E-01  1.00000E+00  1.00000E-04  0.00000E+00
  5.33000E-01  1.00000E+00  1.00000E-04 -7.63177E-11
  5.34000E-01  1.00000E+00  1.00000E-04 -7.62872E-11
  5.35000E-01  1.00000E+00  1.00000E-04  0.00000E+00
  5.36000E-01  1.00000E+00  1.00000E-04  7.62981E-11
  5.37000E-01  1.00000E+00  1.00000E-04  7.63157E-11
  5.38000E-01  1.00000E+00  1.00000E-04  0.00000E+00
  5.39000E-01  1.00000E+00  1.00000E-04  0.00000E+00
  5.40000E-01  1.00000E+00  1.00000E-04  0.00000E+00
  5.41000E-01  1.00000E+00  1.00000E-04 -7.63233E-11
  5.42000E-01  1.00000E+00  1.00000E-04  0.00000E+00
  5.43000E-01  1.00000E+00  1.00000E-04  7.63161E-11
  5.44000E-01  1.00000E+00  1.00000E-04  7.63142E-11
  5.45000E-01  1.00000E+00  1.00000E-04  0.00000E+00
  5.46000E-01  1.00000E+00  1.00000E-04 -7.63013E-11
  5.47000E-01  1.00000E+00  1.00000E-04  0.00000E+00
  5.48000E-01  1.00000E+00  1.00000E-04  0.00000E+00
  5.49000E-01  1.00000E+00  1.00000E-04  0.00000E+00
  5.50000E-01  1.00000E+00  1.00000E-04 -1.04927E-15
  5.51000E-01  1.00000E+00  1.00000E-04 -8.61812E-16
  5.52000E-01  1.00000E+00  1.00000E-04  1.91108E-15
  5.53000E-01  1.00000E+00  1.00000E-04  7.63153E-11
  5.54000E-01  1.00000E+00  1.00000E-04  0.00000E+00
  5.55000E-01  1.00000E+00  1.00000E-04 -7.62756E-11
  5.56000E-01  1.00000E+00  1.00000E-04  2.29048E-10
  5.57000E-01  1.00000E+00  1.00000E-04 -9.40165E-17
  5.58000E-01  1.00000E+00  1.00000E-04  0.00000E+00
  5.59000E-01  1.00000E+00  1.00000E-04  0.00000E+00
  5.60000E-01  1.00000E+00  1.00000E-04  0.00000E+00
  5.61000E-01  1.00000E+00  1.00000E-04  9.40165E-17
  5.62000E-01  1.00000E+00  1.00000E-04 -1.14484E-10
  5.63000E-01  1.00000E+00  1.00000E-04 -1.14483E-10
  5.64000E-01  1.00000E+00  1.00000E-04 -3.34115E-11
  5.65000E-01  1.00000E+00  1.00000E-04  3.33956E-11
  5.66000E-01  1.00000E+00  1.00000E-04  1.52644E-10
  5.67000E-01  1.00000E+00  1.00000E-04  0.00000E+00
  5.68000E-01  1.00000E+00  1.00000E-04 -1.52633E-10
  5.69000E-01  1.00000E+00  1.00000E-04  0.00000E+00
  5.70000E-01  1.00000E+00  1.00000E-04  1.52724E-10
  5.71000E-01  1.00000E+00  1.00000E-04 -9.40165E-17
  5.72000E-01  1.00000E+00  1.00000E-04  0.00000E+00
  5.73000E-01  1.00000E+00  1.00000E-04  9.40165E-17
  5.74000E-01  1.00000E+00  1.00000E-04 -1.52541E-10
  5.75000E-01  1.00000E+00  1.00000E-04  0.00000E+00
  5.76000E-01  1.00000E+00  1.00000E-04  0.00000E+00
  5.77000E-01  1.00000E+00  1.00000E-04  0.00000E+00
  5.78000E-01  1.00000E+00  1.00000E-04  0.00000E+00
  5.79000E-01  1.00000E+00  1.00000E-04  0.00000E+00
  5.80000E-01  1.00000E+00  1.00000E-04  0.00000E+00
  5.81000E-01  1.00000E+00  1.00000E-04  7.62865E-11
  5.82000E-01  1.00000E+00  1.00000E-04  0.00000E+00
  5.83000E-01  1.00000E+00  1.00000E-04 -2.28828E-10
  5.84000E-01  1.00000E+00  1.00000E-04  5.09109E-11
  5.85000E-01  1.00000E+00  1.00000E-04  5.09090E-11
  5.86000E-01  1.00000E+00  1.00000E-04  5.09111E-11
  5.87000E-01  1.00000E+00  1.00000E-04  0.00000E+00
  5.88000E-01  1.00000E+00  1.00000E-04  0.00000E+00
  5.89000E-01  1.00000E+00  1.00000E-04  0.00000E+00
  5.90000E-01  1.00000E+00  1.00000E-04  0.00000E+00
  5.91000E-01  1.00000E+00  1.00000E-04  0.00000E+00
  5.92000E-01  1.00000E+00  1.00000E-04  0.00000E+00
  5.93000E-01  1.00000E+00  1.00000E-04  2.29062E-10
  5.94000E-01  1.00000E+00  1.00000E-04 -1.03418E-16
  5.95000E-01  1.00000E+00  1.00000E-04 -9.40164E-17
  5.96000E-01  1.00000E+00  1.00000E-04  0.00000E+00
  5.97000E-01  1.00000E+00  1.00000E-04  3.58972E-16
  5.98000E-01  1.00000E+00  1.00000E-04  1.03418E-16
  5.99000E-01  1.00000E+00  1.00000E-04 -2.28825E-10
  6.00000E-01  1.00000E+00  1.00000E-04 -7.08884E-11
  6.01000E-01  1.00000E+00  1.00000E-04 -2.43420E-08
  6.02000E-01  1.00000E+00  1.00000E-04 -1.03614E-06
  6.03000E-01  1.00000E+00  1.00359E-04  2.99775E-10
  6.04000E-01  1.00000E+00  1.00000E-04  1.03554E-06
  6.05000E-01  1.00000E+00  1.00000E-04  2.44262E-08
  6.06000E-01  1.00000E+00  1.00000E-04  7.90583E-10
  6.07000E-01  9.99999E-01  9.99999E-05 -6.31419E-11
  6.08000E-01  1.00000E+00  1.00000E-04 -3.05317E-10
  6.09000E-01  9.99999E-01  9.99999E-05  7.62905E-11
  6.10000E-01  1.00000E+00  1.00000E-04 -3.81312E-10
  6.11000E-01  1.00000E+00  1.00000E-04 -7.63375E-11
  6.12000E-01  1.00000E+00  1.00000E-04  2.29044E-10
  6.13000E-01  1.00000E+00  1.00000E-04  0.00000E+00
  6.14000E-01  1.00000E+00  1.00000E-04 -2.29066E-10
  6.15000E-01  1.00000E+00  1.00000E-04  0.00000E+00
  6.16000E-01  1.00000E+00  1.00000E-04  0.00000E+00
  6.17000E-01  1.00000E+00  1.00000E-04  0.00000E+00
  6.18000E-01  1.00000E+00  1.00000E-04  0.00000E+00
  6.19000E-01  1.00000E+00  1.00000E-04  0.00000E+00
  6.20000E-01  1.00000E+00  1.00000E-04  0.00000E+00
  6.21000E-01  1.00000E+00  1.00000E-04  2.28834E-10
  6.22000E-01  1.00000E+00  1.00000E-04 -1.52545E-10
  6.23000E-01  1.00000E+00  1.00000E-04 -2.29039E-10
  6.24000E-01  1.00000E+00  1.00000E-04  7.63547E-11
  6.25000E-01  1.00000E+00  1.00000E-04  7.63430E-11
  6.26000E-01  1.00000E+00  1.00000E-04  0.00000E+00
  6.27000E-01  1.00000E+00  1.00000E-04 -7.63415E-11
  6.28000E-01  1.00000E+00  1.00000E-04  1.52571E-10
  6.29000E-01  1.00000E+00  1.00000E-04  0.00000E+00
  6.30000E-01  1.00000E+00  1.00000E-04 -1.13760E-16
  6.31000E-01  1.00000E+00  1.00000E-04  1.03418E-17
  6.32000E-01  1.00000E+00  1.00000E-04 -6.82979E-17
  6.33000E-01  1.00000E+00  1.00000E-04  8.62465E-17
  6.34000E-01  1.00000E+00  1.00000E-04  8.54695E-17
  6.35000E-01  1.00000E+00  1.00000E-04  0.00000E+00
  6.36000E-01  1.00000E+00  1.00000E-04 -7.62650E-11
  6.37000E-01  1.00000E+00  1.00000E-04 -7.63688E-11
  6.38000E-01  1.00000E+00  1.00000E-04  7.63416E-11
  6.39000E-01  1.00000E+00  1.00000E-04  7.62947E-11
  6.40000E-01  1.00000E+00  1.00000E-04  1.52657E-10
  6.41000E-01  1.00000E+00  1.00000E-04 -1.63169E-16
  6.42000E-01  1.00000E+00  1.00000E-04 -2.28887E-10
  6.43000E-01  1.00000E+00  1.00000E-04 -7.76996E-17
  6.44000E-01  1.00000E+00  1.00000E-04 -7.76995E-18
  6.45000E-01  1.00000E+00  1.00000E-04  8.54695E-17
  6.46000E-01  1.00000E+00  1.00000E-04  7.63443E-11
  6.47000E-01  1.00000E+00  1.00000E-04 -7.76996E-17
  6.48000E-01  1.00000E+00  1.00000E-04  7.63475E-11
  6.49000E-01  1.00000E+00  1.00000E-04  4.37669E-10
  6.50000E-01  9.99999E-01  9.99999E-05 -2.85301E-10
  6.51000E-01  1.00000E+00  1.00000E-04 -3.05504E-10
  6.52000E-01  1.00000E+00  1.00000E-04 -7.63423E-11
  6.53000E-01  1.00000E+00  1.00000E-04  7.63785E-11
  6.54000E-01  1.00000E+00  1.00000E-04 -1.01786E-16
  6.55000E-01  1.00000E+00  1.00000E-04 -4.58093E-10
  6.56000E-01  1.00000E+00  1.00000E-04 -9.40165E-17
  6.57000E-01  1.00000E+00  1.00000E-04  7.63708E-11
  6.58000E-01  1.00000E+00  1.00000E-04  4.52226E-10
  6.59000E-01  1.00000E+00  1.00000E-04 -1.46800E-10
  6.60000E-01  1.00000E+00  1.00000E-04 -7.62937E-11
  6.61000E-01  1.00000E+00  1.00000E-04  4.57720E-10
  6.62000E-01  1.00000E+00  1.00000E-04 -3.05371E-10
  6.63000E-01  1.00000E+00  1.00000E-04  8.54695E-17
  6.64000E-01  1.00000E+00  1.00000E-04  7.76996E-17
  6.65000E-01  1.00000E+00  1.00000E-04 -2.45102E-11
  6.66000E-01  1.00000E+00  1.00000E-04  1.61837E-09
  6.67000E-01  9.99998E-01  9.99998E-05 -4.50260E-10
  6.68000E-01  1.00000E+00  1.00000E-04 -9.55683E-10
  6.69000E-01  1.00000E+00  1.00000E-04  7.56320E-12
  6.70000E-01  1.00000E+00  1.00000E-04 -8.83767E-10
  6.71000E-01  1.00000E+00  1.00000E-04  0.00000E+00
  6.72000E-01  1.00000E+00  1.00000E-04  8.40019E-10
  6.73000E-01  1.00000E+00  1.00000E-04  2.28825E-10
  6.74000E-01  1.00000E+00  1.00000E-04 -1.52653E-10
  6.75000E-01  1.00000E+00  1.00000E-04 -1.01710E-10
  6.76000E-01  1.00000E+00  1.00000E-04 -1.01711E-10
  6.77000E-01  1.00000E+00  1.00000E-04 -1.01710E-10
  6.78000E-01  1.00000E+00  1.00000E-04  2.23094E-10
  6.79000E-01  1.00000E+00  1.00000E-04 -3.75926E-10
  6.80000E-01  1.00000E+00  1.00000E-04  1.52729E-10
  6.81000E-01  1.00000E+00  9.99999E-05  7.92358E-10
  6.82000E-01  9.99999E-01  9.99999E-05 -5.63585E-10
  6.83000E-01  1.00000E+00  1.00000E-04  3.81383E-11
  6.84000E-01  1.00000E+00  1.00000E-04  3.81397E-11
  6.85000E-01  1.00000E+00  1.00000E-04 -1.52588E-10
  6.86000E-01  1.00000E+00  1.00000E-04  3.81799E-10
  6.87000E-01  9.99999E-01  9.99999E-05 -7.62856E-11
  6.88000E-01  1.00000E+00  1.00000E-04 -3.75588E-10
  6.89000E-01  1.00000E+00  1.00000E-04  2.22934E-10
  6.90000E-01  1.00000E+00  1.00000E-04  1.36946E-11
  6.91000E-01  1.00000E+00  1.00000E-04  1.35248E-09
  6.92000E-01  9.99999E-01  9.99997E-05 -6.02351E-10
  6.93000E-01  1.00000E+00  1.00000E-04 -1.03965E-09
  6.94000E-01  1.00000E+00  9.99999E-05 -1.97204E-10
  6.95000E-01  1.00000E+00  1.00000E-04 -8.22540E-10
  6.96000E-01  1.00000E+00  1.00000E-04  4.69556E-09
  6.97000E-01  9.99995E-01  9.99994E-05 -5.07574E-10
  6.98000E-01  1.00000E+00  1.00000E-04 -3.02652E-09
  6.99000E-01  1.00000E+00  1.00000E-04 -9.49392E-11
  7.00000E-01  1.00000E+00  1.00000E-04  0.00000E+00
  7.01000E-01  1.00000E+00  1.00000E-04  0.00000E+00
  7.02000E-01  1.00000E+00  1.00000E-04  0.00000E+00
  7.03000E-01  1.00000E+00  1.00000E-04  0.00000E+00
  7.04000E-01  1.00000E+00  1.00000E-04  0.00000E+00
  7.05000E-01  1.00000E+00  1.00000E-04  5.34373E-10
  7.06000E-01  1.00000E+00  9.99999E-05  2.91623E-10
  7.07000E-01  1.00000E+00  1.00000E-04 -1.42045E-09
  7.08000E-01  1.00000E+00  1.00000E-04  2.13084E-10
  7.09000E-01  1.00000E+00  1.00000E-04  3.81521E-10
  7.10000E-01  1.00000E+00  1.00000E-04  0.00000E+00
  7.11000E-01  1.00000E+00  1.00000E-04  0.00000E+00
  7.12000E-01  1.00000E+00  1.00000E-04  0.00000E+00
  7.13000E-01  1.00000E+00  1.00000E-04  0.00000E+00
  7.14000E-01  1.00000E+00  1.00000E-04  0.00000E+00
  7.15000E-01  1.00000E+00  1.00000E-04  0.00000E+00
  7.16000E-01  1.00000E+00  1.00000E-04  0.00000E+00
  7.17000E-01  1.00000E+00  1.00000E-04 -7.63015E-11
  7.18000E-01  1.00000E+00  1.00000E-04 -4.72690E-12
  7.19000E-01  1.00000E+00  1.00000E-04 -9.65010E-12
  7.20000E-01  1.00000E+00  1.00000E-04 -3.06901E-08
  7.21000E-01  1.00000E+00  1.00000E-04 -1.30601E-06
  7.22000E-01  1.00000E+00  1.00453E-04 -1.30736E-12
  7.23000E-01  1.00000E+00  1.00000E-04  1.30587E-06
  7.24000E-01  1.00000E+00  1.00000E-04  3.05127E-08
  7.25000E-01  1.00000E+00  1.00000E-04  1.38461E-10
  7.26000E-01  1.00000E+00  1.00000E-04  1.52561E-10
  7.27000E-01  1.00000E+00  1.00000E-04  0.00000E+00
  7.28000E-01  1.00000E+00  1.00000E-04  0.00000E+00
  7.29000E-01  1.00000E+00  1.00000E-04  0.00000E+00
  7.30000E-01  1.00000E+00  1.00000E-04  0.00000E+00
  7.31000E-01  1.00000E+00  1.00000E-04  0.00000E+00
  7.32000E-01  1.00000E+00  1.00000E-04  0.00000E+00
  7.33000E-01  1.00000E+00  1.00000E-04  0.00000E+00
  7.34000E-01  1.00000E+00  1.00000E-04  0.00000E+00
  7.35000E-01  1.00000E+00  1.00000E-04  0.00000E+00
  7.36000E-01  1.00000E+00  1.00000E-04  0.00000E+00
  7.37000E-01  1.00000E+00  1.00000E-04  0.00000E+00
  7.38000E-01  1.00000E+00  1.00000E-04  0.00000E+00
  7.39000E-01  1.00000E+00  1.00000E-04  0.00000E+00
  7.40000E-01  1.00000E+00  1.00000E-04  0.00000E+00
  7.41000E-01  1.00000E+00  1.00000E-04  0.00000E+00
  7.42000E-01  1.00000E+00  1.00000E-04 -1.52655E-10
  7.43000E-01  1.00000E+00  1.00000E-04 -7.63456E-11
  7.44000E-01  1.00000E+00  1.00000E-04  2.29004E-10
  7.45000E-01  1.00000E+00  1.00000E-04  7.76995E-17
  7.46000E-01  1.00000E+00  1.00000E-04  0.00000E+00
  7.47000E-01  1.00000E+00  1.00000E-04  0.00000E+00
  7.48000E-01  1.00000E+00  1.00000E-04  0.00000E+00
  7.49000E-01  1.00000E+00  1.00000E-04 -7.63377E-11
  7.50000E-01  1.00000E+00  1.00000E-04 -7.63334E-11
  7.51000E-01  1.00000E+00  1.00000E-04  1.52663E-10
  7.52000E-01  1.00000E+00  1.00000E-04  7.62754E-11
  7.53000E-01  1.00000E+00  1.00000E-04 -7.62761E-11
  7.54000E-01  1.00000E+00  1.00000E-04  0.00000E+00
  7.55000E-01  1.00000E+00  1.00000E-04  7.63396E-11
  7.56000E-01  1.00000E+00  1.00000E-04  0.00000E+00
  7.57000E-01  1.00000E+00  1.00000E-04 -7.63151E-11
  7.58000E-01  1.00000E+00  1.00000E-04  0.00000E+00
  7.59000E-01  1.00000E+00  1.00000E-04  0.00000E+00
  7.60000E-01  1.00000E+00  1.00000E-04  0.00000E+00
  7.61000E-01  1.00000E+00  1.00000E-04  0.00000E+00
  7.62000E-01  1.00000E+00  1.00000E-04  0.00000E+00
  7.63000E-01  1.00000E+00  1.00000E-04  0.00000E+00
  7.64000E-01  1.00000E+00  1.00000E-04  0.00000E+00
  7.65000E-01  1.00000E+00  1.00000E-04  0.00000E+00
  7.66000E-01  1.00000E+00  1.00000E-04  7.63113E-11
  7.67000E-01  1.00000E+00  1.00000E-04  0.00000E+00
  7.68000E-01  1.00000E+00  1.00000E-04 -7.63383E-11
  7.69000E-01  1.00000E+00  1.00000E-04 -4.57971E-10
  7.70000E-01  1.00000E+00  1.00000E-04 -8.16876E-11
  7.71000E-01  1.00000E+00  1.00000E-04 -2.79914E-08
  7.72000E-01  1.00000E+00  1.00000E-04 -1.20945E-06
  7.73000E-01  1.00000E+00  1.00420E-04 -2.82748E-10
  7.74000E-01  1.00000E+00  1.00000E-04  1.17774E-06
  7.75000E-01  1.00000E+00  1.00000E-04 -1.28493E-06
  7.76000E-01  1.00000E+00  1.00456E-04  2.67533E-10
  7.77000E-01  1.00000E+00  1.00000E-04  1.31492E-06
  7.78000E-01  1.00000E+00  1.00000E-04  3.11099E-08
  7.79000E-01  1.00000E+00  1.00000E-04  8.15833E-11
  7.80000E-01  1.00000E+00  1.00000E-04 -2.28956E-10
  7.81000E-01  1.00000E+00  1.00000E-04  7.63132E-11
  7.82000E-01  1.00000E+00  1.00000E-04  0.00000E+00
  7.83000E-01  1.00000E+00  1.00000E-04 -7.62975E-11
  7.84000E-01  1.00000E+00  1.00000E-04  2.29067E-10
  7.85000E-01  1.00000E+00  1.00000E-04  0.00000E+00
  7.86000E-01  1.00000E+00  1.00000E-04 -2.29020E-10
  7.87000E-01  1.00000E+00  1.00000E-04  0.00000E+00
  7.88000E-01  1.00000E+00  1.00000E-04  0.00000E+00
  7.89000E-01  1.00000E+00  1.00000E-04  0.00000E+00
  7.90000E-01  1.00000E+00  1.00000E-04  0.00000E+00
  7.91000E-01  1.00000E+00  1.00000E-04  0.00000E+00
  7.92000E-01  1.00000E+00  1.00000E-04 -7.62855E-11
  7.93000E-01  1.00000E+00  1.00000E-04  0.00000E+00
  7.94000E-01  1.00000E+00  1.00000E-04  7.62832E-11
  7.95000E-01  1.00000E+00  1.00000E-04 -7.63414E-11
  7.96000E-01  1.00000E+00  1.00000E-04  0.00000E+00
  7.97000E-01  1.00000E+00  1.00000E-04  7.63142E-11
  7.98000E-01  1.00000E+00  1.00000E-04  3.05247E-10
  7.99000E-01  9.99999E-01  9.99999E-05  0.00000E+00
  8.00000E-01  1.00000E+00  1.00000E-04 -2.99379E-10
  8.01000E-01  1.00000E+00  1.00000E-04  2.99548E-10
  8.02000E-01  9.99999E-01  9.99999E-05  0.00000E+00
  8.03000E-01  1.00000E+00  1.00000E-04 -3.05145E-10
  8.04000E-01  1.00000E+00  1.00000E-04 -7.08530E-11
  8.05000E-01  1.00000E+00  1.00000E-04 -2.43315E-08
  8.06000E-01  1.00000E+00  1.00000E-04 -1.03521E-06
  8.07000E-01  1.00000E+00  1.00359E-04 -2.25718E-10
  8.08000E-01  1.00000E+00  1.00000E-04  1.00992E-06
  8.09000E-01  1.00000E+00  1.00000E-04 -1.00968E-06
  8.10000E-01  1.00000E+00  1.00359E-04  2.28471E-10
  8.11000E-01  1.00000E+00  1.00000E-04  1.03528E-06
  8.12000E-01  1.00000E+00  1.00000E-04  2.45519E-08
  8.13000E-01  1.00000E+00  1.00000E-04  6.18741E-11
  8.14000E-01  1.00000E+00  1.00000E-04 -2.28952E-10
  8.15000E-01  1.00000E+00  1.00000E-04  2.29062E-10
  8.16000E-01  1.00000E+00  1.00000E-04  7.63089E-11
  8.17000E-01  1.00000E+00  1.00000E-04 -4.57856E-10
  8.18000E-01  1.00000E+00  1.00000E-04  7.63467E-11
  8.19000E-01  1.00000E+00  1.00000E-04  7.63136E-11
  8.20000E-01  1.00000E+00  1.00000E-04  0.00000E+00
  8.21000E-01  1.00000E+00  1.00000E-04  0.00000E+00
  8.22000E-01  1.00000E+00  1.00000E-04  0.00000E+00
  8.23000E-01  1.00000E+00  1.00000E-04  1.52626E-10
  8.24000E-01  1.00000E+00  1.00000E-04  2.47443E-16
  8.25000E-01  1.00000E+00  1.00000E-04 -7.63632E-11
  8.26000E-01  1.00000E+00  1.00000E-04  7.76995E-17
  8.27000E-01  1.00000E+00  1.00000E-04 -7.63230E-11
  8.28000E-01  1.00000E+00  1.00000E-04  0.00000E+00
  8.29000E-01  1.00000E+00  1.00000E-04  7.63192E-11
  8.30000E-01  1.00000E+00  1.00000E-04  0.00000E+00
  8.31000E-01  1.00000E+00  1.00000E-04 -7.63437E-11
  8.32000E-01  1.00000E+00  1.00000E-04  0.00000E+00
  8.33000E-01  1.00000E+00  1.00000E-04  0.00000E+00
  8.34000E-01  1.00000E+00  1.00000E-04  1.52729E-10
  8.35000E-01  1.00000E+00  1.00000E-04  0.00000E+00
  8.36000E-01  1.00000E+00  1.00000E-04 -1.52671E-10
  8.37000E-01  1.00000E+00  1.00000E-04 -8.85832E-11
  8.38000E-01  1.00000E+00  1.00000E-04 -3.01107E-08
  8.39000E-01  1.00000E+00  1.00000E-04 -1.28238E-06
  8.40000E-01  1.00000E+00  1.00445E-04 -2.97386E-10
  8.41000E-01  1.00000E+00  1.00000E-04  1.28320E-06
  8.42000E-01  1.00000E+00  1.00000E-04  3.02751E-08
  8.43000E-01  1.00000E+00  1.00000E-04  8.20653E-11
  8.44000E-01  1.00000E+00  1.00000E-04 -1.52659E-10
  8.45000E-01  1.00000E+00  1.00000E-04  7.63412E-11
  8.46000E-01  1.00000E+00  1.00000E-04  0.00000E+00
  8.47000E-01  1.00000E+00  1.00000E-04 -1.52634E-10
  8.48000E-01  1.00000E+00  1.00000E-04  7.63891E-11
  8.49000E-01  1.00000E+00  1.00000E-04  0.00000E+00
  8.50000E-01  1.00000E+00  1.00000E-04  0.00000E+00
  8.51000E-01  1.00000E+00  1.00000E-04 -3.81644E-11
  8.52000E-01  1.00000E+00  1.00000E-04 -3.81660E-11
  8.53000E-01  1.00000E+00  1.00000E-04  1.52600E-10
  8.54000E-01  1.00000E+00  1.00000E-04  1.04930E-10
  8.55000E-01  1.00000E+00  1.00000E-04  3.13925E-09
  8.56000E-01  9.99994E-01  9.99994E-05 -1.06089E-12
  8.57000E-01  1.00000E+00  1.00000E-04 -3.19182E-09
  8.58000E-01  1.00000E+00  1.00000E-04  5.57079E-10
  8.59000E-01  9.99999E-01  9.99999E-05  8.54695E-17
  8.60000E-01  1.00000E+00  1.00000E-04 -6.73257E-10
  8.61000E-01  1.00000E+00  1.00000E-04 -1.37006E-11
  8.62000E-01  1.00000E+00  1.00000E-04  0.00000E+00
  8.63000E-01  1.00000E+00  1.00000E-04  0.00000E+00
  8.64000E-01  1.00000E+00  1.00000E-04  0.00000E+00
  8.65000E-01  1.00000E+00  1.00000E-04  0.00000E+00
  8.66000E-01  1.00000E+00  1.00000E-04  7.63298E-11
  8.67000E-01  1.00000E+00  1.00000E-04  1.52662E-10
  8.68000E-01  1.00000E+00  1.00000E-04 -2.29034E-10
  8.69000E-01  1.00000E+00  1.00000E-04  0.00000E+00
  8.70000E-01  1.00000E+00  1.00000E-04  0.00000E+00
  8.71000E-01  1.00000E+00  1.00000E-04  7.63619E-11
  8.72000E-01  1.00000E+00  1.00000E-04  2.28922E-10
  8.73000E-01  1.00000E+00  1.00000E-04 -4.57935E-10
  8.74000E-01  1.00000E+00  1.00000E-04  7.63558E-11
  8.75000E-01  1.00000E+00  1.00000E-04  7.63111E-11
  8.76000E-01  1.00000E+00  1.00000E-04  1.52584E-10
  8.77000E-01  1.00000E+00  1.00000E-04  0.00000E+00
  8.78000E-01  1.00000E+00  1.00000E-04 -2.28984E-10
  8.79000E-01  1.00000E+00  1.00000E-04  2.29063E-10
  8.80000E-01  1.00000E+00  1.00000E-04  8.21913E-11
  8.81000E-01  1.00000E+00  1.00000E-04  6.80720E-10
  8.82000E-01  9.99998E-01  9.99998E-05  7.76995E-17
  8.83000E-01  1.00000E+00  1.00000E-04 -8.82438E-10
  8.84000E-01  1.00000E+00  1.00000E-04  4.33661E-11
  8.85000E-01  1.00000E+00  1.00000E-04  0.00000E+00
  8.86000E-01  1.00000E+00  1.00000E-04 -7.63660E-11
  8.87000E-01  1.00000E+00  1.00000E-04  0.00000E+00
  8.88000E-01  1.00000E+00  1.00000E-04  0.00000E+00
  8.89000E-01  1.00000E+00  1.00000E-04  7.63358E-11
  8.90000E-01  1.00000E+00  1.00000E-04  0.00000E+00
  8.91000E-01  1.00000E+00  1.00000E-04 -7.62829E-11
  8.92000E-01  1.00000E+00  1.00000E-04  0.00000E+00
  8.93000E-01  1.00000E+00  1.00000E-04  0.00000E+00
  8.94000E-01  1.00000E+00  1.00000E-04  0.00000E+00
  8.95000E-01  1.00000E+00  1.00000E-04  7.63309E-11
  8.96000E-01  1.00000E+00  1.00000E-04 -7.63501E-11
  8.97000E-01  1.00000E+00  1.00000E-04  0.00000E+00
  8.98000E-01  1.00000E+00  1.00000E-04  0.00000E+00
  8.99000E-01  1.00000E+00  1.00000E-04 -2.44871E-16
  9.00000E-01  1.00000E+00  1.00000E-04  1.14794E-16
  9.01000E-01  1.00000E+00  1.00000E-04  1.30077E-16
  9.02000E-01  1.00000E+00  1.00000E-04  0.00000E+00
  9.03000E-01  1.00000E+00  1.00000E-04 -3.81616E-11
  9.04000E-01  1.00000E+00  1.00000E-04 -3.81600E-11
  9.05000E-01  1.00000E+00  1.00000E-04  8.54695E-17
  9.06000E-01  1.00000E+00  1.00000E-04 -1.52677E-10
  9.07000E-01  1.00000E+00  1.00000E-04  1.52745E-10
  9.08000E-01  1.00000E+00  1.00000E-04  7.62822E-11
  9.09000E-01  1.00000E+00  1.00000E-04  7.63227E-11
  9.10000E-01  1.00000E+00  1.00000E-04 -3.81552E-11
  9.11000E-01  1.00000E+00  1.00000E-04 -3.81568E-11
  9.12000E-01  1.00000E+00  1.00000E-04  7.76995E-17
  9.13000E-01  1.00000E+00  1.00000E-04  0.00000E+00
  9.14000E-01  1.00000E+00  1.00000E-04  0.00000E+00
  9.15000E-01  1.00000E+00  1.00000E-04  0.00000E+00
  9.16000E-01  1.00000E+00  1.00000E-04  3.05256E-10
  9.17000E-01  9.99999E-01  9.99999E-05  0.00000E+00
  9.18000E-01  1.00000E+00  1.00000E-04 -3.05403E-10
  9.19000E-01  1.00000E+00  1.00000E-04  0.00000E+00
  9.20000E-01  1.00000E+00  1.00000E-04  0.00000E+00
  9.21000E-01  1.00000E+00  1.00000E-04  3.81716E-10
  9.22000E-01  9.99999E-01  9.99999E-05  3.02648E-16
  9.23000E-01  1.00000E+00  1.00000E-04 -2.28822E-10
  9.24000E-01  1.00000E+00  1.00000E-04  2.28774E-10
  9.25000E-01  1.00000E+00  1.00000E-04 -2.28777E-10
  9.26000E-01  1.00000E+00  1.00000E-04 -1.52600E-10
  9.27000E-01  1.00000E+00  1.00000E-04  0.00000E+00
  9.28000E-01  1.00000E+00  1.00000E-04 -2.33099E-16
  9.29000E-01  1.00000E+00  1.00000E-04  7.76995E-17
  9.30000E-01  1.00000E+00  1.00000E-04  7.76995E-17
  9.31000E-01  1.00000E+00  1.00000E-04  7.62940E-11
  9.32000E-01  1.00000E+00  1.00000E-04  1.98672E-11
  9.33000E-01  1.00000E+00  1.00000E-04 -1.98670E-11
  9.34000E-01  1.00000E+00  1.00000E-04 -7.63502E-11
  9.35000E-01  1.00000E+00  1.00000E-04  0.00000E+00
  9.36000E-01  1.00000E+00  1.00000E-04 -1.52591E-10
  9.37000E-01  1.00000E+00  1.00000E-04  0.00000E+00
  9.38000E-01  1.00000E+00  1.00000E-04  4.57678E-10
  9.39000E-01  1.00000E+00  1.00000E-04  0.00000E+00
  9.40000E-01  1.00000E+00  1.00000E-04 -4.58076E-10
  9.41000E-01  1.00000E+00  1.00000E-04  0.00000E+00
  9.42000E-01  1.00000E+00  1.00000E-04  5.28158E-10
  9.43000E-01  1.00000E+00  1.00000E-04 -7.04373E-11
  9.44000E-01  1.00000E+00  1.00000E-04 -4.02828E-11
  9.45000E-01  1.00000E+00  1.00000E-04  2.02338E-09
  9.46000E-01  9.99996E-01  9.99996E-05  5.65612E-10
  9.47000E-01  1.00000E+00  1.00000E-04 -2.86276E-09
  9.48000E-01  1.00000E+00  1.00000E-04  4.31827E-11
  9.49000E-01  1.00000E+00  1.00000E-04  4.31872E-11
  9.50000E-01  1.00000E+00  1.00000E-04  2.28754E-10
  9.51000E-01  1.00000E+00  1.00000E-04  7.63300E-11
  9.52000E-01  1.00000E+00  1.00000E-04 -1.37514E-11
  9.53000E-01  1.00000E+00  1.00000E-04 -6.25850E-11
  9.54000E-01  1.00000E+00  1.00000E-04 -6.86477E-10
  9.55000E-01  1.00000E+00  1.00000E-04  2.29066E-10
  9.56000E-01  1.00000E+00  1.00000E-04  2.29122E-10
  9.57000E-01  1.00000E+00  1.00000E-04  7.63649E-11
  9.58000E-01  1.00000E+00  1.00000E-04  1.52601E-10
  9.59000E-01  1.00000E+00  1.00000E-04 -4.57508E-10
  9.60000E-01  1.00000E+00  1.00000E-04  7.62675E-11
  9.61000E-01  1.00000E+00  1.00000E-04  7.63321E-11
  9.62000E-01  1.00000E+00  1.00000E-04 -1.52588E-10
  9.63000E-01  1.00000E+00  1.00000E-04 -3.05482E-10
  9.64000E-01  1.00000E+00  1.00000E-04  7.63375E-10
  9.65000E-01  1.00000E+00  1.00000E-04  7.62921E-11
  9.66000E-01  1.00000E+00  1.00000E-04 -9.09166E-10
  9.67000E-01  1.00000E+00  1.00000E-04  2.99692E-10
  9.68000E-01  1.00000E+00  1.00000E-04 -1.21530E-16
  9.69000E-01  1.00000E+00  1.00000E-04 -7.63671E-11
  9.70000E-01  1.00000E+00  1.00000E-04  7.63352E-11
  9.71000E-01  1.00000E+00  1.00000E-04  5.33734E-10
  9.72000E-01  9.99999E-01  9.99999E-05  1.91426E-10
  9.73000E-01  1.00000E+00  1.00000E-04  2.39003E-09
  9.74000E-01  9.99995E-01  9.99995E-05  1.26300E-10
  9.75000E-01  1.00000E+00  1.00000E-04 -3.05139E-09
  9.76000E-01  1.00000E+00  1.00000E-04  1.92502E-10
  9.77000E-01  1.00000E+00  9.99999E-05  2.28979E-10
  9.78000E-01  1.00000E+00  1.00000E-04 -6.86921E-10
  9.79000E-01  9.99999E-01  1.00000E-04  1.47978E-15
  9.80000E-01  1.00000E+00  1.00000E-04  1.67742E-09
  9.81000E-01  9.99998E-01  9.99998E-05  7.62817E-11
  9.82000E-01  1.00000E+00  1.00000E-04 -2.16350E-09
  9.83000E-01  1.00000E+00  1.00000E-04  2.57372E-10
  9.84000E-01  1.00000E+00  1.00000E-04  8.31398E-11
  9.85000E-01  1.00000E+00  1.00000E-04  2.42494E-09
  9.86000E-01  9.99996E-01  9.99995E-05 -2.04978E-09
  9.87000E-01  1.00001E+00  1.00001E-04 -2.63141E-09
  9.88000E-01  1.00000E+00  1.00000E-04  1.89138E-09
  9.89000E-01  1.00000E+00  1.00000E-04  9.95150E-09
  9.90000E-01  9.99981E-01  9.99981E-05  8.85029E-10
  9.91000E-01  1.00000E+00  1.00000E-04 -9.78329E-09
  9.92000E-01  1.00000E+00  1.00000E-04 -3.16706E-10
  9.93000E-01  1.00000E+00  1.00000E-04  0.00000E+00
  9.94000E-01  1.00000E+00  1.00000E-04 -1.52599E-10
  9.95000E-01  1.00000E+00  1.00000E-04  0.00000E+00
  9.96000E-01  1.00000E+00  1.00000E-04  1.52689E-10
  9.97000E-01  1.00000E+00  1.00000E-04  0.00000E+00
  9.98000E-01  1.00000E+00  1.00000E-04  0.00000E+00
  9.99000E-01  1.00000E+00  1.00000E-04  0.00000E+00
