  0.00000E+00  4.75761E-05  7.57972E-02  1.48227E-04
  1.00000E-02  4.75770E-05  7.57968E-02  4.56898E-04
  2.00000E-02  4.75764E-05  7.57963E-02  7.73193E-04
  3.00000E-02  4.75773E-05  7.57958E-02  1.13383E-03
  4.00000E-02  4.75817E-05  7.57956E-02  1.49849E-03
  5.00000E-02  4.76065E-05  7.57956E-02  1.89333E-03
  6.00000E-02  4.76506E-05  7.57957E-02  2.33570E-03
  7.00000E-02  4.77171E-05  7.57957E-02  2.75402E-03
  8.00000E-02  4.77835E-05  7.57959E-02  3.13617E-03
  9.00000E-02  4.78387E-05  7.57959E-02  3.49863E-03
  1.00000E-01  4.78781E-05  7.57959E-02  3.85705E-03
  1.10000E-01  4.79115E-05  7.57959E-02  4.21357E-03
  1.20000E-01  4.80561E-05  7.57960E-02  4.52930E-03
  1.30000E-01  4.88609E-05  7.57959E-02  4.91229E-03
  1.40000E-01  5.09124E-05  7.57958E-02  5.28985E-03
  1.50000E-01  5.39598E-05  7.57958E-02  5.58612E-03
  1.60000E-01  5.77141E-05  7.57961E-02  5.92786E-03
  1.70000E-01  6.19969E-05  7.57961E-02  6.29027E-03
  1.80000E-01  6.66086E-05  7.57961E-02  6.66660E-03
  1.90000E-01  7.17473E-05  7.57962E-02  6.99661E-03
  2.00000E-01  7.73593E-05  7.57960E-02  7.35339E-03
  2.10000E-01  8.34785E-05  7.57961E-02  7.73955E-03
  2.20000E-01  9.03215E-05  7.57960E-02  8.06948E-03
  2.30000E-01  9.77292E-05  7.57960E-02  8.45295E-03
  2.40000E-01  1.06306E-04  7.57961E-02  8.85375E-03
  2.50000E-01  1.15873E-04  7.57963E-02  9.19137E-03
  2.60000E-01  1.26991E-04  7.57964E-02  9.51323E-03
  2.70000E-01  1.40003E-04  7.57960E-02  9.83453E-03
  2.80000E-01  1.55521E-04  7.57965E-02  1.02735E-02
  2.90000E-01  1.73524E-04  7.57966E-02  1.07090E-02
  3.00000E-01  1.95250E-04  7.57965E-02  1.10369E-02
  3.10000E-01  2.21359E-04  7.57965E-02  1.13906E-02
  3.20000E-01  2.52614E-04  7.57965E-02  1.17274E-02
  3.30000E-01  2.90121E-04  7.57968E-02  1.21582E-02
  3.40000E-01  3.34540E-04  7.57967E-02  1.25796E-02
  3.50000E-01  3.86963E-04  7.57968E-02  1.29051E-02
  3.60000E-01  4.47703E-04  7.57970E-02  1.32425E-02
  3.70000E-01  5.16654E-04  7.57974E-02  1.36321E-02
  3.80000E-01  5.94098E-04  7.57975E-02  1.40988E-02
  3.90000E-01  6.80089E-04  7.57979E-02  1.44380E-02
  4.00000E-01  7.71823E-04  7.57974E-02  1.47640E-02
  4.10000E-01  8.74193E-04  7.57985E-02  1.52572E-02
  4.20000E-01  9.79293E-04  7.57982E-02  1.56691E-02
  4.30000E-01  1.09822E-03  7.57984E-02  1.59585E-02
  4.40000E-01  1.21214E-03  7.57990E-02  1.63345E-02
  4.50000E-01  1.35558E-03  7.57994E-02  1.68643E-02
  4.60000E-01  1.46549E-03  7.57993E-02  1.71810E-02
  4.70000E-01  1.64758E-03  7.57998E-02  1.75925E-02
  4.80000E-01  1.74675E-03  7.57994E-02  1.80267E-02
  4.90000E-01  1.96874E-03  7.58003E-02  1.85174E-02
  5.00000E-01  2.07970E-03  7.57990E-02  1.87731E-02
  5.10000E-01  2.31850E-03  7.58026E-02  1.90169E-02
  5.20000E-01  2.44703E-03  7.58007E-02  1.95748E-02
  5.30000E-01  2.72677E-03  7.58063E-02  1.98023E-02
  5.40000E-01  2.87050E-03  7.58060E-02  1.99760E-02
  5.50000E-01  3.18615E-03  7.58145E-02  2.00070E-02
  5.60000E-01  3.35452E-03  7.58195E-02  2.03756E-02
  5.70000E-01  3.72212E-03  7.58191E-02  2.07011E-02
  5.80000E-01  3.91325E-03  7.58216E-02  2.08837E-02
  5.90000E-01  4.33504E-03  7.58228E-02  2.15519E-02
  6.00000E-01  4.55771E-03  7.58194E-02  2.18079E-02
  6.10000E-01  5.03972E-03  7.58219E-02  2.20591E-02
  6.20000E-01  5.29091E-03  7.58200E-02  2.27731E-02
  6.30000E-01  5.82794E-03  7.58206E-02  2.32199E-02
  6.40000E-01  6.10723E-03  7.58189E-02  2.34747E-02
  6.50000E-01  6.70444E-03  7.58196E-02  2.39277E-02
  6.60000E-01  7.01744E-03  7.58210E-02  2.45652E-02
  6.70000E-01  7.66851E-03  7.58268E-02  2.48209E-02
  6.80000E-01  8.00179E-03  7.58371E-02  2.47818E-02
  6.90000E-01  8.70921E-03  7.58501E-02  2.48828E-02
  7.00000E-01  9.07901E-03  7.58598E-02  2.52298E-02
  7.10000E-01  9.85115E-03  7.58586E-02  2.57784E-02
  7.20000E-01  1.02443E-02  7.58549E-02  2.62505E-02
  7.30000E-01  1.10712E-02  7.58587E-02  2.66280E-02
  7.40000E-01  1.14978E-02  7.58584E-02  2.70735E-02
  7.50000E-01  1.24157E-02  7.58613E-02  2.76253E-02
  7.60000E-01  1.28909E-02  7.58681E-02  2.79797E-02
  7.70000E-01  1.38903E-02  7.58914E-02  2.80096E-02
  7.80000E-01  1.44027E-02  7.59048E-02  2.82915E-02
  7.90000E-01  1.54899E-02  7.59085E-02  2.88619E-02
  8.00000E-01  1.60524E-02  7.59094E-02  2.93369E-02
  8.10000E-01  1.72502E-02  7.59273E-02  2.94981E-02
  8.20000E-01  1.78653E-02  7.59300E-02  3.00383E-02
  8.30000E-01  1.91612E-02  7.59347E-02  3.04657E-02
  8.40000E-01  1.98363E-02  7.59565E-02  3.05846E-02
  8.50000E-01  2.12587E-02  7.59585E-02  3.12067E-02
  8.60000E-01  2.19851E-02  7.59602E-02  3.17080E-02
  8.70000E-01  2.35310E-02  7.59803E-02  3.19542E-02
  8.80000E-01  2.43240E-02  7.59813E-02  3.24045E-02
  8.90000E-01  2.60084E-02  7.59932E-02  3.27789E-02
  9.00000E-01  2.68856E-02  7.60186E-02  3.28713E-02
  9.10000E-01  2.87047E-02  7.60416E-02  3.33992E-02
  9.20000E-01  2.96503E-02  7.60622E-02  3.38255E-02
  9.30000E-01  3.16386E-02  7.60845E-02  3.42852E-02
  9.40000E-01  3.26627E-02  7.60911E-02  3.46203E-02
  9.50000E-01  3.48385E-02  7.61170E-02  3.51134E-02
  9.60000E-01  3.59547E-02  7.61455E-02  3.54865E-02
  9.70000E-01  3.83771E-02  7.61705E-02  3.60280E-02
  9.80000E-01  3.95061E-02  7.61889E-02  3.62345E-02
  9.90000E-01  4.27063E-02  7.62219E-02  3.67379E-02
