  0.00000E+00  4.46644E-05  6.82238E-02  8.50715E-05
  1.00000E-02  4.46649E-05  6.82240E-02  2.53684E-04
  2.00000E-02  4.46645E-05  6.82243E-02  4.75497E-04
  3.00000E-02  4.46664E-05  6.82245E-02  7.26149E-04
  4.00000E-02  4.46681E-05  6.82245E-02  9.37128E-04
  5.00000E-02  4.46858E-05  6.82244E-02  1.11614E-03
  6.00000E-02  4.47281E-05  6.82242E-02  1.26637E-03
  7.00000E-02  4.47851E-05  6.82241E-02  1.41452E-03
  8.00000E-02  4.48488E-05  6.82240E-02  1.61600E-03
  9.00000E-02  4.49016E-05  6.82239E-02  1.83034E-03
  1.00000E-01  4.49431E-05  6.82241E-02  2.01827E-03
  1.10000E-01  4.49684E-05  6.82241E-02  2.22873E-03
  1.20000E-01  4.50508E-05  6.82241E-02  2.41568E-03
  1.30000E-01  4.55307E-05  6.82241E-02  2.65356E-03
  1.40000E-01  4.70955E-05  6.82241E-02  2.86741E-03
  1.50000E-01  4.96447E-05  6.82240E-02  3.02855E-03
  1.60000E-01  5.28973E-05  6.82241E-02  3.22438E-03
  1.70000E-01  5.66960E-05  6.82241E-02  3.42240E-03
  1.80000E-01  6.07955E-05  6.82241E-02  3.58637E-03
  1.90000E-01  6.53411E-05  6.82239E-02  3.75979E-03
  2.00000E-01  7.03283E-05  6.82240E-02  3.97718E-03
  2.10000E-01  7.56886E-05  6.82239E-02  4.17552E-03
  2.20000E-01  8.17229E-05  6.82240E-02  4.35916E-03
  2.30000E-01  8.81998E-05  6.82240E-02  4.54131E-03
  2.40000E-01  9.55827E-05  6.82239E-02  4.74420E-03
  2.50000E-01  1.03857E-04  6.82237E-02  4.93334E-03
  2.60000E-01  1.13208E-04  6.82237E-02  5.13904E-03
  2.70000E-01  1.24149E-04  6.82239E-02  5.38617E-03
  2.80000E-01  1.37080E-04  6.82237E-02  5.51594E-03
  2.90000E-01  1.52097E-04  6.82238E-02  5.70544E-03
  3.00000E-01  1.69884E-04  6.82235E-02  5.94591E-03
  3.10000E-01  1.91156E-04  6.82236E-02  6.08423E-03
  3.20000E-01  2.16586E-04  6.82237E-02  6.31972E-03
  3.30000E-01  2.47140E-04  6.82234E-02  6.54749E-03
  3.40000E-01  2.83207E-04  6.82232E-02  6.66877E-03
  3.50000E-01  3.26056E-04  6.82237E-02  6.92651E-03
  3.60000E-01  3.76157E-04  6.82232E-02  7.09521E-03
  3.70000E-01  4.33596E-04  6.82235E-02  7.23296E-03
  3.80000E-01  4.98480E-04  6.82234E-02  7.50901E-03
  3.90000E-01  5.72142E-04  6.82230E-02  7.62602E-03
  4.00000E-01  6.49883E-04  6.82231E-02  7.82560E-03
  4.10000E-01  7.39453E-04  6.82232E-02  8.07845E-03
  4.20000E-01  8.27479E-04  6.82226E-02  8.17760E-03
  4.30000E-01  9.36798E-04  6.82230E-02  8.44191E-03
  4.40000E-01  1.02569E-03  6.82223E-02  8.59399E-03
  4.50000E-01  1.16521E-03  6.82225E-02  8.70986E-03
  4.60000E-01  1.24565E-03  6.82229E-02  9.02854E-03
  4.70000E-01  1.41704E-03  6.82218E-02  9.14200E-03
  4.80000E-01  1.50175E-03  6.82226E-02  9.33731E-03
  4.90000E-01  1.68295E-03  6.82218E-02  9.56498E-03
  5.00000E-01  1.78640E-03  6.82220E-02  9.80843E-03
  5.10000E-01  1.99760E-03  6.82214E-02  9.93273E-03
  5.20000E-01  2.10152E-03  6.82222E-02  1.00070E-02
  5.30000E-01  2.33907E-03  6.82221E-02  1.03460E-02
  5.40000E-01  2.46458E-03  6.82204E-02  1.05270E-02
  5.50000E-01  2.73228E-03  6.82216E-02  1.05810E-02
  5.60000E-01  2.87403E-03  6.82213E-02  1.08753E-02
  5.70000E-01  3.18526E-03  6.82198E-02  1.11197E-02
  5.80000E-01  3.34394E-03  6.82200E-02  1.11362E-02
  5.90000E-01  3.70176E-03  6.82212E-02  1.13984E-02
  6.00000E-01  3.89042E-03  6.82197E-02  1.17236E-02
  6.10000E-01  4.29257E-03  6.82192E-02  1.17313E-02
  6.20000E-01  4.50555E-03  6.82204E-02  1.19269E-02
  6.30000E-01  4.97538E-03  6.82201E-02  1.22820E-02
  6.40000E-01  5.20914E-03  6.82178E-02  1.23224E-02
  6.50000E-01  5.71482E-03  6.82196E-02  1.24910E-02
  6.60000E-01  5.98859E-03  6.82195E-02  1.28504E-02
  6.70000E-01  6.55174E-03  6.82177E-02  1.29287E-02
  6.80000E-01  6.84570E-03  6.82193E-02  1.30500E-02
  6.90000E-01  7.46351E-03  6.82193E-02  1.34213E-02
  7.00000E-01  7.76600E-03  6.82175E-02  1.35343E-02
  7.10000E-01  8.42882E-03  6.82193E-02  1.36383E-02
  7.20000E-01  8.78554E-03  6.82197E-02  1.40130E-02
  7.30000E-01  9.49461E-03  6.82190E-02  1.41352E-02
  7.40000E-01  9.86276E-03  6.82202E-02  1.41448E-02
  7.50000E-01  1.06514E-02  6.82222E-02  1.45009E-02
  7.60000E-01  1.10467E-02  6.82214E-02  1.47298E-02
  7.70000E-01  1.18871E-02  6.82216E-02  1.47381E-02
  7.80000E-01  1.23492E-02  6.82225E-02  1.48679E-02
  7.90000E-01  1.32752E-02  6.82234E-02  1.52444E-02
  8.00000E-01  1.37461E-02  6.82209E-02  1.53370E-02
  8.10000E-01  1.47541E-02  6.82231E-02  1.54417E-02
  8.20000E-01  1.52939E-02  6.82231E-02  1.58205E-02
  8.30000E-01  1.63997E-02  6.82222E-02  1.59381E-02
  8.40000E-01  1.69418E-02  6.82229E-02  1.59454E-02
  8.50000E-01  1.81930E-02  6.82252E-02  1.62424E-02
  8.60000E-01  1.88024E-02  6.82254E-02  1.65123E-02
  8.70000E-01  2.00375E-02  6.82239E-02  1.65387E-02
  8.80000E-01  2.07754E-02  6.82267E-02  1.66027E-02
  8.90000E-01  2.22448E-02  6.82278E-02  1.69917E-02
  9.00000E-01  2.29081E-02  6.82268E-02  1.71417E-02
  9.10000E-01  2.44463E-02  6.82265E-02  1.71427E-02
  9.20000E-01  2.52681E-02  6.82282E-02  1.72628E-02
  9.30000E-01  2.69276E-02  6.82288E-02  1.76469E-02
  9.40000E-01  2.78486E-02  6.82276E-02  1.77477E-02
  9.50000E-01  2.95929E-02  6.82295E-02  1.77629E-02
  9.60000E-01  3.04977E-02  6.82302E-02  1.79519E-02
  9.70000E-01  3.27289E-02  6.82302E-02  1.82787E-02
  9.80000E-01  3.35888E-02  6.82290E-02  1.83463E-02
  9.90000E-01  3.60121E-02  6.82296E-02  1.83476E-02
