  0.00000E+00  6.64978E-05  1.32438E+02  4.32745E-02
  1.00000E-03  6.64977E-05  1.32437E+02  1.29142E-01
  2.00000E-03  6.64978E-05  1.32437E+02  2.09471E-01
  3.00000E-03  6.65014E-05  1.32437E+02  2.91617E-01
  4.00000E-03  6.65205E-05  1.32437E+02  3.74389E-01
  5.00000E-03  6.65776E-05  1.32437E+02  4.58779E-01
  6.00000E-03  6.66719E-05  1.32437E+02  5.42974E-01
  7.00000E-03  6.67750E-05  1.32436E+02  6.23677E-01
  8.00000E-03  6.68643E-05  1.32436E+02  7.06600E-01
  9.00000E-03  6.69195E-05  1.32437E+02  7.91623E-01
  1.00000E-02  6.70107E-05  1.32438E+02  8.76806E-01
  1.10000E-02  6.74271E-05  1.32439E+02  9.56469E-01
  1.20000E-02  6.95407E-05  1.32440E+02  1.03402E+00
  1.30000E-02  7.36177E-05  1.32439E+02  1.11227E+00
  1.40000E-02  7.91045E-05  1.32439E+02  1.19434E+00
  1.50000E-02  8.57274E-05  1.32440E+02  1.27768E+00
  1.60000E-02  9.28118E-05  1.32440E+02  1.35815E+00
  1.70000E-02  1.00827E-04  1.32440E+02  1.43682E+00
  1.80000E-02  1.09683E-04  1.32441E+02  1.51573E+00
  1.90000E-02  1.19622E-04  1.32442E+02  1.59603E+00
  2.00000E-02  1.30557E-04  1.32444E+02  1.67540E+00
  2.10000E-02  1.43044E-04  1.32447E+02  1.74963E+00
  2.20000E-02  1.57336E-04  1.32449E+02  1.81782E+00
  2.30000E-02  1.73982E-04  1.32450E+02  1.88404E+00
  2.40000E-02  1.93926E-04  1.32451E+02  1.95578E+00
  2.50000E-02  2.17910E-04  1.32452E+02  2.03548E+00
  2.60000E-02  2.46599E-04  1.32453E+02  2.11806E+00
  2.70000E-02  2.82194E-04  1.32454E+02  2.20225E+00
  2.80000E-02  3.24850E-04  1.32457E+02  2.28755E+00
  2.90000E-02  3.78245E-04  1.32459E+02  2.37172E+00
  3.00000E-02  4.42664E-04  1.32460E+02  2.45349E+00
  3.10000E-02  5.20201E-04  1.32460E+02  2.53752E+00
  3.20000E-02  6.12350E-04  1.32459E+02  2.62472E+00
  3.30000E-02  7.18503E-04  1.32459E+02  2.71296E+00
  3.40000E-02  8.40666E-04  1.32459E+02  2.80848E+00
  3.50000E-02  9.75412E-04  1.32460E+02  2.89598E+00
  3.60000E-02  1.12356E-03  1.32465E+02  2.98300E+00
  3.70000E-02  1.28511E-03  1.32466E+02  3.07311E+00
  3.80000E-02  1.45879E-03  1.32466E+02  3.15578E+00
  3.90000E-02  1.64416E-03  1.32467E+02  3.23758E+00
  4.00000E-02  1.84264E-03  1.32466E+02  3.32094E+00
  4.10000E-02  2.05226E-03  1.32466E+02  3.40806E+00
  4.20000E-02  2.27677E-03  1.32465E+02  3.49219E+00
  4.30000E-02  2.51296E-03  1.32465E+02  3.57534E+00
  4.40000E-02  2.76743E-03  1.32468E+02  3.65305E+00
  4.50000E-02  3.04004E-03  1.32478E+02  3.72381E+00
  4.60000E-02  3.32895E-03  1.32491E+02  3.78958E+00
  4.70000E-02  3.64264E-03  1.32495E+02  3.87321E+00
  4.80000E-02  3.97894E-03  1.32490E+02  3.95285E+00
  4.90000E-02  4.34288E-03  1.32493E+02  4.04595E+00
  5.00000E-02  4.73804E-03  1.32494E+02  4.13249E+00
  5.10000E-02  5.16356E-03  1.32495E+02  4.21690E+00
  5.20000E-02  5.62992E-03  1.32496E+02  4.30803E+00
  5.30000E-02  6.12752E-03  1.32496E+02  4.39096E+00
  5.40000E-02  6.67008E-03  1.32498E+02  4.47252E+00
  5.50000E-02  7.24455E-03  1.32515E+02  4.55072E+00
  5.60000E-02  7.86466E-03  1.32545E+02  4.61429E+00
  5.70000E-02  8.51886E-03  1.32562E+02  4.68860E+00
  5.80000E-02  9.20710E-03  1.32562E+02  4.77362E+00
  5.90000E-02  9.94009E-03  1.32568E+02  4.86294E+00
  6.00000E-02  1.07033E-02  1.32572E+02  4.94706E+00
  6.10000E-02  1.15055E-02  1.32600E+02  5.02789E+00
  6.20000E-02  1.23457E-02  1.32639E+02  5.09008E+00
  6.30000E-02  1.32227E-02  1.32656E+02  5.18562E+00
  6.40000E-02  1.41345E-02  1.32644E+02  5.25951E+00
  6.50000E-02  1.51044E-02  1.32648E+02  5.35666E+00
  6.60000E-02  1.61123E-02  1.32688E+02  5.43349E+00
  6.70000E-02  1.71750E-02  1.32739E+02  5.50831E+00
  6.80000E-02  1.82902E-02  1.32741E+02  5.58535E+00
  6.90000E-02  1.94637E-02  1.32736E+02  5.67981E+00
  7.00000E-02  2.06978E-02  1.32781E+02  5.75942E+00
  7.10000E-02  2.19953E-02  1.32827E+02  5.83292E+00
  7.20000E-02  2.33645E-02  1.32860E+02  5.91742E+00
  7.30000E-02  2.47985E-02  1.32904E+02  6.00469E+00
  7.40000E-02  2.63086E-02  1.32919E+02  6.09467E+00
  7.50000E-02  2.78930E-02  1.32985E+02  6.16968E+00
  7.60000E-02  2.95581E-02  1.33023E+02  6.25294E+00
  7.70000E-02  3.12916E-02  1.33059E+02  6.33788E+00
  7.80000E-02  3.31232E-02  1.33117E+02  6.41304E+00
  7.90000E-02  3.50417E-02  1.33185E+02  6.49955E+00
  8.00000E-02  3.70558E-02  1.33261E+02  6.58875E+00
  8.10000E-02  3.91699E-02  1.33295E+02  6.65910E+00
  8.20000E-02  4.13851E-02  1.33389E+02  6.74452E+00
  8.30000E-02  4.37118E-02  1.33446E+02  6.82043E+00
  8.40000E-02  4.61600E-02  1.33550E+02  6.90916E+00
  8.50000E-02  4.87030E-02  1.33627E+02  6.99053E+00
  8.60000E-02  5.13779E-02  1.33710E+02  7.07337E+00
  8.70000E-02  5.41591E-02  1.33828E+02  7.16292E+00
  8.80000E-02  5.70740E-02  1.33899E+02  7.23616E+00
  8.90000E-02  6.01051E-02  1.34038E+02  7.33014E+00
  9.00000E-02  6.32741E-02  1.34123E+02  7.40498E+00
  9.10000E-02  6.65550E-02  1.34263E+02  7.49387E+00
  9.20000E-02  7.00122E-02  1.34401E+02  7.57837E+00
  9.30000E-02  7.35717E-02  1.34511E+02  7.65338E+00
  9.40000E-02  7.73203E-02  1.34725E+02  7.75268E+00
  9.50000E-02  8.11761E-02  1.34831E+02  7.82486E+00
  9.60000E-02  8.52360E-02  1.35038E+02  7.91795E+00
  9.70000E-02  8.94430E-02  1.35234E+02  8.00295E+00
  9.80000E-02  9.38234E-02  1.35372E+02  8.07591E+00
  9.90000E-02  9.83794E-02  1.35650E+02  8.17790E+00
  1.00000E-01  1.03101E-01  1.35791E+02  8.24463E+00
  1.01000E-01  1.08026E-01  1.36057E+02  8.33920E+00
  1.02000E-01  1.13168E-01  1.36324E+02  8.42841E+00
  1.03000E-01  1.18453E-01  1.36497E+02  8.49722E+00
  1.04000E-01  1.24047E-01  1.36881E+02  8.60520E+00
  1.05000E-01  1.29741E-01  1.37093E+02  8.67724E+00
  1.06000E-01  1.35737E-01  1.37396E+02  8.76599E+00
  1.07000E-01  1.42025E-01  1.37819E+02  8.87296E+00
  1.08000E-01  1.48347E-01  1.38002E+02  8.93607E+00
  1.09000E-01  1.55222E-01  1.38461E+02  9.04747E+00
  1.10000E-01  1.62047E-01  1.38797E+02  9.13148E+00
  1.11000E-01  1.69327E-01  1.39093E+02  9.20632E+00
  1.12000E-01  1.76956E-01  1.39703E+02  9.32755E+00
  1.13000E-01  1.84701E-01  1.39995E+02  9.39373E+00
  1.14000E-01  1.92901E-01  1.40509E+02  9.48907E+00
  1.15000E-01  2.01536E-01  1.41138E+02  9.59672E+00
  1.16000E-01  2.10016E-01  1.41441E+02  9.65287E+00
  1.17000E-01  2.19512E-01  1.42187E+02  9.77108E+00
  1.18000E-01  2.28869E-01  1.42781E+02  9.86451E+00
  1.19000E-01  2.38548E-01  1.43171E+02  9.93004E+00
  1.20000E-01  2.49118E-01  1.44102E+02  1.00699E+01
  1.21000E-01  2.59610E-01  1.44684E+02  1.01533E+01
  1.22000E-01  2.70434E-01  1.45179E+02  1.02248E+01
  1.23000E-01  2.82290E-01  1.46286E+02  1.03646E+01
  1.24000E-01  2.94030E-01  1.46868E+02  1.04344E+01
  1.25000E-01  3.06390E-01  1.47611E+02  1.05213E+01
  1.26000E-01  3.19649E-01  1.48866E+02  1.06603E+01
  1.27000E-01  3.32947E-01  1.49462E+02  1.07230E+01
  1.28000E-01  3.46920E-01  1.50450E+02  1.08265E+01
  1.29000E-01  3.62199E-01  1.51849E+02  1.09734E+01
  1.30000E-01  3.76950E-01  1.52494E+02  1.10343E+01
  1.31000E-01  3.92783E-01  1.53653E+02  1.11405E+01
  1.32000E-01  4.10298E-01  1.55332E+02  1.12900E+01
  1.33000E-01  4.26852E-01  1.56135E+02  1.13498E+01
  1.34000E-01  4.44682E-01  1.57429E+02  1.14552E+01
  1.35000E-01  4.64781E-01  1.59442E+02  1.16182E+01
  1.36000E-01  4.83542E-01  1.60401E+02  1.16857E+01
  1.37000E-01  5.03881E-01  1.61826E+02  1.17865E+01
  1.38000E-01  5.27020E-01  1.64241E+02  1.19599E+01
  1.39000E-01  5.48512E-01  1.65447E+02  1.20356E+01
  1.40000E-01  5.71542E-01  1.66960E+02  1.21217E+01
  1.41000E-01  5.98322E-01  1.69790E+02  1.23109E+01
  1.42000E-01  6.23744E-01  1.71506E+02  1.24091E+01
  1.43000E-01  6.49508E-01  1.72999E+02  1.24808E+01
  1.44000E-01  6.80806E-01  1.76273E+02  1.26729E+01
  1.45000E-01  7.10796E-01  1.78600E+02  1.27972E+01
  1.46000E-01  7.40237E-01  1.80185E+02  1.28586E+01
  1.47000E-01  7.75798E-01  1.83748E+02  1.30471E+01
  1.48000E-01  8.12246E-01  1.87054E+02  1.32074E+01
  1.49000E-01  8.46142E-01  1.88867E+02  1.32641E+01
  1.50000E-01  8.86539E-01  1.92547E+02  1.34244E+01
  1.51000E-01  9.31074E-01  1.96987E+02  1.36277E+01
  1.52000E-01  9.70961E-01  1.99261E+02  1.37011E+01
  1.53000E-01  1.01660E+00  2.02808E+02  1.38263E+01
  1.54000E-01  1.07079E+00  2.08484E+02  1.40595E+01
  1.55000E-01  1.12098E+00  2.12090E+02  1.41749E+01
  1.56000E-01  1.17156E+00  2.15267E+02  1.42553E+01
  1.57000E-01  1.23505E+00  2.21593E+02  1.44830E+01
  1.58000E-01  1.29997E+00  2.27334E+02  1.46646E+01
  1.59000E-01  1.35979E+00  2.30902E+02  1.47406E+01
  1.60000E-01  1.43147E+00  2.37059E+02  1.49178E+01
  1.61000E-01  1.51368E+00  2.44953E+02  1.51529E+01
  1.62000E-01  1.59032E+00  2.50429E+02  1.52728E+01
  1.63000E-01  1.67120E+00  2.56172E+02  1.53930E+01
  1.64000E-01  1.77019E+00  2.65317E+02  1.56281E+01
  1.65000E-01  1.87055E+00  2.73759E+02  1.58181E+01
  1.66000E-01  1.96871E+00  2.80182E+02  1.59280E+01
  1.67000E-01  2.08579E+00  2.90087E+02  1.61273E+01
  1.68000E-01  2.21186E+00  3.01358E+02  1.63510E+01
  1.69000E-01  2.33689E+00  3.09865E+02  1.64874E+01
  1.70000E-01  2.47749E+00  3.20251E+02  1.66588E+01
  1.71000E-01  2.64283E+00  3.34705E+02  1.69176E+01
  1.72000E-01  2.79618E+00  3.47995E+02  1.70796E+01
  1.73000E-01  2.95434E+00  3.55961E+02  1.71605E+01
  1.74000E-01  3.20040E+00  3.74666E+02  1.74573E+01
  1.75000E-01  3.42106E+00  3.95240E+02  1.77900E+01
  1.76000E-01  3.50462E+00  3.95794E+02  1.76579E+01
  1.77000E-01  3.27434E+00  3.19405E+02  1.58747E+01
  1.78000E-01  1.97660E+00  1.03283E+02  8.36470E+00
  1.79000E-01  1.16965E+00  4.87638E+00  9.72433E-01
  1.80000E-01  1.01068E+00  7.50146E-03  7.08998E-03
  1.81000E-01  1.00000E+00  1.00030E-04  2.90782E-06
  1.82000E-01  1.00000E+00  1.00000E-04  2.67924E-11
  1.83000E-01  1.00000E+00  1.00000E-04  0.00000E+00
  1.84000E-01  1.00000E+00  1.00000E-04  0.00000E+00
  1.85000E-01  1.00000E+00  1.00000E-04  0.00000E+00
  1.86000E-01  1.00000E+00  1.00000E-04  0.00000E+00
  1.87000E-01  1.00000E+00  1.00000E-04  0.00000E+00
  1.88000E-01  1.00000E+00  1.00000E-04  0.00000E+00
  1.89000E-01  1.00000E+00  1.00000E-04  0.00000E+00
  1.90000E-01  1.00000E+00  1.00000E-04  0.00000E+00
  1.91000E-01  1.00000E+00  1.00000E-04  0.00000E+00
  1.92000E-01  1.00000E+00  1.00000E-04  2.13143E-11
  1.93000E-01  1.00000E+00  1.00000E-04  0.00000E+00
  1.94000E-01  1.00000E+00  1.00000E-04 -2.13068E-11
  1.95000E-01  1.00000E+00  1.00000E-04  0.00000E+00
  1.96000E-01  1.00000E+00  1.00000E-04  0.00000E+00
  1.97000E-01  1.00000E+00  1.00000E-04  0.00000E+00
  1.98000E-01  1.00000E+00  1.00000E-04  0.00000E+00
  1.99000E-01  1.00000E+00  1.00000E-04  0.00000E+00
  2.00000E-01  1.00000E+00  1.00000E-04  0.00000E+00
  2.01000E-01  1.00000E+00  1.00000E-04  0.00000E+00
  2.02000E-01  1.00000E+00  1.00000E-04  0.00000E+00
  2.03000E-01  1.00000E+00  1.00000E-04  0.00000E+00
  2.04000E-01  1.00000E+00  1.00000E-04  0.00000E+00
  2.05000E-01  1.00000E+00  1.00000E-04  0.00000E+00
  2.06000E-01  1.00000E+00  1.00000E-04  0.00000E+00
  2.07000E-01  1.00000E+00  1.00000E-04  0.00000E+00
  2.08000E-01  1.00000E+00  1.00000E-04  0.00000E+00
  2.09000E-01  1.00000E+00  1.00000E-04  0.00000E+00
  2.10000E-01  1.00000E+00  1.00000E-04  0.00000E+00
  2.11000E-01  1.00000E+00  1.00000E-04  0.00000E+00
  2.12000E-01  1.00000E+00  1.00000E-04  0.00000E+00
  2.13000E-01  1.00000E+00  1.00000E-04  3.19710E-10
  2.14000E-01  9.99998E-01  9.99998E-05  0.00000E+00
  2.15000E-01  1.00000E+00  1.00000E-04 -3.19635E-10
  2.16000E-01  1.00000E+00  1.00000E-04  0.00000E+00
  2.17000E-01  1.00000E+00  1.00000E-04  0.00000E+00
  2.18000E-01  1.00000E+00  1.00000E-04  0.00000E+00
  2.19000E-01  1.00000E+00  1.00000E-04 -7.76998E-17
  2.20000E-01  1.00000E+00  1.00000E-04  0.00000E+00
  2.21000E-01  1.00000E+00  1.00000E-04  7.76998E-17
  2.22000E-01  1.00000E+00  1.00000E-04  0.00000E+00
  2.23000E-01  1.00000E+00  1.00000E-04  0.00000E+00
  2.24000E-01  1.00000E+00  1.00000E-04  0.00000E+00
  2.25000E-01  1.00000E+00  1.00000E-04  0.00000E+00
  2.26000E-01  1.00000E+00  1.00000E-04  0.00000E+00
  2.27000E-01  1.00000E+00  1.00000E-04  0.00000E+00
  2.28000E-01  1.00000E+00  1.00000E-04  0.00000E+00
  2.29000E-01  1.00000E+00  1.00000E-04  4.26152E-11
  2.30000E-01  1.00000E+00  1.00000E-04  0.00000E+00
  2.31000E-01  1.00000E+00  1.00000E-04 -4.26131E-11
  2.32000E-01  1.00000E+00  1.00000E-04 -4.36673E-16
  2.33000E-01  1.00000E+00  1.00000E-04 -1.27895E-10
  2.34000E-01  1.00000E+00  1.00000E-04  8.52634E-11
  2.35000E-01  1.00000E+00  1.00000E-04  4.26105E-11
  2.36000E-01  1.00000E+00  1.00000E-04  0.00000E+00
  2.37000E-01  1.00000E+00  1.00000E-04  0.00000E+00
  2.38000E-01  1.00000E+00  1.00000E-04  0.00000E+00
  2.39000E-01  1.00000E+00  1.00000E-04  0.00000E+00
  2.40000E-01  1.00000E+00  1.00000E-04  0.00000E+00
  2.41000E-01  1.00000E+00  1.00000E-04  0.00000E+00
  2.42000E-01  1.00000E+00  1.00000E-04  0.00000E+00
  2.43000E-01  1.00000E+00  1.00000E-04  0.00000E+00
  2.44000E-01  1.00000E+00  1.00000E-04  0.00000E+00
  2.45000E-01  1.00000E+00  1.00000E-04  0.00000E+00
  2.46000E-01  1.00000E+00  1.00000E-04  0.00000E+00
  2.47000E-01  1.00000E+00  1.00000E-04 -2.34438E-10
  2.48000E-01  1.00000E+00  1.00000E-04  0.00000E+00
  2.49000E-01  1.00000E+00  1.00000E-04  2.34358E-10
  2.50000E-01  1.00000E+00  1.00000E-04  0.00000E+00
  2.51000E-01  1.00000E+00  1.00000E-04  0.00000E+00
  2.52000E-01  1.00000E+00  1.00000E-04  6.39300E-11
  2.53000E-01  1.00000E+00  1.00000E-04 -4.26120E-11
  2.54000E-01  1.00000E+00  1.00000E-04 -4.26229E-11
  2.55000E-01  1.00000E+00  1.00000E-04 -2.13068E-11
  2.56000E-01  1.00000E+00  1.00000E-04  8.54697E-17
  2.57000E-01  1.00000E+00  1.00000E-04  4.26196E-11
  2.58000E-01  1.00000E+00  1.00000E-04  0.00000E+00
  2.59000E-01  1.00000E+00  1.00000E-04  0.00000E+00
  2.60000E-01  1.00000E+00  1.00000E-04  0.00000E+00
  2.61000E-01  1.00000E+00  1.00000E-04  0.00000E+00
  2.62000E-01  1.00000E+00  1.00000E-04  2.13066E-11
  2.63000E-01  1.00000E+00  1.00000E-04  0.00000E+00
  2.64000E-01  1.00000E+00  1.00000E-04 -2.13133E-11
  2.65000E-01  1.00000E+00  1.00000E-04  0.00000E+00
  2.66000E-01  1.00000E+00  1.00000E-04  0.00000E+00
  2.67000E-01  1.00000E+00  1.00000E-04  0.00000E+00
  2.68000E-01  1.00000E+00  1.00000E-04  0.00000E+00
  2.69000E-01  1.00000E+00  1.00000E-04  0.00000E+00
  2.70000E-01  1.00000E+00  1.00000E-04  6.39434E-11
  2.71000E-01  1.00000E+00  1.00000E-04  4.26108E-11
  2.72000E-01  1.00000E+00  1.00000E-04 -2.13138E-11
  2.73000E-01  1.00000E+00  1.00000E-04 -2.13122E-10
  2.74000E-01  1.00000E+00  1.00000E-04  6.39588E-11
  2.75000E-01  1.00000E+00  1.00000E-04  2.13130E-11
  2.76000E-01  1.00000E+00  1.00000E-04  2.13098E-11
  2.77000E-01  1.00000E+00  1.00000E-04  2.13097E-11
  2.78000E-01  1.00000E+00  1.00000E-04 -2.13099E-11
  2.79000E-01  1.00000E+00  1.00000E-04 -7.76997E-17
  2.80000E-01  1.00000E+00  1.00000E-04  1.47532E-15
  2.81000E-01  1.00000E+00  1.00000E-04  1.43821E-15
  2.82000E-01  1.00000E+00  1.00000E-04  1.03793E-15
  2.83000E-01  1.00000E+00  1.00000E-04 -2.31523E-10
  2.84000E-01  1.00000E+00  1.00000E-04 -9.56069E-08
  2.85000E-01  1.00000E+00  1.00136E-04 -1.46734E-07
  2.86000E-01  1.00000E+00  1.00148E-04  1.18851E-07
  2.87000E-01  1.00000E+00  1.00000E-04  4.32025E-09
  2.88000E-01  1.00000E+00  1.00144E-04  7.66019E-10
  2.89000E-01  1.00000E+00  1.00000E-04  1.17925E-07
  2.90000E-01  1.00000E+00  1.00000E-04  7.59773E-10
  2.91000E-01  1.00000E+00  1.00000E-04  1.85637E-11
  2.92000E-01  1.00000E+00  1.00000E-04  2.13069E-11
  2.93000E-01  1.00000E+00  1.00000E-04 -2.13103E-11
  2.94000E-01  1.00000E+00  1.00000E-04 -6.39146E-11
  2.95000E-01  1.00000E+00  1.00000E-04  0.00000E+00
  2.96000E-01  1.00000E+00  1.00000E-04  0.00000E+00
  2.97000E-01  1.00000E+00  1.00000E-04  0.00000E+00
  2.98000E-01  1.00000E+00  1.00000E-04  0.00000E+00
  2.99000E-01  1.00000E+00  1.00000E-04  0.00000E+00
  3.00000E-01  1.00000E+00  1.00000E-04  0.00000E+00
  3.01000E-01  1.00000E+00  1.00000E-04  0.00000E+00
  3.02000E-01  1.00000E+00  1.00000E-04  0.00000E+00
  3.03000E-01  1.00000E+00  1.00000E-04  0.00000E+00
  3.04000E-01  1.00000E+00  1.00000E-04  0.00000E+00
  3.05000E-01  1.00000E+00  1.00000E-04  0.00000E+00
  3.06000E-01  1.00000E+00  1.00000E-04  0.00000E+00
  3.07000E-01  1.00000E+00  1.00000E-04  6.39347E-11
  3.08000E-01  1.00000E+00  1.00000E-04  4.26251E-11
  3.09000E-01  1.00000E+00  1.00000E-04 -6.39470E-11
  3.10000E-01  1.00000E+00  1.00000E-04 -4.26303E-11
  3.11000E-01  1.00000E+00  1.00000E-04  2.13079E-11
  3.12000E-01  1.00000E+00  1.00000E-04 -2.13037E-11
  3.13000E-01  1.00000E+00  1.00000E-04 -2.13162E-11
  3.14000E-01  1.00000E+00  1.00000E-04  1.06549E-11
  3.15000E-01  1.00000E+00  1.00000E-04  1.06563E-11
  3.16000E-01  1.00000E+00  1.00000E-04  7.76997E-17
  3.17000E-01  1.00000E+00  1.00000E-04  2.13080E-11
  3.18000E-01  1.00000E+00  1.00000E-04 -6.39247E-11
  3.19000E-01  1.00000E+00  1.00000E-04 -2.13149E-11
  3.20000E-01  1.00000E+00  1.00000E-04  8.52568E-11
  3.21000E-01  1.00000E+00  1.00000E-04 -2.13056E-11
  3.22000E-01  1.00000E+00  1.00000E-04 -8.52624E-11
  3.23000E-01  1.00000E+00  1.00000E-04  1.27872E-10
  3.24000E-01  1.00000E+00  1.00000E-04 -1.06527E-10
  3.25000E-01  1.00000E+00  1.00000E-04  1.06601E-11
  3.26000E-01  1.00000E+00  1.00000E-04  1.06604E-11
  3.27000E-01  1.00000E+00  1.00000E-04  7.11093E-12
  3.28000E-01  1.00000E+00  1.00000E-04  7.09502E-12
  3.29000E-01  1.00000E+00  1.00000E-04  7.09659E-12
  3.30000E-01  1.00000E+00  1.00000E-04  2.13036E-11
  3.31000E-01  1.00000E+00  1.00000E-04  0.00000E+00
  3.32000E-01  1.00000E+00  1.00000E-04  6.39284E-11
  3.33000E-01  1.00000E+00  1.00000E-04  2.13035E-11
  3.34000E-01  1.00000E+00  1.00000E-04 -6.39174E-11
  3.35000E-01  1.00000E+00  1.00000E-04  2.39237E-16
  3.36000E-01  1.00000E+00  1.00000E-04  1.03418E-16
  3.37000E-01  1.00000E+00  1.00000E-04 -2.13169E-11
  3.38000E-01  1.00000E+00  1.00000E-04  0.00000E+00
  3.39000E-01  1.00000E+00  1.00000E-04 -8.52279E-11
  3.40000E-01  1.00000E+00  1.00000E-04 -2.13144E-11
  3.41000E-01  1.00000E+00  1.00000E-04  8.52254E-11
  3.42000E-01  1.00000E+00  1.00000E-04 -2.13138E-11
  3.43000E-01  1.00000E+00  1.00000E-04  2.13111E-11
  3.44000E-01  1.00000E+00  1.00000E-04  2.76995E-10
  3.45000E-01  9.99999E-01  9.99999E-05 -3.40850E-10
  3.46000E-01  1.00000E+00  1.00000E-04 -1.76931E-10
  3.47000E-01  1.00000E+00  1.00000E-04 -9.65474E-10
  3.48000E-01  1.00000E+00  1.00001E-04  6.10495E-10
  3.49000E-01  1.00000E+00  9.99996E-05  1.05051E-09
  3.50000E-01  1.00000E+00  1.00000E-04 -5.82542E-10
  3.51000E-01  1.00000E+00  1.00000E-04  1.49152E-10
  3.52000E-01  1.00000E+00  1.00000E-04  0.00000E+00
  3.53000E-01  1.00000E+00  1.00000E-04  0.00000E+00
  3.54000E-01  1.00000E+00  1.00000E-04  0.00000E+00
  3.55000E-01  1.00000E+00  1.00000E-04  0.00000E+00
  3.56000E-01  1.00000E+00  1.00000E-04  0.00000E+00
  3.57000E-01  1.00000E+00  1.00000E-04  0.00000E+00
  3.58000E-01  1.00000E+00  1.00000E-04  0.00000E+00
  3.59000E-01  1.00000E+00  1.00000E-04  0.00000E+00
  3.60000E-01  1.00000E+00  1.00000E-04  0.00000E+00
  3.61000E-01  1.00000E+00  1.00000E-04 -7.76996E-17
  3.62000E-01  1.00000E+00  1.00000E-04  0.00000E+00
  3.63000E-01  1.00000E+00  1.00000E-04  7.76996E-17
  3.64000E-01  1.00000E+00  1.00000E-04  0.00000E+00
  3.65000E-01  1.00000E+00  1.00000E-04  0.00000E+00
  3.66000E-01  1.00000E+00  1.00000E-04  0.00000E+00
  3.67000E-01  1.00000E+00  1.00000E-04  0.00000E+00
  3.68000E-01  1.00000E+00  1.00000E-04  0.00000E+00
  3.69000E-01  1.00000E+00  1.00000E-04  0.00000E+00
  3.70000E-01  1.00000E+00  1.00000E-04  0.00000E+00
  3.71000E-01  1.00000E+00  1.00000E-04  0.00000E+00
  3.72000E-01  1.00000E+00  1.00000E-04 -4.26198E-11
  3.73000E-01  1.00000E+00  1.00000E-04 -4.26221E-11
  3.74000E-01  1.00000E+00  1.00000E-04  6.39407E-11
  3.75000E-01  1.00000E+00  1.00000E-04 -2.34395E-10
  3.76000E-01  1.00000E+00  1.00000E-04  7.77922E-17
  3.77000E-01  1.00000E+00  1.00000E-04  2.55751E-10
  3.78000E-01  1.00000E+00  1.00000E-04  0.00000E+00
  3.79000E-01  1.00000E+00  1.00000E-04  0.00000E+00
  3.80000E-01  1.00000E+00  1.00000E-04  0.00000E+00
  3.81000E-01  1.00000E+00  1.00000E-04  6.39328E-11
  3.82000E-01  1.00000E+00  1.00000E-04  2.13097E-11
  3.83000E-01  1.00000E+00  1.00000E-04 -6.39171E-11
  3.84000E-01  1.00000E+00  1.00000E-04  4.26200E-11
  3.85000E-01  1.00000E+00  1.00000E-04 -1.59962E-16
  3.86000E-01  1.00000E+00  1.00000E-04 -6.39314E-11
  3.87000E-01  1.00000E+00  1.00000E-04  0.00000E+00
  3.88000E-01  1.00000E+00  1.00000E-04  0.00000E+00
  3.89000E-01  1.00000E+00  1.00000E-04  0.00000E+00
  3.90000E-01  1.00000E+00  1.00000E-04  0.00000E+00
  3.91000E-01  1.00000E+00  1.00000E-04  0.00000E+00
  3.92000E-01  1.00000E+00  1.00000E-04  0.00000E+00
  3.93000E-01  1.00000E+00  1.00000E-04  0.00000E+00
  3.94000E-01  1.00000E+00  1.00000E-04  0.00000E+00
  3.95000E-01  1.00000E+00  1.00000E-04  0.00000E+00
  3.96000E-01  1.00000E+00  1.00000E-04  0.00000E+00
  3.97000E-01  1.00000E+00  1.00000E-04  6.39293E-11
  3.98000E-01  1.00000E+00  1.00000E-04 -6.39421E-11
  3.99000E-01  1.00000E+00  1.00000E-04 -2.13090E-11
  4.00000E-01  1.00000E+00  1.00000E-04  2.13080E-11
  4.01000E-01  1.00000E+00  1.00000E-04  0.00000E+00
  4.02000E-01  1.00000E+00  1.00000E-04  0.00000E+00
  4.03000E-01  1.00000E+00  1.00000E-04  0.00000E+00
  4.04000E-01  1.00000E+00  1.00000E-04 -6.94071E-10
  4.05000E-01  1.00000E+00  1.00000E-04 -1.11806E-07
  4.06000E-01  1.00000E+00  1.00136E-04 -2.45915E-11
  4.07000E-01  1.00000E+00  1.00000E-04  1.11770E-07
  4.08000E-01  1.00000E+00  1.00000E-04  7.56196E-10
  4.09000E-01  1.00000E+00  1.00000E-04  0.00000E+00
  4.10000E-01  1.00000E+00  1.00000E-04  0.00000E+00
  4.11000E-01  1.00000E+00  1.00000E-04  0.00000E+00
  4.12000E-01  1.00000E+00  1.00000E-04  0.00000E+00
  4.13000E-01  1.00000E+00  1.00000E-04  0.00000E+00
  4.14000E-01  1.00000E+00  1.00000E-04  0.00000E+00
  4.15000E-01  1.00000E+00  1.00000E-04 -7.56124E-10
  4.16000E-01  1.00000E+00  1.00000E-04 -1.11780E-07
  4.17000E-01  1.00000E+00  1.00136E-04 -8.19193E-14
  4.18000E-01  1.00000E+00  1.00000E-04  1.11761E-07
  4.19000E-01  1.00000E+00  1.00000E-04  7.58210E-10
  4.20000E-01  1.00000E+00  1.00000E-04  1.95160E-11
  4.21000E-01  1.00000E+00  1.00000E-04  0.00000E+00
  4.22000E-01  1.00000E+00  1.00000E-04  0.00000E+00
  4.23000E-01  1.00000E+00  1.00000E-04  8.52374E-11
  4.24000E-01  1.00000E+00  9.99999E-05  0.00000E+00
  4.25000E-01  1.00000E+00  1.00000E-04 -6.39383E-11
  4.26000E-01  1.00000E+00  1.00000E-04 -1.01786E-16
  4.27000E-01  1.00000E+00  1.00000E-04  4.68841E-10
  4.28000E-01  9.99996E-01  9.99996E-05  2.13144E-11
  4.29000E-01  1.00000E+00  1.00000E-04 -5.11286E-10
  4.30000E-01  1.00000E+00  1.00000E-04  0.00000E+00
  4.31000E-01  1.00000E+00  1.00000E-04  0.00000E+00
  4.32000E-01  1.00000E+00  1.00000E-04  4.26228E-11
  4.33000E-01  1.00000E+00  1.00000E-04  0.00000E+00
  4.34000E-01  1.00000E+00  1.00000E-04 -4.26164E-11
  4.35000E-01  1.00000E+00  1.00000E-04  0.00000E+00
  4.36000E-01  1.00000E+00  1.00000E-04 -7.76996E-17
  4.37000E-01  1.00000E+00  1.00000E-04 -6.39471E-11
  4.38000E-01  1.00000E+00  1.00000E-04  2.13154E-11
  4.39000E-01  1.00000E+00  1.00000E-04  4.26207E-11
  4.40000E-01  1.00000E+00  1.00000E-04  0.00000E+00
  4.41000E-01  1.00000E+00  1.00000E-04  2.13145E-11
  4.42000E-01  1.00000E+00  1.00000E-04  0.00000E+00
  4.43000E-01  1.00000E+00  1.00000E-04 -2.13121E-11
  4.44000E-01  1.00000E+00  1.00000E-04  2.13139E-11
  4.45000E-01  1.00000E+00  1.00000E-04  0.00000E+00
  4.46000E-01  1.00000E+00  1.00000E-04 -2.13053E-11
  4.47000E-01  1.00000E+00  1.00000E-04  0.00000E+00
  4.48000E-01  1.00000E+00  1.00000E-04  0.00000E+00
  4.49000E-01  1.00000E+00  1.00000E-04  0.00000E+00
  4.50000E-01  1.00000E+00  1.00000E-04  2.13108E-11
  4.51000E-01  1.00000E+00  1.00000E-04 -8.52558E-11
  4.52000E-01  1.00000E+00  1.00000E-04 -2.13219E-11
  4.53000E-01  1.00000E+00  1.00000E-04  8.52197E-11
  4.54000E-01  1.00000E+00  1.00000E-04  2.13074E-11
  4.55000E-01  1.00000E+00  1.00000E-04  0.00000E+00
  4.56000E-01  1.00000E+00  1.00000E-04 -1.06563E-11
  4.57000E-01  1.00000E+00  1.00000E-04 -1.06562E-11
  4.58000E-01  1.00000E+00  1.00000E-04  7.76996E-17
  4.59000E-01  1.00000E+00  1.00000E-04  0.00000E+00
  4.60000E-01  1.00000E+00  1.00000E-04  2.13059E-11
  4.61000E-01  1.00000E+00  1.00000E-04 -4.26103E-11
  4.62000E-01  1.00000E+00  1.00000E-04 -2.13153E-11
  4.63000E-01  1.00000E+00  1.00000E-04  4.26271E-11
  4.64000E-01  1.00000E+00  1.00000E-04  2.13099E-11
  4.65000E-01  1.00000E+00  1.00000E-04  0.00000E+00
  4.66000E-01  1.00000E+00  1.00000E-04 -2.13080E-11
  4.67000E-01  1.00000E+00  1.00000E-04  2.13137E-11
  4.68000E-01  1.00000E+00  1.00000E-04  2.13039E-11
  4.69000E-01  1.00000E+00  1.00000E-04 -1.06564E-10
  4.70000E-01  1.00000E+00  1.00000E-04  4.26269E-11
  4.71000E-01  1.00000E+00  1.00000E-04  2.13112E-11
  4.72000E-01  1.00000E+00  1.00000E-04 -8.52349E-11
  4.73000E-01  1.00000E+00  1.00000E-04  2.13172E-11
  4.74000E-01  1.00000E+00  1.00000E-04  6.39175E-11
  4.75000E-01  1.00000E+00  1.00000E-04 -6.59449E-16
  4.76000E-01  1.00000E+00  1.00000E-04  8.54695E-17
  4.77000E-01  1.00000E+00  1.00000E-04 -4.26116E-11
  4.78000E-01  1.00000E+00  1.00000E-04  2.13165E-11
  4.79000E-01  1.00000E+00  1.00000E-04  4.26116E-11
  4.80000E-01  1.00000E+00  1.00000E-04  4.26141E-11
  4.81000E-01  1.00000E+00  1.00000E-04  2.13140E-11
  4.82000E-01  1.00000E+00  1.00000E-04 -6.39247E-11
  4.83000E-01  1.00000E+00  1.00000E-04 -1.49170E-10
  4.84000E-01  1.00000E+00  1.00000E-04 -8.52617E-11
  4.85000E-01  1.00000E+00  1.00000E-04  4.26235E-10
  4.86000E-01  1.00000E+00  9.99999E-05 -6.39096E-11
  4.87000E-01  1.00000E+00  1.00000E-04 -9.67478E-16
  4.88000E-01  9.99999E-01  9.99999E-05 -1.01526E-14
  4.89000E-01  1.00000E+00  1.00000E-04 -1.00134E-09
  4.90000E-01  1.00000E+00  1.00000E-04  3.61887E-10
  4.91000E-01  1.00000E+00  1.00000E-04  4.89996E-10
  4.92000E-01  1.00000E+00  1.00000E-04  1.49161E-10
  4.93000E-01  9.99999E-01  9.99999E-05 -2.13142E-11
  4.94000E-01  1.00000E+00  1.00000E-04 -1.27874E-10
  4.95000E-01  1.00000E+00  1.00000E-04  0.00000E+00
  4.96000E-01  1.00000E+00  1.00000E-04  0.00000E+00
  4.97000E-01  1.00000E+00  1.00000E-04  0.00000E+00
  4.98000E-01  1.00000E+00  1.00000E-04  0.00000E+00
  4.99000E-01  1.00000E+00  1.00000E-04  0.00000E+00
  5.00000E-01  1.00000E+00  1.00000E-04  0.00000E+00
  5.01000E-01  1.00000E+00  1.00000E-04  0.00000E+00
  5.02000E-01  1.00000E+00  1.00000E-04  0.00000E+00
  5.03000E-01  1.00000E+00  1.00000E-04  0.00000E+00
  5.04000E-01  1.00000E+00  1.00000E-04  0.00000E+00
  5.05000E-01  1.00000E+00  1.00000E-04  2.55710E-10
  5.06000E-01  9.99998E-01  9.99998E-05  0.00000E+00
  5.07000E-01  1.00000E+00  1.00000E-04 -2.55754E-10
  5.08000E-01  1.00000E+00  1.00000E-04  0.00000E+00
  5.09000E-01  1.00000E+00  1.00000E-04  0.00000E+00
  5.10000E-01  1.00000E+00  1.00000E-04 -7.76996E-17
  5.11000E-01  1.00000E+00  1.00000E-04  0.00000E+00
  5.12000E-01  1.00000E+00  1.00000E-04  7.76995E-17
  5.13000E-01  1.00000E+00  1.00000E-04  0.00000E+00
  5.14000E-01  1.00000E+00  1.00000E-04  0.00000E+00
  5.15000E-01  1.00000E+00  1.00000E-04  0.00000E+00
  5.16000E-01  1.00000E+00  1.00000E-04  1.70503E-10
  5.17000E-01  9.99999E-01  9.99999E-05  0.00000E+00
  5.18000E-01  1.00000E+00  1.00000E-04 -1.70511E-10
  5.19000E-01  1.00000E+00  1.00000E-04  0.00000E+00
  5.20000E-01  1.00000E+00  1.00000E-04 -7.76996E-17
  5.21000E-01  1.00000E+00  1.00000E-04  0.00000E+00
  5.22000E-01  1.00000E+00  1.00000E-04  7.76996E-17
  5.23000E-01  1.00000E+00  1.00000E-04  0.00000E+00
  5.24000E-01  1.00000E+00  1.00000E-04  0.00000E+00
  5.25000E-01  1.00000E+00  1.00000E-04  0.00000E+00
  5.26000E-01  1.00000E+00  1.00000E-04  0.00000E+00
  5.27000E-01  1.00000E+00  1.00000E-04  0.00000E+00
  5.28000E-01  1.00000E+00  1.00000E-04  0.00000E+00
  5.29000E-01  1.00000E+00  1.00000E-04  8.52415E-11
  5.30000E-01  9.99999E-01  9.99999E-05  0.00000E+00
  5.31000E-01  1.00000E+00  1.00000E-04 -8.52399E-11
  5.32000E-01  1.00000E+00  1.00000E-04  0.00000E+00
  5.33000E-01  1.00000E+00  1.00000E-04 -2.13101E-11
  5.34000E-01  1.00000E+00  1.00000E-04 -2.13069E-11
  5.35000E-01  1.00000E+00  1.00000E-04  0.00000E+00
  5.36000E-01  1.00000E+00  1.00000E-04  2.13084E-11
  5.37000E-01  1.00000E+00  1.00000E-04  2.13099E-11
  5.38000E-01  1.00000E+00  1.00000E-04  0.00000E+00
  5.39000E-01  1.00000E+00  1.00000E-04  0.00000E+00
  5.40000E-01  1.00000E+00  1.00000E-04  0.00000E+00
  5.41000E-01  1.00000E+00  1.00000E-04 -2.13108E-11
  5.42000E-01  1.00000E+00  1.00000E-04  0.00000E+00
  5.43000E-01  1.00000E+00  1.00000E-04  2.13100E-11
  5.44000E-01  1.00000E+00  1.00000E-04  2.13099E-11
  5.45000E-01  1.00000E+00  1.00000E-04  0.00000E+00
  5.46000E-01  1.00000E+00  1.00000E-04 -2.13086E-11
  5.47000E-01  1.00000E+00  1.00000E-04  0.00000E+00
  5.48000E-01  1.00000E+00  1.00000E-04  0.00000E+00
  5.49000E-01  1.00000E+00  1.00000E-04  0.00000E+00
  5.50000E-01  1.00000E+00  1.00000E-04 -1.04927E-15
  5.51000E-01  1.00000E+00  1.00000E-04 -8.61812E-16
  5.52000E-01  1.00000E+00  1.00000E-04  1.91108E-15
  5.53000E-01  1.00000E+00  1.00000E-04  2.13100E-11
  5.54000E-01  1.00000E+00  1.00000E-04  0.00000E+00
  5.55000E-01  1.00000E+00  1.00000E-04 -2.13059E-11
  5.56000E-01  1.00000E+00  1.00000E-04  6.39405E-11
  5.57000E-01  1.00000E+00  1.00000E-04 -9.40165E-17
  5.58000E-01  1.00000E+00  1.00000E-04  0.00000E+00
  5.59000E-01  1.00000E+00  1.00000E-04  0.00000E+00
  5.60000E-01  1.00000E+00  1.00000E-04  0.00000E+00
  5.61000E-01  1.00000E+00  1.00000E-04  9.40165E-17
  5.62000E-01  1.00000E+00  1.00000E-04 -3.19657E-11
  5.63000E-01  1.00000E+00  1.00000E-04 -3.19660E-11
  5.64000E-01  1.00000E+00  1.00000E-04 -1.12130E-11
  5.65000E-01  1.00000E+00  1.00000E-04  1.12106E-11
  5.66000E-01  1.00000E+00  1.00000E-04  4.26213E-11
  5.67000E-01  1.00000E+00  1.00000E-04  0.00000E+00
  5.68000E-01  1.00000E+00  1.00000E-04 -4.26203E-11
  5.69000E-01  1.00000E+00  1.00000E-04  0.00000E+00
  5.70000E-01  1.00000E+00  1.00000E-04  4.26298E-11
  5.71000E-01  1.00000E+00  1.00000E-04 -9.40165E-17
  5.72000E-01  1.00000E+00  1.00000E-04  0.00000E+00
  5.73000E-01  1.00000E+00  1.00000E-04  9.40165E-17
  5.74000E-01  1.00000E+00  1.00000E-04 -4.26105E-11
  5.75000E-01  1.00000E+00  1.00000E-04  0.00000E+00
  5.76000E-01  1.00000E+00  1.00000E-04  0.00000E+00
  5.77000E-01  1.00000E+00  1.00000E-04  0.00000E+00
  5.78000E-01  1.00000E+00  1.00000E-04  0.00000E+00
  5.79000E-01  1.00000E+00  1.00000E-04  0.00000E+00
  5.80000E-01  1.00000E+00  1.00000E-04  0.00000E+00
  5.81000E-01  1.00000E+00  1.00000E-04  2.13072E-11
  5.82000E-01  1.00000E+00  1.00000E-04  0.00000E+00
  5.83000E-01  1.00000E+00  1.00000E-04 -6.39176E-11
  5.84000E-01  1.00000E+00  1.00000E-04  1.42089E-11
  5.85000E-01  1.00000E+00  1.00000E-04  1.42122E-11
  5.86000E-01  1.00000E+00  1.00000E-04  1.42096E-11
  5.87000E-01  1.00000E+00  1.00000E-04  0.00000E+00
  5.88000E-01  1.00000E+00  1.00000E-04  0.00000E+00
  5.89000E-01  1.00000E+00  1.00000E-04  0.00000E+00
  5.90000E-01  1.00000E+00  1.00000E-04  0.00000E+00
  5.91000E-01  1.00000E+00  1.00000E-04  0.00000E+00
  5.92000E-01  1.00000E+00  1.00000E-04  0.00000E+00
  5.93000E-01  1.00000E+00  1.00000E-04  6.39415E-11
  5.94000E-01  1.00000E+00  1.00000E-04 -1.03418E-16
  5.95000E-01  1.00000E+00  1.00000E-04 -9.40164E-17
  5.96000E-01  1.00000E+00  1.00000E-04  0.00000E+00
  5.97000E-01  1.00000E+00  1.00000E-04  3.58972E-16
  5.98000E-01  1.00000E+00  1.00000E-04  1.03418E-16
  5.99000E-01  1.00000E+00  1.00000E-04 -6.39178E-11
  6.00000E-01  1.00000E+00  1.00000E-04  0.00000E+00
  6.01000E-01  1.00000E+00  1.00000E-04 -7.57127E-10
  6.02000E-01  1.00000E+00  1.00000E-04 -1.11901E-07
  6.03000E-01  1.00000E+00  1.00136E-04  8.73265E-11
  6.04000E-01  1.00000E+00  1.00000E-04  1.11801E-07
  6.05000E-01  1.00000E+00  1.00000E-04  7.59776E-10
  6.06000E-01  1.00000E+00  1.00000E-04  1.99927E-10
  6.07000E-01  9.99999E-01  9.99999E-05 -8.12349E-12
  6.08000E-01  1.00000E+00  1.00000E-04 -8.52461E-11
  6.09000E-01  9.99999E-01  9.99999E-05  2.13072E-11
  6.10000E-01  1.00000E+00  1.00000E-04 -1.06521E-10
  6.11000E-01  1.00000E+00  1.00000E-04 -2.13124E-11
  6.12000E-01  1.00000E+00  1.00000E-04  6.39390E-11
  6.13000E-01  1.00000E+00  1.00000E-04  0.00000E+00
  6.14000E-01  1.00000E+00  1.00000E-04 -6.39414E-11
  6.15000E-01  1.00000E+00  1.00000E-04  0.00000E+00
  6.16000E-01  1.00000E+00  1.00000E-04  0.00000E+00
  6.17000E-01  1.00000E+00  1.00000E-04  0.00000E+00
  6.18000E-01  1.00000E+00  1.00000E-04  0.00000E+00
  6.19000E-01  1.00000E+00  1.00000E-04  0.00000E+00
  6.20000E-01  1.00000E+00  1.00000E-04  0.00000E+00
  6.21000E-01  1.00000E+00  1.00000E-04  6.39185E-11
  6.22000E-01  1.00000E+00  1.00000E-04 -4.26107E-11
  6.23000E-01  1.00000E+00  1.00000E-04 -6.39387E-11
  6.24000E-01  1.00000E+00  1.00000E-04  2.13142E-11
  6.25000E-01  1.00000E+00  1.00000E-04  2.13131E-11
  6.26000E-01  1.00000E+00  1.00000E-04  0.00000E+00
  6.27000E-01  1.00000E+00  1.00000E-04 -2.13130E-11
  6.28000E-01  1.00000E+00  1.00000E-04  4.26131E-11
  6.29000E-01  1.00000E+00  1.00000E-04  0.00000E+00
  6.30000E-01  1.00000E+00  1.00000E-04 -1.13760E-16
  6.31000E-01  1.00000E+00  1.00000E-04  1.03418E-17
  6.32000E-01  1.00000E+00  1.00000E-04 -6.82979E-17
  6.33000E-01  1.00000E+00  1.00000E-04  8.62465E-17
  6.34000E-01  1.00000E+00  1.00000E-04  8.54695E-17
  6.35000E-01  1.00000E+00  1.00000E-04  0.00000E+00
  6.36000E-01  1.00000E+00  1.00000E-04 -2.13046E-11
  6.37000E-01  1.00000E+00  1.00000E-04 -2.13153E-11
  6.38000E-01  1.00000E+00  1.00000E-04  2.13129E-11
  6.39000E-01  1.00000E+00  1.00000E-04  2.13077E-11
  6.40000E-01  1.00000E+00  1.00000E-04  4.26225E-11
  6.41000E-01  1.00000E+00  1.00000E-04 -1.63169E-16
  6.42000E-01  1.00000E+00  1.00000E-04 -6.39247E-11
  6.43000E-01  1.00000E+00  1.00000E-04 -7.76996E-17
  6.44000E-01  1.00000E+00  1.00000E-04 -7.76995E-18
  6.45000E-01  1.00000E+00  1.00000E-04  8.54695E-17
  6.46000E-01  1.00000E+00  1.00000E-04  2.13132E-11
  6.47000E-01  1.00000E+00  1.00000E-04 -7.76996E-17
  6.48000E-01  1.00000E+00  1.00000E-04  2.13132E-11
  6.49000E-01  1.00000E+00  1.00000E-04  1.27823E-10
  6.50000E-01  9.99999E-01  9.99999E-05 -8.52317E-11
  6.51000E-01  1.00000E+00  1.00000E-04 -8.52642E-11
  6.52000E-01  1.00000E+00  1.00000E-04 -2.13124E-11
  6.53000E-01  1.00000E+00  1.00000E-04  2.13163E-11
  6.54000E-01  1.00000E+00  1.00000E-04 -1.01786E-16
  6.55000E-01  1.00000E+00  1.00000E-04 -1.27877E-10
  6.56000E-01  1.00000E+00  1.00000E-04 -9.40165E-17
  6.57000E-01  1.00000E+00  1.00000E-04  2.13157E-11
  6.58000E-01  1.00000E+00  1.00000E-04  1.27881E-10
  6.59000E-01  1.00000E+00  1.00000E-04 -4.26270E-11
  6.60000E-01  1.00000E+00  1.00000E-04 -2.13077E-11
  6.61000E-01  1.00000E+00  1.00000E-04  1.27845E-10
  6.62000E-01  1.00000E+00  1.00000E-04 -8.52516E-11
  6.63000E-01  1.00000E+00  1.00000E-04  8.54695E-17
  6.64000E-01  1.00000E+00  1.00000E-04  7.76996E-17
  6.65000E-01  1.00000E+00  1.00000E-04 -2.13076E-11
  6.66000E-01  1.00000E+00  1.00000E-04  4.68662E-10
  6.67000E-01  9.99998E-01  9.99998E-05 -1.27841E-10
  6.68000E-01  1.00000E+00  1.00000E-04 -2.76982E-10
  6.69000E-01  1.00000E+00  1.00000E-04  2.13143E-11
  6.70000E-01  1.00000E+00  1.00000E-04 -2.55793E-10
  6.71000E-01  1.00000E+00  1.00000E-04  0.00000E+00
  6.72000E-01  1.00000E+00  1.00000E-04  2.34465E-10
  6.73000E-01  1.00000E+00  1.00000E-04  6.39175E-11
  6.74000E-01  1.00000E+00  1.00000E-04 -4.26212E-11
  6.75000E-01  1.00000E+00  1.00000E-04 -2.84086E-11
  6.76000E-01  1.00000E+00  1.00000E-04 -2.84084E-11
  6.77000E-01  1.00000E+00  1.00000E-04 -2.84094E-11
  6.78000E-01  1.00000E+00  1.00000E-04  6.39333E-11
  6.79000E-01  1.00000E+00  1.00000E-04 -1.06574E-10
  6.80000E-01  1.00000E+00  1.00000E-04  4.26299E-11
  6.81000E-01  1.00000E+00  9.99999E-05  2.34356E-10
  6.82000E-01  9.99999E-01  9.99999E-05 -1.70444E-10
  6.83000E-01  1.00000E+00  1.00000E-04  1.06534E-11
  6.84000E-01  1.00000E+00  1.00000E-04  1.06517E-11
  6.85000E-01  1.00000E+00  1.00000E-04 -4.26151E-11
  6.86000E-01  1.00000E+00  1.00000E-04  1.06572E-10
  6.87000E-01  9.99999E-01  9.99999E-05 -2.13065E-11
  6.88000E-01  1.00000E+00  1.00000E-04 -1.06532E-10
  6.89000E-01  1.00000E+00  1.00000E-04  6.39030E-11
  6.90000E-01  1.00000E+00  1.00000E-04 -2.05458E-15
  6.91000E-01  1.00000E+00  1.00000E-04  3.83550E-10
  6.92000E-01  9.99999E-01  9.99997E-05 -1.70417E-10
  6.93000E-01  1.00000E+00  1.00000E-04 -2.98356E-10
  6.94000E-01  1.00000E+00  9.99999E-05 -4.25953E-11
  6.95000E-01  1.00000E+00  1.00000E-04 -2.70384E-10
  6.96000E-01  1.00000E+00  1.00000E-04  1.35693E-09
  6.97000E-01  9.99995E-01  9.99994E-05 -1.49135E-10
  6.98000E-01  1.00000E+00  1.00000E-04 -8.65973E-10
  6.99000E-01  1.00000E+00  1.00000E-04 -7.55976E-12
  7.00000E-01  1.00000E+00  1.00000E-04  0.00000E+00
  7.01000E-01  1.00000E+00  1.00000E-04  0.00000E+00
  7.02000E-01  1.00000E+00  1.00000E-04  0.00000E+00
  7.03000E-01  1.00000E+00  1.00000E-04  0.00000E+00
  7.04000E-01  1.00000E+00  1.00000E-04  0.00000E+00
  7.05000E-01  1.00000E+00  1.00000E-04  1.49185E-10
  7.06000E-01  1.00000E+00  9.99999E-05  8.52262E-11
  7.07000E-01  1.00000E+00  1.00000E-04 -4.04878E-10
  7.08000E-01  1.00000E+00  1.00000E-04  6.39377E-11
  7.09000E-01  1.00000E+00  1.00000E-04  1.06543E-10
  7.10000E-01  1.00000E+00  1.00000E-04  0.00000E+00
  7.11000E-01  1.00000E+00  1.00000E-04  0.00000E+00
  7.12000E-01  1.00000E+00  1.00000E-04  0.00000E+00
  7.13000E-01  1.00000E+00  1.00000E-04  0.00000E+00
  7.14000E-01  1.00000E+00  1.00000E-04  0.00000E+00
  7.15000E-01  1.00000E+00  1.00000E-04  0.00000E+00
  7.16000E-01  1.00000E+00  1.00000E-04  0.00000E+00
  7.17000E-01  1.00000E+00  1.00000E-04 -2.13087E-11
  7.18000E-01  1.00000E+00  1.00000E-04  0.00000E+00
  7.19000E-01  1.00000E+00  1.00000E-04  2.13141E-11
  7.20000E-01  1.00000E+00  1.00000E-04 -9.53857E-10
  7.21000E-01  1.00000E+00  1.00000E-04 -1.41027E-07
  7.22000E-01  1.00000E+00  1.00171E-04 -2.19019E-14
  7.23000E-01  1.00000E+00  1.00000E-04  1.41020E-07
  7.24000E-01  1.00000E+00  1.00000E-04  8.95515E-10
  7.25000E-01  1.00000E+00  1.00000E-04  1.76651E-11
  7.26000E-01  1.00000E+00  1.00000E-04  4.26125E-11
  7.27000E-01  1.00000E+00  1.00000E-04  0.00000E+00
  7.28000E-01  1.00000E+00  1.00000E-04  0.00000E+00
  7.29000E-01  1.00000E+00  1.00000E-04  0.00000E+00
  7.30000E-01  1.00000E+00  1.00000E-04  0.00000E+00
  7.31000E-01  1.00000E+00  1.00000E-04  0.00000E+00
  7.32000E-01  1.00000E+00  1.00000E-04  0.00000E+00
  7.33000E-01  1.00000E+00  1.00000E-04  0.00000E+00
  7.34000E-01  1.00000E+00  1.00000E-04  0.00000E+00
  7.35000E-01  1.00000E+00  1.00000E-04  0.00000E+00
  7.36000E-01  1.00000E+00  1.00000E-04  0.00000E+00
  7.37000E-01  1.00000E+00  1.00000E-04  0.00000E+00
  7.38000E-01  1.00000E+00  1.00000E-04  0.00000E+00
  7.39000E-01  1.00000E+00  1.00000E-04  0.00000E+00
  7.40000E-01  1.00000E+00  1.00000E-04  0.00000E+00
  7.41000E-01  1.00000E+00  1.00000E-04  0.00000E+00
  7.42000E-01  1.00000E+00  1.00000E-04 -4.26220E-11
  7.43000E-01  1.00000E+00  1.00000E-04 -2.13130E-11
  7.44000E-01  1.00000E+00  1.00000E-04  6.39357E-11
  7.45000E-01  1.00000E+00  1.00000E-04  7.76995E-17
  7.46000E-01  1.00000E+00  1.00000E-04  0.00000E+00
  7.47000E-01  1.00000E+00  1.00000E-04  0.00000E+00
  7.48000E-01  1.00000E+00  1.00000E-04  0.00000E+00
  7.49000E-01  1.00000E+00  1.00000E-04 -2.13123E-11
  7.50000E-01  1.00000E+00  1.00000E-04 -2.13117E-11
  7.51000E-01  1.00000E+00  1.00000E-04  4.26229E-11
  7.52000E-01  1.00000E+00  1.00000E-04  2.13058E-11
  7.53000E-01  1.00000E+00  1.00000E-04 -2.13058E-11
  7.54000E-01  1.00000E+00  1.00000E-04  0.00000E+00
  7.55000E-01  1.00000E+00  1.00000E-04  2.13124E-11
  7.56000E-01  1.00000E+00  1.00000E-04  0.00000E+00
  7.57000E-01  1.00000E+00  1.00000E-04 -2.13099E-11
  7.58000E-01  1.00000E+00  1.00000E-04  0.00000E+00
  7.59000E-01  1.00000E+00  1.00000E-04  0.00000E+00
  7.60000E-01  1.00000E+00  1.00000E-04  0.00000E+00
  7.61000E-01  1.00000E+00  1.00000E-04  0.00000E+00
  7.62000E-01  1.00000E+00  1.00000E-04  0.00000E+00
  7.63000E-01  1.00000E+00  1.00000E-04  0.00000E+00
  7.64000E-01  1.00000E+00  1.00000E-04  0.00000E+00
  7.65000E-01  1.00000E+00  1.00000E-04  0.00000E+00
  7.66000E-01  1.00000E+00  1.00000E-04  2.13096E-11
  7.67000E-01  1.00000E+00  1.00000E-04  0.00000E+00
  7.68000E-01  1.00000E+00  1.00000E-04 -2.13122E-11
  7.69000E-01  1.00000E+00  1.00000E-04 -1.27865E-10
  7.70000E-01  1.00000E+00  1.00000E-04  0.00000E+00
  7.71000E-01  1.00000E+00  1.00000E-04 -7.57326E-10
  7.72000E-01  1.00000E+00  1.00000E-04 -1.30410E-07
  7.73000E-01  1.00000E+00  1.00159E-04 -2.34742E-12
  7.74000E-01  1.00000E+00  1.00000E-04  1.29467E-07
  7.75000E-01  1.00000E+00  1.00000E-04 -1.40809E-07
  7.76000E-01  1.00000E+00  1.00172E-04  2.25840E-12
  7.77000E-01  1.00000E+00  1.00000E-04  1.41705E-07
  7.78000E-01  1.00000E+00  1.00000E-04  1.02130E-09
  7.79000E-01  1.00000E+00  1.00000E-04  0.00000E+00
  7.80000E-01  1.00000E+00  1.00000E-04 -6.39308E-11
  7.81000E-01  1.00000E+00  1.00000E-04  2.13098E-11
  7.82000E-01  1.00000E+00  1.00000E-04  0.00000E+00
  7.83000E-01  1.00000E+00  1.00000E-04 -2.13080E-11
  7.84000E-01  1.00000E+00  1.00000E-04  6.39427E-11
  7.85000E-01  1.00000E+00  1.00000E-04  0.00000E+00
  7.86000E-01  1.00000E+00  1.00000E-04 -6.39367E-11
  7.87000E-01  1.00000E+00  1.00000E-04  0.00000E+00
  7.88000E-01  1.00000E+00  1.00000E-04  0.00000E+00
  7.89000E-01  1.00000E+00  1.00000E-04  0.00000E+00
  7.90000E-01  1.00000E+00  1.00000E-04  0.00000E+00
  7.91000E-01  1.00000E+00  1.00000E-04  0.00000E+00
  7.92000E-01  1.00000E+00  1.00000E-04 -2.13066E-11
  7.93000E-01  1.00000E+00  1.00000E-04  0.00000E+00
  7.94000E-01  1.00000E+00  1.00000E-04  2.13066E-11
  7.95000E-01  1.00000E+00  1.00000E-04 -2.13125E-11
  7.96000E-01  1.00000E+00  1.00000E-04  0.00000E+00
  7.97000E-01  1.00000E+00  1.00000E-04  2.13098E-11
  7.98000E-01  1.00000E+00  1.00000E-04  8.52381E-11
  7.99000E-01  9.99999E-01  9.99999E-05  0.00000E+00
  8.00000E-01  1.00000E+00  1.00000E-04 -8.52390E-11
  8.01000E-01  1.00000E+00  1.00000E-04  8.52569E-11
  8.02000E-01  9.99999E-01  9.99999E-05  0.00000E+00
  8.03000E-01  1.00000E+00  1.00000E-04 -8.52278E-11
  8.04000E-01  1.00000E+00  1.00000E-04  0.00000E+00
  8.05000E-01  1.00000E+00  1.00000E-04 -7.56242E-10
  8.06000E-01  1.00000E+00  1.00000E-04 -1.11780E-07
  8.07000E-01  1.00000E+00  1.00136E-04 -1.90049E-12
  8.08000E-01  1.00000E+00  1.00000E-04  1.11026E-07
  8.09000E-01  1.00000E+00  1.00000E-04 -1.11017E-07
  8.10000E-01  1.00000E+00  1.00136E-04  1.93807E-12
  8.11000E-01  1.00000E+00  1.00000E-04  1.11783E-07
  8.12000E-01  1.00000E+00  1.00000E-04  8.18938E-10
  8.13000E-01  1.00000E+00  1.00000E-04  0.00000E+00
  8.14000E-01  1.00000E+00  1.00000E-04 -6.39305E-11
  8.15000E-01  1.00000E+00  1.00000E-04  6.39413E-11
  8.16000E-01  1.00000E+00  1.00000E-04  2.13092E-11
  8.17000E-01  1.00000E+00  1.00000E-04 -1.27856E-10
  8.18000E-01  1.00000E+00  1.00000E-04  2.13133E-11
  8.19000E-01  1.00000E+00  1.00000E-04  2.13096E-11
  8.20000E-01  1.00000E+00  1.00000E-04  0.00000E+00
  8.21000E-01  1.00000E+00  1.00000E-04  0.00000E+00
  8.22000E-01  1.00000E+00  1.00000E-04  0.00000E+00
  8.23000E-01  1.00000E+00  1.00000E-04  4.26194E-11
  8.24000E-01  1.00000E+00  1.00000E-04  2.47443E-16
  8.25000E-01  1.00000E+00  1.00000E-04 -2.13153E-11
  8.26000E-01  1.00000E+00  1.00000E-04  7.76995E-17
  8.27000E-01  1.00000E+00  1.00000E-04 -2.13107E-11
  8.28000E-01  1.00000E+00  1.00000E-04  0.00000E+00
  8.29000E-01  1.00000E+00  1.00000E-04  2.13104E-11
  8.30000E-01  1.00000E+00  1.00000E-04  0.00000E+00
  8.31000E-01  1.00000E+00  1.00000E-04 -2.13129E-11
  8.32000E-01  1.00000E+00  1.00000E-04  0.00000E+00
  8.33000E-01  1.00000E+00  1.00000E-04  0.00000E+00
  8.34000E-01  1.00000E+00  1.00000E-04  4.26302E-11
  8.35000E-01  1.00000E+00  1.00000E-04  0.00000E+00
  8.36000E-01  1.00000E+00  1.00000E-04 -4.26242E-11
  8.37000E-01  1.00000E+00  1.00000E-04  0.00000E+00
  8.38000E-01  1.00000E+00  1.00000E-04 -9.34321E-10
  8.39000E-01  1.00000E+00  1.00000E-04 -1.38150E-07
  8.40000E-01  1.00000E+00  1.00168E-04 -8.73596E-11
  8.41000E-01  1.00000E+00  1.00000E-04  1.38259E-07
  8.42000E-01  1.00000E+00  1.00000E-04  9.77008E-10
  8.43000E-01  1.00000E+00  1.00000E-04  8.54695E-17
  8.44000E-01  1.00000E+00  1.00000E-04 -4.26230E-11
  8.45000E-01  1.00000E+00  1.00000E-04  2.13127E-11
  8.46000E-01  1.00000E+00  1.00000E-04  0.00000E+00
  8.47000E-01  1.00000E+00  1.00000E-04 -4.26202E-11
  8.48000E-01  1.00000E+00  1.00000E-04  2.13175E-11
  8.49000E-01  1.00000E+00  1.00000E-04  0.00000E+00
  8.50000E-01  1.00000E+00  1.00000E-04  0.00000E+00
  8.51000E-01  1.00000E+00  1.00000E-04 -1.06556E-11
  8.52000E-01  1.00000E+00  1.00000E-04 -1.06561E-11
  8.53000E-01  1.00000E+00  1.00000E-04  4.26164E-11
  8.54000E-01  1.00000E+00  1.00000E-04  8.19498E-12
  8.55000E-01  1.00000E+00  1.00000E-04  9.07760E-10
  8.56000E-01  9.99994E-01  9.99994E-05 -5.81046E-16
  8.57000E-01  1.00000E+00  1.00000E-04 -9.26808E-10
  8.58000E-01  1.00000E+00  1.00000E-04  1.81080E-10
  8.59000E-01  9.99999E-01  9.99999E-05  8.54695E-17
  8.60000E-01  1.00000E+00  1.00000E-04 -1.91799E-10
  8.61000E-01  1.00000E+00  1.00000E-04  0.00000E+00
  8.62000E-01  1.00000E+00  1.00000E-04  0.00000E+00
  8.63000E-01  1.00000E+00  1.00000E-04  0.00000E+00
  8.64000E-01  1.00000E+00  1.00000E-04  0.00000E+00
  8.65000E-01  1.00000E+00  1.00000E-04  0.00000E+00
  8.66000E-01  1.00000E+00  1.00000E-04  2.13117E-11
  8.67000E-01  1.00000E+00  1.00000E-04  4.26235E-11
  8.68000E-01  1.00000E+00  1.00000E-04 -6.39377E-11
  8.69000E-01  1.00000E+00  1.00000E-04  0.00000E+00
  8.70000E-01  1.00000E+00  1.00000E-04  0.00000E+00
  8.71000E-01  1.00000E+00  1.00000E-04  2.13147E-11
  8.72000E-01  1.00000E+00  1.00000E-04  6.39271E-11
  8.73000E-01  1.00000E+00  1.00000E-04 -1.27864E-10
  8.74000E-01  1.00000E+00  1.00000E-04  2.13143E-11
  8.75000E-01  1.00000E+00  1.00000E-04  2.13092E-11
  8.76000E-01  1.00000E+00  1.00000E-04  4.26145E-11
  8.77000E-01  1.00000E+00  1.00000E-04  0.00000E+00
  8.78000E-01  1.00000E+00  1.00000E-04 -6.39332E-11
  8.79000E-01  1.00000E+00  1.00000E-04  6.39418E-11
  8.80000E-01  1.00000E+00  1.00000E-04  2.13146E-11
  8.81000E-01  1.00000E+00  1.00000E-04  1.91752E-10
  8.82000E-01  9.99998E-01  9.99998E-05  7.76995E-17
  8.83000E-01  1.00000E+00  1.00000E-04 -2.55678E-10
  8.84000E-01  1.00000E+00  1.00000E-04  2.13105E-11
  8.85000E-01  1.00000E+00  1.00000E-04  0.00000E+00
  8.86000E-01  1.00000E+00  1.00000E-04 -2.13154E-11
  8.87000E-01  1.00000E+00  1.00000E-04  0.00000E+00
  8.88000E-01  1.00000E+00  1.00000E-04  0.00000E+00
  8.89000E-01  1.00000E+00  1.00000E-04  2.13123E-11
  8.90000E-01  1.00000E+00  1.00000E-04  0.00000E+00
  8.91000E-01  1.00000E+00  1.00000E-04 -2.13065E-11
  8.92000E-01  1.00000E+00  1.00000E-04  0.00000E+00
  8.93000E-01  1.00000E+00  1.00000E-04  0.00000E+00
  8.94000E-01  1.00000E+00  1.00000E-04  0.00000E+00
  8.95000E-01  1.00000E+00  1.00000E-04  2.13116E-11
  8.96000E-01  1.00000E+00  1.00000E-04 -2.13138E-11
  8.97000E-01  1.00000E+00  1.00000E-04  0.00000E+00
  8.98000E-01  1.00000E+00  1.00000E-04  0.00000E+00
  8.99000E-01  1.00000E+00  1.00000E-04 -2.44871E-16
  9.00000E-01  1.00000E+00  1.00000E-04  1.14794E-16
  9.01000E-01  1.00000E+00  1.00000E-04  1.30077E-16
  9.02000E-01  1.00000E+00  1.00000E-04  0.00000E+00
  9.03000E-01  1.00000E+00  1.00000E-04 -1.06557E-11
  9.04000E-01  1.00000E+00  1.00000E-04 -1.06550E-11
  9.05000E-01  1.00000E+00  1.00000E-04  8.54695E-17
  9.06000E-01  1.00000E+00  1.00000E-04 -4.26247E-11
  9.07000E-01  1.00000E+00  1.00000E-04  4.26319E-11
  9.08000E-01  1.00000E+00  1.00000E-04  2.13063E-11
  9.09000E-01  1.00000E+00  1.00000E-04  2.13110E-11
  9.10000E-01  1.00000E+00  1.00000E-04 -1.06537E-11
  9.11000E-01  1.00000E+00  1.00000E-04 -1.06561E-11
  9.12000E-01  1.00000E+00  1.00000E-04  7.76995E-17
  9.13000E-01  1.00000E+00  1.00000E-04  0.00000E+00
  9.14000E-01  1.00000E+00  1.00000E-04  0.00000E+00
  9.15000E-01  1.00000E+00  1.00000E-04  0.00000E+00
  9.16000E-01  1.00000E+00  1.00000E-04  8.52386E-11
  9.17000E-01  9.99999E-01  9.99999E-05  0.00000E+00
  9.18000E-01  1.00000E+00  1.00000E-04 -8.52541E-11
  9.19000E-01  1.00000E+00  1.00000E-04  0.00000E+00
  9.20000E-01  1.00000E+00  1.00000E-04  0.00000E+00
  9.21000E-01  1.00000E+00  1.00000E-04  1.06564E-10
  9.22000E-01  9.99999E-01  9.99999E-05  3.02648E-16
  9.23000E-01  1.00000E+00  1.00000E-04 -6.39168E-11
  9.24000E-01  1.00000E+00  1.00000E-04  6.39110E-11
  9.25000E-01  1.00000E+00  1.00000E-04 -6.39117E-11
  9.26000E-01  1.00000E+00  1.00000E-04 -4.26167E-11
  9.27000E-01  1.00000E+00  1.00000E-04  0.00000E+00
  9.28000E-01  1.00000E+00  1.00000E-04 -2.33099E-16
  9.29000E-01  1.00000E+00  1.00000E-04  7.76995E-17
  9.30000E-01  1.00000E+00  1.00000E-04  7.76995E-17
  9.31000E-01  1.00000E+00  1.00000E-04  2.13076E-11
  9.32000E-01  1.00000E+00  1.00000E-04  7.10832E-12
  9.33000E-01  1.00000E+00  1.00000E-04 -7.10839E-12
  9.34000E-01  1.00000E+00  1.00000E-04 -2.13137E-11
  9.35000E-01  1.00000E+00  1.00000E-04  0.00000E+00
  9.36000E-01  1.00000E+00  1.00000E-04 -4.26152E-11
  9.37000E-01  1.00000E+00  1.00000E-04  0.00000E+00
  9.38000E-01  1.00000E+00  1.00000E-04  1.27839E-10
  9.39000E-01  1.00000E+00  1.00000E-04  0.00000E+00
  9.40000E-01  1.00000E+00  1.00000E-04 -1.27876E-10
  9.41000E-01  1.00000E+00  1.00000E-04  0.00000E+00
  9.42000E-01  1.00000E+00  1.00000E-04  1.49146E-10
  9.43000E-01  1.00000E+00  1.00000E-04 -2.13047E-11
  9.44000E-01  1.00000E+00  1.00000E-04 -2.13135E-11
  9.45000E-01  1.00000E+00  1.00000E-04  5.75183E-10
  9.46000E-01  9.99996E-01  9.99996E-05  1.70470E-10
  9.47000E-01  1.00000E+00  1.00000E-04 -8.30749E-10
  9.48000E-01  1.00000E+00  1.00000E-04  2.13103E-11
  9.49000E-01  1.00000E+00  1.00000E-04  2.13068E-11
  9.50000E-01  1.00000E+00  1.00000E-04  6.39091E-11
  9.51000E-01  1.00000E+00  1.00000E-04  2.13115E-11
  9.52000E-01  1.00000E+00  1.00000E-04 -2.51865E-12
  9.53000E-01  1.00000E+00  1.00000E-04 -1.87942E-11
  9.54000E-01  1.00000E+00  1.00000E-04 -1.91750E-10
  9.55000E-01  1.00000E+00  1.00000E-04  6.39417E-11
  9.56000E-01  1.00000E+00  1.00000E-04  6.39481E-11
  9.57000E-01  1.00000E+00  1.00000E-04  2.13151E-11
  9.58000E-01  1.00000E+00  1.00000E-04  4.26168E-11
  9.59000E-01  1.00000E+00  1.00000E-04 -1.27818E-10
  9.60000E-01  1.00000E+00  1.00000E-04  2.13047E-11
  9.61000E-01  1.00000E+00  1.00000E-04  2.13115E-11
  9.62000E-01  1.00000E+00  1.00000E-04 -4.26143E-11
  9.63000E-01  1.00000E+00  1.00000E-04 -8.52603E-11
  9.64000E-01  1.00000E+00  1.00000E-04  2.13115E-10
  9.65000E-01  1.00000E+00  1.00000E-04  2.13089E-11
  9.66000E-01  1.00000E+00  1.00000E-04 -2.55636E-10
  9.67000E-01  1.00000E+00  1.00000E-04  8.52673E-11
  9.68000E-01  1.00000E+00  1.00000E-04 -1.21530E-16
  9.69000E-01  1.00000E+00  1.00000E-04 -2.13155E-11
  9.70000E-01  1.00000E+00  1.00000E-04  2.13116E-11
  9.71000E-01  1.00000E+00  1.00000E-04  1.49118E-10
  9.72000E-01  9.99999E-01  9.99999E-05  4.26245E-11
  9.73000E-01  1.00000E+00  1.00000E-04  6.81811E-10
  9.74000E-01  9.99995E-01  9.99995E-05  4.26102E-11
  9.75000E-01  1.00000E+00  1.00000E-04 -8.85682E-10
  9.76000E-01  1.00000E+00  1.00000E-04  7.61787E-11
  9.77000E-01  1.00000E+00  9.99999E-05  6.39288E-11
  9.78000E-01  1.00000E+00  1.00000E-04 -1.91764E-10
  9.79000E-01  9.99999E-01  1.00000E-04  1.47978E-15
  9.80000E-01  1.00000E+00  1.00000E-04  4.68602E-10
  9.81000E-01  9.99998E-01  9.99998E-05  2.13153E-11
  9.82000E-01  1.00000E+00  1.00000E-04 -6.17768E-10
  9.83000E-01  1.00000E+00  1.00000E-04  8.52337E-11
  9.84000E-01  1.00000E+00  1.00000E-04  4.73248E-12
  9.85000E-01  1.00000E+00  1.00000E-04  7.19705E-10
  9.86000E-01  9.99996E-01  9.99995E-05 -5.96400E-10
  9.87000E-01  1.00001E+00  1.00001E-04 -7.45876E-10
  9.88000E-01  1.00000E+00  1.00000E-04  5.18582E-10
  9.89000E-01  1.00000E+00  1.00000E-04  2.81671E-09
  9.90000E-01  9.99981E-01  9.99981E-05  2.52173E-10
  9.91000E-01  1.00000E+00  1.00000E-04 -2.81662E-09
  9.92000E-01  1.00000E+00  1.00000E-04 -2.54894E-11
  9.93000E-01  1.00000E+00  1.00000E-04  0.00000E+00
  9.94000E-01  1.00000E+00  1.00000E-04 -4.26163E-11
  9.95000E-01  1.00000E+00  1.00000E-04  0.00000E+00
  9.96000E-01  1.00000E+00  1.00000E-04  4.26261E-11
  9.97000E-01  1.00000E+00  1.00000E-04  0.00000E+00
  9.98000E-01  1.00000E+00  1.00000E-04  0.00000E+00
  9.99000E-01  1.00000E+00  1.00000E-04  0.00000E+00
