  0.00000E+00  1.27426E-04  3.91539E+02  9.55804E-02
  1.00000E-03  1.27426E-04  3.91538E+02  2.89000E-01
  2.00000E-03  1.27431E-04  3.91539E+02  4.85972E-01
  3.00000E-03  1.27470E-04  3.91542E+02  6.80581E-01
  4.00000E-03  1.27607E-04  3.91544E+02  8.73838E-01
  5.00000E-03  1.27828E-04  3.91542E+02  1.07071E+00
  6.00000E-03  1.28049E-04  3.91539E+02  1.27387E+00
  7.00000E-03  1.28218E-04  3.91537E+02  1.48021E+00
  8.00000E-03  1.28532E-04  3.91537E+02  1.68981E+00
  9.00000E-03  1.30187E-04  3.91538E+02  1.89967E+00
  1.00000E-02  1.37539E-04  3.91538E+02  2.10601E+00
  1.10000E-02  1.49452E-04  3.91539E+02  2.30794E+00
  1.20000E-02  1.64815E-04  3.91540E+02  2.50537E+00
  1.30000E-02  1.82317E-04  3.91542E+02  2.70475E+00
  1.40000E-02  2.02043E-04  3.91543E+02  2.90678E+00
  1.50000E-02  2.24591E-04  3.91544E+02  3.11133E+00
  1.60000E-02  2.50765E-04  3.91545E+02  3.31460E+00
  1.70000E-02  2.80916E-04  3.91545E+02  3.51779E+00
  1.80000E-02  3.16999E-04  3.91545E+02  3.72206E+00
  1.90000E-02  3.61647E-04  3.91546E+02  3.92662E+00
  2.00000E-02  4.17139E-04  3.91548E+02  4.13014E+00
  2.10000E-02  4.88040E-04  3.91550E+02  4.33198E+00
  2.20000E-02  5.78439E-04  3.91550E+02  4.53700E+00
  2.30000E-02  6.94940E-04  3.91550E+02  4.74166E+00
  2.40000E-02  8.43786E-04  3.91552E+02  4.94288E+00
  2.50000E-02  1.03131E-03  3.91555E+02  5.14666E+00
  2.60000E-02  1.26005E-03  3.91562E+02  5.34783E+00
  2.70000E-02  1.53284E-03  3.91570E+02  5.54923E+00
  2.80000E-02  1.84685E-03  3.91577E+02  5.75039E+00
  2.90000E-02  2.20094E-03  3.91587E+02  5.95266E+00
  3.00000E-02  2.59178E-03  3.91597E+02  6.15520E+00
  3.10000E-02  3.01905E-03  3.91612E+02  6.35763E+00
  3.20000E-02  3.48443E-03  3.91624E+02  6.55923E+00
  3.30000E-02  3.98456E-03  3.91645E+02  6.76227E+00
  3.40000E-02  4.52450E-03  3.91665E+02  6.96384E+00
  3.50000E-02  5.10900E-03  3.91690E+02  7.16719E+00
  3.60000E-02  5.74304E-03  3.91714E+02  7.36992E+00
  3.70000E-02  6.43633E-03  3.91741E+02  7.57265E+00
  3.80000E-02  7.19034E-03  3.91776E+02  7.77700E+00
  3.90000E-02  8.02552E-03  3.91813E+02  7.97686E+00
  4.00000E-02  8.93866E-03  3.91867E+02  8.18328E+00
  4.10000E-02  9.95751E-03  3.91909E+02  8.38158E+00
  4.20000E-02  1.10747E-02  3.91979E+02  8.58930E+00
  4.30000E-02  1.23052E-02  3.92035E+02  8.78568E+00
  4.40000E-02  1.36559E-02  3.92129E+02  8.99611E+00
  4.50000E-02  1.51126E-02  3.92205E+02  9.19171E+00
  4.60000E-02  1.66878E-02  3.92321E+02  9.39799E+00
  4.70000E-02  1.83714E-02  3.92417E+02  9.59572E+00
  4.80000E-02  2.01660E-02  3.92540E+02  9.80041E+00
  4.90000E-02  2.20670E-02  3.92678E+02  1.00061E+01
  5.00000E-02  2.40808E-02  3.92790E+02  1.02037E+01
  5.10000E-02  2.62133E-02  3.92996E+02  1.04186E+01
  5.20000E-02  2.84656E-02  3.93130E+02  1.06105E+01
  5.30000E-02  3.08745E-02  3.93404E+02  1.08308E+01
  5.40000E-02  3.34279E-02  3.93558E+02  1.10207E+01
  5.50000E-02  3.61480E-02  3.93858E+02  1.12365E+01
  5.60000E-02  3.90496E-02  3.94108E+02  1.14331E+01
  5.70000E-02  4.21313E-02  3.94396E+02  1.16360E+01
  5.80000E-02  4.54391E-02  3.94794E+02  1.18511E+01
  5.90000E-02  4.89247E-02  3.95034E+02  1.20334E+01
  6.00000E-02  5.26776E-02  3.95589E+02  1.22628E+01
  6.10000E-02  5.66389E-02  3.95877E+02  1.24418E+01
  6.20000E-02  6.08569E-02  3.96462E+02  1.26672E+01
  6.30000E-02  6.53435E-02  3.96955E+02  1.28702E+01
  6.40000E-02  7.00900E-02  3.97439E+02  1.30640E+01
  6.50000E-02  7.51986E-02  3.98275E+02  1.33036E+01
  6.60000E-02  8.05627E-02  3.98672E+02  1.34750E+01
  6.70000E-02  8.63366E-02  3.99637E+02  1.37189E+01
  6.80000E-02  9.24187E-02  4.00345E+02  1.39144E+01
  6.90000E-02  9.88714E-02  4.01112E+02  1.41130E+01
  7.00000E-02  1.05767E-01  4.02369E+02  1.43655E+01
  7.10000E-02  1.12937E-01  4.02959E+02  1.45257E+01
  7.20000E-02  1.20663E-01  4.04412E+02  1.47863E+01
  7.30000E-02  1.28724E-01  4.05572E+02  1.49905E+01
  7.40000E-02  1.37251E-01  4.06566E+02  1.51722E+01
  7.50000E-02  1.46371E-01  4.08558E+02  1.54547E+01
  7.60000E-02  1.55801E-01  4.09469E+02  1.56068E+01
  7.70000E-02  1.65933E-01  4.11352E+02  1.58522E+01
  7.80000E-02  1.76704E-01  4.13566E+02  1.61081E+01
  7.90000E-02  1.87747E-01  4.14632E+02  1.62587E+01
  8.00000E-02  1.99889E-01  4.17552E+02  1.65648E+01
  8.10000E-02  2.12410E-01  4.19564E+02  1.67677E+01
  8.20000E-02  2.25487E-01  4.21314E+02  1.69479E+01
  8.30000E-02  2.39959E-01  4.25166E+02  1.72821E+01
  8.40000E-02  2.54544E-01  4.27070E+02  1.74448E+01
  8.50000E-02  2.70225E-01  4.29955E+02  1.76741E+01
  8.60000E-02  2.87412E-01  4.34533E+02  1.80060E+01
  8.70000E-02  3.04472E-01  4.36540E+02  1.81448E+01
  8.80000E-02  3.23334E-01  4.40656E+02  1.84125E+01
  8.90000E-02  3.43911E-01  4.46198E+02  1.87574E+01
  9.00000E-02  3.64043E-01  4.48618E+02  1.88934E+01
  9.10000E-02  3.86831E-01  4.54043E+02  1.91922E+01
  9.20000E-02  4.11526E-01  4.60752E+02  1.95478E+01
  9.30000E-02  4.35562E-01  4.63798E+02  1.96805E+01
  9.40000E-02  4.62988E-01  4.70708E+02  1.99960E+01
  9.50000E-02  4.92978E-01  4.79158E+02  2.03770E+01
  9.60000E-02  5.21618E-01  4.83039E+02  2.05134E+01
  9.70000E-02  5.54743E-01  4.91342E+02  2.08341E+01
  9.80000E-02  5.91779E-01  5.02416E+02  2.12614E+01
  9.90000E-02  6.26595E-01  5.07663E+02  2.14123E+01
  1.00000E-01  6.66472E-01  5.17024E+02  2.17059E+01
  1.01000E-01  7.13234E-01  5.31646E+02  2.21939E+01
  1.02000E-01  7.56893E-01  5.39333E+02  2.23871E+01
  1.03000E-01  8.05022E-01  5.49366E+02  2.26265E+01
  1.04000E-01  8.64666E-01  5.68357E+02  2.31755E+01
  1.05000E-01  9.20994E-01  5.80289E+02  2.34525E+01
  1.06000E-01  9.79013E-01  5.90844E+02  2.36253E+01
  1.07000E-01  1.05391E+00  6.13887E+02  2.41872E+01
  1.08000E-01  1.13041E+00  6.33632E+02  2.46033E+01
  1.09000E-01  1.20247E+00  6.45474E+02  2.47530E+01
  1.10000E-01  1.29478E+00  6.70770E+02  2.52266E+01
  1.11000E-01  1.40064E+00  7.01350E+02  2.58014E+01
  1.12000E-01  1.49749E+00  7.18837E+02  2.60100E+01
  1.13000E-01  1.61045E+00  7.44664E+02  2.63571E+01
  1.14000E-01  1.75088E+00  7.85069E+02  2.69937E+01
  1.15000E-01  1.88831E+00  8.16482E+02  2.73419E+01
  1.16000E-01  2.03508E+00  8.43994E+02  2.76261E+01
  1.17000E-01  2.22170E+00  8.94510E+02  2.82441E+01
  1.18000E-01  2.41037E+00  9.46181E+02  2.87316E+01
  1.19000E-01  2.59787E+00  9.75252E+02  2.89103E+01
  1.20000E-01  2.88160E+00  1.03940E+03  2.94776E+01
  1.21000E-01  3.19633E+00  1.12260E+03  3.04332E+01
  1.22000E-01  3.34711E+00  1.14873E+03  3.03004E+01
  1.23000E-01  3.20646E+00  9.48040E+02  2.75652E+01
  1.24000E-01  2.02712E+00  3.30954E+02  1.51549E+01
  1.25000E-01  1.18876E+00  1.80702E+01  1.96845E+00
  1.26000E-01  1.01278E+00  3.94940E-02  1.81929E-02
  1.27000E-01  1.00009E+00  1.00587E-04  7.82772E-06
  1.28000E-01  1.00000E+00  1.00000E-04  6.57820E-11
  1.29000E-01  1.00000E+00  1.00000E-04  0.00000E+00
  1.30000E-01  1.00000E+00  1.00000E-04  0.00000E+00
  1.31000E-01  1.00000E+00  1.00000E-04  0.00000E+00
  1.32000E-01  1.00000E+00  1.00000E-04  8.58822E-12
  1.33000E-01  1.00000E+00  1.00000E-04 -4.29384E-12
  1.34000E-01  1.00000E+00  1.00000E-04 -4.29529E-12
  1.35000E-01  1.00000E+00  1.00000E-04  7.77002E-17
  1.36000E-01  1.00000E+00  1.00000E-04  0.00000E+00
  1.37000E-01  1.00000E+00  1.00000E-04  0.00000E+00
  1.38000E-01  1.00000E+00  1.00000E-04  0.00000E+00
  1.39000E-01  1.00000E+00  1.00000E-04 -1.71794E-11
  1.40000E-01  1.00000E+00  1.00000E-04 -8.58989E-12
  1.41000E-01  1.00000E+00  1.00000E-04  2.57689E-11
  1.42000E-01  1.00000E+00  1.00000E-04  7.77001E-17
  1.43000E-01  1.00000E+00  1.00000E-04  0.00000E+00
  1.44000E-01  1.00000E+00  1.00000E-04  0.00000E+00
  1.45000E-01  1.00000E+00  1.00000E-04  7.72948E-11
  1.46000E-01  9.99999E-01  9.99999E-05  8.58822E-12
  1.47000E-01  1.00000E+00  1.00000E-04 -7.72898E-11
  1.48000E-01  1.00000E+00  1.00000E-04 -8.58806E-12
  1.49000E-01  1.00000E+00  1.00000E-04 -7.67482E-16
  1.50000E-01  1.00000E+00  1.00000E-04  3.42958E-16
  1.51000E-01  1.00000E+00  1.00000E-04  4.24524E-16
  1.52000E-01  1.00000E+00  1.00000E-04  0.00000E+00
  1.53000E-01  1.00000E+00  1.00000E-04 -7.77001E-17
  1.54000E-01  1.00000E+00  1.00000E-04  0.00000E+00
  1.55000E-01  1.00000E+00  1.00000E-04  7.77001E-17
  1.56000E-01  1.00000E+00  1.00000E-04  0.00000E+00
  1.57000E-01  1.00000E+00  1.00000E-04  0.00000E+00
  1.58000E-01  1.00000E+00  1.00000E-04  0.00000E+00
  1.59000E-01  1.00000E+00  1.00000E-04  0.00000E+00
  1.60000E-01  1.00000E+00  1.00000E-04  8.59018E-12
  1.61000E-01  1.00000E+00  1.00000E-04  0.00000E+00
  1.62000E-01  1.00000E+00  1.00000E-04 -8.58936E-12
  1.63000E-01  1.00000E+00  1.00000E-04  0.00000E+00
  1.64000E-01  1.00000E+00  1.00000E-04  8.58942E-12
  1.65000E-01  1.00000E+00  1.00000E-04  0.00000E+00
  1.66000E-01  1.00000E+00  1.00000E-04 -8.58983E-12
  1.67000E-01  1.00000E+00  1.00000E-04  0.00000E+00
  1.68000E-01  1.00000E+00  1.00000E-04  1.71779E-11
  1.69000E-01  1.00000E+00  1.00000E-04  1.71760E-11
  1.70000E-01  1.00000E+00  1.00000E-04 -5.15352E-11
  1.71000E-01  1.00000E+00  1.00000E-04  1.63170E-16
  1.72000E-01  1.00000E+00  1.00000E-04  1.71801E-11
  1.73000E-01  1.00000E+00  1.00000E-04  0.00000E+00
  1.74000E-01  1.00000E+00  1.00000E-04  2.57682E-11
  1.75000E-01  1.00000E+00  1.00000E-04  0.00000E+00
  1.76000E-01  1.00000E+00  1.00000E-04 -2.57689E-11
  1.77000E-01  1.00000E+00  1.00000E-04 -4.43905E-16
  1.78000E-01  1.00000E+00  1.00000E-04  1.01030E-16
  1.79000E-01  1.00000E+00  1.00000E-04  3.42876E-16
  1.80000E-01  1.00000E+00  1.00000E-04  0.00000E+00
  1.81000E-01  1.00000E+00  1.00000E-04  0.00000E+00
  1.82000E-01  1.00000E+00  1.00000E-04  0.00000E+00
  1.83000E-01  1.00000E+00  1.00000E-04  0.00000E+00
  1.84000E-01  1.00000E+00  1.00000E-04  0.00000E+00
  1.85000E-01  1.00000E+00  1.00000E-04  0.00000E+00
  1.86000E-01  1.00000E+00  1.00000E-04  0.00000E+00
  1.87000E-01  1.00000E+00  1.00000E-04  0.00000E+00
  1.88000E-01  1.00000E+00  1.00000E-04  0.00000E+00
  1.89000E-01  1.00000E+00  1.00000E-04  0.00000E+00
  1.90000E-01  1.00000E+00  1.00000E-04  0.00000E+00
  1.91000E-01  1.00000E+00  1.00000E-04  0.00000E+00
  1.92000E-01  1.00000E+00  1.00000E-04  8.58974E-12
  1.93000E-01  1.00000E+00  1.00000E-04  0.00000E+00
  1.94000E-01  1.00000E+00  1.00000E-04 -8.58830E-12
  1.95000E-01  1.00000E+00  1.00000E-04  0.00000E+00
  1.96000E-01  1.00000E+00  1.00000E-04  0.00000E+00
  1.97000E-01  1.00000E+00  1.00000E-04  0.00000E+00
  1.98000E-01  1.00000E+00  1.00000E-04  0.00000E+00
  1.99000E-01  1.00000E+00  1.00000E-04  0.00000E+00
  2.00000E-01  1.00000E+00  1.00000E-04  0.00000E+00
  2.01000E-01  1.00000E+00  1.00000E-04  0.00000E+00
  2.02000E-01  1.00000E+00  1.00000E-04  0.00000E+00
  2.03000E-01  1.00000E+00  1.00000E-04  0.00000E+00
  2.04000E-01  1.00000E+00  1.00000E-04  0.00000E+00
  2.05000E-01  1.00000E+00  1.00000E-04  0.00000E+00
  2.06000E-01  1.00000E+00  1.00000E-04  0.00000E+00
  2.07000E-01  1.00000E+00  1.00000E-04  0.00000E+00
  2.08000E-01  1.00000E+00  1.00000E-04  0.00000E+00
  2.09000E-01  1.00000E+00  1.00000E-04  0.00000E+00
  2.10000E-01  1.00000E+00  1.00000E-04  0.00000E+00
  2.11000E-01  1.00000E+00  1.00000E-04  0.00000E+00
  2.12000E-01  1.00000E+00  1.00000E-04  0.00000E+00
  2.13000E-01  1.00000E+00  1.00000E-04  1.28832E-10
  2.14000E-01  9.99998E-01  9.99998E-05  0.00000E+00
  2.15000E-01  1.00000E+00  1.00000E-04 -1.28818E-10
  2.16000E-01  1.00000E+00  1.00000E-04  0.00000E+00
  2.17000E-01  1.00000E+00  1.00000E-04  0.00000E+00
  2.18000E-01  1.00000E+00  1.00000E-04  0.00000E+00
  2.19000E-01  1.00000E+00  1.00000E-04 -7.76998E-17
  2.20000E-01  1.00000E+00  1.00000E-04  0.00000E+00
  2.21000E-01  1.00000E+00  1.00000E-04  7.76998E-17
  2.22000E-01  1.00000E+00  1.00000E-04  0.00000E+00
  2.23000E-01  1.00000E+00  1.00000E-04  0.00000E+00
  2.24000E-01  1.00000E+00  1.00000E-04  0.00000E+00
  2.25000E-01  1.00000E+00  1.00000E-04  0.00000E+00
  2.26000E-01  1.00000E+00  1.00000E-04  0.00000E+00
  2.27000E-01  1.00000E+00  1.00000E-04  0.00000E+00
  2.28000E-01  1.00000E+00  1.00000E-04  0.00000E+00
  2.29000E-01  1.00000E+00  1.00000E-04  1.71770E-11
  2.30000E-01  1.00000E+00  1.00000E-04  0.00000E+00
  2.31000E-01  1.00000E+00  1.00000E-04 -1.71765E-11
  2.32000E-01  1.00000E+00  1.00000E-04 -4.36673E-16
  2.33000E-01  1.00000E+00  1.00000E-04 -5.15396E-11
  2.34000E-01  1.00000E+00  1.00000E-04  3.43597E-11
  2.35000E-01  1.00000E+00  1.00000E-04  1.71759E-11
  2.36000E-01  1.00000E+00  1.00000E-04  0.00000E+00
  2.37000E-01  1.00000E+00  1.00000E-04  0.00000E+00
  2.38000E-01  1.00000E+00  1.00000E-04  0.00000E+00
  2.39000E-01  1.00000E+00  1.00000E-04  0.00000E+00
  2.40000E-01  1.00000E+00  1.00000E-04  0.00000E+00
  2.41000E-01  1.00000E+00  1.00000E-04  0.00000E+00
  2.42000E-01  1.00000E+00  1.00000E-04  0.00000E+00
  2.43000E-01  1.00000E+00  1.00000E-04  0.00000E+00
  2.44000E-01  1.00000E+00  1.00000E-04  0.00000E+00
  2.45000E-01  1.00000E+00  1.00000E-04  0.00000E+00
  2.46000E-01  1.00000E+00  1.00000E-04  0.00000E+00
  2.47000E-01  1.00000E+00  1.00000E-04 -9.44735E-11
  2.48000E-01  1.00000E+00  1.00000E-04  0.00000E+00
  2.49000E-01  1.00000E+00  1.00000E-04  9.44572E-11
  2.50000E-01  1.00000E+00  1.00000E-04  0.00000E+00
  2.51000E-01  1.00000E+00  1.00000E-04  0.00000E+00
  2.52000E-01  1.00000E+00  1.00000E-04  2.57664E-11
  2.53000E-01  1.00000E+00  1.00000E-04 -1.71762E-11
  2.54000E-01  1.00000E+00  1.00000E-04 -1.71781E-11
  2.55000E-01  1.00000E+00  1.00000E-04 -8.58820E-12
  2.56000E-01  1.00000E+00  1.00000E-04  8.54697E-17
  2.57000E-01  1.00000E+00  1.00000E-04  1.71776E-11
  2.58000E-01  1.00000E+00  1.00000E-04  0.00000E+00
  2.59000E-01  1.00000E+00  1.00000E-04  0.00000E+00
  2.60000E-01  1.00000E+00  1.00000E-04  0.00000E+00
  2.61000E-01  1.00000E+00  1.00000E-04  0.00000E+00
  2.62000E-01  1.00000E+00  1.00000E-04  8.58824E-12
  2.63000E-01  1.00000E+00  1.00000E-04  0.00000E+00
  2.64000E-01  1.00000E+00  1.00000E-04 -8.58952E-12
  2.65000E-01  1.00000E+00  1.00000E-04  0.00000E+00
  2.66000E-01  1.00000E+00  1.00000E-04  0.00000E+00
  2.67000E-01  1.00000E+00  1.00000E-04  0.00000E+00
  2.68000E-01  1.00000E+00  1.00000E-04  0.00000E+00
  2.69000E-01  1.00000E+00  1.00000E-04  0.00000E+00
  2.70000E-01  1.00000E+00  1.00000E-04  2.57690E-11
  2.71000E-01  1.00000E+00  1.00000E-04  1.71756E-11
  2.72000E-01  1.00000E+00  1.00000E-04 -8.58950E-12
  2.73000E-01  1.00000E+00  1.00000E-04 -8.58913E-11
  2.74000E-01  1.00000E+00  1.00000E-04  2.57722E-11
  2.75000E-01  1.00000E+00  1.00000E-04  8.59002E-12
  2.76000E-01  1.00000E+00  1.00000E-04  8.58797E-12
  2.77000E-01  1.00000E+00  1.00000E-04  8.58873E-12
  2.78000E-01  1.00000E+00  1.00000E-04 -8.58879E-12
  2.79000E-01  1.00000E+00  1.00000E-04 -7.76997E-17
  2.80000E-01  1.00000E+00  1.00000E-04  1.47532E-15
  2.81000E-01  1.00000E+00  1.00000E-04  1.43821E-15
  2.82000E-01  1.00000E+00  1.00000E-04  1.03793E-15
  2.83000E-01  1.00000E+00  1.00000E-04 -1.60577E-11
  2.84000E-01  1.00000E+00  1.00000E-04 -1.93010E-08
  2.85000E-01  1.00000E+00  1.00068E-04 -2.97038E-08
  2.86000E-01  1.00000E+00  1.00074E-04  2.42270E-08
  2.87000E-01  1.00000E+00  1.00000E-04  8.01169E-10
  2.88000E-01  1.00000E+00  1.00072E-04  4.79882E-11
  2.89000E-01  1.00000E+00  1.00000E-04  2.39206E-08
  2.90000E-01  1.00000E+00  1.00000E-04  5.12853E-11
  2.91000E-01  1.00000E+00  1.00000E-04  5.84173E-12
  2.92000E-01  1.00000E+00  1.00000E-04  8.58824E-12
  2.93000E-01  1.00000E+00  1.00000E-04 -8.58891E-12
  2.94000E-01  1.00000E+00  1.00000E-04 -2.57633E-11
  2.95000E-01  1.00000E+00  1.00000E-04  0.00000E+00
  2.96000E-01  1.00000E+00  1.00000E-04  0.00000E+00
  2.97000E-01  1.00000E+00  1.00000E-04  0.00000E+00
  2.98000E-01  1.00000E+00  1.00000E-04  0.00000E+00
  2.99000E-01  1.00000E+00  1.00000E-04  0.00000E+00
  3.00000E-01  1.00000E+00  1.00000E-04  0.00000E+00
  3.01000E-01  1.00000E+00  1.00000E-04  0.00000E+00
  3.02000E-01  1.00000E+00  1.00000E-04  0.00000E+00
  3.03000E-01  1.00000E+00  1.00000E-04  0.00000E+00
  3.04000E-01  1.00000E+00  1.00000E-04  0.00000E+00
  3.05000E-01  1.00000E+00  1.00000E-04  0.00000E+00
  3.06000E-01  1.00000E+00  1.00000E-04  0.00000E+00
  3.07000E-01  1.00000E+00  1.00000E-04  2.57675E-11
  3.08000E-01  1.00000E+00  1.00000E-04  1.71786E-11
  3.09000E-01  1.00000E+00  1.00000E-04 -2.57699E-11
  3.10000E-01  1.00000E+00  1.00000E-04 -1.71796E-11
  3.11000E-01  1.00000E+00  1.00000E-04  8.58853E-12
  3.12000E-01  1.00000E+00  1.00000E-04 -8.58720E-12
  3.13000E-01  1.00000E+00  1.00000E-04 -8.59057E-12
  3.14000E-01  1.00000E+00  1.00000E-04  4.29476E-12
  3.15000E-01  1.00000E+00  1.00000E-04  4.29434E-12
  3.16000E-01  1.00000E+00  1.00000E-04  7.76997E-17
  3.17000E-01  1.00000E+00  1.00000E-04  8.58850E-12
  3.18000E-01  1.00000E+00  1.00000E-04 -2.57654E-11
  3.19000E-01  1.00000E+00  1.00000E-04 -8.58984E-12
  3.20000E-01  1.00000E+00  1.00000E-04  3.43586E-11
  3.21000E-01  1.00000E+00  1.00000E-04 -8.58803E-12
  3.22000E-01  1.00000E+00  1.00000E-04 -3.43596E-11
  3.23000E-01  1.00000E+00  1.00000E-04  5.15352E-11
  3.24000E-01  1.00000E+00  1.00000E-04 -4.29392E-11
  3.25000E-01  1.00000E+00  1.00000E-04  4.29918E-12
  3.26000E-01  1.00000E+00  1.00000E-04  4.29760E-12
  3.27000E-01  1.00000E+00  1.00000E-04  2.86670E-12
  3.28000E-01  1.00000E+00  1.00000E-04  2.85696E-12
  3.29000E-01  1.00000E+00  1.00000E-04  2.85745E-12
  3.30000E-01  1.00000E+00  1.00000E-04  8.58753E-12
  3.31000E-01  1.00000E+00  1.00000E-04  0.00000E+00
  3.32000E-01  1.00000E+00  1.00000E-04  2.57661E-11
  3.33000E-01  1.00000E+00  1.00000E-04  8.58730E-12
  3.34000E-01  1.00000E+00  1.00000E-04 -2.57639E-11
  3.35000E-01  1.00000E+00  1.00000E-04  2.39237E-16
  3.36000E-01  1.00000E+00  1.00000E-04  1.03418E-16
  3.37000E-01  1.00000E+00  1.00000E-04 -8.59025E-12
  3.38000E-01  1.00000E+00  1.00000E-04  0.00000E+00
  3.39000E-01  1.00000E+00  1.00000E-04 -3.43523E-11
  3.40000E-01  1.00000E+00  1.00000E-04 -8.58931E-12
  3.41000E-01  1.00000E+00  1.00000E-04  3.43516E-11
  3.42000E-01  1.00000E+00  1.00000E-04 -8.58963E-12
  3.43000E-01  1.00000E+00  1.00000E-04  8.58937E-12
  3.44000E-01  1.00000E+00  1.00000E-04  1.11643E-10
  3.45000E-01  9.99999E-01  9.99999E-05 -1.37390E-10
  3.46000E-01  1.00000E+00  1.00000E-04 -6.87081E-11
  3.47000E-01  1.00000E+00  1.00000E-04 -3.94247E-10
  3.48000E-01  1.00000E+00  1.00001E-04  2.48972E-10
  3.49000E-01  1.00000E+00  9.99996E-05  4.27232E-10
  3.50000E-01  1.00000E+00  1.00000E-04 -2.39024E-10
  3.51000E-01  1.00000E+00  1.00000E-04  6.01152E-11
  3.52000E-01  1.00000E+00  1.00000E-04  0.00000E+00
  3.53000E-01  1.00000E+00  1.00000E-04  0.00000E+00
  3.54000E-01  1.00000E+00  1.00000E-04  0.00000E+00
  3.55000E-01  1.00000E+00  1.00000E-04  0.00000E+00
  3.56000E-01  1.00000E+00  1.00000E-04  0.00000E+00
  3.57000E-01  1.00000E+00  1.00000E-04  0.00000E+00
  3.58000E-01  1.00000E+00  1.00000E-04  0.00000E+00
  3.59000E-01  1.00000E+00  1.00000E-04  0.00000E+00
  3.60000E-01  1.00000E+00  1.00000E-04  0.00000E+00
  3.61000E-01  1.00000E+00  1.00000E-04 -7.76996E-17
  3.62000E-01  1.00000E+00  1.00000E-04  0.00000E+00
  3.63000E-01  1.00000E+00  1.00000E-04  7.76996E-17
  3.64000E-01  1.00000E+00  1.00000E-04  0.00000E+00
  3.65000E-01  1.00000E+00  1.00000E-04  0.00000E+00
  3.66000E-01  1.00000E+00  1.00000E-04  0.00000E+00
  3.67000E-01  1.00000E+00  1.00000E-04  0.00000E+00
  3.68000E-01  1.00000E+00  1.00000E-04  0.00000E+00
  3.69000E-01  1.00000E+00  1.00000E-04  0.00000E+00
  3.70000E-01  1.00000E+00  1.00000E-04  0.00000E+00
  3.71000E-01  1.00000E+00  1.00000E-04  0.00000E+00
  3.72000E-01  1.00000E+00  1.00000E-04 -1.71775E-11
  3.73000E-01  1.00000E+00  1.00000E-04 -1.71781E-11
  3.74000E-01  1.00000E+00  1.00000E-04  2.57685E-11
  3.75000E-01  1.00000E+00  1.00000E-04 -9.44631E-11
  3.76000E-01  1.00000E+00  1.00000E-04  7.77459E-17
  3.77000E-01  1.00000E+00  1.00000E-04  1.03061E-10
  3.78000E-01  1.00000E+00  1.00000E-04  0.00000E+00
  3.79000E-01  1.00000E+00  1.00000E-04  0.00000E+00
  3.80000E-01  1.00000E+00  1.00000E-04  0.00000E+00
  3.81000E-01  1.00000E+00  1.00000E-04  2.57667E-11
  3.82000E-01  1.00000E+00  1.00000E-04  8.58859E-12
  3.83000E-01  1.00000E+00  1.00000E-04 -2.57635E-11
  3.84000E-01  1.00000E+00  1.00000E-04  1.71779E-11
  3.85000E-01  1.00000E+00  1.00000E-04 -1.59962E-16
  3.86000E-01  1.00000E+00  1.00000E-04 -2.57669E-11
  3.87000E-01  1.00000E+00  1.00000E-04  0.00000E+00
  3.88000E-01  1.00000E+00  1.00000E-04  0.00000E+00
  3.89000E-01  1.00000E+00  1.00000E-04  0.00000E+00
  3.90000E-01  1.00000E+00  1.00000E-04  0.00000E+00
  3.91000E-01  1.00000E+00  1.00000E-04  0.00000E+00
  3.92000E-01  1.00000E+00  1.00000E-04  0.00000E+00
  3.93000E-01  1.00000E+00  1.00000E-04  0.00000E+00
  3.94000E-01  1.00000E+00  1.00000E-04  0.00000E+00
  3.95000E-01  1.00000E+00  1.00000E-04  0.00000E+00
  3.96000E-01  1.00000E+00  1.00000E-04  0.00000E+00
  3.97000E-01  1.00000E+00  1.00000E-04  2.57662E-11
  3.98000E-01  1.00000E+00  1.00000E-04 -2.57686E-11
  3.99000E-01  1.00000E+00  1.00000E-04 -8.58865E-12
  4.00000E-01  1.00000E+00  1.00000E-04  8.58849E-12
  4.01000E-01  1.00000E+00  1.00000E-04  0.00000E+00
  4.02000E-01  1.00000E+00  1.00000E-04  0.00000E+00
  4.03000E-01  1.00000E+00  1.00000E-04  0.00000E+00
  4.04000E-01  1.00000E+00  1.00000E-04 -3.65239E-11
  4.05000E-01  1.00000E+00  1.00000E-04 -2.26454E-08
  4.06000E-01  1.00000E+00  1.00068E-04 -9.79722E-12
  4.07000E-01  1.00000E+00  1.00000E-04  2.26299E-08
  4.08000E-01  1.00000E+00  1.00000E-04  6.20012E-11
  4.09000E-01  1.00000E+00  1.00000E-04  0.00000E+00
  4.10000E-01  1.00000E+00  1.00000E-04  0.00000E+00
  4.11000E-01  1.00000E+00  1.00000E-04  0.00000E+00
  4.12000E-01  1.00000E+00  1.00000E-04  0.00000E+00
  4.13000E-01  1.00000E+00  1.00000E-04  0.00000E+00
  4.14000E-01  1.00000E+00  1.00000E-04  0.00000E+00
  4.15000E-01  1.00000E+00  1.00000E-04 -6.19986E-11
  4.16000E-01  1.00000E+00  1.00000E-04 -2.26309E-08
  4.17000E-01  1.00000E+00  1.00068E-04 -1.41996E-14
  4.18000E-01  1.00000E+00  1.00000E-04  2.26225E-08
  4.19000E-01  1.00000E+00  1.00000E-04  6.37902E-11
  4.20000E-01  1.00000E+00  1.00000E-04  6.79574E-12
  4.21000E-01  1.00000E+00  1.00000E-04  0.00000E+00
  4.22000E-01  1.00000E+00  1.00000E-04  0.00000E+00
  4.23000E-01  1.00000E+00  1.00000E-04  3.43547E-11
  4.24000E-01  1.00000E+00  9.99999E-05  0.00000E+00
  4.25000E-01  1.00000E+00  1.00000E-04 -2.57680E-11
  4.26000E-01  1.00000E+00  1.00000E-04 -1.01786E-16
  4.27000E-01  1.00000E+00  1.00000E-04  1.88903E-10
  4.28000E-01  9.99996E-01  9.99996E-05  8.59342E-12
  4.29000E-01  1.00000E+00  1.00000E-04 -2.06048E-10
  4.30000E-01  1.00000E+00  1.00000E-04  0.00000E+00
  4.31000E-01  1.00000E+00  1.00000E-04  0.00000E+00
  4.32000E-01  1.00000E+00  1.00000E-04  1.71781E-11
  4.33000E-01  1.00000E+00  1.00000E-04  0.00000E+00
  4.34000E-01  1.00000E+00  1.00000E-04 -1.71770E-11
  4.35000E-01  1.00000E+00  1.00000E-04  0.00000E+00
  4.36000E-01  1.00000E+00  1.00000E-04 -7.76996E-17
  4.37000E-01  1.00000E+00  1.00000E-04 -2.57699E-11
  4.38000E-01  1.00000E+00  1.00000E-04  8.58993E-12
  4.39000E-01  1.00000E+00  1.00000E-04  1.71778E-11
  4.40000E-01  1.00000E+00  1.00000E-04  0.00000E+00
  4.41000E-01  1.00000E+00  1.00000E-04  8.58978E-12
  4.42000E-01  1.00000E+00  1.00000E-04  0.00000E+00
  4.43000E-01  1.00000E+00  1.00000E-04 -8.58930E-12
  4.44000E-01  1.00000E+00  1.00000E-04  8.58961E-12
  4.45000E-01  1.00000E+00  1.00000E-04  0.00000E+00
  4.46000E-01  1.00000E+00  1.00000E-04 -8.58800E-12
  4.47000E-01  1.00000E+00  1.00000E-04  0.00000E+00
  4.48000E-01  1.00000E+00  1.00000E-04  0.00000E+00
  4.49000E-01  1.00000E+00  1.00000E-04  0.00000E+00
  4.50000E-01  1.00000E+00  1.00000E-04  8.58904E-12
  4.51000E-01  1.00000E+00  1.00000E-04 -3.43578E-11
  4.52000E-01  1.00000E+00  1.00000E-04 -8.59139E-12
  4.53000E-01  1.00000E+00  1.00000E-04  3.43509E-11
  4.54000E-01  1.00000E+00  1.00000E-04  8.58849E-12
  4.55000E-01  1.00000E+00  1.00000E-04  0.00000E+00
  4.56000E-01  1.00000E+00  1.00000E-04 -4.29358E-12
  4.57000E-01  1.00000E+00  1.00000E-04 -4.29577E-12
  4.58000E-01  1.00000E+00  1.00000E-04  7.76996E-17
  4.59000E-01  1.00000E+00  1.00000E-04  0.00000E+00
  4.60000E-01  1.00000E+00  1.00000E-04  8.58814E-12
  4.61000E-01  1.00000E+00  1.00000E-04 -1.71756E-11
  4.62000E-01  1.00000E+00  1.00000E-04 -8.58997E-12
  4.63000E-01  1.00000E+00  1.00000E-04  1.71788E-11
  4.64000E-01  1.00000E+00  1.00000E-04  8.58887E-12
  4.65000E-01  1.00000E+00  1.00000E-04  0.00000E+00
  4.66000E-01  1.00000E+00  1.00000E-04 -8.58856E-12
  4.67000E-01  1.00000E+00  1.00000E-04  8.58954E-12
  4.68000E-01  1.00000E+00  1.00000E-04  8.58756E-12
  4.69000E-01  1.00000E+00  1.00000E-04 -4.29467E-11
  4.70000E-01  1.00000E+00  1.00000E-04  1.71788E-11
  4.71000E-01  1.00000E+00  1.00000E-04  8.58898E-12
  4.72000E-01  1.00000E+00  1.00000E-04 -3.43538E-11
  4.73000E-01  1.00000E+00  1.00000E-04  8.59068E-12
  4.74000E-01  1.00000E+00  1.00000E-04  2.57631E-11
  4.75000E-01  1.00000E+00  1.00000E-04 -6.59449E-16
  4.76000E-01  1.00000E+00  1.00000E-04  8.54695E-17
  4.77000E-01  1.00000E+00  1.00000E-04 -1.71759E-11
  4.78000E-01  1.00000E+00  1.00000E-04  8.59028E-12
  4.79000E-01  1.00000E+00  1.00000E-04  1.71751E-11
  4.80000E-01  1.00000E+00  1.00000E-04  1.71776E-11
  4.81000E-01  1.00000E+00  1.00000E-04  8.58960E-12
  4.82000E-01  1.00000E+00  1.00000E-04 -2.57666E-11
  4.83000E-01  1.00000E+00  1.00000E-04 -6.01193E-11
  4.84000E-01  1.00000E+00  1.00000E-04 -3.43591E-11
  4.85000E-01  1.00000E+00  1.00000E-04  1.71779E-10
  4.86000E-01  1.00000E+00  9.99999E-05 -2.57617E-11
  4.87000E-01  1.00000E+00  1.00000E-04 -9.67478E-16
  4.88000E-01  9.99999E-01  9.99999E-05 -1.01526E-14
  4.89000E-01  1.00000E+00  1.00000E-04 -4.03619E-10
  4.90000E-01  1.00000E+00  1.00000E-04  1.45993E-10
  4.91000E-01  1.00000E+00  1.00000E-04  1.97457E-10
  4.92000E-01  1.00000E+00  1.00000E-04  6.01171E-11
  4.93000E-01  9.99999E-01  9.99999E-05 -8.58723E-12
  4.94000E-01  1.00000E+00  1.00000E-04 -5.15354E-11
  4.95000E-01  1.00000E+00  1.00000E-04  0.00000E+00
  4.96000E-01  1.00000E+00  1.00000E-04  0.00000E+00
  4.97000E-01  1.00000E+00  1.00000E-04  0.00000E+00
  4.98000E-01  1.00000E+00  1.00000E-04  0.00000E+00
  4.99000E-01  1.00000E+00  1.00000E-04  0.00000E+00
  5.00000E-01  1.00000E+00  1.00000E-04  0.00000E+00
  5.01000E-01  1.00000E+00  1.00000E-04  0.00000E+00
  5.02000E-01  1.00000E+00  1.00000E-04  0.00000E+00
  5.03000E-01  1.00000E+00  1.00000E-04  0.00000E+00
  5.04000E-01  1.00000E+00  1.00000E-04  0.00000E+00
  5.05000E-01  1.00000E+00  1.00000E-04  1.03057E-10
  5.06000E-01  9.99998E-01  9.99998E-05  0.00000E+00
  5.07000E-01  1.00000E+00  1.00000E-04 -1.03065E-10
  5.08000E-01  1.00000E+00  1.00000E-04  0.00000E+00
  5.09000E-01  1.00000E+00  1.00000E-04  0.00000E+00
  5.10000E-01  1.00000E+00  1.00000E-04 -7.76996E-17
  5.11000E-01  1.00000E+00  1.00000E-04  0.00000E+00
  5.12000E-01  1.00000E+00  1.00000E-04  7.76995E-17
  5.13000E-01  1.00000E+00  1.00000E-04  0.00000E+00
  5.14000E-01  1.00000E+00  1.00000E-04  0.00000E+00
  5.15000E-01  1.00000E+00  1.00000E-04  0.00000E+00
  5.16000E-01  1.00000E+00  1.00000E-04  6.87133E-11
  5.17000E-01  9.99999E-01  9.99999E-05  0.00000E+00
  5.18000E-01  1.00000E+00  1.00000E-04 -6.87151E-11
  5.19000E-01  1.00000E+00  1.00000E-04  0.00000E+00
  5.20000E-01  1.00000E+00  1.00000E-04 -7.76996E-17
  5.21000E-01  1.00000E+00  1.00000E-04  0.00000E+00
  5.22000E-01  1.00000E+00  1.00000E-04  7.76996E-17
  5.23000E-01  1.00000E+00  1.00000E-04  0.00000E+00
  5.24000E-01  1.00000E+00  1.00000E-04  0.00000E+00
  5.25000E-01  1.00000E+00  1.00000E-04  0.00000E+00
  5.26000E-01  1.00000E+00  1.00000E-04  0.00000E+00
  5.27000E-01  1.00000E+00  1.00000E-04  0.00000E+00
  5.28000E-01  1.00000E+00  1.00000E-04  0.00000E+00
  5.29000E-01  1.00000E+00  1.00000E-04  3.43558E-11
  5.30000E-01  9.99999E-01  9.99999E-05  0.00000E+00
  5.31000E-01  1.00000E+00  1.00000E-04 -3.43554E-11
  5.32000E-01  1.00000E+00  1.00000E-04  0.00000E+00
  5.33000E-01  1.00000E+00  1.00000E-04 -8.58884E-12
  5.34000E-01  1.00000E+00  1.00000E-04 -8.58829E-12
  5.35000E-01  1.00000E+00  1.00000E-04  0.00000E+00
  5.36000E-01  1.00000E+00  1.00000E-04  8.58860E-12
  5.37000E-01  1.00000E+00  1.00000E-04  8.58880E-12
  5.38000E-01  1.00000E+00  1.00000E-04  0.00000E+00
  5.39000E-01  1.00000E+00  1.00000E-04  0.00000E+00
  5.40000E-01  1.00000E+00  1.00000E-04  0.00000E+00
  5.41000E-01  1.00000E+00  1.00000E-04 -8.58906E-12
  5.42000E-01  1.00000E+00  1.00000E-04  0.00000E+00
  5.43000E-01  1.00000E+00  1.00000E-04  8.58888E-12
  5.44000E-01  1.00000E+00  1.00000E-04  8.58892E-12
  5.45000E-01  1.00000E+00  1.00000E-04  0.00000E+00
  5.46000E-01  1.00000E+00  1.00000E-04 -8.58868E-12
  5.47000E-01  1.00000E+00  1.00000E-04  0.00000E+00
  5.48000E-01  1.00000E+00  1.00000E-04  0.00000E+00
  5.49000E-01  1.00000E+00  1.00000E-04  0.00000E+00
  5.50000E-01  1.00000E+00  1.00000E-04 -1.04927E-15
  5.51000E-01  1.00000E+00  1.00000E-04 -8.61812E-16
  5.52000E-01  1.00000E+00  1.00000E-04  1.91108E-15
  5.53000E-01  1.00000E+00  1.00000E-04  8.58887E-12
  5.54000E-01  1.00000E+00  1.00000E-04  0.00000E+00
  5.55000E-01  1.00000E+00  1.00000E-04 -8.58809E-12
  5.56000E-01  1.00000E+00  1.00000E-04  2.57684E-11
  5.57000E-01  1.00000E+00  1.00000E-04 -9.40165E-17
  5.58000E-01  1.00000E+00  1.00000E-04  0.00000E+00
  5.59000E-01  1.00000E+00  1.00000E-04  0.00000E+00
  5.60000E-01  1.00000E+00  1.00000E-04  0.00000E+00
  5.61000E-01  1.00000E+00  1.00000E-04  9.40165E-17
  5.62000E-01  1.00000E+00  1.00000E-04 -1.28827E-11
  5.63000E-01  1.00000E+00  1.00000E-04 -1.28840E-11
  5.64000E-01  1.00000E+00  1.00000E-04 -5.44232E-12
  5.65000E-01  1.00000E+00  1.00000E-04  5.44169E-12
  5.66000E-01  1.00000E+00  1.00000E-04  1.71781E-11
  5.67000E-01  1.00000E+00  1.00000E-04  0.00000E+00
  5.68000E-01  1.00000E+00  1.00000E-04 -1.71779E-11
  5.69000E-01  1.00000E+00  1.00000E-04  0.00000E+00
  5.70000E-01  1.00000E+00  1.00000E-04  1.71796E-11
  5.71000E-01  1.00000E+00  1.00000E-04 -9.40165E-17
  5.72000E-01  1.00000E+00  1.00000E-04  0.00000E+00
  5.73000E-01  1.00000E+00  1.00000E-04  9.40165E-17
  5.74000E-01  1.00000E+00  1.00000E-04 -1.71758E-11
  5.75000E-01  1.00000E+00  1.00000E-04  0.00000E+00
  5.76000E-01  1.00000E+00  1.00000E-04  0.00000E+00
  5.77000E-01  1.00000E+00  1.00000E-04  0.00000E+00
  5.78000E-01  1.00000E+00  1.00000E-04  0.00000E+00
  5.79000E-01  1.00000E+00  1.00000E-04  0.00000E+00
  5.80000E-01  1.00000E+00  1.00000E-04  0.00000E+00
  5.81000E-01  1.00000E+00  1.00000E-04  8.58836E-12
  5.82000E-01  1.00000E+00  1.00000E-04  0.00000E+00
  5.83000E-01  1.00000E+00  1.00000E-04 -2.57642E-11
  5.84000E-01  1.00000E+00  1.00000E-04  5.72621E-12
  5.85000E-01  1.00000E+00  1.00000E-04  5.72758E-12
  5.86000E-01  1.00000E+00  1.00000E-04  5.72613E-12
  5.87000E-01  1.00000E+00  1.00000E-04  0.00000E+00
  5.88000E-01  1.00000E+00  1.00000E-04  0.00000E+00
  5.89000E-01  1.00000E+00  1.00000E-04  0.00000E+00
  5.90000E-01  1.00000E+00  1.00000E-04  0.00000E+00
  5.91000E-01  1.00000E+00  1.00000E-04  0.00000E+00
  5.92000E-01  1.00000E+00  1.00000E-04  0.00000E+00
  5.93000E-01  1.00000E+00  1.00000E-04  2.57688E-11
  5.94000E-01  1.00000E+00  1.00000E-04 -1.03418E-16
  5.95000E-01  1.00000E+00  1.00000E-04 -9.40164E-17
  5.96000E-01  1.00000E+00  1.00000E-04  0.00000E+00
  5.97000E-01  1.00000E+00  1.00000E-04  3.58972E-16
  5.98000E-01  1.00000E+00  1.00000E-04  1.03418E-16
  5.99000E-01  1.00000E+00  1.00000E-04 -2.57643E-11
  6.00000E-01  1.00000E+00  1.00000E-04  0.00000E+00
  6.01000E-01  1.00000E+00  1.00000E-04 -6.21530E-11
  6.02000E-01  1.00000E+00  1.00000E-04 -2.26729E-08
  6.03000E-01  1.00000E+00  1.00068E-04  3.53718E-11
  6.04000E-01  1.00000E+00  1.00000E-04  2.26363E-08
  6.05000E-01  1.00000E+00  1.00000E-04  6.22344E-11
  6.06000E-01  1.00000E+00  1.00000E-04  7.72978E-11
  6.07000E-01  9.99999E-01  9.99999E-05  1.91415E-15
  6.08000E-01  1.00000E+00  1.00000E-04 -3.43558E-11
  6.09000E-01  9.99999E-01  9.99999E-05  8.58826E-12
  6.10000E-01  1.00000E+00  1.00000E-04 -4.29373E-11
  6.11000E-01  1.00000E+00  1.00000E-04 -8.58929E-12
  6.12000E-01  1.00000E+00  1.00000E-04  2.57684E-11
  6.13000E-01  1.00000E+00  1.00000E-04  0.00000E+00
  6.14000E-01  1.00000E+00  1.00000E-04 -2.57688E-11
  6.15000E-01  1.00000E+00  1.00000E-04  0.00000E+00
  6.16000E-01  1.00000E+00  1.00000E-04  0.00000E+00
  6.17000E-01  1.00000E+00  1.00000E-04  0.00000E+00
  6.18000E-01  1.00000E+00  1.00000E-04  0.00000E+00
  6.19000E-01  1.00000E+00  1.00000E-04  0.00000E+00
  6.20000E-01  1.00000E+00  1.00000E-04  0.00000E+00
  6.21000E-01  1.00000E+00  1.00000E-04  2.57640E-11
  6.22000E-01  1.00000E+00  1.00000E-04 -1.71759E-11
  6.23000E-01  1.00000E+00  1.00000E-04 -2.57683E-11
  6.24000E-01  1.00000E+00  1.00000E-04  8.58962E-12
  6.25000E-01  1.00000E+00  1.00000E-04  8.58943E-12
  6.26000E-01  1.00000E+00  1.00000E-04  0.00000E+00
  6.27000E-01  1.00000E+00  1.00000E-04 -8.58940E-12
  6.28000E-01  1.00000E+00  1.00000E-04  1.71765E-11
  6.29000E-01  1.00000E+00  1.00000E-04  0.00000E+00
  6.30000E-01  1.00000E+00  1.00000E-04 -1.13760E-16
  6.31000E-01  1.00000E+00  1.00000E-04  1.03418E-17
  6.32000E-01  1.00000E+00  1.00000E-04 -6.82979E-17
  6.33000E-01  1.00000E+00  1.00000E-04  8.62465E-17
  6.34000E-01  1.00000E+00  1.00000E-04  8.54695E-17
  6.35000E-01  1.00000E+00  1.00000E-04  0.00000E+00
  6.36000E-01  1.00000E+00  1.00000E-04 -8.58772E-12
  6.37000E-01  1.00000E+00  1.00000E-04 -8.59006E-12
  6.38000E-01  1.00000E+00  1.00000E-04  8.58935E-12
  6.39000E-01  1.00000E+00  1.00000E-04  8.58859E-12
  6.40000E-01  1.00000E+00  1.00000E-04  1.71780E-11
  6.41000E-01  1.00000E+00  1.00000E-04 -1.63169E-16
  6.42000E-01  1.00000E+00  1.00000E-04 -2.57653E-11
  6.43000E-01  1.00000E+00  1.00000E-04 -7.76996E-17
  6.44000E-01  1.00000E+00  1.00000E-04 -7.76995E-18
  6.45000E-01  1.00000E+00  1.00000E-04  8.54695E-17
  6.46000E-01  1.00000E+00  1.00000E-04  8.58950E-12
  6.47000E-01  1.00000E+00  1.00000E-04 -7.76996E-17
  6.48000E-01  1.00000E+00  1.00000E-04  8.58934E-12
  6.49000E-01  1.00000E+00  1.00000E-04  5.15244E-11
  6.50000E-01  9.99999E-01  9.99999E-05 -3.43538E-11
  6.51000E-01  1.00000E+00  1.00000E-04 -3.43598E-11
  6.52000E-01  1.00000E+00  1.00000E-04 -8.58899E-12
  6.53000E-01  1.00000E+00  1.00000E-04  8.59000E-12
  6.54000E-01  1.00000E+00  1.00000E-04 -1.01786E-16
  6.55000E-01  1.00000E+00  1.00000E-04 -5.15361E-11
  6.56000E-01  1.00000E+00  1.00000E-04 -9.40165E-17
  6.57000E-01  1.00000E+00  1.00000E-04  8.58995E-12
  6.58000E-01  1.00000E+00  1.00000E-04  5.15371E-11
  6.59000E-01  1.00000E+00  1.00000E-04 -1.71787E-11
  6.60000E-01  1.00000E+00  1.00000E-04 -8.58856E-12
  6.61000E-01  1.00000E+00  1.00000E-04  5.15293E-11
  6.62000E-01  1.00000E+00  1.00000E-04 -3.43572E-11
  6.63000E-01  1.00000E+00  1.00000E-04  8.54695E-17
  6.64000E-01  1.00000E+00  1.00000E-04  7.76996E-17
  6.65000E-01  1.00000E+00  1.00000E-04 -8.58774E-12
  6.66000E-01  1.00000E+00  1.00000E-04  1.88911E-10
  6.67000E-01  9.99998E-01  9.99998E-05 -5.15271E-11
  6.68000E-01  1.00000E+00  1.00000E-04 -1.11635E-10
  6.69000E-01  1.00000E+00  1.00000E-04  8.58925E-12
  6.70000E-01  1.00000E+00  1.00000E-04 -1.03079E-10
  6.71000E-01  1.00000E+00  1.00000E-04  0.00000E+00
  6.72000E-01  1.00000E+00  1.00000E-04  9.44867E-11
  6.73000E-01  1.00000E+00  1.00000E-04  2.57637E-11
  6.74000E-01  1.00000E+00  1.00000E-04 -1.71772E-11
  6.75000E-01  1.00000E+00  1.00000E-04 -1.14505E-11
  6.76000E-01  1.00000E+00  1.00000E-04 -1.14504E-11
  6.77000E-01  1.00000E+00  1.00000E-04 -1.14518E-11
  6.78000E-01  1.00000E+00  1.00000E-04  2.57670E-11
  6.79000E-01  1.00000E+00  1.00000E-04 -4.29482E-11
  6.80000E-01  1.00000E+00  1.00000E-04  1.71792E-11
  6.81000E-01  1.00000E+00  9.99999E-05  9.44641E-11
  6.82000E-01  9.99999E-01  9.99999E-05 -6.87008E-11
  6.83000E-01  1.00000E+00  1.00000E-04  4.29319E-12
  6.84000E-01  1.00000E+00  1.00000E-04  4.29373E-12
  6.85000E-01  1.00000E+00  1.00000E-04 -1.71766E-11
  6.86000E-01  1.00000E+00  1.00000E-04  4.29479E-11
  6.87000E-01  9.99999E-01  9.99999E-05 -8.58772E-12
  6.88000E-01  1.00000E+00  1.00000E-04 -4.29404E-11
  6.89000E-01  1.00000E+00  1.00000E-04  2.57544E-11
  6.90000E-01  1.00000E+00  1.00000E-04 -2.05458E-15
  6.91000E-01  1.00000E+00  1.00000E-04  1.54557E-10
  6.92000E-01  9.99999E-01  9.99997E-05 -6.86935E-11
  6.93000E-01  1.00000E+00  1.00000E-04 -1.20204E-10
  6.94000E-01  1.00000E+00  9.99999E-05 -1.71619E-11
  6.95000E-01  1.00000E+00  1.00000E-04 -1.11645E-10
  6.96000E-01  1.00000E+00  1.00000E-04  5.49471E-10
  6.97000E-01  9.99995E-01  9.99994E-05 -6.00899E-11
  6.98000E-01  1.00000E+00  1.00000E-04 -3.51992E-10
  6.99000E-01  1.00000E+00  1.00000E-04  0.00000E+00
  7.00000E-01  1.00000E+00  1.00000E-04  0.00000E+00
  7.01000E-01  1.00000E+00  1.00000E-04  0.00000E+00
  7.02000E-01  1.00000E+00  1.00000E-04  0.00000E+00
  7.03000E-01  1.00000E+00  1.00000E-04  0.00000E+00
  7.04000E-01  1.00000E+00  1.00000E-04  0.00000E+00
  7.05000E-01  1.00000E+00  1.00000E-04  6.01225E-11
  7.06000E-01  1.00000E+00  9.99999E-05  3.43510E-11
  7.07000E-01  1.00000E+00  1.00000E-04 -1.63180E-10
  7.08000E-01  1.00000E+00  1.00000E-04  2.57678E-11
  7.09000E-01  1.00000E+00  1.00000E-04  4.29415E-11
  7.10000E-01  1.00000E+00  1.00000E-04  0.00000E+00
  7.11000E-01  1.00000E+00  1.00000E-04  0.00000E+00
  7.12000E-01  1.00000E+00  1.00000E-04  0.00000E+00
  7.13000E-01  1.00000E+00  1.00000E-04  0.00000E+00
  7.14000E-01  1.00000E+00  1.00000E-04  0.00000E+00
  7.15000E-01  1.00000E+00  1.00000E-04  0.00000E+00
  7.16000E-01  1.00000E+00  1.00000E-04  0.00000E+00
  7.17000E-01  1.00000E+00  1.00000E-04 -8.58873E-12
  7.18000E-01  1.00000E+00  1.00000E-04  0.00000E+00
  7.19000E-01  1.00000E+00  1.00000E-04  8.58978E-12
  7.20000E-01  1.00000E+00  1.00000E-04 -7.82246E-11
  7.21000E-01  1.00000E+00  1.00000E-04 -2.85569E-08
  7.22000E-01  1.00000E+00  1.00086E-04 -2.85667E-15
  7.23000E-01  1.00000E+00  1.00000E-04  2.85562E-08
  7.24000E-01  1.00000E+00  1.00000E-04  5.63615E-11
  7.25000E-01  1.00000E+00  1.00000E-04  4.94174E-12
  7.26000E-01  1.00000E+00  1.00000E-04  1.71762E-11
  7.27000E-01  1.00000E+00  1.00000E-04  0.00000E+00
  7.28000E-01  1.00000E+00  1.00000E-04  0.00000E+00
  7.29000E-01  1.00000E+00  1.00000E-04  0.00000E+00
  7.30000E-01  1.00000E+00  1.00000E-04  0.00000E+00
  7.31000E-01  1.00000E+00  1.00000E-04  0.00000E+00
  7.32000E-01  1.00000E+00  1.00000E-04  0.00000E+00
  7.33000E-01  1.00000E+00  1.00000E-04  0.00000E+00
  7.34000E-01  1.00000E+00  1.00000E-04  0.00000E+00
  7.35000E-01  1.00000E+00  1.00000E-04  0.00000E+00
  7.36000E-01  1.00000E+00  1.00000E-04  0.00000E+00
  7.37000E-01  1.00000E+00  1.00000E-04  0.00000E+00
  7.38000E-01  1.00000E+00  1.00000E-04  0.00000E+00
  7.39000E-01  1.00000E+00  1.00000E-04  0.00000E+00
  7.40000E-01  1.00000E+00  1.00000E-04  0.00000E+00
  7.41000E-01  1.00000E+00  1.00000E-04  0.00000E+00
  7.42000E-01  1.00000E+00  1.00000E-04 -1.71781E-11
  7.43000E-01  1.00000E+00  1.00000E-04 -8.58945E-12
  7.44000E-01  1.00000E+00  1.00000E-04  2.57676E-11
  7.45000E-01  1.00000E+00  1.00000E-04  7.76995E-17
  7.46000E-01  1.00000E+00  1.00000E-04  0.00000E+00
  7.47000E-01  1.00000E+00  1.00000E-04  0.00000E+00
  7.48000E-01  1.00000E+00  1.00000E-04  0.00000E+00
  7.49000E-01  1.00000E+00  1.00000E-04 -8.58929E-12
  7.50000E-01  1.00000E+00  1.00000E-04 -8.58920E-12
  7.51000E-01  1.00000E+00  1.00000E-04  1.71783E-11
  7.52000E-01  1.00000E+00  1.00000E-04  8.58807E-12
  7.53000E-01  1.00000E+00  1.00000E-04 -8.58807E-12
  7.54000E-01  1.00000E+00  1.00000E-04  0.00000E+00
  7.55000E-01  1.00000E+00  1.00000E-04  8.58930E-12
  7.56000E-01  1.00000E+00  1.00000E-04  0.00000E+00
  7.57000E-01  1.00000E+00  1.00000E-04 -8.58884E-12
  7.58000E-01  1.00000E+00  1.00000E-04  0.00000E+00
  7.59000E-01  1.00000E+00  1.00000E-04  0.00000E+00
  7.60000E-01  1.00000E+00  1.00000E-04  0.00000E+00
  7.61000E-01  1.00000E+00  1.00000E-04  0.00000E+00
  7.62000E-01  1.00000E+00  1.00000E-04  0.00000E+00
  7.63000E-01  1.00000E+00  1.00000E-04  0.00000E+00
  7.64000E-01  1.00000E+00  1.00000E-04  0.00000E+00
  7.65000E-01  1.00000E+00  1.00000E-04  0.00000E+00
  7.66000E-01  1.00000E+00  1.00000E-04  8.58878E-12
  7.67000E-01  1.00000E+00  1.00000E-04  0.00000E+00
  7.68000E-01  1.00000E+00  1.00000E-04 -8.58928E-12
  7.69000E-01  1.00000E+00  1.00000E-04 -5.15322E-11
  7.70000E-01  1.00000E+00  1.00000E-04  0.00000E+00
  7.71000E-01  1.00000E+00  1.00000E-04 -2.11989E-11
  7.72000E-01  1.00000E+00  1.00000E-04 -2.63939E-08
  7.73000E-01  1.00000E+00  1.00079E-04 -7.56940E-14
  7.74000E-01  1.00000E+00  1.00000E-04  2.63176E-08
  7.75000E-01  1.00000E+00  1.00000E-04 -2.86055E-08
  7.76000E-01  1.00000E+00  1.00086E-04  6.98341E-14
  7.77000E-01  1.00000E+00  1.00000E-04  2.86785E-08
  7.78000E-01  1.00000E+00  1.00000E-04  1.04158E-10
  7.79000E-01  1.00000E+00  1.00000E-04  0.00000E+00
  7.80000E-01  1.00000E+00  1.00000E-04 -2.57666E-11
  7.81000E-01  1.00000E+00  1.00000E-04  8.58880E-12
  7.82000E-01  1.00000E+00  1.00000E-04  0.00000E+00
  7.83000E-01  1.00000E+00  1.00000E-04 -8.58852E-12
  7.84000E-01  1.00000E+00  1.00000E-04  2.57689E-11
  7.85000E-01  1.00000E+00  1.00000E-04  0.00000E+00
  7.86000E-01  1.00000E+00  1.00000E-04 -2.57677E-11
  7.87000E-01  1.00000E+00  1.00000E-04  0.00000E+00
  7.88000E-01  1.00000E+00  1.00000E-04  0.00000E+00
  7.89000E-01  1.00000E+00  1.00000E-04  0.00000E+00
  7.90000E-01  1.00000E+00  1.00000E-04  0.00000E+00
  7.91000E-01  1.00000E+00  1.00000E-04  0.00000E+00
  7.92000E-01  1.00000E+00  1.00000E-04 -8.58817E-12
  7.93000E-01  1.00000E+00  1.00000E-04  0.00000E+00
  7.94000E-01  1.00000E+00  1.00000E-04  8.58817E-12
  7.95000E-01  1.00000E+00  1.00000E-04 -8.58929E-12
  7.96000E-01  1.00000E+00  1.00000E-04  0.00000E+00
  7.97000E-01  1.00000E+00  1.00000E-04  8.58875E-12
  7.98000E-01  1.00000E+00  1.00000E-04  3.43546E-11
  7.99000E-01  9.99999E-01  9.99999E-05  0.00000E+00
  8.00000E-01  1.00000E+00  1.00000E-04 -3.43549E-11
  8.01000E-01  1.00000E+00  1.00000E-04  3.43585E-11
  8.02000E-01  9.99999E-01  9.99999E-05  0.00000E+00
  8.03000E-01  1.00000E+00  1.00000E-04 -3.43530E-11
  8.04000E-01  1.00000E+00  1.00000E-04  0.00000E+00
  8.05000E-01  1.00000E+00  1.00000E-04 -6.20032E-11
  8.06000E-01  1.00000E+00  1.00000E-04 -2.26309E-08
  8.07000E-01  1.00000E+00  1.00068E-04 -5.71448E-14
  8.08000E-01  1.00000E+00  1.00000E-04  2.25695E-08
  8.09000E-01  1.00000E+00  1.00000E-04 -2.25687E-08
  8.10000E-01  1.00000E+00  1.00068E-04  6.47207E-14
  8.11000E-01  1.00000E+00  1.00000E-04  2.26313E-08
  8.12000E-01  1.00000E+00  1.00000E-04  8.75591E-11
  8.13000E-01  1.00000E+00  1.00000E-04  0.00000E+00
  8.14000E-01  1.00000E+00  1.00000E-04 -2.57667E-11
  8.15000E-01  1.00000E+00  1.00000E-04  2.57686E-11
  8.16000E-01  1.00000E+00  1.00000E-04  8.58847E-12
  8.17000E-01  1.00000E+00  1.00000E-04 -5.15320E-11
  8.18000E-01  1.00000E+00  1.00000E-04  8.58952E-12
  8.19000E-01  1.00000E+00  1.00000E-04  8.58871E-12
  8.20000E-01  1.00000E+00  1.00000E-04  0.00000E+00
  8.21000E-01  1.00000E+00  1.00000E-04  0.00000E+00
  8.22000E-01  1.00000E+00  1.00000E-04  0.00000E+00
  8.23000E-01  1.00000E+00  1.00000E-04  1.71776E-11
  8.24000E-01  1.00000E+00  1.00000E-04  2.47443E-16
  8.25000E-01  1.00000E+00  1.00000E-04 -8.59019E-12
  8.26000E-01  1.00000E+00  1.00000E-04  7.76995E-17
  8.27000E-01  1.00000E+00  1.00000E-04 -8.58909E-12
  8.28000E-01  1.00000E+00  1.00000E-04  0.00000E+00
  8.29000E-01  1.00000E+00  1.00000E-04  8.58899E-12
  8.30000E-01  1.00000E+00  1.00000E-04  0.00000E+00
  8.31000E-01  1.00000E+00  1.00000E-04 -8.58943E-12
  8.32000E-01  1.00000E+00  1.00000E-04  0.00000E+00
  8.33000E-01  1.00000E+00  1.00000E-04  0.00000E+00
  8.34000E-01  1.00000E+00  1.00000E-04  1.71798E-11
  8.35000E-01  1.00000E+00  1.00000E-04  0.00000E+00
  8.36000E-01  1.00000E+00  1.00000E-04 -1.71787E-11
  8.37000E-01  1.00000E+00  1.00000E-04  0.00000E+00
  8.38000E-01  1.00000E+00  1.00000E-04 -7.65792E-11
  8.39000E-01  1.00000E+00  1.00000E-04 -2.79511E-08
  8.40000E-01  1.00000E+00  1.00084E-04 -3.53646E-11
  8.41000E-01  1.00000E+00  1.00000E-04  2.79886E-08
  8.42000E-01  1.00000E+00  1.00000E-04  9.37573E-11
  8.43000E-01  1.00000E+00  1.00000E-04  8.54695E-17
  8.44000E-01  1.00000E+00  1.00000E-04 -1.71782E-11
  8.45000E-01  1.00000E+00  1.00000E-04  8.58939E-12
  8.46000E-01  1.00000E+00  1.00000E-04  0.00000E+00
  8.47000E-01  1.00000E+00  1.00000E-04 -1.71778E-11
  8.48000E-01  1.00000E+00  1.00000E-04  8.59041E-12
  8.49000E-01  1.00000E+00  1.00000E-04  0.00000E+00
  8.50000E-01  1.00000E+00  1.00000E-04  0.00000E+00
  8.51000E-01  1.00000E+00  1.00000E-04 -4.29512E-12
  8.52000E-01  1.00000E+00  1.00000E-04 -4.29411E-12
  8.53000E-01  1.00000E+00  1.00000E-04  1.71772E-11
  8.54000E-01  1.00000E+00  1.00000E-04  0.00000E+00
  8.55000E-01  1.00000E+00  1.00000E-04  3.69038E-10
  8.56000E-01  9.99994E-01  9.99994E-05 -5.81046E-16
  8.57000E-01  1.00000E+00  1.00000E-04 -3.77665E-10
  8.58000E-01  1.00000E+00  1.00000E-04  7.72891E-11
  8.59000E-01  9.99999E-01  9.99999E-05  8.54695E-17
  8.60000E-01  1.00000E+00  1.00000E-04 -7.72972E-11
  8.61000E-01  1.00000E+00  1.00000E-04  0.00000E+00
  8.62000E-01  1.00000E+00  1.00000E-04  0.00000E+00
  8.63000E-01  1.00000E+00  1.00000E-04  0.00000E+00
  8.64000E-01  1.00000E+00  1.00000E-04  0.00000E+00
  8.65000E-01  1.00000E+00  1.00000E-04  0.00000E+00
  8.66000E-01  1.00000E+00  1.00000E-04  8.58918E-12
  8.67000E-01  1.00000E+00  1.00000E-04  1.71781E-11
  8.68000E-01  1.00000E+00  1.00000E-04 -2.57679E-11
  8.69000E-01  1.00000E+00  1.00000E-04  0.00000E+00
  8.70000E-01  1.00000E+00  1.00000E-04  0.00000E+00
  8.71000E-01  1.00000E+00  1.00000E-04  8.58981E-12
  8.72000E-01  1.00000E+00  1.00000E-04  2.57656E-11
  8.73000E-01  1.00000E+00  1.00000E-04 -5.15338E-11
  8.74000E-01  1.00000E+00  1.00000E-04  8.58967E-12
  8.75000E-01  1.00000E+00  1.00000E-04  8.58866E-12
  8.76000E-01  1.00000E+00  1.00000E-04  1.71765E-11
  8.77000E-01  1.00000E+00  1.00000E-04  0.00000E+00
  8.78000E-01  1.00000E+00  1.00000E-04 -2.57670E-11
  8.79000E-01  1.00000E+00  1.00000E-04  2.57689E-11
  8.80000E-01  1.00000E+00  1.00000E-04  8.58964E-12
  8.81000E-01  1.00000E+00  1.00000E-04  7.72876E-11
  8.82000E-01  9.99998E-01  9.99998E-05  7.76995E-17
  8.83000E-01  1.00000E+00  1.00000E-04 -1.03052E-10
  8.84000E-01  1.00000E+00  1.00000E-04  8.58897E-12
  8.85000E-01  1.00000E+00  1.00000E-04  0.00000E+00
  8.86000E-01  1.00000E+00  1.00000E-04 -8.58994E-12
  8.87000E-01  1.00000E+00  1.00000E-04  0.00000E+00
  8.88000E-01  1.00000E+00  1.00000E-04  0.00000E+00
  8.89000E-01  1.00000E+00  1.00000E-04  8.58934E-12
  8.90000E-01  1.00000E+00  1.00000E-04  0.00000E+00
  8.91000E-01  1.00000E+00  1.00000E-04 -8.58832E-12
  8.92000E-01  1.00000E+00  1.00000E-04  0.00000E+00
  8.93000E-01  1.00000E+00  1.00000E-04  0.00000E+00
  8.94000E-01  1.00000E+00  1.00000E-04  0.00000E+00
  8.95000E-01  1.00000E+00  1.00000E-04  8.58913E-12
  8.96000E-01  1.00000E+00  1.00000E-04 -8.58957E-12
  8.97000E-01  1.00000E+00  1.00000E-04  0.00000E+00
  8.98000E-01  1.00000E+00  1.00000E-04  0.00000E+00
  8.99000E-01  1.00000E+00  1.00000E-04 -2.44871E-16
  9.00000E-01  1.00000E+00  1.00000E-04  1.14794E-16
  9.01000E-01  1.00000E+00  1.00000E-04  1.30077E-16
  9.02000E-01  1.00000E+00  1.00000E-04  0.00000E+00
  9.03000E-01  1.00000E+00  1.00000E-04 -4.29406E-12
  9.04000E-01  1.00000E+00  1.00000E-04 -4.29497E-12
  9.05000E-01  1.00000E+00  1.00000E-04  8.54695E-17
  9.06000E-01  1.00000E+00  1.00000E-04 -1.71784E-11
  9.07000E-01  1.00000E+00  1.00000E-04  1.71801E-11
  9.08000E-01  1.00000E+00  1.00000E-04  8.58819E-12
  9.09000E-01  1.00000E+00  1.00000E-04  8.58905E-12
  9.10000E-01  1.00000E+00  1.00000E-04 -4.29344E-12
  9.11000E-01  1.00000E+00  1.00000E-04 -4.29544E-12
  9.12000E-01  1.00000E+00  1.00000E-04  7.76995E-17
  9.13000E-01  1.00000E+00  1.00000E-04  0.00000E+00
  9.14000E-01  1.00000E+00  1.00000E-04  0.00000E+00
  9.15000E-01  1.00000E+00  1.00000E-04  0.00000E+00
  9.16000E-01  1.00000E+00  1.00000E-04  3.43549E-11
  9.17000E-01  9.99999E-01  9.99999E-05  0.00000E+00
  9.18000E-01  1.00000E+00  1.00000E-04 -3.43576E-11
  9.19000E-01  1.00000E+00  1.00000E-04  0.00000E+00
  9.20000E-01  1.00000E+00  1.00000E-04  0.00000E+00
  9.21000E-01  1.00000E+00  1.00000E-04  4.29464E-11
  9.22000E-01  9.99999E-01  9.99999E-05  3.02648E-16
  9.23000E-01  1.00000E+00  1.00000E-04 -2.57637E-11
  9.24000E-01  1.00000E+00  1.00000E-04  2.57623E-11
  9.25000E-01  1.00000E+00  1.00000E-04 -2.57625E-11
  9.26000E-01  1.00000E+00  1.00000E-04 -1.71772E-11
  9.27000E-01  1.00000E+00  1.00000E-04  0.00000E+00
  9.28000E-01  1.00000E+00  1.00000E-04 -2.33099E-16
  9.29000E-01  1.00000E+00  1.00000E-04  7.76995E-17
  9.30000E-01  1.00000E+00  1.00000E-04  7.76995E-17
  9.31000E-01  1.00000E+00  1.00000E-04  8.58857E-12
  9.32000E-01  1.00000E+00  1.00000E-04  4.21343E-12
  9.33000E-01  1.00000E+00  1.00000E-04 -4.21356E-12
  9.34000E-01  1.00000E+00  1.00000E-04 -8.58949E-12
  9.35000E-01  1.00000E+00  1.00000E-04  0.00000E+00
  9.36000E-01  1.00000E+00  1.00000E-04 -1.71766E-11
  9.37000E-01  1.00000E+00  1.00000E-04  0.00000E+00
  9.38000E-01  1.00000E+00  1.00000E-04  5.15281E-11
  9.39000E-01  1.00000E+00  1.00000E-04  0.00000E+00
  9.40000E-01  1.00000E+00  1.00000E-04 -5.15366E-11
  9.41000E-01  1.00000E+00  1.00000E-04  0.00000E+00
  9.42000E-01  1.00000E+00  1.00000E-04  6.01166E-11
  9.43000E-01  1.00000E+00  1.00000E-04 -8.58764E-12
  9.44000E-01  1.00000E+00  1.00000E-04 -8.58949E-12
  9.45000E-01  1.00000E+00  1.00000E-04  2.31797E-10
  9.46000E-01  9.99996E-01  9.99996E-05  6.86995E-11
  9.47000E-01  1.00000E+00  1.00000E-04 -3.34823E-10
  9.48000E-01  1.00000E+00  1.00000E-04  8.58877E-12
  9.49000E-01  1.00000E+00  1.00000E-04  8.58823E-12
  9.50000E-01  1.00000E+00  1.00000E-04  2.57620E-11
  9.51000E-01  1.00000E+00  1.00000E-04  8.58928E-12
  9.52000E-01  1.00000E+00  1.00000E-04 -4.75533E-13
  9.53000E-01  1.00000E+00  1.00000E-04 -8.11399E-12
  9.54000E-01  1.00000E+00  1.00000E-04 -7.72909E-11
  9.55000E-01  1.00000E+00  1.00000E-04  2.57685E-11
  9.56000E-01  1.00000E+00  1.00000E-04  2.57701E-11
  9.57000E-01  1.00000E+00  1.00000E-04  8.58983E-12
  9.58000E-01  1.00000E+00  1.00000E-04  1.71769E-11
  9.59000E-01  1.00000E+00  1.00000E-04 -5.15244E-11
  9.60000E-01  1.00000E+00  1.00000E-04  8.58778E-12
  9.61000E-01  1.00000E+00  1.00000E-04  8.58910E-12
  9.62000E-01  1.00000E+00  1.00000E-04 -1.71755E-11
  9.63000E-01  1.00000E+00  1.00000E-04 -3.43571E-11
  9.64000E-01  1.00000E+00  1.00000E-04  8.58865E-11
  9.65000E-01  1.00000E+00  1.00000E-04  8.58995E-12
  9.66000E-01  1.00000E+00  1.00000E-04 -1.03048E-10
  9.67000E-01  1.00000E+00  1.00000E-04  3.43603E-11
  9.68000E-01  1.00000E+00  1.00000E-04 -1.21530E-16
  9.69000E-01  1.00000E+00  1.00000E-04 -8.59004E-12
  9.70000E-01  1.00000E+00  1.00000E-04  8.58883E-12
  9.71000E-01  1.00000E+00  1.00000E-04  6.01106E-11
  9.72000E-01  9.99999E-01  9.99999E-05  1.71784E-11
  9.73000E-01  1.00000E+00  1.00000E-04  2.74680E-10
  9.74000E-01  9.99995E-01  9.99995E-05  1.71725E-11
  9.75000E-01  1.00000E+00  1.00000E-04 -3.60529E-10
  9.76000E-01  1.00000E+00  1.00000E-04  3.43532E-11
  9.77000E-01  1.00000E+00  9.99999E-05  2.57624E-11
  9.78000E-01  1.00000E+00  1.00000E-04 -7.72647E-11
  9.79000E-01  9.99999E-01  1.00000E-04  1.47978E-15
  9.80000E-01  1.00000E+00  1.00000E-04  1.88861E-10
  9.81000E-01  9.99998E-01  9.99998E-05  8.59784E-12
  9.82000E-01  1.00000E+00  1.00000E-04 -2.49001E-10
  9.83000E-01  1.00000E+00  1.00000E-04  3.43488E-11
  9.84000E-01  1.00000E+00  1.00000E-04  2.75202E-15
  9.85000E-01  1.00000E+00  1.00000E-04  2.91928E-10
  9.86000E-01  9.99996E-01  9.99995E-05 -2.40238E-10
  9.87000E-01  1.00001E+00  1.00001E-04 -3.00522E-10
  9.88000E-01  1.00000E+00  1.00000E-04  2.05873E-10
  9.89000E-01  1.00000E+00  1.00000E-04  1.13866E-09
  9.90000E-01  9.99981E-01  9.99981E-05  1.03036E-10
  9.91000E-01  1.00000E+00  1.00000E-04 -1.14293E-09
  9.92000E-01  1.00000E+00  1.00000E-04 -4.35531E-12
  9.93000E-01  1.00000E+00  1.00000E-04  0.00000E+00
  9.94000E-01  1.00000E+00  1.00000E-04 -1.71769E-11
  9.95000E-01  1.00000E+00  1.00000E-04  0.00000E+00
  9.96000E-01  1.00000E+00  1.00000E-04  1.71789E-11
  9.97000E-01  1.00000E+00  1.00000E-04  0.00000E+00
  9.98000E-01  1.00000E+00  1.00000E-04  0.00000E+00
  9.99000E-01  1.00000E+00  1.00000E-04  0.00000E+00
