  0.00000E+00  2.28320E-05  2.22958E+01  1.96212E-02
  1.00000E-03  2.28314E-05  2.22956E+01  5.83606E-02
  2.00000E-03  2.28311E-05  2.22953E+01  8.78505E-02
  3.00000E-03  2.28312E-05  2.22949E+01  1.05597E-01
  4.00000E-03  2.28319E-05  2.22948E+01  1.11907E-01
  5.00000E-03  2.28324E-05  2.22948E+01  1.20900E-01
  6.00000E-03  2.28378E-05  2.22950E+01  1.32398E-01
  7.00000E-03  2.28516E-05  2.22952E+01  1.54652E-01
  8.00000E-03  2.28699E-05  2.22952E+01  1.81120E-01
  9.00000E-03  2.28973E-05  2.22951E+01  2.08133E-01
  1.00000E-02  2.29197E-05  2.22949E+01  2.32636E-01
  1.10000E-02  2.29465E-05  2.22948E+01  2.56150E-01
  1.20000E-02  2.29631E-05  2.22948E+01  2.79802E-01
  1.30000E-02  2.29776E-05  2.22950E+01  3.01313E-01
  1.40000E-02  2.29866E-05  2.22951E+01  3.21044E-01
  1.50000E-02  2.30201E-05  2.22951E+01  3.39472E-01
  1.60000E-02  2.31108E-05  2.22951E+01  3.57244E-01
  1.70000E-02  2.35821E-05  2.22952E+01  3.74005E-01
  1.80000E-02  2.43555E-05  2.22952E+01  3.92073E-01
  1.90000E-02  2.54384E-05  2.22953E+01  4.16192E-01
  2.00000E-02  2.69044E-05  2.22952E+01  4.42402E-01
  2.10000E-02  2.82908E-05  2.22951E+01  4.68312E-01
  2.20000E-02  2.99464E-05  2.22950E+01  4.92324E-01
  2.30000E-02  3.17136E-05  2.22950E+01  5.16130E-01
  2.40000E-02  3.35923E-05  2.22952E+01  5.37464E-01
  2.50000E-02  3.55649E-05  2.22952E+01  5.56990E-01
  2.60000E-02  3.77930E-05  2.22953E+01  5.77248E-01
  2.70000E-02  4.01533E-05  2.22953E+01  5.96917E-01
  2.80000E-02  4.25999E-05  2.22953E+01  6.15727E-01
  2.90000E-02  4.53897E-05  2.22953E+01  6.35243E-01
  3.00000E-02  4.84125E-05  2.22954E+01  6.56031E-01
  3.10000E-02  5.15197E-05  2.22954E+01  6.76094E-01
  3.20000E-02  5.52771E-05  2.22955E+01  6.97441E-01
  3.30000E-02  5.93638E-05  2.22959E+01  7.27393E-01
  3.40000E-02  6.37746E-05  2.22965E+01  7.59777E-01
  3.50000E-02  6.91882E-05  2.22966E+01  7.82719E-01
  3.60000E-02  7.50188E-05  2.22965E+01  8.01921E-01
  3.70000E-02  8.17062E-05  2.22964E+01  8.19391E-01
  3.80000E-02  8.96452E-05  2.22964E+01  8.38597E-01
  3.90000E-02  9.82539E-05  2.22964E+01  8.57778E-01
  4.00000E-02  1.08931E-04  2.22964E+01  8.77727E-01
  4.10000E-02  1.20393E-04  2.22964E+01  8.97640E-01
  4.20000E-02  1.34649E-04  2.22965E+01  9.16304E-01
  4.30000E-02  1.49740E-04  2.22965E+01  9.34487E-01
  4.40000E-02  1.68465E-04  2.22966E+01  9.53632E-01
  4.50000E-02  1.88031E-04  2.22966E+01  9.73888E-01
  4.60000E-02  2.11075E-04  2.22965E+01  9.93193E-01
  4.70000E-02  2.37295E-04  2.22965E+01  1.01238E+00
  4.80000E-02  2.63644E-04  2.22966E+01  1.03143E+00
  4.90000E-02  2.95058E-04  2.22964E+01  1.05102E+00
  5.00000E-02  3.26924E-04  2.22965E+01  1.07205E+00
  5.10000E-02  3.61991E-04  2.22962E+01  1.09050E+00
  5.20000E-02  3.99572E-04  2.22961E+01  1.10895E+00
  5.30000E-02  4.37445E-04  2.22958E+01  1.12672E+00
  5.40000E-02  4.79855E-04  2.22959E+01  1.14970E+00
  5.50000E-02  5.21890E-04  2.22958E+01  1.17350E+00
  5.60000E-02  5.68841E-04  2.22954E+01  1.19227E+00
  5.70000E-02  6.13634E-04  2.22963E+01  1.21699E+00
  5.80000E-02  6.66467E-04  2.22967E+01  1.23953E+00
  5.90000E-02  7.15101E-04  2.22966E+01  1.25927E+00
  6.00000E-02  7.68889E-04  2.22980E+01  1.28180E+00
  6.10000E-02  8.26651E-04  2.23002E+01  1.29498E+00
  6.20000E-02  8.84437E-04  2.23034E+01  1.29405E+00
  6.30000E-02  9.46953E-04  2.23086E+01  1.29337E+00
  6.40000E-02  1.00783E-03  2.23136E+01  1.29484E+00
  6.50000E-02  1.07882E-03  2.23179E+01  1.29597E+00
  6.60000E-02  1.15134E-03  2.23222E+01  1.29607E+00
  6.70000E-02  1.22176E-03  2.23270E+01  1.29931E+00
  6.80000E-02  1.30618E-03  2.23322E+01  1.30899E+00
  6.90000E-02  1.38293E-03  2.23369E+01  1.32080E+00
  7.00000E-02  1.47146E-03  2.23403E+01  1.33319E+00
  7.10000E-02  1.57163E-03  2.23440E+01  1.34669E+00
  7.20000E-02  1.66512E-03  2.23459E+01  1.36119E+00
  7.30000E-02  1.76734E-03  2.23482E+01  1.38027E+00
  7.40000E-02  1.87688E-03  2.23494E+01  1.40075E+00
  7.50000E-02  1.99803E-03  2.23506E+01  1.41831E+00
  7.60000E-02  2.12041E-03  2.23540E+01  1.43528E+00
  7.70000E-02  2.25193E-03  2.23578E+01  1.45831E+00
  7.80000E-02  2.37924E-03  2.23585E+01  1.47896E+00
  7.90000E-02  2.52795E-03  2.23590E+01  1.50625E+00
  8.00000E-02  2.68010E-03  2.23603E+01  1.53578E+00
  8.10000E-02  2.81973E-03  2.23602E+01  1.56041E+00
  8.20000E-02  2.99110E-03  2.23601E+01  1.57690E+00
  8.30000E-02  3.16903E-03  2.23605E+01  1.60629E+00
  8.40000E-02  3.33347E-03  2.23603E+01  1.63520E+00
  8.50000E-02  3.50672E-03  2.23604E+01  1.65261E+00
  8.60000E-02  3.70771E-03  2.23607E+01  1.67548E+00
  8.70000E-02  3.89010E-03  2.23619E+01  1.69960E+00
  8.80000E-02  4.09333E-03  2.23674E+01  1.71298E+00
  8.90000E-02  4.29836E-03  2.23764E+01  1.71387E+00
  9.00000E-02  4.51426E-03  2.23838E+01  1.71921E+00
  9.10000E-02  4.71725E-03  2.23894E+01  1.72719E+00
  9.20000E-02  4.97581E-03  2.23923E+01  1.74767E+00
  9.30000E-02  5.18236E-03  2.23935E+01  1.76372E+00
  9.40000E-02  5.41794E-03  2.23958E+01  1.78411E+00
  9.50000E-02  5.69188E-03  2.24021E+01  1.80135E+00
  9.60000E-02  5.93832E-03  2.24052E+01  1.81704E+00
  9.70000E-02  6.18776E-03  2.24116E+01  1.82618E+00
  9.80000E-02  6.52016E-03  2.24199E+01  1.83756E+00
  9.90000E-02  6.75784E-03  2.24234E+01  1.84853E+00
  1.00000E-01  7.08585E-03  2.24285E+01  1.86713E+00
  1.01000E-01  7.36641E-03  2.24282E+01  1.87914E+00
  1.02000E-01  7.69694E-03  2.24241E+01  1.90312E+00
  1.03000E-01  8.04535E-03  2.24157E+01  1.90993E+00
  1.04000E-01  8.35619E-03  2.24005E+01  1.90998E+00
  1.05000E-01  8.75001E-03  2.23888E+01  1.90778E+00
  1.06000E-01  9.06990E-03  2.23764E+01  1.91101E+00
  1.07000E-01  9.44429E-03  2.23638E+01  1.91416E+00
  1.08000E-01  9.86766E-03  2.23560E+01  1.91186E+00
  1.09000E-01  1.02251E-02  2.23548E+01  1.92076E+00
  1.10000E-01  1.06667E-02  2.23579E+01  1.94796E+00
  1.11000E-01  1.10975E-02  2.23543E+01  1.98047E+00
  1.12000E-01  1.15364E-02  2.23585E+01  2.00360E+00
  1.13000E-01  1.20366E-02  2.23570E+01  2.04387E+00
  1.14000E-01  1.24635E-02  2.23601E+01  2.07067E+00
  1.15000E-01  1.29852E-02  2.23655E+01  2.09700E+00
  1.16000E-01  1.34714E-02  2.23646E+01  2.13542E+00
  1.17000E-01  1.40174E-02  2.23700E+01  2.15961E+00
  1.18000E-01  1.45406E-02  2.23747E+01  2.18890E+00
  1.19000E-01  1.51300E-02  2.23795E+01  2.22154E+00
  1.20000E-01  1.57389E-02  2.23775E+01  2.24297E+00
  1.21000E-01  1.62522E-02  2.23858E+01  2.27529E+00
  1.22000E-01  1.69688E-02  2.23840E+01  2.30059E+00
  1.23000E-01  1.75127E-02  2.23847E+01  2.32138E+00
  1.24000E-01  1.82177E-02  2.23902E+01  2.36016E+00
  1.25000E-01  1.88668E-02  2.23923E+01  2.37264E+00
  1.26000E-01  1.95784E-02  2.23987E+01  2.38720E+00
  1.27000E-01  2.03523E-02  2.23944E+01  2.40939E+00
  1.28000E-01  2.09601E-02  2.23962E+01  2.42413E+00
  1.29000E-01  2.17721E-02  2.23819E+01  2.42235E+00
  1.30000E-01  2.26478E-02  2.23791E+01  2.41647E+00
  1.31000E-01  2.33326E-02  2.23786E+01  2.41952E+00
  1.32000E-01  2.41918E-02  2.23728E+01  2.44303E+00
  1.33000E-01  2.49850E-02  2.23678E+01  2.45907E+00
  1.34000E-01  2.58905E-02  2.23764E+01  2.47679E+00
  1.35000E-01  2.67479E-02  2.23742E+01  2.50578E+00
  1.36000E-01  2.76559E-02  2.23730E+01  2.53936E+00
  1.37000E-01  2.86286E-02  2.23916E+01  2.55341E+00
  1.38000E-01  2.96595E-02  2.23886E+01  2.57529E+00
  1.39000E-01  3.06136E-02  2.24137E+01  2.58485E+00
  1.40000E-01  3.16568E-02  2.24442E+01  2.59189E+00
  1.41000E-01  3.27413E-02  2.24658E+01  2.61589E+00
  1.42000E-01  3.38368E-02  2.24745E+01  2.62916E+00
  1.43000E-01  3.47017E-02  2.24811E+01  2.65427E+00
  1.44000E-01  3.61402E-02  2.24846E+01  2.66701E+00
  1.45000E-01  3.70279E-02  2.24928E+01  2.70200E+00
  1.46000E-01  3.84184E-02  2.24821E+01  2.72211E+00
  1.47000E-01  3.98554E-02  2.24895E+01  2.73756E+00
  1.48000E-01  4.05149E-02  2.24880E+01  2.77337E+00
  1.49000E-01  4.20628E-02  2.24822E+01  2.78575E+00
  1.50000E-01  4.33646E-02  2.24865E+01  2.79829E+00
  1.51000E-01  4.47745E-02  2.25238E+01  2.80028E+00
  1.52000E-01  4.63066E-02  2.25392E+01  2.81254E+00
  1.53000E-01  4.77442E-02  2.25407E+01  2.82150E+00
  1.54000E-01  4.87917E-02  2.25468E+01  2.84761E+00
  1.55000E-01  5.03726E-02  2.25493E+01  2.86566E+00
  1.56000E-01  5.20943E-02  2.25608E+01  2.88535E+00
  1.57000E-01  5.35953E-02  2.25547E+01  2.92355E+00
  1.58000E-01  5.52019E-02  2.25801E+01  2.93653E+00
  1.59000E-01  5.68985E-02  2.25816E+01  2.94649E+00
  1.60000E-01  5.83581E-02  2.26163E+01  2.95861E+00
  1.61000E-01  6.01359E-02  2.26290E+01  2.97294E+00
  1.62000E-01  6.21198E-02  2.26449E+01  3.00350E+00
  1.63000E-01  6.36603E-02  2.26346E+01  3.03220E+00
  1.64000E-01  6.54772E-02  2.26447E+01  3.04566E+00
  1.65000E-01  6.75663E-02  2.26381E+01  3.07787E+00
  1.66000E-01  6.90255E-02  2.26361E+01  3.11585E+00
  1.67000E-01  7.11001E-02  2.26526E+01  3.12902E+00
  1.68000E-01  7.35109E-02  2.26538E+01  3.13973E+00
  1.69000E-01  7.55196E-02  2.27015E+01  3.14465E+00
  1.70000E-01  7.74056E-02  2.27487E+01  3.14584E+00
  1.71000E-01  7.95884E-02  2.27790E+01  3.15808E+00
  1.72000E-01  8.20306E-02  2.27726E+01  3.18170E+00
  1.73000E-01  8.40918E-02  2.27716E+01  3.20101E+00
  1.74000E-01  8.62739E-02  2.27685E+01  3.22923E+00
  1.75000E-01  8.88605E-02  2.27673E+01  3.27116E+00
  1.76000E-01  9.06607E-02  2.27724E+01  3.29303E+00
  1.77000E-01  9.32577E-02  2.28176E+01  3.29552E+00
  1.78000E-01  9.58678E-02  2.28463E+01  3.30604E+00
  1.79000E-01  9.85996E-02  2.29000E+01  3.30837E+00
  1.80000E-01  1.00772E-01  2.29130E+01  3.31827E+00
  1.81000E-01  1.03922E-01  2.29343E+01  3.34792E+00
  1.82000E-01  1.06797E-01  2.29308E+01  3.38278E+00
  1.83000E-01  1.09162E-01  2.29210E+01  3.42034E+00
  1.84000E-01  1.12122E-01  2.29423E+01  3.45123E+00
  1.85000E-01  1.15180E-01  2.29910E+01  3.45681E+00
  1.86000E-01  1.18055E-01  2.30478E+01  3.46494E+00
  1.87000E-01  1.20874E-01  2.30618E+01  3.48341E+00
  1.88000E-01  1.23969E-01  2.31014E+01  3.50071E+00
  1.89000E-01  1.27288E-01  2.30922E+01  3.53065E+00
  1.90000E-01  1.30433E-01  2.31112E+01  3.55708E+00
  1.91000E-01  1.33890E-01  2.31866E+01  3.56379E+00
  1.92000E-01  1.37158E-01  2.32241E+01  3.58300E+00
  1.93000E-01  1.40537E-01  2.32213E+01  3.61043E+00
  1.94000E-01  1.43584E-01  2.32081E+01  3.64838E+00
  1.95000E-01  1.47618E-01  2.32212E+01  3.67681E+00
  1.96000E-01  1.50948E-01  2.32868E+01  3.68134E+00
  1.97000E-01  1.55471E-01  2.33474E+01  3.69398E+00
  1.98000E-01  1.58403E-01  2.33536E+01  3.71927E+00
  1.99000E-01  1.62624E-01  2.33902E+01  3.73691E+00
  2.00000E-01  1.66434E-01  2.34352E+01  3.74065E+00
  2.01000E-01  1.70670E-01  2.35087E+01  3.75808E+00
  2.02000E-01  1.75480E-01  2.35247E+01  3.79692E+00
  2.03000E-01  1.78393E-01  2.35238E+01  3.83871E+00
  2.04000E-01  1.82932E-01  2.35598E+01  3.85571E+00
  2.05000E-01  1.87444E-01  2.36279E+01  3.85486E+00
  2.06000E-01  1.92646E-01  2.36812E+01  3.86127E+00
  2.07000E-01  1.97009E-01  2.37488E+01  3.87538E+00
  2.08000E-01  2.00824E-01  2.37588E+01  3.90989E+00
  2.09000E-01  2.06765E-01  2.38218E+01  3.94099E+00
  2.10000E-01  2.11318E-01  2.38938E+01  3.96486E+00
  2.11000E-01  2.17034E-01  2.39505E+01  3.97427E+00
  2.12000E-01  2.21032E-01  2.39664E+01  3.99460E+00
  2.13000E-01  2.26343E-01  2.39919E+01  4.02863E+00
  2.14000E-01  2.31542E-01  2.40095E+01  4.05324E+00
  2.15000E-01  2.37424E-01  2.41483E+01  4.05524E+00
  2.16000E-01  2.43253E-01  2.42450E+01  4.09856E+00
  2.17000E-01  2.47806E-01  2.42640E+01  4.11731E+00
  2.18000E-01  2.55622E-01  2.43444E+01  4.13886E+00
  2.19000E-01  2.60678E-01  2.43974E+01  4.15959E+00
  2.20000E-01  2.66352E-01  2.44560E+01  4.16066E+00
  2.21000E-01  2.71916E-01  2.44864E+01  4.16992E+00
  2.22000E-01  2.77960E-01  2.45033E+01  4.19739E+00
  2.23000E-01  2.85602E-01  2.46813E+01  4.22430E+00
  2.24000E-01  2.92186E-01  2.48137E+01  4.26051E+00
  2.25000E-01  3.00649E-01  2.48329E+01  4.28116E+00
  2.26000E-01  3.05457E-01  2.49063E+01  4.30075E+00
  2.27000E-01  3.13011E-01  2.49724E+01  4.31277E+00
  2.28000E-01  3.19646E-01  2.50387E+01  4.35418E+00
  2.29000E-01  3.27155E-01  2.51222E+01  4.38463E+00
  2.30000E-01  3.34527E-01  2.52145E+01  4.38751E+00
  2.31000E-01  3.41664E-01  2.53039E+01  4.41563E+00
  2.32000E-01  3.51582E-01  2.53652E+01  4.46347E+00
  2.33000E-01  3.59011E-01  2.54708E+01  4.48908E+00
  2.34000E-01  3.67200E-01  2.56044E+01  4.49527E+00
  2.35000E-01  3.75763E-01  2.57044E+01  4.49756E+00
  2.36000E-01  3.83683E-01  2.58061E+01  4.50280E+00
  2.37000E-01  3.92392E-01  2.59098E+01  4.53197E+00
  2.38000E-01  4.00812E-01  2.60063E+01  4.58460E+00
  2.39000E-01  4.11288E-01  2.61551E+01  4.62674E+00
  2.40000E-01  4.20836E-01  2.62231E+01  4.65737E+00
  2.41000E-01  4.30364E-01  2.63475E+01  4.65841E+00
  2.42000E-01  4.40198E-01  2.64766E+01  4.65633E+00
  2.43000E-01  4.49737E-01  2.66240E+01  4.65958E+00
  2.44000E-01  4.62285E-01  2.68107E+01  4.68725E+00
  2.45000E-01  4.72515E-01  2.69718E+01  4.75026E+00
  2.46000E-01  4.83331E-01  2.71358E+01  4.79304E+00
  2.47000E-01  4.94793E-01  2.71775E+01  4.81319E+00
  2.48000E-01  5.04173E-01  2.72361E+01  4.83794E+00
  2.49000E-01  5.16906E-01  2.73938E+01  4.86908E+00
  2.50000E-01  5.28817E-01  2.75795E+01  4.88535E+00
  2.51000E-01  5.42550E-01  2.78239E+01  4.88894E+00
  2.52000E-01  5.56407E-01  2.80616E+01  4.92209E+00
  2.53000E-01  5.66844E-01  2.81422E+01  4.95375E+00
  2.54000E-01  5.83703E-01  2.82886E+01  5.00301E+00
  2.55000E-01  5.95760E-01  2.84867E+01  5.04238E+00
  2.56000E-01  6.07024E-01  2.85851E+01  5.04358E+00
  2.57000E-01  6.24771E-01  2.88471E+01  5.05902E+00
  2.58000E-01  6.39190E-01  2.91701E+01  5.09301E+00
  2.59000E-01  6.53637E-01  2.92981E+01  5.11049E+00
  2.60000E-01  6.66185E-01  2.92982E+01  5.13364E+00
  2.61000E-01  6.85856E-01  2.96130E+01  5.18286E+00
  2.62000E-01  7.06698E-01  3.00970E+01  5.24275E+00
  2.63000E-01  7.20367E-01  3.03348E+01  5.27440E+00
  2.64000E-01  7.38758E-01  3.04452E+01  5.28133E+00
  2.65000E-01  7.52920E-01  3.04949E+01  5.28012E+00
  2.66000E-01  7.68356E-01  3.06063E+01  5.28562E+00
  2.67000E-01  7.91398E-01  3.09704E+01  5.33838E+00
  2.68000E-01  8.11093E-01  3.13940E+01  5.38912E+00
  2.69000E-01  8.32177E-01  3.16298E+01  5.40947E+00
  2.70000E-01  8.52519E-01  3.19583E+01  5.44151E+00
  2.71000E-01  8.74065E-01  3.22495E+01  5.48056E+00
  2.72000E-01  8.96477E-01  3.25010E+01  5.50259E+00
  2.73000E-01  9.21259E-01  3.29687E+01  5.53241E+00
  2.74000E-01  9.42339E-01  3.31238E+01  5.55993E+00
  2.75000E-01  9.66351E-01  3.34747E+01  5.60265E+00
  2.76000E-01  9.93392E-01  3.38743E+01  5.63914E+00
  2.77000E-01  1.02348E+00  3.44667E+01  5.68412E+00
  2.78000E-01  1.04742E+00  3.46944E+01  5.71753E+00
  2.79000E-01  1.06943E+00  3.48352E+01  5.72537E+00
  2.80000E-01  1.09961E+00  3.53073E+01  5.74203E+00
  2.81000E-01  1.12893E+00  3.57275E+01  5.79682E+00
  2.82000E-01  1.16160E+00  3.62165E+01  5.83852E+00
  2.83000E-01  1.19103E+00  3.66226E+01  5.86925E+00
  2.84000E-01  1.22763E+00  3.71677E+01  5.90348E+00
  2.85000E-01  1.25694E+00  3.74799E+01  5.94270E+00
  2.86000E-01  1.29069E+00  3.79695E+01  5.96957E+00
  2.87000E-01  1.33146E+00  3.85697E+01  6.00384E+00
  2.88000E-01  1.36299E+00  3.90294E+01  6.04785E+00
  2.89000E-01  1.40381E+00  3.95058E+01  6.08475E+00
  2.90000E-01  1.44371E+00  4.01204E+01  6.10888E+00
  2.91000E-01  1.48692E+00  4.07653E+01  6.15750E+00
  2.92000E-01  1.52797E+00  4.12016E+01  6.19809E+00
  2.93000E-01  1.57387E+00  4.19000E+01  6.22307E+00
  2.94000E-01  1.61771E+00  4.24973E+01  6.26919E+00
  2.95000E-01  1.66790E+00  4.31167E+01  6.30994E+00
  2.96000E-01  1.71285E+00  4.37864E+01  6.33703E+00
  2.97000E-01  1.76825E+00  4.45089E+01  6.37758E+00
  2.98000E-01  1.82494E+00  4.53603E+01  6.43602E+00
  2.99000E-01  1.87470E+00  4.59787E+01  6.46076E+00
  3.00000E-01  1.93499E+00  4.67484E+01  6.49157E+00
  3.01000E-01  1.99131E+00  4.75959E+01  6.53552E+00
  3.02000E-01  2.06141E+00  4.84749E+01  6.59055E+00
  3.03000E-01  2.12120E+00  4.93148E+01  6.62027E+00
  3.04000E-01  2.19201E+00  5.02094E+01  6.66015E+00
  3.05000E-01  2.26009E+00  5.11208E+01  6.71351E+00
  3.06000E-01  2.33168E+00  5.20660E+01  6.74425E+00
  3.07000E-01  2.41107E+00  5.30983E+01  6.78218E+00
  3.08000E-01  2.49037E+00  5.42406E+01  6.82835E+00
  3.09000E-01  2.57433E+00  5.52416E+01  6.88006E+00
  3.10000E-01  2.65956E+00  5.63983E+01  6.90480E+00
  3.11000E-01  2.75263E+00  5.75672E+01  6.96155E+00
  3.12000E-01  2.84231E+00  5.87630E+01  7.00647E+00
  3.13000E-01  2.94258E+00  6.00011E+01  7.03677E+00
  3.14000E-01  3.04703E+00  6.12689E+01  7.09230E+00
  3.15000E-01  3.16427E+00  6.29316E+01  7.14777E+00
  3.16000E-01  3.25787E+00  6.41743E+01  7.17315E+00
  3.17000E-01  3.38372E+00  6.54430E+01  7.20426E+00
  3.18000E-01  3.53114E+00  6.72192E+01  7.28573E+00
  3.19000E-01  3.66123E+00  6.93688E+01  7.33835E+00
  3.20000E-01  3.68523E+00  6.85543E+01  7.28537E+00
  3.21000E-01  3.39972E+00  5.57656E+01  6.58208E+00
  3.22000E-01  2.01881E+00  1.81465E+01  3.52776E+00
  3.23000E-01  1.17484E+00  8.55097E-01  4.11603E-01
  3.24000E-01  1.01100E+00  1.58349E-03  3.29038E-03
  3.25000E-01  1.00000E+00  1.00010E-04  1.46622E-06
  3.26000E-01  1.00000E+00  1.00000E-04  7.59076E-11
  3.27000E-01  1.00000E+00  1.00000E-04  3.14729E-11
  3.28000E-01  1.00000E+00  1.00000E-04  3.14597E-11
  3.29000E-01  1.00000E+00  1.00000E-04  3.14564E-11
  3.30000E-01  1.00000E+00  1.00000E-04  9.43044E-11
  3.31000E-01  1.00000E+00  1.00000E-04  0.00000E+00
  3.32000E-01  1.00000E+00  1.00000E-04  2.83154E-10
  3.33000E-01  1.00000E+00  1.00000E-04  9.43049E-11
  3.34000E-01  1.00000E+00  1.00000E-04 -2.82992E-10
  3.35000E-01  1.00000E+00  1.00000E-04  2.39237E-16
  3.36000E-01  1.00000E+00  1.00000E-04  1.03418E-16
  3.37000E-01  1.00000E+00  1.00000E-04 -9.44827E-11
  3.38000E-01  1.00000E+00  1.00000E-04  0.00000E+00
  3.39000E-01  1.00000E+00  1.00000E-04 -3.77410E-10
  3.40000E-01  1.00000E+00  1.00000E-04 -9.44589E-11
  3.41000E-01  1.00000E+00  1.00000E-04  3.77382E-10
  3.42000E-01  1.00000E+00  1.00000E-04 -9.44449E-11
  3.43000E-01  1.00000E+00  1.00000E-04  9.44043E-11
  3.44000E-01  1.00000E+00  1.00000E-04  1.15744E-09
  3.45000E-01  9.99999E-01  9.99999E-05 -1.43973E-09
  3.46000E-01  1.00000E+00  1.00000E-04 -8.93971E-10
  3.47000E-01  1.00000E+00  1.00000E-04 -4.04951E-09
  3.48000E-01  1.00000E+00  1.00001E-04  2.58614E-09
  3.49000E-01  1.00000E+00  9.99996E-05  4.42746E-09
  3.50000E-01  1.00000E+00  1.00000E-04 -2.26919E-09
  3.51000E-01  1.00000E+00  1.00000E-04  5.73825E-10
  3.52000E-01  1.00000E+00  1.00000E-04  2.55959E-12
  3.53000E-01  1.00000E+00  1.00000E-04  0.00000E+00
  3.54000E-01  1.00000E+00  1.00000E-04  0.00000E+00
  3.55000E-01  1.00000E+00  1.00000E-04  0.00000E+00
  3.56000E-01  1.00000E+00  1.00000E-04  0.00000E+00
  3.57000E-01  1.00000E+00  1.00000E-04  0.00000E+00
  3.58000E-01  1.00000E+00  1.00000E-04  0.00000E+00
  3.59000E-01  1.00000E+00  1.00000E-04  0.00000E+00
  3.60000E-01  1.00000E+00  1.00000E-04  0.00000E+00
  3.61000E-01  1.00000E+00  1.00000E-04 -7.76996E-17
  3.62000E-01  1.00000E+00  1.00000E-04  0.00000E+00
  3.63000E-01  1.00000E+00  1.00000E-04  7.76996E-17
  3.64000E-01  1.00000E+00  1.00000E-04  0.00000E+00
  3.65000E-01  1.00000E+00  1.00000E-04  0.00000E+00
  3.66000E-01  1.00000E+00  1.00000E-04  0.00000E+00
  3.67000E-01  1.00000E+00  1.00000E-04  0.00000E+00
  3.68000E-01  1.00000E+00  1.00000E-04  0.00000E+00
  3.69000E-01  1.00000E+00  1.00000E-04  0.00000E+00
  3.70000E-01  1.00000E+00  1.00000E-04  0.00000E+00
  3.71000E-01  1.00000E+00  1.00000E-04  0.00000E+00
  3.72000E-01  1.00000E+00  1.00000E-04 -1.88782E-10
  3.73000E-01  1.00000E+00  1.00000E-04 -1.88818E-10
  3.74000E-01  1.00000E+00  1.00000E-04  2.69431E-10
  3.75000E-01  1.00000E+00  1.00000E-04 -1.02440E-09
  3.76000E-01  1.00000E+00  1.00000E-04  7.79874E-17
  3.77000E-01  1.00000E+00  1.00000E-04  1.08588E-09
  3.78000E-01  1.00000E+00  1.00000E-04  4.74322E-11
  3.79000E-01  1.00000E+00  1.00000E-04  0.00000E+00
  3.80000E-01  1.00000E+00  1.00000E-04  0.00000E+00
  3.81000E-01  1.00000E+00  1.00000E-04  2.83216E-10
  3.82000E-01  1.00000E+00  1.00000E-04  9.43919E-11
  3.83000E-01  1.00000E+00  1.00000E-04 -2.82999E-10
  3.84000E-01  1.00000E+00  1.00000E-04  1.88781E-10
  3.85000E-01  1.00000E+00  1.00000E-04 -1.59962E-16
  3.86000E-01  1.00000E+00  1.00000E-04 -2.83182E-10
  3.87000E-01  1.00000E+00  1.00000E-04  0.00000E+00
  3.88000E-01  1.00000E+00  1.00000E-04  0.00000E+00
  3.89000E-01  1.00000E+00  1.00000E-04  0.00000E+00
  3.90000E-01  1.00000E+00  1.00000E-04  0.00000E+00
  3.91000E-01  1.00000E+00  1.00000E-04  0.00000E+00
  3.92000E-01  1.00000E+00  1.00000E-04  0.00000E+00
  3.93000E-01  1.00000E+00  1.00000E-04  0.00000E+00
  3.94000E-01  1.00000E+00  1.00000E-04  0.00000E+00
  3.95000E-01  1.00000E+00  1.00000E-04  0.00000E+00
  3.96000E-01  1.00000E+00  1.00000E-04  0.00000E+00
  3.97000E-01  1.00000E+00  1.00000E-04  2.82685E-10
  3.98000E-01  1.00000E+00  1.00000E-04 -2.82860E-10
  3.99000E-01  1.00000E+00  1.00000E-04 -9.43757E-11
  4.00000E-01  1.00000E+00  1.00000E-04  9.43591E-11
  4.01000E-01  1.00000E+00  1.00000E-04  0.00000E+00
  4.02000E-01  1.00000E+00  1.00000E-04  0.00000E+00
  4.03000E-01  1.00000E+00  1.00000E-04 -1.54487E-10
  4.04000E-01  1.00000E+00  1.00000E-04 -4.27589E-08
  4.05000E-01  1.00000E+00  1.00000E-04 -1.49452E-06
  4.06000E-01  1.00000E+00  1.00422E-04 -1.08134E-10
  4.07000E-01  1.00000E+00  1.00000E-04  1.49443E-06
  4.08000E-01  1.00000E+00  1.00000E-04  4.30253E-08
  4.09000E-01  1.00000E+00  1.00000E-04  1.56207E-10
  4.10000E-01  1.00000E+00  1.00000E-04  0.00000E+00
  4.11000E-01  1.00000E+00  1.00000E-04  0.00000E+00
  4.12000E-01  1.00000E+00  1.00000E-04  0.00000E+00
  4.13000E-01  1.00000E+00  1.00000E-04  0.00000E+00
  4.14000E-01  1.00000E+00  1.00000E-04 -1.56105E-10
  4.15000E-01  1.00000E+00  1.00000E-04 -4.30117E-08
  4.16000E-01  1.00000E+00  1.00000E-04 -1.49491E-06
  4.17000E-01  1.00000E+00  1.00422E-04 -4.65775E-13
  4.18000E-01  1.00000E+00  1.00000E-04  1.49494E-06
  4.19000E-01  1.00000E+00  1.00000E-04  4.30814E-08
  4.20000E-01  1.00000E+00  1.00000E-04  2.13141E-10
  4.21000E-01  1.00000E+00  1.00000E-04  0.00000E+00
  4.22000E-01  1.00000E+00  1.00000E-04  0.00000E+00
  4.23000E-01  1.00000E+00  1.00000E-04  3.77539E-10
  4.24000E-01  1.00000E+00  9.99999E-05  0.00000E+00
  4.25000E-01  1.00000E+00  1.00000E-04 -2.83281E-10
  4.26000E-01  1.00000E+00  1.00000E-04  2.81083E-11
  4.27000E-01  1.00000E+00  1.00000E-04  2.04008E-09
  4.28000E-01  9.99996E-01  9.99996E-05  1.04021E-10
  4.29000E-01  1.00000E+00  1.00000E-04 -2.17612E-09
  4.30000E-01  1.00000E+00  1.00000E-04 -8.80196E-11
  4.31000E-01  1.00000E+00  1.00000E-04  0.00000E+00
  4.32000E-01  1.00000E+00  1.00000E-04  1.88834E-10
  4.33000E-01  1.00000E+00  1.00000E-04  0.00000E+00
  4.34000E-01  1.00000E+00  1.00000E-04 -1.88729E-10
  4.35000E-01  1.00000E+00  1.00000E-04  0.00000E+00
  4.36000E-01  1.00000E+00  1.00000E-04 -7.76996E-17
  4.37000E-01  1.00000E+00  1.00000E-04 -2.83413E-10
  4.38000E-01  1.00000E+00  1.00000E-04  9.44653E-11
  4.39000E-01  1.00000E+00  1.00000E-04  1.88796E-10
  4.40000E-01  1.00000E+00  1.00000E-04  0.00000E+00
  4.41000E-01  1.00000E+00  1.00000E-04  9.44560E-11
  4.42000E-01  1.00000E+00  1.00000E-04  0.00000E+00
  4.43000E-01  1.00000E+00  1.00000E-04 -9.44227E-11
  4.44000E-01  1.00000E+00  1.00000E-04  9.44477E-11
  4.45000E-01  1.00000E+00  1.00000E-04  0.00000E+00
  4.46000E-01  1.00000E+00  1.00000E-04 -9.43269E-11
  4.47000E-01  1.00000E+00  1.00000E-04  0.00000E+00
  4.48000E-01  1.00000E+00  1.00000E-04  0.00000E+00
  4.49000E-01  1.00000E+00  1.00000E-04  0.00000E+00
  4.50000E-01  1.00000E+00  1.00000E-04  9.44019E-11
  4.51000E-01  1.00000E+00  1.00000E-04 -3.77802E-10
  4.52000E-01  1.00000E+00  1.00000E-04 -9.45561E-11
  4.53000E-01  1.00000E+00  1.00000E-04  3.77290E-10
  4.54000E-01  1.00000E+00  1.00000E-04  9.43540E-11
  4.55000E-01  1.00000E+00  1.00000E-04  0.00000E+00
  4.56000E-01  1.00000E+00  1.00000E-04 -4.72147E-11
  4.57000E-01  1.00000E+00  1.00000E-04 -4.72145E-11
  4.58000E-01  1.00000E+00  1.00000E-04  7.76996E-17
  4.59000E-01  1.00000E+00  1.00000E-04  0.00000E+00
  4.60000E-01  1.00000E+00  1.00000E-04  9.43351E-11
  4.61000E-01  1.00000E+00  1.00000E-04 -1.88653E-10
  4.62000E-01  1.00000E+00  1.00000E-04 -9.44650E-11
  4.63000E-01  1.00000E+00  1.00000E-04  1.88884E-10
  4.64000E-01  1.00000E+00  1.00000E-04  9.43910E-11
  4.65000E-01  1.00000E+00  1.00000E-04  0.00000E+00
  4.66000E-01  1.00000E+00  1.00000E-04 -9.43625E-11
  4.67000E-01  1.00000E+00  1.00000E-04  9.44451E-11
  4.68000E-01  1.00000E+00  1.00000E-04  9.38678E-11
  4.69000E-01  1.00000E+00  1.00000E-04 -4.71716E-10
  4.70000E-01  1.00000E+00  1.00000E-04  1.88883E-10
  4.71000E-01  1.00000E+00  1.00000E-04  9.44109E-11
  4.72000E-01  1.00000E+00  1.00000E-04 -3.77492E-10
  4.73000E-01  1.00000E+00  1.00000E-04  9.44841E-11
  4.74000E-01  1.00000E+00  1.00000E-04  2.83011E-10
  4.75000E-01  1.00000E+00  1.00000E-04 -6.59449E-16
  4.76000E-01  1.00000E+00  1.00000E-04  8.54695E-17
  4.77000E-01  1.00000E+00  1.00000E-04 -1.88667E-10
  4.78000E-01  1.00000E+00  1.00000E-04  9.44795E-11
  4.79000E-01  1.00000E+00  1.00000E-04  1.88684E-10
  4.80000E-01  1.00000E+00  1.00000E-04  1.88685E-10
  4.81000E-01  1.00000E+00  1.00000E-04  9.44460E-11
  4.82000E-01  1.00000E+00  1.00000E-04 -2.83071E-10
  4.83000E-01  1.00000E+00  1.00000E-04 -6.60794E-10
  4.84000E-01  1.00000E+00  1.00000E-04 -3.13396E-10
  4.85000E-01  1.00000E+00  1.00000E-04  1.74022E-09
  4.86000E-01  1.00000E+00  9.99999E-05 -1.99255E-10
  4.87000E-01  1.00000E+00  1.00000E-04 -9.67478E-16
  4.88000E-01  9.99999E-01  9.99999E-05 -1.27363E-10
  4.89000E-01  1.00000E+00  1.00000E-04 -4.16340E-09
  4.90000E-01  1.00000E+00  1.00000E-04  1.45588E-09
  4.91000E-01  1.00000E+00  1.00000E-04  2.16715E-09
  4.92000E-01  1.00000E+00  1.00000E-04  6.63548E-10
  4.93000E-01  9.99999E-01  9.99999E-05 -9.44882E-11
  4.94000E-01  1.00000E+00  1.00000E-04 -5.66061E-10
  4.95000E-01  1.00000E+00  1.00000E-04 -4.90122E-13
  4.96000E-01  1.00000E+00  1.00000E-04  0.00000E+00
  4.97000E-01  1.00000E+00  1.00000E-04  0.00000E+00
  4.98000E-01  1.00000E+00  1.00000E-04  0.00000E+00
  4.99000E-01  1.00000E+00  1.00000E-04  0.00000E+00
  5.00000E-01  1.00000E+00  1.00000E-04  0.00000E+00
  5.01000E-01  1.00000E+00  1.00000E-04  0.00000E+00
  5.02000E-01  1.00000E+00  1.00000E-04  0.00000E+00
  5.03000E-01  1.00000E+00  1.00000E-04  0.00000E+00
  5.04000E-01  1.00000E+00  1.00000E-04  4.74260E-11
  5.05000E-01  1.00000E+00  1.00000E-04  1.08526E-09
  5.06000E-01  9.99998E-01  9.99998E-05  0.00000E+00
  5.07000E-01  1.00000E+00  1.00000E-04 -1.08583E-09
  5.08000E-01  1.00000E+00  1.00000E-04 -4.74373E-11
  5.09000E-01  1.00000E+00  1.00000E-04  0.00000E+00
  5.10000E-01  1.00000E+00  1.00000E-04 -7.76996E-17
  5.11000E-01  1.00000E+00  1.00000E-04  0.00000E+00
  5.12000E-01  1.00000E+00  1.00000E-04  7.76995E-17
  5.13000E-01  1.00000E+00  1.00000E-04  0.00000E+00
  5.14000E-01  1.00000E+00  1.00000E-04  0.00000E+00
  5.15000E-01  1.00000E+00  1.00000E-04  2.39690E-11
  5.16000E-01  1.00000E+00  1.00000E-04  7.31514E-10
  5.17000E-01  9.99999E-01  9.99999E-05  0.00000E+00
  5.18000E-01  1.00000E+00  1.00000E-04 -7.31605E-10
  5.19000E-01  1.00000E+00  1.00000E-04 -2.39757E-11
  5.20000E-01  1.00000E+00  1.00000E-04 -5.39112E-15
  5.21000E-01  1.00000E+00  1.00000E-04  2.65674E-15
  5.22000E-01  1.00000E+00  1.00000E-04  2.73438E-15
  5.23000E-01  1.00000E+00  1.00000E-04  0.00000E+00
  5.24000E-01  1.00000E+00  1.00000E-04  0.00000E+00
  5.25000E-01  1.00000E+00  1.00000E-04  0.00000E+00
  5.26000E-01  1.00000E+00  1.00000E-04  0.00000E+00
  5.27000E-01  1.00000E+00  1.00000E-04  0.00000E+00
  5.28000E-01  1.00000E+00  1.00000E-04  0.00000E+00
  5.29000E-01  1.00000E+00  1.00000E-04  3.77587E-10
  5.30000E-01  9.99999E-01  9.99999E-05  0.00000E+00
  5.31000E-01  1.00000E+00  1.00000E-04 -3.77565E-10
  5.32000E-01  1.00000E+00  1.00000E-04  0.00000E+00
  5.33000E-01  1.00000E+00  1.00000E-04 -9.43934E-11
  5.34000E-01  1.00000E+00  1.00000E-04 -9.43488E-11
  5.35000E-01  1.00000E+00  1.00000E-04  0.00000E+00
  5.36000E-01  1.00000E+00  1.00000E-04  9.43649E-11
  5.37000E-01  1.00000E+00  1.00000E-04  9.43915E-11
  5.38000E-01  1.00000E+00  1.00000E-04  0.00000E+00
  5.39000E-01  1.00000E+00  1.00000E-04  0.00000E+00
  5.40000E-01  1.00000E+00  1.00000E-04  0.00000E+00
  5.41000E-01  1.00000E+00  1.00000E-04 -9.44020E-11
  5.42000E-01  1.00000E+00  1.00000E-04  0.00000E+00
  5.43000E-01  1.00000E+00  1.00000E-04  9.43919E-11
  5.44000E-01  1.00000E+00  1.00000E-04  9.43890E-11
  5.45000E-01  1.00000E+00  1.00000E-04  0.00000E+00
  5.46000E-01  1.00000E+00  1.00000E-04 -9.43678E-11
  5.47000E-01  1.00000E+00  1.00000E-04  0.00000E+00
  5.48000E-01  1.00000E+00  1.00000E-04  0.00000E+00
  5.49000E-01  1.00000E+00  1.00000E-04  0.00000E+00
  5.50000E-01  1.00000E+00  1.00000E-04 -1.04927E-15
  5.51000E-01  1.00000E+00  1.00000E-04 -8.61812E-16
  5.52000E-01  1.00000E+00  1.00000E-04  1.91108E-15
  5.53000E-01  1.00000E+00  1.00000E-04  9.43899E-11
  5.54000E-01  1.00000E+00  1.00000E-04  0.00000E+00
  5.55000E-01  1.00000E+00  1.00000E-04 -9.43329E-11
  5.56000E-01  1.00000E+00  1.00000E-04  2.83320E-10
  5.57000E-01  1.00000E+00  1.00000E-04 -9.40165E-17
  5.58000E-01  1.00000E+00  1.00000E-04  0.00000E+00
  5.59000E-01  1.00000E+00  1.00000E-04  0.00000E+00
  5.60000E-01  1.00000E+00  1.00000E-04  0.00000E+00
  5.61000E-01  1.00000E+00  1.00000E-04  9.40165E-17
  5.62000E-01  1.00000E+00  1.00000E-04 -1.41600E-10
  5.63000E-01  1.00000E+00  1.00000E-04 -1.41602E-10
  5.64000E-01  1.00000E+00  1.00000E-04 -4.02987E-11
  5.65000E-01  1.00000E+00  1.00000E-04  4.02766E-11
  5.66000E-01  1.00000E+00  1.00000E-04  1.88801E-10
  5.67000E-01  1.00000E+00  1.00000E-04  0.00000E+00
  5.68000E-01  1.00000E+00  1.00000E-04 -1.88792E-10
  5.69000E-01  1.00000E+00  1.00000E-04  0.00000E+00
  5.70000E-01  1.00000E+00  1.00000E-04  1.88918E-10
  5.71000E-01  1.00000E+00  1.00000E-04 -9.40165E-17
  5.72000E-01  1.00000E+00  1.00000E-04  0.00000E+00
  5.73000E-01  1.00000E+00  1.00000E-04  9.40165E-17
  5.74000E-01  1.00000E+00  1.00000E-04 -1.88649E-10
  5.75000E-01  1.00000E+00  1.00000E-04  0.00000E+00
  5.76000E-01  1.00000E+00  1.00000E-04  0.00000E+00
  5.77000E-01  1.00000E+00  1.00000E-04  0.00000E+00
  5.78000E-01  1.00000E+00  1.00000E-04  0.00000E+00
  5.79000E-01  1.00000E+00  1.00000E-04  0.00000E+00
  5.80000E-01  1.00000E+00  1.00000E-04  0.00000E+00
  5.81000E-01  1.00000E+00  1.00000E-04  9.43480E-11
  5.82000E-01  1.00000E+00  1.00000E-04  0.00000E+00
  5.83000E-01  1.00000E+00  1.00000E-04 -2.83004E-10
  5.84000E-01  1.00000E+00  1.00000E-04  6.29750E-11
  5.85000E-01  1.00000E+00  1.00000E-04  6.29772E-11
  5.86000E-01  1.00000E+00  1.00000E-04  6.29755E-11
  5.87000E-01  1.00000E+00  1.00000E-04  0.00000E+00
  5.88000E-01  1.00000E+00  1.00000E-04  0.00000E+00
  5.89000E-01  1.00000E+00  1.00000E-04  0.00000E+00
  5.90000E-01  1.00000E+00  1.00000E-04  0.00000E+00
  5.91000E-01  1.00000E+00  1.00000E-04  0.00000E+00
  5.92000E-01  1.00000E+00  1.00000E-04  0.00000E+00
  5.93000E-01  1.00000E+00  1.00000E-04  2.83334E-10
  5.94000E-01  1.00000E+00  1.00000E-04 -1.03418E-16
  5.95000E-01  1.00000E+00  1.00000E-04 -9.40164E-17
  5.96000E-01  1.00000E+00  1.00000E-04  0.00000E+00
  5.97000E-01  1.00000E+00  1.00000E-04  3.58972E-16
  5.98000E-01  1.00000E+00  1.00000E-04  1.03418E-16
  5.99000E-01  1.00000E+00  1.00000E-04 -2.83004E-10
  6.00000E-01  1.00000E+00  1.00000E-04 -1.59445E-10
  6.01000E-01  1.00000E+00  1.00000E-04 -4.30429E-08
  6.02000E-01  1.00000E+00  1.00000E-04 -1.49628E-06
  6.03000E-01  1.00000E+00  1.00422E-04  3.63848E-10
  6.04000E-01  1.00000E+00  1.00000E-04  1.49539E-06
  6.05000E-01  1.00000E+00  1.00000E-04  4.31791E-08
  6.06000E-01  1.00000E+00  1.00000E-04  1.04023E-09
  6.07000E-01  9.99999E-01  9.99999E-05 -8.12222E-11
  6.08000E-01  1.00000E+00  1.00000E-04 -3.77676E-10
  6.09000E-01  9.99999E-01  9.99999E-05  9.43489E-11
  6.10000E-01  1.00000E+00  1.00000E-04 -4.71580E-10
  6.11000E-01  1.00000E+00  1.00000E-04 -9.44303E-11
  6.12000E-01  1.00000E+00  1.00000E-04  2.83291E-10
  6.13000E-01  1.00000E+00  1.00000E-04  0.00000E+00
  6.14000E-01  1.00000E+00  1.00000E-04 -2.83346E-10
  6.15000E-01  1.00000E+00  1.00000E-04  0.00000E+00
  6.16000E-01  1.00000E+00  1.00000E-04  0.00000E+00
  6.17000E-01  1.00000E+00  1.00000E-04  0.00000E+00
  6.18000E-01  1.00000E+00  1.00000E-04  0.00000E+00
  6.19000E-01  1.00000E+00  1.00000E-04  0.00000E+00
  6.20000E-01  1.00000E+00  1.00000E-04  0.00000E+00
  6.21000E-01  1.00000E+00  1.00000E-04  2.83015E-10
  6.22000E-01  1.00000E+00  1.00000E-04 -1.88655E-10
  6.23000E-01  1.00000E+00  1.00000E-04 -2.83286E-10
  6.24000E-01  1.00000E+00  1.00000E-04  9.44491E-11
  6.25000E-01  1.00000E+00  1.00000E-04  9.44368E-11
  6.26000E-01  1.00000E+00  1.00000E-04  0.00000E+00
  6.27000E-01  1.00000E+00  1.00000E-04 -9.44346E-11
  6.28000E-01  1.00000E+00  1.00000E-04  1.88688E-10
  6.29000E-01  1.00000E+00  1.00000E-04  0.00000E+00
  6.30000E-01  1.00000E+00  1.00000E-04 -1.13760E-16
  6.31000E-01  1.00000E+00  1.00000E-04  1.03418E-17
  6.32000E-01  1.00000E+00  1.00000E-04 -6.82979E-17
  6.33000E-01  1.00000E+00  1.00000E-04  8.62465E-17
  6.34000E-01  1.00000E+00  1.00000E-04  8.54695E-17
  6.35000E-01  1.00000E+00  1.00000E-04  0.00000E+00
  6.36000E-01  1.00000E+00  1.00000E-04 -9.43172E-11
  6.37000E-01  1.00000E+00  1.00000E-04 -9.44691E-11
  6.38000E-01  1.00000E+00  1.00000E-04  9.44343E-11
  6.39000E-01  1.00000E+00  1.00000E-04  9.43552E-11
  6.40000E-01  1.00000E+00  1.00000E-04  1.88824E-10
  6.41000E-01  1.00000E+00  1.00000E-04 -1.63169E-16
  6.42000E-01  1.00000E+00  1.00000E-04 -2.83106E-10
  6.43000E-01  1.00000E+00  1.00000E-04 -7.76996E-17
  6.44000E-01  1.00000E+00  1.00000E-04 -7.76995E-18
  6.45000E-01  1.00000E+00  1.00000E-04  8.54695E-17
  6.46000E-01  1.00000E+00  1.00000E-04  9.44356E-11
  6.47000E-01  1.00000E+00  1.00000E-04 -7.76996E-17
  6.48000E-01  1.00000E+00  1.00000E-04  9.44403E-11
  6.49000E-01  1.00000E+00  1.00000E-04  5.27914E-10
  6.50000E-01  9.99999E-01  9.99999E-05 -3.39486E-10
  6.51000E-01  1.00000E+00  1.00000E-04 -3.77909E-10
  6.52000E-01  1.00000E+00  1.00000E-04 -9.44313E-11
  6.53000E-01  1.00000E+00  1.00000E-04  9.44804E-11
  6.54000E-01  1.00000E+00  1.00000E-04 -1.01786E-16
  6.55000E-01  1.00000E+00  1.00000E-04 -5.66597E-10
  6.56000E-01  1.00000E+00  1.00000E-04 -9.40165E-17
  6.57000E-01  1.00000E+00  1.00000E-04  9.44708E-11
  6.58000E-01  1.00000E+00  1.00000E-04  5.42678E-10
  6.59000E-01  1.00000E+00  1.00000E-04 -1.64905E-10
  6.60000E-01  1.00000E+00  1.00000E-04 -9.43566E-11
  6.61000E-01  1.00000E+00  1.00000E-04  5.66139E-10
  6.62000E-01  1.00000E+00  1.00000E-04 -3.77736E-10
  6.63000E-01  1.00000E+00  1.00000E-04  8.54695E-17
  6.64000E-01  1.00000E+00  1.00000E-04  7.76996E-17
  6.65000E-01  1.00000E+00  1.00000E-04 -8.83380E-12
  6.66000E-01  1.00000E+00  1.00000E-04  1.96370E-09
  6.67000E-01  9.99998E-01  9.99998E-05 -5.40588E-10
  6.68000E-01  1.00000E+00  1.00000E-04 -1.17246E-09
  6.69000E-01  1.00000E+00  1.00000E-04 -1.05132E-11
  6.70000E-01  1.00000E+00  1.00000E-04 -1.08291E-09
  6.71000E-01  1.00000E+00  1.00000E-04  0.00000E+00
  6.72000E-01  1.00000E+00  1.00000E-04  1.03911E-09
  6.73000E-01  1.00000E+00  1.00000E-04  2.83006E-10
  6.74000E-01  1.00000E+00  1.00000E-04 -1.88815E-10
  6.75000E-01  1.00000E+00  1.00000E-04 -1.25793E-10
  6.76000E-01  1.00000E+00  1.00000E-04 -1.25793E-10
  6.77000E-01  1.00000E+00  1.00000E-04 -1.25797E-10
  6.78000E-01  1.00000E+00  1.00000E-04  2.59253E-10
  6.79000E-01  1.00000E+00  1.00000E-04 -4.48330E-10
  6.80000E-01  1.00000E+00  1.00000E-04  1.88924E-10
  6.81000E-01  1.00000E+00  9.99999E-05  9.72926E-10
  6.82000E-01  9.99999E-01  9.99999E-05 -6.89977E-10
  6.83000E-01  1.00000E+00  1.00000E-04  4.71702E-11
  6.84000E-01  1.00000E+00  1.00000E-04  4.71669E-11
  6.85000E-01  1.00000E+00  1.00000E-04 -1.88719E-10
  6.86000E-01  1.00000E+00  1.00000E-04  4.72271E-10
  6.87000E-01  9.99999E-01  9.99999E-05 -9.43469E-11
  6.88000E-01  1.00000E+00  1.00000E-04 -4.47824E-10
  6.89000E-01  1.00000E+00  1.00000E-04  2.59006E-10
  6.90000E-01  1.00000E+00  1.00000E-04  3.17659E-11
  6.91000E-01  1.00000E+00  1.00000E-04  1.64177E-09
  6.92000E-01  9.99999E-01  9.99997E-05 -7.28637E-10
  6.93000E-01  1.00000E+00  1.00000E-04 -1.27498E-09
  6.94000E-01  1.00000E+00  9.99999E-05 -2.69448E-10
  6.95000E-01  1.00000E+00  1.00000E-04 -9.50962E-10
  6.96000E-01  1.00000E+00  1.00000E-04  5.73954E-09
  6.97000E-01  9.99995E-01  9.99994E-05 -6.28048E-10
  6.98000E-01  1.00000E+00  1.00000E-04 -3.69655E-09
  6.99000E-01  1.00000E+00  1.00000E-04 -1.47801E-10
  7.00000E-01  1.00000E+00  1.00000E-04  0.00000E+00
  7.01000E-01  1.00000E+00  1.00000E-04  0.00000E+00
  7.02000E-01  1.00000E+00  1.00000E-04  0.00000E+00
  7.03000E-01  1.00000E+00  1.00000E-04  0.00000E+00
  7.04000E-01  1.00000E+00  1.00000E-04  1.39016E-11
  7.05000E-01  1.00000E+00  1.00000E-04  6.47081E-10
  7.06000E-01  1.00000E+00  9.99999E-05  3.45800E-10
  7.07000E-01  1.00000E+00  1.00000E-04 -1.72769E-09
  7.08000E-01  1.00000E+00  1.00000E-04  2.49260E-10
  7.09000E-01  1.00000E+00  1.00000E-04  4.71877E-10
  7.10000E-01  1.00000E+00  1.00000E-04  0.00000E+00
  7.11000E-01  1.00000E+00  1.00000E-04  0.00000E+00
  7.12000E-01  1.00000E+00  1.00000E-04  0.00000E+00
  7.13000E-01  1.00000E+00  1.00000E-04  0.00000E+00
  7.14000E-01  1.00000E+00  1.00000E-04  0.00000E+00
  7.15000E-01  1.00000E+00  1.00000E-04  0.00000E+00
  7.16000E-01  1.00000E+00  1.00000E-04  0.00000E+00
  7.17000E-01  1.00000E+00  1.00000E-04 -9.43702E-11
  7.18000E-01  1.00000E+00  1.00000E-04 -2.28057E-11
  7.19000E-01  1.00000E+00  1.00000E-04 -8.51106E-11
  7.20000E-01  1.00000E+00  1.00000E-04 -5.42734E-08
  7.21000E-01  1.00000E+00  1.00000E-04 -1.88596E-06
  7.22000E-01  1.00000E+00  1.00532E-04 -2.75592E-12
  7.23000E-01  1.00000E+00  1.00000E-04  1.88573E-06
  7.24000E-01  1.00000E+00  1.00000E-04  5.40635E-08
  7.25000E-01  1.00000E+00  1.00000E-04  2.57496E-10
  7.26000E-01  1.00000E+00  1.00000E-04  1.88681E-10
  7.27000E-01  1.00000E+00  1.00000E-04  0.00000E+00
  7.28000E-01  1.00000E+00  1.00000E-04  0.00000E+00
  7.29000E-01  1.00000E+00  1.00000E-04  0.00000E+00
  7.30000E-01  1.00000E+00  1.00000E-04  0.00000E+00
  7.31000E-01  1.00000E+00  1.00000E-04  0.00000E+00
  7.32000E-01  1.00000E+00  1.00000E-04  0.00000E+00
  7.33000E-01  1.00000E+00  1.00000E-04  0.00000E+00
  7.34000E-01  1.00000E+00  1.00000E-04  0.00000E+00
  7.35000E-01  1.00000E+00  1.00000E-04  0.00000E+00
  7.36000E-01  1.00000E+00  1.00000E-04  0.00000E+00
  7.37000E-01  1.00000E+00  1.00000E-04  0.00000E+00
  7.38000E-01  1.00000E+00  1.00000E-04  0.00000E+00
  7.39000E-01  1.00000E+00  1.00000E-04  0.00000E+00
  7.40000E-01  1.00000E+00  1.00000E-04  0.00000E+00
  7.41000E-01  1.00000E+00  1.00000E-04  0.00000E+00
  7.42000E-01  1.00000E+00  1.00000E-04 -1.88815E-10
  7.43000E-01  1.00000E+00  1.00000E-04 -9.44336E-11
  7.44000E-01  1.00000E+00  1.00000E-04  2.83257E-10
  7.45000E-01  1.00000E+00  1.00000E-04  7.76995E-17
  7.46000E-01  1.00000E+00  1.00000E-04  0.00000E+00
  7.47000E-01  1.00000E+00  1.00000E-04  0.00000E+00
  7.48000E-01  1.00000E+00  1.00000E-04  0.00000E+00
  7.49000E-01  1.00000E+00  1.00000E-04 -9.44242E-11
  7.50000E-01  1.00000E+00  1.00000E-04 -9.44171E-11
  7.51000E-01  1.00000E+00  1.00000E-04  1.88828E-10
  7.52000E-01  1.00000E+00  1.00000E-04  9.43330E-11
  7.53000E-01  1.00000E+00  1.00000E-04 -9.43332E-11
  7.54000E-01  1.00000E+00  1.00000E-04  0.00000E+00
  7.55000E-01  1.00000E+00  1.00000E-04  9.44257E-11
  7.56000E-01  1.00000E+00  1.00000E-04  0.00000E+00
  7.57000E-01  1.00000E+00  1.00000E-04 -9.43908E-11
  7.58000E-01  1.00000E+00  1.00000E-04  0.00000E+00
  7.59000E-01  1.00000E+00  1.00000E-04  0.00000E+00
  7.60000E-01  1.00000E+00  1.00000E-04  0.00000E+00
  7.61000E-01  1.00000E+00  1.00000E-04  0.00000E+00
  7.62000E-01  1.00000E+00  1.00000E-04  0.00000E+00
  7.63000E-01  1.00000E+00  1.00000E-04  0.00000E+00
  7.64000E-01  1.00000E+00  1.00000E-04  0.00000E+00
  7.65000E-01  1.00000E+00  1.00000E-04  0.00000E+00
  7.66000E-01  1.00000E+00  1.00000E-04  9.43850E-11
  7.67000E-01  1.00000E+00  1.00000E-04  0.00000E+00
  7.68000E-01  1.00000E+00  1.00000E-04 -9.44252E-11
  7.69000E-01  1.00000E+00  1.00000E-04 -5.66434E-10
  7.70000E-01  1.00000E+00  1.00000E-04 -1.83309E-10
  7.71000E-01  1.00000E+00  1.00000E-04 -4.97479E-08
  7.72000E-01  1.00000E+00  1.00000E-04 -1.74714E-06
  7.73000E-01  1.00000E+00  1.00494E-04 -6.25134E-10
  7.74000E-01  1.00000E+00  1.00000E-04  1.69035E-06
  7.75000E-01  1.00000E+00  1.00000E-04 -1.84616E-06
  7.76000E-01  1.00000E+00  1.00537E-04  5.91316E-10
  7.77000E-01  1.00000E+00  1.00000E-04  1.89983E-06
  7.78000E-01  1.00000E+00  1.00000E-04  5.49236E-08
  7.79000E-01  1.00000E+00  1.00000E-04  1.85750E-10
  7.80000E-01  1.00000E+00  1.00000E-04 -2.83182E-10
  7.81000E-01  1.00000E+00  1.00000E-04  9.43879E-11
  7.82000E-01  1.00000E+00  1.00000E-04  0.00000E+00
  7.83000E-01  1.00000E+00  1.00000E-04 -9.43635E-11
  7.84000E-01  1.00000E+00  1.00000E-04  2.83354E-10
  7.85000E-01  1.00000E+00  1.00000E-04  0.00000E+00
  7.86000E-01  1.00000E+00  1.00000E-04 -2.83269E-10
  7.87000E-01  1.00000E+00  1.00000E-04  0.00000E+00
  7.88000E-01  1.00000E+00  1.00000E-04  0.00000E+00
  7.89000E-01  1.00000E+00  1.00000E-04  0.00000E+00
  7.90000E-01  1.00000E+00  1.00000E-04  0.00000E+00
  7.91000E-01  1.00000E+00  1.00000E-04  0.00000E+00
  7.92000E-01  1.00000E+00  1.00000E-04 -9.43438E-11
  7.93000E-01  1.00000E+00  1.00000E-04  0.00000E+00
  7.94000E-01  1.00000E+00  1.00000E-04  9.43437E-11
  7.95000E-01  1.00000E+00  1.00000E-04 -9.44308E-11
  7.96000E-01  1.00000E+00  1.00000E-04  0.00000E+00
  7.97000E-01  1.00000E+00  1.00000E-04  9.43902E-11
  7.98000E-01  1.00000E+00  1.00000E-04  3.77549E-10
  7.99000E-01  9.99999E-01  9.99999E-05  0.00000E+00
  8.00000E-01  1.00000E+00  1.00000E-04 -3.53606E-10
  8.01000E-01  1.00000E+00  1.00000E-04  3.53852E-10
  8.02000E-01  9.99999E-01  9.99999E-05  0.00000E+00
  8.03000E-01  1.00000E+00  1.00000E-04 -3.77383E-10
  8.04000E-01  1.00000E+00  1.00000E-04 -1.59393E-10
  8.05000E-01  1.00000E+00  1.00000E-04 -4.30267E-08
  8.06000E-01  1.00000E+00  1.00000E-04 -1.49485E-06
  8.07000E-01  1.00000E+00  1.00422E-04 -4.99038E-10
  8.08000E-01  1.00000E+00  1.00000E-04  1.44951E-06
  8.09000E-01  1.00000E+00  1.00000E-04 -1.44916E-06
  8.10000E-01  1.00000E+00  1.00422E-04  5.04683E-10
  8.11000E-01  1.00000E+00  1.00000E-04  1.49497E-06
  8.12000E-01  1.00000E+00  1.00000E-04  4.32985E-08
  8.13000E-01  1.00000E+00  1.00000E-04  1.43440E-10
  8.14000E-01  1.00000E+00  1.00000E-04 -2.82693E-10
  8.15000E-01  1.00000E+00  1.00000E-04  2.82840E-10
  8.16000E-01  1.00000E+00  1.00000E-04  9.43811E-11
  8.17000E-01  1.00000E+00  1.00000E-04 -5.52427E-10
  8.18000E-01  1.00000E+00  1.00000E-04  8.05515E-11
  8.19000E-01  1.00000E+00  1.00000E-04  9.43884E-11
  8.20000E-01  1.00000E+00  1.00000E-04  0.00000E+00
  8.21000E-01  1.00000E+00  1.00000E-04  0.00000E+00
  8.22000E-01  1.00000E+00  1.00000E-04  0.00000E+00
  8.23000E-01  1.00000E+00  1.00000E-04  1.88774E-10
  8.24000E-01  1.00000E+00  1.00000E-04  2.47443E-16
  8.25000E-01  1.00000E+00  1.00000E-04 -9.44607E-11
  8.26000E-01  1.00000E+00  1.00000E-04  7.76995E-17
  8.27000E-01  1.00000E+00  1.00000E-04 -9.44038E-11
  8.28000E-01  1.00000E+00  1.00000E-04  0.00000E+00
  8.29000E-01  1.00000E+00  1.00000E-04  9.43969E-11
  8.30000E-01  1.00000E+00  1.00000E-04  0.00000E+00
  8.31000E-01  1.00000E+00  1.00000E-04 -9.44361E-11
  8.32000E-01  1.00000E+00  1.00000E-04  0.00000E+00
  8.33000E-01  1.00000E+00  1.00000E-04  0.00000E+00
  8.34000E-01  1.00000E+00  1.00000E-04  1.88922E-10
  8.35000E-01  1.00000E+00  1.00000E-04  0.00000E+00
  8.36000E-01  1.00000E+00  1.00000E-04 -1.88849E-10
  8.37000E-01  1.00000E+00  1.00000E-04 -1.98337E-10
  8.38000E-01  1.00000E+00  1.00000E-04 -5.32733E-08
  8.39000E-01  1.00000E+00  1.00000E-04 -1.85286E-06
  8.40000E-01  1.00000E+00  1.00524E-04 -3.58983E-10
  8.41000E-01  1.00000E+00  1.00000E-04  1.85425E-06
  8.42000E-01  1.00000E+00  1.00000E-04  5.34868E-08
  8.43000E-01  1.00000E+00  1.00000E-04  1.85001E-10
  8.44000E-01  1.00000E+00  1.00000E-04 -1.88835E-10
  8.45000E-01  1.00000E+00  1.00000E-04  9.44325E-11
  8.46000E-01  1.00000E+00  1.00000E-04  0.00000E+00
  8.47000E-01  1.00000E+00  1.00000E-04 -1.88786E-10
  8.48000E-01  1.00000E+00  1.00000E-04  9.44925E-11
  8.49000E-01  1.00000E+00  1.00000E-04  0.00000E+00
  8.50000E-01  1.00000E+00  1.00000E-04  0.00000E+00
  8.51000E-01  1.00000E+00  1.00000E-04 -4.72066E-11
  8.52000E-01  1.00000E+00  1.00000E-04 -4.72078E-11
  8.53000E-01  1.00000E+00  1.00000E-04  1.88719E-10
  8.54000E-01  1.00000E+00  1.00000E-04  1.59179E-10
  8.55000E-01  1.00000E+00  1.00000E-04  3.84371E-09
  8.56000E-01  9.99994E-01  9.99994E-05 -1.06089E-12
  8.57000E-01  1.00000E+00  1.00000E-04 -3.90146E-09
  8.58000E-01  1.00000E+00  1.00000E-04  6.51585E-10
  8.59000E-01  9.99999E-01  9.99999E-05  8.54695E-17
  8.60000E-01  1.00000E+00  1.00000E-04 -8.17951E-10
  8.61000E-01  1.00000E+00  1.00000E-04 -3.17773E-11
  8.62000E-01  1.00000E+00  1.00000E-04  0.00000E+00
  8.63000E-01  1.00000E+00  1.00000E-04  0.00000E+00
  8.64000E-01  1.00000E+00  1.00000E-04  0.00000E+00
  8.65000E-01  1.00000E+00  1.00000E-04  0.00000E+00
  8.66000E-01  1.00000E+00  1.00000E-04  9.44214E-11
  8.67000E-01  1.00000E+00  1.00000E-04  1.88843E-10
  8.68000E-01  1.00000E+00  1.00000E-04 -2.83275E-10
  8.69000E-01  1.00000E+00  1.00000E-04  0.00000E+00
  8.70000E-01  1.00000E+00  1.00000E-04  0.00000E+00
  8.71000E-01  1.00000E+00  1.00000E-04  9.44592E-11
  8.72000E-01  1.00000E+00  1.00000E-04  2.83148E-10
  8.73000E-01  1.00000E+00  1.00000E-04 -5.52500E-10
  8.74000E-01  1.00000E+00  1.00000E-04  8.05481E-11
  8.75000E-01  1.00000E+00  1.00000E-04  9.43852E-11
  8.76000E-01  1.00000E+00  1.00000E-04  1.88703E-10
  8.77000E-01  1.00000E+00  1.00000E-04  0.00000E+00
  8.78000E-01  1.00000E+00  1.00000E-04 -2.82720E-10
  8.79000E-01  1.00000E+00  1.00000E-04  2.82835E-10
  8.80000E-01  1.00000E+00  1.00000E-04  1.18367E-10
  8.81000E-01  1.00000E+00  1.00000E-04  8.25171E-10
  8.82000E-01  9.99998E-01  9.99998E-05  7.76995E-17
  8.83000E-01  1.00000E+00  1.00000E-04 -1.08117E-09
  8.84000E-01  1.00000E+00  1.00000E-04  4.33661E-11
  8.85000E-01  1.00000E+00  1.00000E-04  0.00000E+00
  8.86000E-01  1.00000E+00  1.00000E-04 -9.44653E-11
  8.87000E-01  1.00000E+00  1.00000E-04  0.00000E+00
  8.88000E-01  1.00000E+00  1.00000E-04  0.00000E+00
  8.89000E-01  1.00000E+00  1.00000E-04  9.44261E-11
  8.90000E-01  1.00000E+00  1.00000E-04  0.00000E+00
  8.91000E-01  1.00000E+00  1.00000E-04 -9.43405E-11
  8.92000E-01  1.00000E+00  1.00000E-04  0.00000E+00
  8.93000E-01  1.00000E+00  1.00000E-04  0.00000E+00
  8.94000E-01  1.00000E+00  1.00000E-04  0.00000E+00
  8.95000E-01  1.00000E+00  1.00000E-04  9.44179E-11
  8.96000E-01  1.00000E+00  1.00000E-04 -9.44443E-11
  8.97000E-01  1.00000E+00  1.00000E-04  0.00000E+00
  8.98000E-01  1.00000E+00  1.00000E-04  0.00000E+00
  8.99000E-01  1.00000E+00  1.00000E-04 -2.44871E-16
  9.00000E-01  1.00000E+00  1.00000E-04  1.14794E-16
  9.01000E-01  1.00000E+00  1.00000E-04  1.30077E-16
  9.02000E-01  1.00000E+00  1.00000E-04  0.00000E+00
  9.03000E-01  1.00000E+00  1.00000E-04 -4.71988E-11
  9.04000E-01  1.00000E+00  1.00000E-04 -4.72004E-11
  9.05000E-01  1.00000E+00  1.00000E-04  8.54695E-17
  9.06000E-01  1.00000E+00  1.00000E-04 -1.88857E-10
  9.07000E-01  1.00000E+00  1.00000E-04  1.88946E-10
  9.08000E-01  1.00000E+00  1.00000E-04  9.43407E-11
  9.09000E-01  1.00000E+00  1.00000E-04  9.44027E-11
  9.10000E-01  1.00000E+00  1.00000E-04 -4.71934E-11
  9.11000E-01  1.00000E+00  1.00000E-04 -4.71939E-11
  9.12000E-01  1.00000E+00  1.00000E-04  7.76995E-17
  9.13000E-01  1.00000E+00  1.00000E-04  0.00000E+00
  9.14000E-01  1.00000E+00  1.00000E-04  0.00000E+00
  9.15000E-01  1.00000E+00  1.00000E-04  0.00000E+00
  9.16000E-01  1.00000E+00  1.00000E-04  3.77556E-10
  9.17000E-01  9.99999E-01  9.99999E-05  0.00000E+00
  9.18000E-01  1.00000E+00  1.00000E-04 -3.77776E-10
  9.19000E-01  1.00000E+00  1.00000E-04  0.00000E+00
  9.20000E-01  1.00000E+00  1.00000E-04  0.00000E+00
  9.21000E-01  1.00000E+00  1.00000E-04  4.72159E-10
  9.22000E-01  9.99999E-01  9.99999E-05  3.02648E-16
  9.23000E-01  1.00000E+00  1.00000E-04 -2.82618E-10
  9.24000E-01  1.00000E+00  1.00000E-04  2.82159E-10
  9.25000E-01  1.00000E+00  1.00000E-04 -2.82549E-10
  9.26000E-01  1.00000E+00  1.00000E-04 -1.88736E-10
  9.27000E-01  1.00000E+00  1.00000E-04  0.00000E+00
  9.28000E-01  1.00000E+00  1.00000E-04 -2.33099E-16
  9.29000E-01  1.00000E+00  1.00000E-04  7.76995E-17
  9.30000E-01  1.00000E+00  1.00000E-04  7.76995E-17
  9.31000E-01  1.00000E+00  1.00000E-04  9.43568E-11
  9.32000E-01  1.00000E+00  1.00000E-04  2.41014E-11
  9.33000E-01  1.00000E+00  1.00000E-04 -2.41012E-11
  9.34000E-01  1.00000E+00  1.00000E-04 -9.44434E-11
  9.35000E-01  1.00000E+00  1.00000E-04  0.00000E+00
  9.36000E-01  1.00000E+00  1.00000E-04 -1.88719E-10
  9.37000E-01  1.00000E+00  1.00000E-04  0.00000E+00
  9.38000E-01  1.00000E+00  1.00000E-04  5.66060E-10
  9.39000E-01  1.00000E+00  1.00000E-04  0.00000E+00
  9.40000E-01  1.00000E+00  1.00000E-04 -5.66592E-10
  9.41000E-01  1.00000E+00  1.00000E-04  0.00000E+00
  9.42000E-01  1.00000E+00  1.00000E-04  6.36485E-10
  9.43000E-01  1.00000E+00  1.00000E-04 -7.04373E-11
  9.44000E-01  1.00000E+00  1.00000E-04 -3.14890E-11
  9.45000E-01  1.00000E+00  1.00000E-04  2.48406E-09
  9.46000E-01  9.99996E-01  9.99996E-05  6.92151E-10
  9.47000E-01  1.00000E+00  1.00000E-04 -3.50763E-09
  9.48000E-01  1.00000E+00  1.00000E-04  3.83382E-11
  9.49000E-01  1.00000E+00  1.00000E-04  4.31872E-11
  9.50000E-01  1.00000E+00  1.00000E-04  2.82896E-10
  9.51000E-01  1.00000E+00  1.00000E-04  9.44125E-11
  9.52000E-01  1.00000E+00  1.00000E-04 -1.80407E-11
  9.53000E-01  1.00000E+00  1.00000E-04 -7.63819E-11
  9.54000E-01  1.00000E+00  1.00000E-04 -8.48577E-10
  9.55000E-01  1.00000E+00  1.00000E-04  2.82926E-10
  9.56000E-01  1.00000E+00  1.00000E-04  2.83423E-10
  9.57000E-01  1.00000E+00  1.00000E-04  9.44629E-11
  9.58000E-01  1.00000E+00  1.00000E-04  1.88739E-10
  9.59000E-01  1.00000E+00  1.00000E-04 -5.51987E-10
  9.60000E-01  1.00000E+00  1.00000E-04  8.05464E-11
  9.61000E-01  1.00000E+00  1.00000E-04  9.44154E-11
  9.62000E-01  1.00000E+00  1.00000E-04 -1.88720E-10
  9.63000E-01  1.00000E+00  1.00000E-04 -3.63974E-10
  9.64000E-01  1.00000E+00  1.00000E-04  9.30317E-10
  9.65000E-01  1.00000E+00  1.00000E-04  9.43552E-11
  9.66000E-01  1.00000E+00  1.00000E-04 -1.10764E-09
  9.67000E-01  1.00000E+00  1.00000E-04  3.54031E-10
  9.68000E-01  1.00000E+00  1.00000E-04 -1.21530E-16
  9.69000E-01  1.00000E+00  1.00000E-04 -9.44664E-11
  9.70000E-01  1.00000E+00  1.00000E-04  9.44204E-11
  9.71000E-01  1.00000E+00  1.00000E-04  6.60061E-10
  9.72000E-01  9.99999E-01  9.99999E-05  2.61693E-10
  9.73000E-01  1.00000E+00  1.00000E-04  2.91662E-09
  9.74000E-01  9.99995E-01  9.99995E-05  1.62427E-10
  9.75000E-01  1.00000E+00  1.00000E-04 -3.73784E-09
  9.76000E-01  1.00000E+00  1.00000E-04  2.10555E-10
  9.77000E-01  1.00000E+00  9.99999E-05  2.82748E-10
  9.78000E-01  1.00000E+00  1.00000E-04 -8.49190E-10
  9.79000E-01  9.99999E-01  1.00000E-04  1.47978E-15
  9.80000E-01  1.00000E+00  1.00000E-04  2.07442E-09
  9.81000E-01  9.99998E-01  9.99998E-05  9.43376E-11
  9.82000E-01  1.00000E+00  1.00000E-04 -2.65080E-09
  9.83000E-01  1.00000E+00  1.00000E-04  2.93524E-10
  9.84000E-01  1.00000E+00  1.00000E-04  1.19753E-10
  9.85000E-01  1.00000E+00  1.00000E-04  2.94861E-09
  9.86000E-01  9.99996E-01  9.99995E-05 -2.50150E-09
  9.87000E-01  1.00001E+00  1.00001E-04 -3.24657E-09
  9.88000E-01  1.00000E+00  1.00000E-04  2.36162E-09
  9.89000E-01  1.00000E+00  1.00000E-04  1.22475E-08
  9.90000E-01  9.99981E-01  9.99981E-05  1.08935E-09
  9.91000E-01  1.00000E+00  1.00000E-04 -1.19836E-08
  9.92000E-01  1.00000E+00  1.00000E-04 -4.73166E-10
  9.93000E-01  1.00000E+00  1.00000E-04  0.00000E+00
  9.94000E-01  1.00000E+00  1.00000E-04 -1.88733E-10
  9.95000E-01  1.00000E+00  1.00000E-04  0.00000E+00
  9.96000E-01  1.00000E+00  1.00000E-04  1.88869E-10
  9.97000E-01  1.00000E+00  1.00000E-04  0.00000E+00
  9.98000E-01  1.00000E+00  1.00000E-04  0.00000E+00
  9.99000E-01  1.00000E+00  1.00000E-04  0.00000E+00
