  0.00000E+00  3.58442E-05  4.72811E+01  1.32536E-02
  1.00000E-03  3.58441E-05  4.72819E+01  4.37950E-02
  2.00000E-03  3.58446E-05  4.72831E+01  6.05257E-02
  3.00000E-03  3.58458E-05  4.72836E+01  5.78830E-02
  4.00000E-03  3.58468E-05  4.72828E+01  4.74075E-02
  5.00000E-03  3.58531E-05  4.72811E+01  3.51765E-02
  6.00000E-03  3.58773E-05  4.72794E+01  2.79208E-02
  7.00000E-03  3.59130E-05  4.72782E+01  2.58102E-02
  8.00000E-03  3.59596E-05  4.72778E+01  2.99950E-02
  9.00000E-03  3.60051E-05  4.72779E+01  3.84836E-02
  1.00000E-02  3.60430E-05  4.72782E+01  4.55651E-02
  1.10000E-02  3.60690E-05  4.72789E+01  5.19843E-02
  1.20000E-02  3.60876E-05  4.72799E+01  5.86334E-02
  1.30000E-02  3.61614E-05  4.72808E+01  6.75362E-02
  1.40000E-02  3.65004E-05  4.72816E+01  8.26226E-02
  1.50000E-02  3.76144E-05  4.72822E+01  1.03610E-01
  1.60000E-02  3.94092E-05  4.72827E+01  1.25519E-01
  1.70000E-02  4.18001E-05  4.72831E+01  1.51240E-01
  1.80000E-02  4.45047E-05  4.72836E+01  1.86204E-01
  1.90000E-02  4.75410E-05  4.72841E+01  2.23929E-01
  2.00000E-02  5.06519E-05  4.72846E+01  2.60841E-01
  2.10000E-02  5.43481E-05  4.72848E+01  3.02110E-01
  2.20000E-02  5.81059E-05  4.72844E+01  3.44195E-01
  2.30000E-02  6.22625E-05  4.72839E+01  3.89702E-01
  2.40000E-02  6.69886E-05  4.72835E+01  4.36127E-01
  2.50000E-02  7.18415E-05  4.72829E+01  4.79725E-01
  2.60000E-02  7.74750E-05  4.72824E+01  5.25754E-01
  2.70000E-02  8.36680E-05  4.72815E+01  5.73839E-01
  2.80000E-02  9.06963E-05  4.72808E+01  6.23864E-01
  2.90000E-02  9.87498E-05  4.72799E+01  6.74355E-01
  3.00000E-02  1.08236E-04  4.72791E+01  7.22403E-01
  3.10000E-02  1.18961E-04  4.72783E+01  7.71085E-01
  3.20000E-02  1.31766E-04  4.72776E+01  8.18909E-01
  3.30000E-02  1.46680E-04  4.72763E+01  8.68558E-01
  3.40000E-02  1.64012E-04  4.72757E+01  9.23114E-01
  3.50000E-02  1.85089E-04  4.72755E+01  9.73016E-01
  3.60000E-02  2.09559E-04  4.72744E+01  1.02159E+00
  3.70000E-02  2.38107E-04  4.72738E+01  1.06654E+00
  3.80000E-02  2.72060E-04  4.72740E+01  1.10993E+00
  3.90000E-02  3.10144E-04  4.72739E+01  1.15400E+00
  4.00000E-02  3.54329E-04  4.72738E+01  1.19677E+00
  4.10000E-02  4.03733E-04  4.72747E+01  1.23317E+00
  4.20000E-02  4.57518E-04  4.72761E+01  1.27534E+00
  4.30000E-02  5.17361E-04  4.72759E+01  1.32083E+00
  4.40000E-02  5.80848E-04  4.72760E+01  1.37068E+00
  4.50000E-02  6.50326E-04  4.72749E+01  1.41961E+00
  4.60000E-02  7.22979E-04  4.72750E+01  1.46552E+00
  4.70000E-02  7.99846E-04  4.72751E+01  1.51644E+00
  4.80000E-02  8.82369E-04  4.72749E+01  1.56307E+00
  4.90000E-02  9.68535E-04  4.72746E+01  1.60801E+00
  5.00000E-02  1.05885E-03  4.72760E+01  1.65714E+00
  5.10000E-02  1.15318E-03  4.72766E+01  1.70363E+00
  5.20000E-02  1.25499E-03  4.72769E+01  1.74861E+00
  5.30000E-02  1.35644E-03  4.72782E+01  1.78802E+00
  5.40000E-02  1.47224E-03  4.72815E+01  1.82077E+00
  5.50000E-02  1.58492E-03  4.72838E+01  1.85798E+00
  5.60000E-02  1.71093E-03  4.72854E+01  1.90609E+00
  5.70000E-02  1.83978E-03  4.72839E+01  1.94709E+00
  5.80000E-02  1.98012E-03  4.72833E+01  1.99405E+00
  5.90000E-02  2.13023E-03  4.72862E+01  2.03902E+00
  6.00000E-02  2.28232E-03  4.72893E+01  2.08881E+00
  6.10000E-02  2.45370E-03  4.72936E+01  2.12292E+00
  6.20000E-02  2.63414E-03  4.72965E+01  2.15790E+00
  6.30000E-02  2.82503E-03  4.72926E+01  2.18265E+00
  6.40000E-02  3.02720E-03  4.72853E+01  2.21322E+00
  6.50000E-02  3.24498E-03  4.72817E+01  2.23271E+00
  6.60000E-02  3.48069E-03  4.72798E+01  2.26311E+00
  6.70000E-02  3.72585E-03  4.72857E+01  2.29442E+00
  6.80000E-02  3.98294E-03  4.72976E+01  2.30945E+00
  6.90000E-02  4.25009E-03  4.72996E+01  2.35148E+00
  7.00000E-02  4.54572E-03  4.72964E+01  2.39315E+00
  7.10000E-02  4.84082E-03  4.72950E+01  2.43391E+00
  7.20000E-02  5.15643E-03  4.72956E+01  2.47609E+00
  7.30000E-02  5.48112E-03  4.72956E+01  2.52004E+00
  7.40000E-02  5.82866E-03  4.73009E+01  2.55391E+00
  7.50000E-02  6.16402E-03  4.73070E+01  2.59216E+00
  7.60000E-02  6.53018E-03  4.73082E+01  2.63540E+00
  7.70000E-02  6.92951E-03  4.73079E+01  2.67927E+00
  7.80000E-02  7.30462E-03  4.73082E+01  2.72275E+00
  7.90000E-02  7.71949E-03  4.73190E+01  2.75126E+00
  8.00000E-02  8.13798E-03  4.73393E+01  2.77360E+00
  8.10000E-02  8.58464E-03  4.73477E+01  2.80875E+00
  8.20000E-02  9.04126E-03  4.73506E+01  2.85195E+00
  8.30000E-02  9.51459E-03  4.73596E+01  2.89147E+00
  8.40000E-02  1.00174E-02  4.73581E+01  2.92148E+00
  8.50000E-02  1.05394E-02  4.73487E+01  2.97069E+00
  8.60000E-02  1.10745E-02  4.73414E+01  2.98725E+00
  8.70000E-02  1.16168E-02  4.73282E+01  3.01522E+00
  8.80000E-02  1.22140E-02  4.73278E+01  3.06226E+00
  8.90000E-02  1.28282E-02  4.73245E+01  3.09755E+00
  9.00000E-02  1.34546E-02  4.73232E+01  3.12895E+00
  9.10000E-02  1.41288E-02  4.73207E+01  3.16948E+00
  9.20000E-02  1.48076E-02  4.73198E+01  3.21314E+00
  9.30000E-02  1.55125E-02  4.73215E+01  3.24511E+00
  9.40000E-02  1.62346E-02  4.73289E+01  3.27931E+00
  9.50000E-02  1.70330E-02  4.73271E+01  3.32348E+00
  9.60000E-02  1.78240E-02  4.73455E+01  3.34805E+00
  9.70000E-02  1.86635E-02  4.73716E+01  3.36787E+00
  9.80000E-02  1.95585E-02  4.73730E+01  3.40923E+00
  9.90000E-02  2.03984E-02  4.73792E+01  3.44211E+00
  1.00000E-01  2.13584E-02  4.73934E+01  3.47297E+00
  1.01000E-01  2.23502E-02  4.74067E+01  3.50658E+00
  1.02000E-01  2.33431E-02  4.74316E+01  3.51948E+00
  1.03000E-01  2.44047E-02  4.74455E+01  3.56330E+00
  1.04000E-01  2.55055E-02  4.74468E+01  3.59514E+00
  1.05000E-01  2.66205E-02  4.74510E+01  3.63418E+00
  1.06000E-01  2.77863E-02  4.74489E+01  3.67711E+00
  1.07000E-01  2.89958E-02  4.74635E+01  3.71150E+00
  1.08000E-01  3.02545E-02  4.75017E+01  3.72460E+00
  1.09000E-01  3.15632E-02  4.75123E+01  3.75862E+00
  1.10000E-01  3.28812E-02  4.75130E+01  3.80032E+00
  1.11000E-01  3.42729E-02  4.75302E+01  3.83483E+00
  1.12000E-01  3.57305E-02  4.75429E+01  3.87490E+00
  1.13000E-01  3.71404E-02  4.75397E+01  3.92081E+00
  1.14000E-01  3.87108E-02  4.75460E+01  3.95946E+00
  1.15000E-01  4.02775E-02  4.75645E+01  3.97862E+00
  1.16000E-01  4.19086E-02  4.75866E+01  4.02902E+00
  1.17000E-01  4.35504E-02  4.76317E+01  4.07148E+00
  1.18000E-01  4.53429E-02  4.76481E+01  4.10661E+00
  1.19000E-01  4.71165E-02  4.76789E+01  4.13455E+00
  1.20000E-01  4.89430E-02  4.76970E+01  4.17466E+00
  1.21000E-01  5.08273E-02  4.77072E+01  4.22189E+00
  1.22000E-01  5.28715E-02  4.77020E+01  4.26994E+00
  1.23000E-01  5.47104E-02  4.77050E+01  4.31396E+00
  1.24000E-01  5.69776E-02  4.77761E+01  4.32211E+00
  1.25000E-01  5.91029E-02  4.78729E+01  4.32889E+00
  1.26000E-01  6.13504E-02  4.79175E+01  4.36165E+00
  1.27000E-01  6.35284E-02  4.79290E+01  4.41158E+00
  1.28000E-01  6.59618E-02  4.79251E+01  4.43832E+00
  1.29000E-01  6.84242E-02  4.79291E+01  4.48490E+00
  1.30000E-01  7.07863E-02  4.80041E+01  4.49841E+00
  1.31000E-01  7.35275E-02  4.80279E+01  4.54749E+00
  1.32000E-01  7.59657E-02  4.80246E+01  4.59394E+00
  1.33000E-01  7.87013E-02  4.80323E+01  4.63806E+00
  1.34000E-01  8.14568E-02  4.80457E+01  4.67555E+00
  1.35000E-01  8.43851E-02  4.81460E+01  4.71260E+00
  1.36000E-01  8.73284E-02  4.82412E+01  4.75372E+00
  1.37000E-01  9.03586E-02  4.82627E+01  4.79438E+00
  1.38000E-01  9.35353E-02  4.83298E+01  4.81925E+00
  1.39000E-01  9.67568E-02  4.83737E+01  4.83992E+00
  1.40000E-01  1.00136E-01  4.84053E+01  4.87426E+00
  1.41000E-01  1.03399E-01  4.84456E+01  4.90035E+00
  1.42000E-01  1.07006E-01  4.85091E+01  4.94936E+00
  1.43000E-01  1.10664E-01  4.85956E+01  4.99784E+00
  1.44000E-01  1.14205E-01  4.87106E+01  5.03530E+00
  1.45000E-01  1.18312E-01  4.87175E+01  5.06399E+00
  1.46000E-01  1.21794E-01  4.87370E+01  5.10629E+00
  1.47000E-01  1.26068E-01  4.88460E+01  5.11879E+00
  1.48000E-01  1.30170E-01  4.89361E+01  5.18537E+00
  1.49000E-01  1.34293E-01  4.90179E+01  5.22387E+00
  1.50000E-01  1.38928E-01  4.91078E+01  5.25276E+00
  1.51000E-01  1.42937E-01  4.91220E+01  5.27988E+00
  1.52000E-01  1.47805E-01  4.92351E+01  5.29043E+00
  1.53000E-01  1.52474E-01  4.93396E+01  5.35544E+00
  1.54000E-01  1.57213E-01  4.94311E+01  5.40571E+00
  1.55000E-01  1.62136E-01  4.94728E+01  5.44115E+00
  1.56000E-01  1.67193E-01  4.95922E+01  5.47316E+00
  1.57000E-01  1.72688E-01  4.97482E+01  5.51269E+00
  1.58000E-01  1.78056E-01  4.98866E+01  5.55013E+00
  1.59000E-01  1.83578E-01  4.99531E+01  5.59205E+00
  1.60000E-01  1.89315E-01  5.00470E+01  5.61950E+00
  1.61000E-01  1.94923E-01  5.01458E+01  5.63565E+00
  1.62000E-01  2.01092E-01  5.02302E+01  5.68845E+00
  1.63000E-01  2.07075E-01  5.03806E+01  5.73046E+00
  1.64000E-01  2.13700E-01  5.06332E+01  5.80077E+00
  1.65000E-01  2.20475E-01  5.08004E+01  5.83639E+00
  1.66000E-01  2.26643E-01  5.08586E+01  5.85184E+00
  1.67000E-01  2.33659E-01  5.10133E+01  5.89593E+00
  1.68000E-01  2.40735E-01  5.10968E+01  5.92280E+00
  1.69000E-01  2.47626E-01  5.12774E+01  5.96653E+00
  1.70000E-01  2.55601E-01  5.14878E+01  6.02033E+00
  1.71000E-01  2.62867E-01  5.16213E+01  6.04917E+00
  1.72000E-01  2.71080E-01  5.18710E+01  6.10224E+00
  1.73000E-01  2.79178E-01  5.20614E+01  6.14527E+00
  1.74000E-01  2.87255E-01  5.21869E+01  6.17550E+00
  1.75000E-01  2.96028E-01  5.24616E+01  6.23523E+00
  1.76000E-01  3.05109E-01  5.26836E+01  6.27344E+00
  1.77000E-01  3.13630E-01  5.27953E+01  6.29404E+00
  1.78000E-01  3.23373E-01  5.31003E+01  6.34905E+00
  1.79000E-01  3.33247E-01  5.33606E+01  6.39312E+00
  1.80000E-01  3.42441E-01  5.34990E+01  6.41999E+00
  1.81000E-01  3.53324E-01  5.38736E+01  6.47995E+00
  1.82000E-01  3.64271E-01  5.41911E+01  6.53110E+00
  1.83000E-01  3.73829E-01  5.42972E+01  6.55332E+00
  1.84000E-01  3.85759E-01  5.46447E+01  6.61314E+00
  1.85000E-01  3.97128E-01  5.49737E+01  6.66369E+00
  1.86000E-01  4.08332E-01  5.52025E+01  6.69451E+00
  1.87000E-01  4.21177E-01  5.56010E+01  6.75417E+00
  1.88000E-01  4.33735E-01  5.59250E+01  6.79400E+00
  1.89000E-01  4.45724E-01  5.61276E+01  6.82146E+00
  1.90000E-01  4.60179E-01  5.66336E+01  6.88894E+00
  1.91000E-01  4.73912E-01  5.70277E+01  6.94063E+00
  1.92000E-01  4.87364E-01  5.72452E+01  6.96414E+00
  1.93000E-01  5.02560E-01  5.77477E+01  7.02872E+00
  1.94000E-01  5.18089E-01  5.82314E+01  7.08551E+00
  1.95000E-01  5.33007E-01  5.85218E+01  7.10631E+00
  1.96000E-01  5.49426E-01  5.90428E+01  7.16219E+00
  1.97000E-01  5.67220E-01  5.96321E+01  7.23743E+00
  1.98000E-01  5.82876E-01  5.98618E+01  7.26714E+00
  1.99000E-01  6.00321E-01  6.03361E+01  7.31871E+00
  2.00000E-01  6.20513E-01  6.10832E+01  7.38859E+00
  2.01000E-01  6.39092E-01  6.15211E+01  7.41685E+00
  2.02000E-01  6.58207E-01  6.20535E+01  7.46219E+00
  2.03000E-01  6.80049E-01  6.27971E+01  7.54452E+00
  2.04000E-01  7.00276E-01  6.32089E+01  7.58647E+00
  2.05000E-01  7.21152E-01  6.37258E+01  7.62919E+00
  2.06000E-01  7.46043E-01  6.46734E+01  7.70612E+00
  2.07000E-01  7.69376E-01  6.52991E+01  7.75080E+00
  2.08000E-01  7.92358E-01  6.57988E+01  7.78076E+00
  2.09000E-01  8.19320E-01  6.67677E+01  7.86356E+00
  2.10000E-01  8.46400E-01  6.76019E+01  7.93076E+00
  2.11000E-01  8.71304E-01  6.80508E+01  7.95843E+00
  2.12000E-01  9.00251E-01  6.89517E+01  8.03097E+00
  2.13000E-01  9.32440E-01  7.01335E+01  8.11798E+00
  2.14000E-01  9.61370E-01  7.07816E+01  8.14942E+00
  2.15000E-01  9.92286E-01  7.15743E+01  8.18721E+00
  2.16000E-01  1.02868E+00  7.29169E+01  8.28424E+00
  2.17000E-01  1.06317E+00  7.38971E+01  8.34311E+00
  2.18000E-01  1.09602E+00  7.46175E+01  8.37763E+00
  2.19000E-01  1.13602E+00  7.59624E+01  8.46169E+00
  2.20000E-01  1.17745E+00  7.73175E+01  8.54283E+00
  2.21000E-01  1.21515E+00  7.81380E+01  8.57692E+00
  2.22000E-01  1.25814E+00  7.93964E+01  8.63977E+00
  2.23000E-01  1.30684E+00  8.11076E+01  8.73410E+00
  2.24000E-01  1.35235E+00  8.23160E+01  8.79220E+00
  2.25000E-01  1.39846E+00  8.34541E+01  8.83738E+00
  2.26000E-01  1.45254E+00  8.52309E+01  8.92693E+00
  2.27000E-01  1.50765E+00  8.69669E+01  9.00634E+00
  2.28000E-01  1.56012E+00  8.82258E+01  9.05342E+00
  2.29000E-01  1.61905E+00  8.99330E+01  9.12284E+00
  2.30000E-01  1.68518E+00  9.21030E+01  9.21831E+00
  2.31000E-01  1.74844E+00  9.38012E+01  9.28093E+00
  2.32000E-01  1.81315E+00  9.54327E+01  9.33471E+00
  2.33000E-01  1.88785E+00  9.77588E+01  9.42677E+00
  2.34000E-01  1.96590E+00  1.00144E+02  9.51152E+00
  2.35000E-01  2.04042E+00  1.02012E+02  9.56834E+00
  2.36000E-01  2.12247E+00  1.04318E+02  9.64076E+00
  2.37000E-01  2.21482E+00  1.07161E+02  9.73902E+00
  2.38000E-01  2.30480E+00  1.09589E+02  9.80736E+00
  2.39000E-01  2.39949E+00  1.11992E+02  9.87234E+00
  2.40000E-01  2.50538E+00  1.15186E+02  9.96633E+00
  2.41000E-01  2.61374E+00  1.18446E+02  1.00473E+01
  2.42000E-01  2.72344E+00  1.20969E+02  1.01082E+01
  2.43000E-01  2.85025E+00  1.24561E+02  1.01966E+01
  2.44000E-01  2.98456E+00  1.28615E+02  1.03029E+01
  2.45000E-01  3.10161E+00  1.31827E+02  1.03548E+01
  2.46000E-01  3.24102E+00  1.34483E+02  1.04079E+01
  2.47000E-01  3.43835E+00  1.39912E+02  1.05659E+01
  2.48000E-01  3.58825E+00  1.45163E+02  1.06534E+01
  2.49000E-01  3.61550E+00  1.42248E+02  1.05291E+01
  2.50000E-01  3.20595E+00  1.06919E+02  9.14898E+00
  2.51000E-01  1.84124E+00  3.04043E+01  4.38366E+00
  2.52000E-01  1.13793E+00  1.22471E+00  4.39420E-01
  2.53000E-01  1.00717E+00  1.03618E-03  2.03775E-03
  2.54000E-01  1.00000E+00  1.00005E-04  7.64615E-07
  2.55000E-01  1.00000E+00  1.00000E-04 -4.15171E-11
  2.56000E-01  1.00000E+00  1.00000E-04  1.81602E-13
  2.57000E-01  1.00000E+00  1.00000E-04  1.00912E-10
  2.58000E-01  1.00000E+00  1.00000E-04  0.00000E+00
  2.59000E-01  1.00000E+00  1.00000E-04  0.00000E+00
  2.60000E-01  1.00000E+00  1.00000E-04  0.00000E+00
  2.61000E-01  1.00000E+00  1.00000E-04  0.00000E+00
  2.62000E-01  1.00000E+00  1.00000E-04  5.04414E-11
  2.63000E-01  1.00000E+00  1.00000E-04  0.00000E+00
  2.64000E-01  1.00000E+00  1.00000E-04 -5.04725E-11
  2.65000E-01  1.00000E+00  1.00000E-04  0.00000E+00
  2.66000E-01  1.00000E+00  1.00000E-04  0.00000E+00
  2.67000E-01  1.00000E+00  1.00000E-04  0.00000E+00
  2.68000E-01  1.00000E+00  1.00000E-04  0.00000E+00
  2.69000E-01  1.00000E+00  1.00000E-04  0.00000E+00
  2.70000E-01  1.00000E+00  1.00000E-04  1.51434E-10
  2.71000E-01  1.00000E+00  1.00000E-04  1.00874E-10
  2.72000E-01  1.00000E+00  1.00000E-04 -5.04753E-11
  2.73000E-01  1.00000E+00  1.00000E-04 -5.04683E-10
  2.74000E-01  1.00000E+00  1.00000E-04  1.51502E-10
  2.75000E-01  1.00000E+00  1.00000E-04  5.04733E-11
  2.76000E-01  1.00000E+00  1.00000E-04  5.04561E-11
  2.77000E-01  1.00000E+00  1.00000E-04  5.04559E-11
  2.78000E-01  1.00000E+00  1.00000E-04 -5.04565E-11
  2.79000E-01  1.00000E+00  1.00000E-04 -7.76997E-17
  2.80000E-01  1.00000E+00  1.00000E-04  1.47532E-15
  2.81000E-01  1.00000E+00  1.00000E-04  1.43821E-15
  2.82000E-01  1.00000E+00  1.00000E-04  1.03793E-15
  2.83000E-01  1.00000E+00  1.00000E-04 -2.55388E-09
  2.84000E-01  1.00000E+00  1.00000E-04 -4.34867E-07
  2.85000E-01  1.00000E+00  1.00262E-04 -6.61123E-07
  2.86000E-01  1.00000E+00  1.00286E-04  5.28091E-07
  2.87000E-01  1.00000E+00  1.00000E-04  2.41725E-08
  2.88000E-01  1.00000E+00  1.00278E-04  8.50114E-09
  2.89000E-01  1.00000E+00  1.00000E-04  5.29512E-07
  2.90000E-01  1.00000E+00  1.00000E-04  8.28357E-09
  2.91000E-01  1.00000E+00  1.00000E-04  5.12201E-11
  2.92000E-01  1.00000E+00  1.00000E-04  5.04420E-11
  2.93000E-01  1.00000E+00  1.00000E-04 -5.04589E-11
  2.94000E-01  1.00000E+00  1.00000E-04 -1.51302E-10
  2.95000E-01  1.00000E+00  1.00000E-04  0.00000E+00
  2.96000E-01  1.00000E+00  1.00000E-04  0.00000E+00
  2.97000E-01  1.00000E+00  1.00000E-04  0.00000E+00
  2.98000E-01  1.00000E+00  1.00000E-04  0.00000E+00
  2.99000E-01  1.00000E+00  1.00000E-04  0.00000E+00
  3.00000E-01  1.00000E+00  1.00000E-04  0.00000E+00
  3.01000E-01  1.00000E+00  1.00000E-04  0.00000E+00
  3.02000E-01  1.00000E+00  1.00000E-04  0.00000E+00
  3.03000E-01  1.00000E+00  1.00000E-04  0.00000E+00
  3.04000E-01  1.00000E+00  1.00000E-04  0.00000E+00
  3.05000E-01  1.00000E+00  1.00000E-04  0.00000E+00
  3.06000E-01  1.00000E+00  1.00000E-04  0.00000E+00
  3.07000E-01  1.00000E+00  1.00000E-04  1.51388E-10
  3.08000E-01  1.00000E+00  1.00000E-04  1.00941E-10
  3.09000E-01  1.00000E+00  1.00000E-04 -1.51451E-10
  3.10000E-01  1.00000E+00  1.00000E-04 -1.00961E-10
  3.11000E-01  1.00000E+00  1.00000E-04  5.04458E-11
  3.12000E-01  1.00000E+00  1.00000E-04 -5.04306E-11
  3.13000E-01  1.00000E+00  1.00000E-04 -5.04834E-11
  3.14000E-01  1.00000E+00  1.00000E-04  2.52301E-11
  3.15000E-01  1.00000E+00  1.00000E-04  2.52320E-11
  3.16000E-01  1.00000E+00  1.00000E-04  7.76997E-17
  3.17000E-01  1.00000E+00  1.00000E-04  5.04469E-11
  3.18000E-01  1.00000E+00  1.00000E-04 -1.51346E-10
  3.19000E-01  1.00000E+00  1.00000E-04 -5.04797E-11
  3.20000E-01  1.00000E+00  1.00000E-04  2.01909E-10
  3.21000E-01  1.00000E+00  1.00000E-04 -5.04368E-11
  3.22000E-01  1.00000E+00  1.00000E-04 -2.01931E-10
  3.23000E-01  1.00000E+00  1.00000E-04  3.02796E-10
  3.24000E-01  1.00000E+00  1.00000E-04 -2.52186E-10
  3.25000E-01  1.00000E+00  1.00000E-04  2.52414E-11
  3.26000E-01  1.00000E+00  1.00000E-04  2.52383E-11
  3.27000E-01  1.00000E+00  1.00000E-04  1.68253E-11
  3.28000E-01  1.00000E+00  1.00000E-04  1.68127E-11
  3.29000E-01  1.00000E+00  1.00000E-04  1.68130E-11
  3.30000E-01  1.00000E+00  1.00000E-04  5.04284E-11
  3.31000E-01  1.00000E+00  1.00000E-04  0.00000E+00
  3.32000E-01  1.00000E+00  1.00000E-04  1.51364E-10
  3.33000E-01  1.00000E+00  1.00000E-04  5.04286E-11
  3.34000E-01  1.00000E+00  1.00000E-04 -1.51309E-10
  3.35000E-01  1.00000E+00  1.00000E-04  2.39237E-16
  3.36000E-01  1.00000E+00  1.00000E-04  1.03418E-16
  3.37000E-01  1.00000E+00  1.00000E-04 -5.04877E-11
  3.38000E-01  1.00000E+00  1.00000E-04  0.00000E+00
  3.39000E-01  1.00000E+00  1.00000E-04 -2.01777E-10
  3.40000E-01  1.00000E+00  1.00000E-04 -5.04792E-11
  3.41000E-01  1.00000E+00  1.00000E-04  2.01765E-10
  3.42000E-01  1.00000E+00  1.00000E-04 -5.04745E-11
  3.43000E-01  1.00000E+00  1.00000E-04  5.04614E-11
  3.44000E-01  1.00000E+00  1.00000E-04  6.44227E-10
  3.45000E-01  9.99999E-01  9.99999E-05 -7.95286E-10
  3.46000E-01  1.00000E+00  1.00000E-04 -4.42630E-10
  3.47000E-01  1.00000E+00  1.00000E-04 -2.23720E-09
  3.48000E-01  1.00000E+00  1.00001E-04  1.41969E-09
  3.49000E-01  1.00000E+00  9.99996E-05  2.43698E-09
  3.50000E-01  1.00000E+00  1.00000E-04 -1.31105E-09
  3.51000E-01  1.00000E+00  1.00000E-04  3.35946E-10
  3.52000E-01  1.00000E+00  1.00000E-04  0.00000E+00
  3.53000E-01  1.00000E+00  1.00000E-04  0.00000E+00
  3.54000E-01  1.00000E+00  1.00000E-04  0.00000E+00
  3.55000E-01  1.00000E+00  1.00000E-04  0.00000E+00
  3.56000E-01  1.00000E+00  1.00000E-04  0.00000E+00
  3.57000E-01  1.00000E+00  1.00000E-04  0.00000E+00
  3.58000E-01  1.00000E+00  1.00000E-04  0.00000E+00
  3.59000E-01  1.00000E+00  1.00000E-04  0.00000E+00
  3.60000E-01  1.00000E+00  1.00000E-04  0.00000E+00
  3.61000E-01  1.00000E+00  1.00000E-04 -7.76996E-17
  3.62000E-01  1.00000E+00  1.00000E-04  0.00000E+00
  3.63000E-01  1.00000E+00  1.00000E-04  7.76996E-17
  3.64000E-01  1.00000E+00  1.00000E-04  0.00000E+00
  3.65000E-01  1.00000E+00  1.00000E-04  0.00000E+00
  3.66000E-01  1.00000E+00  1.00000E-04  0.00000E+00
  3.67000E-01  1.00000E+00  1.00000E-04  0.00000E+00
  3.68000E-01  1.00000E+00  1.00000E-04  0.00000E+00
  3.69000E-01  1.00000E+00  1.00000E-04  0.00000E+00
  3.70000E-01  1.00000E+00  1.00000E-04  0.00000E+00
  3.71000E-01  1.00000E+00  1.00000E-04  0.00000E+00
  3.72000E-01  1.00000E+00  1.00000E-04 -1.00914E-10
  3.73000E-01  1.00000E+00  1.00000E-04 -1.00925E-10
  3.74000E-01  1.00000E+00  1.00000E-04  1.51421E-10
  3.75000E-01  1.00000E+00  1.00000E-04 -5.55014E-10
  3.76000E-01  1.00000E+00  1.00000E-04  7.78783E-17
  3.77000E-01  1.00000E+00  1.00000E-04  6.02177E-10
  3.78000E-01  1.00000E+00  1.00000E-04  3.50565E-12
  3.79000E-01  1.00000E+00  1.00000E-04  0.00000E+00
  3.80000E-01  1.00000E+00  1.00000E-04  0.00000E+00
  3.81000E-01  1.00000E+00  1.00000E-04  1.51386E-10
  3.82000E-01  1.00000E+00  1.00000E-04  5.04571E-11
  3.83000E-01  1.00000E+00  1.00000E-04 -1.51314E-10
  3.84000E-01  1.00000E+00  1.00000E-04  1.00914E-10
  3.85000E-01  1.00000E+00  1.00000E-04 -1.59962E-16
  3.86000E-01  1.00000E+00  1.00000E-04 -1.51376E-10
  3.87000E-01  1.00000E+00  1.00000E-04  0.00000E+00
  3.88000E-01  1.00000E+00  1.00000E-04  0.00000E+00
  3.89000E-01  1.00000E+00  1.00000E-04  0.00000E+00
  3.90000E-01  1.00000E+00  1.00000E-04  0.00000E+00
  3.91000E-01  1.00000E+00  1.00000E-04  0.00000E+00
  3.92000E-01  1.00000E+00  1.00000E-04  0.00000E+00
  3.93000E-01  1.00000E+00  1.00000E-04  0.00000E+00
  3.94000E-01  1.00000E+00  1.00000E-04  0.00000E+00
  3.95000E-01  1.00000E+00  1.00000E-04  0.00000E+00
  3.96000E-01  1.00000E+00  1.00000E-04  0.00000E+00
  3.97000E-01  1.00000E+00  1.00000E-04  1.51371E-10
  3.98000E-01  1.00000E+00  1.00000E-04 -1.51428E-10
  3.99000E-01  1.00000E+00  1.00000E-04 -5.04512E-11
  4.00000E-01  1.00000E+00  1.00000E-04  5.04462E-11
  4.01000E-01  1.00000E+00  1.00000E-04  0.00000E+00
  4.02000E-01  1.00000E+00  1.00000E-04  0.00000E+00
  4.03000E-01  1.00000E+00  1.00000E-04 -1.32012E-11
  4.04000E-01  1.00000E+00  1.00000E-04 -7.80994E-09
  4.05000E-01  1.00000E+00  1.00000E-04 -5.04561E-07
  4.06000E-01  1.00000E+00  1.00262E-04 -5.83453E-11
  4.07000E-01  1.00000E+00  1.00000E-04  5.04491E-07
  4.08000E-01  1.00000E+00  1.00000E-04  7.95291E-09
  4.09000E-01  1.00000E+00  1.00000E-04  1.36236E-11
  4.10000E-01  1.00000E+00  1.00000E-04  0.00000E+00
  4.11000E-01  1.00000E+00  1.00000E-04  0.00000E+00
  4.12000E-01  1.00000E+00  1.00000E-04  0.00000E+00
  4.13000E-01  1.00000E+00  1.00000E-04  0.00000E+00
  4.14000E-01  1.00000E+00  1.00000E-04 -1.36190E-11
  4.15000E-01  1.00000E+00  1.00000E-04 -7.95112E-09
  4.16000E-01  1.00000E+00  1.00000E-04 -5.04577E-07
  4.17000E-01  1.00000E+00  1.00262E-04 -3.81398E-13
  4.18000E-01  1.00000E+00  1.00000E-04  5.04558E-07
  4.19000E-01  1.00000E+00  1.00000E-04  7.96906E-09
  4.20000E-01  1.00000E+00  1.00000E-04  5.05491E-11
  4.21000E-01  1.00000E+00  1.00000E-04  0.00000E+00
  4.22000E-01  1.00000E+00  1.00000E-04  0.00000E+00
  4.23000E-01  1.00000E+00  1.00000E-04  2.01817E-10
  4.24000E-01  1.00000E+00  9.99999E-05  0.00000E+00
  4.25000E-01  1.00000E+00  1.00000E-04 -1.51408E-10
  4.26000E-01  1.00000E+00  1.00000E-04 -1.01786E-16
  4.27000E-01  1.00000E+00  1.00000E-04  1.11039E-09
  4.28000E-01  9.99996E-01  9.99996E-05  5.04612E-11
  4.29000E-01  1.00000E+00  1.00000E-04 -1.18356E-09
  4.30000E-01  1.00000E+00  1.00000E-04 -2.69626E-11
  4.31000E-01  1.00000E+00  1.00000E-04  0.00000E+00
  4.32000E-01  1.00000E+00  1.00000E-04  1.00932E-10
  4.33000E-01  1.00000E+00  1.00000E-04  0.00000E+00
  4.34000E-01  1.00000E+00  1.00000E-04 -1.00895E-10
  4.35000E-01  1.00000E+00  1.00000E-04  0.00000E+00
  4.36000E-01  1.00000E+00  1.00000E-04 -7.76996E-17
  4.37000E-01  1.00000E+00  1.00000E-04 -1.51452E-10
  4.38000E-01  1.00000E+00  1.00000E-04  5.04815E-11
  4.39000E-01  1.00000E+00  1.00000E-04  1.00918E-10
  4.40000E-01  1.00000E+00  1.00000E-04  0.00000E+00
  4.41000E-01  1.00000E+00  1.00000E-04  5.04780E-11
  4.42000E-01  1.00000E+00  1.00000E-04  0.00000E+00
  4.43000E-01  1.00000E+00  1.00000E-04 -5.04685E-11
  4.44000E-01  1.00000E+00  1.00000E-04  5.04762E-11
  4.45000E-01  1.00000E+00  1.00000E-04  0.00000E+00
  4.46000E-01  1.00000E+00  1.00000E-04 -5.04359E-11
  4.47000E-01  1.00000E+00  1.00000E-04  0.00000E+00
  4.48000E-01  1.00000E+00  1.00000E-04  0.00000E+00
  4.49000E-01  1.00000E+00  1.00000E-04  0.00000E+00
  4.50000E-01  1.00000E+00  1.00000E-04  5.04611E-11
  4.51000E-01  1.00000E+00  1.00000E-04 -2.01908E-10
  4.52000E-01  1.00000E+00  1.00000E-04 -5.05125E-11
  4.53000E-01  1.00000E+00  1.00000E-04  2.01739E-10
  4.54000E-01  1.00000E+00  1.00000E-04  5.04447E-11
  4.55000E-01  1.00000E+00  1.00000E-04  0.00000E+00
  4.56000E-01  1.00000E+00  1.00000E-04 -2.52351E-11
  4.57000E-01  1.00000E+00  1.00000E-04 -2.52351E-11
  4.58000E-01  1.00000E+00  1.00000E-04  7.76996E-17
  4.59000E-01  1.00000E+00  1.00000E-04  0.00000E+00
  4.60000E-01  1.00000E+00  1.00000E-04  5.04386E-11
  4.61000E-01  1.00000E+00  1.00000E-04 -1.00871E-10
  4.62000E-01  1.00000E+00  1.00000E-04 -5.04809E-11
  4.63000E-01  1.00000E+00  1.00000E-04  1.00950E-10
  4.64000E-01  1.00000E+00  1.00000E-04  5.04571E-11
  4.65000E-01  1.00000E+00  1.00000E-04  0.00000E+00
  4.66000E-01  1.00000E+00  1.00000E-04 -5.04478E-11
  4.67000E-01  1.00000E+00  1.00000E-04  5.04751E-11
  4.68000E-01  1.00000E+00  1.00000E-04  5.04300E-11
  4.69000E-01  1.00000E+00  1.00000E-04 -2.52345E-10
  4.70000E-01  1.00000E+00  1.00000E-04  1.00948E-10
  4.71000E-01  1.00000E+00  1.00000E-04  5.04636E-11
  4.72000E-01  1.00000E+00  1.00000E-04 -2.01808E-10
  4.73000E-01  1.00000E+00  1.00000E-04  5.04881E-11
  4.74000E-01  1.00000E+00  1.00000E-04  1.51315E-10
  4.75000E-01  1.00000E+00  1.00000E-04 -6.59449E-16
  4.76000E-01  1.00000E+00  1.00000E-04  8.54695E-17
  4.77000E-01  1.00000E+00  1.00000E-04 -1.00876E-10
  4.78000E-01  1.00000E+00  1.00000E-04  5.04868E-11
  4.79000E-01  1.00000E+00  1.00000E-04  1.00880E-10
  4.80000E-01  1.00000E+00  1.00000E-04  1.00883E-10
  4.81000E-01  1.00000E+00  1.00000E-04  5.04754E-11
  4.82000E-01  1.00000E+00  1.00000E-04 -1.51339E-10
  4.83000E-01  1.00000E+00  1.00000E-04 -3.53218E-10
  4.84000E-01  1.00000E+00  1.00000E-04 -1.81413E-10
  4.85000E-01  1.00000E+00  1.00000E-04  9.62861E-10
  4.86000E-01  1.00000E+00  9.99999E-05 -1.25338E-10
  4.87000E-01  1.00000E+00  1.00000E-04 -9.67478E-16
  4.88000E-01  9.99999E-01  9.99999E-05 -2.64291E-11
  4.89000E-01  1.00000E+00  1.00000E-04 -2.31007E-09
  4.90000E-01  1.00000E+00  1.00000E-04  8.21766E-10
  4.91000E-01  1.00000E+00  1.00000E-04  1.16017E-09
  4.92000E-01  1.00000E+00  1.00000E-04  3.53174E-10
  4.93000E-01  9.99999E-01  9.99999E-05 -5.04873E-11
  4.94000E-01  1.00000E+00  1.00000E-04 -3.02810E-10
  4.95000E-01  1.00000E+00  1.00000E-04  0.00000E+00
  4.96000E-01  1.00000E+00  1.00000E-04  0.00000E+00
  4.97000E-01  1.00000E+00  1.00000E-04  0.00000E+00
  4.98000E-01  1.00000E+00  1.00000E-04  0.00000E+00
  4.99000E-01  1.00000E+00  1.00000E-04  0.00000E+00
  5.00000E-01  1.00000E+00  1.00000E-04  0.00000E+00
  5.01000E-01  1.00000E+00  1.00000E-04  0.00000E+00
  5.02000E-01  1.00000E+00  1.00000E-04  0.00000E+00
  5.03000E-01  1.00000E+00  1.00000E-04  0.00000E+00
  5.04000E-01  1.00000E+00  1.00000E-04  3.48882E-12
  5.05000E-01  1.00000E+00  1.00000E-04  6.01987E-10
  5.06000E-01  9.99998E-01  9.99998E-05  0.00000E+00
  5.07000E-01  1.00000E+00  1.00000E-04 -6.02176E-10
  5.08000E-01  1.00000E+00  1.00000E-04 -3.50328E-12
  5.09000E-01  1.00000E+00  1.00000E-04  0.00000E+00
  5.10000E-01  1.00000E+00  1.00000E-04 -7.76996E-17
  5.11000E-01  1.00000E+00  1.00000E-04  0.00000E+00
  5.12000E-01  1.00000E+00  1.00000E-04  7.76995E-17
  5.13000E-01  1.00000E+00  1.00000E-04  0.00000E+00
  5.14000E-01  1.00000E+00  1.00000E-04  0.00000E+00
  5.15000E-01  1.00000E+00  1.00000E-04  0.00000E+00
  5.16000E-01  1.00000E+00  1.00000E-04  4.03772E-10
  5.17000E-01  9.99999E-01  9.99999E-05  0.00000E+00
  5.18000E-01  1.00000E+00  1.00000E-04 -4.03812E-10
  5.19000E-01  1.00000E+00  1.00000E-04  0.00000E+00
  5.20000E-01  1.00000E+00  1.00000E-04 -7.76996E-17
  5.21000E-01  1.00000E+00  1.00000E-04  0.00000E+00
  5.22000E-01  1.00000E+00  1.00000E-04  7.76996E-17
  5.23000E-01  1.00000E+00  1.00000E-04  0.00000E+00
  5.24000E-01  1.00000E+00  1.00000E-04  0.00000E+00
  5.25000E-01  1.00000E+00  1.00000E-04  0.00000E+00
  5.26000E-01  1.00000E+00  1.00000E-04  0.00000E+00
  5.27000E-01  1.00000E+00  1.00000E-04  0.00000E+00
  5.28000E-01  1.00000E+00  1.00000E-04  0.00000E+00
  5.29000E-01  1.00000E+00  1.00000E-04  2.01838E-10
  5.30000E-01  9.99999E-01  9.99999E-05  0.00000E+00
  5.31000E-01  1.00000E+00  1.00000E-04 -2.01829E-10
  5.32000E-01  1.00000E+00  1.00000E-04  0.00000E+00
  5.33000E-01  1.00000E+00  1.00000E-04 -5.04575E-11
  5.34000E-01  1.00000E+00  1.00000E-04 -5.04429E-11
  5.35000E-01  1.00000E+00  1.00000E-04  0.00000E+00
  5.36000E-01  1.00000E+00  1.00000E-04  5.04490E-11
  5.37000E-01  1.00000E+00  1.00000E-04  5.04570E-11
  5.38000E-01  1.00000E+00  1.00000E-04  0.00000E+00
  5.39000E-01  1.00000E+00  1.00000E-04  0.00000E+00
  5.40000E-01  1.00000E+00  1.00000E-04  0.00000E+00
  5.41000E-01  1.00000E+00  1.00000E-04 -5.04612E-11
  5.42000E-01  1.00000E+00  1.00000E-04  0.00000E+00
  5.43000E-01  1.00000E+00  1.00000E-04  5.04575E-11
  5.44000E-01  1.00000E+00  1.00000E-04  5.04564E-11
  5.45000E-01  1.00000E+00  1.00000E-04  0.00000E+00
  5.46000E-01  1.00000E+00  1.00000E-04 -5.04500E-11
  5.47000E-01  1.00000E+00  1.00000E-04  0.00000E+00
  5.48000E-01  1.00000E+00  1.00000E-04  0.00000E+00
  5.49000E-01  1.00000E+00  1.00000E-04  0.00000E+00
  5.50000E-01  1.00000E+00  1.00000E-04 -1.04927E-15
  5.51000E-01  1.00000E+00  1.00000E-04 -8.61812E-16
  5.52000E-01  1.00000E+00  1.00000E-04  1.91108E-15
  5.53000E-01  1.00000E+00  1.00000E-04  5.04571E-11
  5.54000E-01  1.00000E+00  1.00000E-04  0.00000E+00
  5.55000E-01  1.00000E+00  1.00000E-04 -5.04380E-11
  5.56000E-01  1.00000E+00  1.00000E-04  1.51419E-10
  5.57000E-01  1.00000E+00  1.00000E-04 -9.40165E-17
  5.58000E-01  1.00000E+00  1.00000E-04  0.00000E+00
  5.59000E-01  1.00000E+00  1.00000E-04  0.00000E+00
  5.60000E-01  1.00000E+00  1.00000E-04  0.00000E+00
  5.61000E-01  1.00000E+00  1.00000E-04  9.40165E-17
  5.62000E-01  1.00000E+00  1.00000E-04 -7.56913E-11
  5.63000E-01  1.00000E+00  1.00000E-04 -7.56909E-11
  5.64000E-01  1.00000E+00  1.00000E-04 -2.31366E-11
  5.65000E-01  1.00000E+00  1.00000E-04  2.31279E-11
  5.66000E-01  1.00000E+00  1.00000E-04  1.00923E-10
  5.67000E-01  1.00000E+00  1.00000E-04  0.00000E+00
  5.68000E-01  1.00000E+00  1.00000E-04 -1.00917E-10
  5.69000E-01  1.00000E+00  1.00000E-04  0.00000E+00
  5.70000E-01  1.00000E+00  1.00000E-04  1.00957E-10
  5.71000E-01  1.00000E+00  1.00000E-04 -9.40165E-17
  5.72000E-01  1.00000E+00  1.00000E-04  0.00000E+00
  5.73000E-01  1.00000E+00  1.00000E-04  9.40165E-17
  5.74000E-01  1.00000E+00  1.00000E-04 -1.00871E-10
  5.75000E-01  1.00000E+00  1.00000E-04  0.00000E+00
  5.76000E-01  1.00000E+00  1.00000E-04  0.00000E+00
  5.77000E-01  1.00000E+00  1.00000E-04  0.00000E+00
  5.78000E-01  1.00000E+00  1.00000E-04  0.00000E+00
  5.79000E-01  1.00000E+00  1.00000E-04  0.00000E+00
  5.80000E-01  1.00000E+00  1.00000E-04  0.00000E+00
  5.81000E-01  1.00000E+00  1.00000E-04  5.04437E-11
  5.82000E-01  1.00000E+00  1.00000E-04  0.00000E+00
  5.83000E-01  1.00000E+00  1.00000E-04 -1.51314E-10
  5.84000E-01  1.00000E+00  1.00000E-04  3.36553E-11
  5.85000E-01  1.00000E+00  1.00000E-04  3.36532E-11
  5.86000E-01  1.00000E+00  1.00000E-04  3.36549E-11
  5.87000E-01  1.00000E+00  1.00000E-04  0.00000E+00
  5.88000E-01  1.00000E+00  1.00000E-04  0.00000E+00
  5.89000E-01  1.00000E+00  1.00000E-04  0.00000E+00
  5.90000E-01  1.00000E+00  1.00000E-04  0.00000E+00
  5.91000E-01  1.00000E+00  1.00000E-04  0.00000E+00
  5.92000E-01  1.00000E+00  1.00000E-04  0.00000E+00
  5.93000E-01  1.00000E+00  1.00000E-04  1.51426E-10
  5.94000E-01  1.00000E+00  1.00000E-04 -1.03418E-16
  5.95000E-01  1.00000E+00  1.00000E-04 -9.40164E-17
  5.96000E-01  1.00000E+00  1.00000E-04  0.00000E+00
  5.97000E-01  1.00000E+00  1.00000E-04  3.58972E-16
  5.98000E-01  1.00000E+00  1.00000E-04  1.03418E-16
  5.99000E-01  1.00000E+00  1.00000E-04 -1.51315E-10
  6.00000E-01  1.00000E+00  1.00000E-04 -1.36339E-11
  6.01000E-01  1.00000E+00  1.00000E-04 -7.95820E-09
  6.02000E-01  1.00000E+00  1.00000E-04 -5.05009E-07
  6.03000E-01  1.00000E+00  1.00262E-04  2.02650E-10
  6.04000E-01  1.00000E+00  1.00000E-04  5.04699E-07
  6.05000E-01  1.00000E+00  1.00000E-04  7.99146E-09
  6.06000E-01  1.00000E+00  1.00000E-04  4.93115E-10
  6.07000E-01  9.99999E-01  9.99999E-05 -3.72743E-11
  6.08000E-01  1.00000E+00  1.00000E-04 -2.01867E-10
  6.09000E-01  9.99999E-01  9.99999E-05  5.04440E-11
  6.10000E-01  1.00000E+00  1.00000E-04 -2.52156E-10
  6.11000E-01  1.00000E+00  1.00000E-04 -5.04698E-11
  6.12000E-01  1.00000E+00  1.00000E-04  1.51412E-10
  6.13000E-01  1.00000E+00  1.00000E-04  0.00000E+00
  6.14000E-01  1.00000E+00  1.00000E-04 -1.51426E-10
  6.15000E-01  1.00000E+00  1.00000E-04  0.00000E+00
  6.16000E-01  1.00000E+00  1.00000E-04  0.00000E+00
  6.17000E-01  1.00000E+00  1.00000E-04  0.00000E+00
  6.18000E-01  1.00000E+00  1.00000E-04  0.00000E+00
  6.19000E-01  1.00000E+00  1.00000E-04  0.00000E+00
  6.20000E-01  1.00000E+00  1.00000E-04  0.00000E+00
  6.21000E-01  1.00000E+00  1.00000E-04  1.51319E-10
  6.22000E-01  1.00000E+00  1.00000E-04 -1.00872E-10
  6.23000E-01  1.00000E+00  1.00000E-04 -1.51411E-10
  6.24000E-01  1.00000E+00  1.00000E-04  5.04767E-11
  6.25000E-01  1.00000E+00  1.00000E-04  5.04720E-11
  6.26000E-01  1.00000E+00  1.00000E-04  0.00000E+00
  6.27000E-01  1.00000E+00  1.00000E-04 -5.04722E-11
  6.28000E-01  1.00000E+00  1.00000E-04  1.00882E-10
  6.29000E-01  1.00000E+00  1.00000E-04  0.00000E+00
  6.30000E-01  1.00000E+00  1.00000E-04 -1.13760E-16
  6.31000E-01  1.00000E+00  1.00000E-04  1.03418E-17
  6.32000E-01  1.00000E+00  1.00000E-04 -6.82979E-17
  6.33000E-01  1.00000E+00  1.00000E-04  8.62465E-17
  6.34000E-01  1.00000E+00  1.00000E-04  8.54695E-17
  6.35000E-01  1.00000E+00  1.00000E-04  0.00000E+00
  6.36000E-01  1.00000E+00  1.00000E-04 -5.04325E-11
  6.37000E-01  1.00000E+00  1.00000E-04 -5.04820E-11
  6.38000E-01  1.00000E+00  1.00000E-04  5.04716E-11
  6.39000E-01  1.00000E+00  1.00000E-04  5.04453E-11
  6.40000E-01  1.00000E+00  1.00000E-04  1.00929E-10
  6.41000E-01  1.00000E+00  1.00000E-04 -1.63169E-16
  6.42000E-01  1.00000E+00  1.00000E-04 -1.51348E-10
  6.43000E-01  1.00000E+00  1.00000E-04 -7.76996E-17
  6.44000E-01  1.00000E+00  1.00000E-04 -7.76995E-18
  6.45000E-01  1.00000E+00  1.00000E-04  8.54695E-17
  6.46000E-01  1.00000E+00  1.00000E-04  5.04722E-11
  6.47000E-01  1.00000E+00  1.00000E-04 -7.76996E-17
  6.48000E-01  1.00000E+00  1.00000E-04  5.04733E-11
  6.49000E-01  1.00000E+00  1.00000E-04  3.02580E-10
  6.50000E-01  9.99999E-01  9.99999E-05 -2.01791E-10
  6.51000E-01  1.00000E+00  1.00000E-04 -2.01942E-10
  6.52000E-01  1.00000E+00  1.00000E-04 -5.04704E-11
  6.53000E-01  1.00000E+00  1.00000E-04  5.04865E-11
  6.54000E-01  1.00000E+00  1.00000E-04 -1.01786E-16
  6.55000E-01  1.00000E+00  1.00000E-04 -3.02829E-10
  6.56000E-01  1.00000E+00  1.00000E-04 -9.40165E-17
  6.57000E-01  1.00000E+00  1.00000E-04  5.04834E-11
  6.58000E-01  1.00000E+00  1.00000E-04  3.02848E-10
  6.59000E-01  1.00000E+00  1.00000E-04 -1.00949E-10
  6.60000E-01  1.00000E+00  1.00000E-04 -5.04458E-11
  6.61000E-01  1.00000E+00  1.00000E-04  3.02668E-10
  6.62000E-01  1.00000E+00  1.00000E-04 -2.01886E-10
  6.63000E-01  1.00000E+00  1.00000E-04  8.54695E-17
  6.64000E-01  1.00000E+00  1.00000E-04  7.76996E-17
  6.65000E-01  1.00000E+00  1.00000E-04 -2.45102E-11
  6.66000E-01  1.00000E+00  1.00000E-04  1.08346E-09
  6.67000E-01  9.99998E-01  9.99998E-05 -3.02654E-10
  6.68000E-01  1.00000E+00  1.00000E-04 -6.45570E-10
  6.69000E-01  1.00000E+00  1.00000E-04  3.34136E-11
  6.70000E-01  1.00000E+00  1.00000E-04 -5.98963E-10
  6.71000E-01  1.00000E+00  1.00000E-04  0.00000E+00
  6.72000E-01  1.00000E+00  1.00000E-04  5.55287E-10
  6.73000E-01  1.00000E+00  1.00000E-04  1.51314E-10
  6.74000E-01  1.00000E+00  1.00000E-04 -1.00924E-10
  6.75000E-01  1.00000E+00  1.00000E-04 -6.72567E-11
  6.76000E-01  1.00000E+00  1.00000E-04 -6.72537E-11
  6.77000E-01  1.00000E+00  1.00000E-04 -6.72578E-11
  6.78000E-01  1.00000E+00  1.00000E-04  1.51391E-10
  6.79000E-01  1.00000E+00  1.00000E-04 -2.52399E-10
  6.80000E-01  1.00000E+00  1.00000E-04  1.00961E-10
  6.81000E-01  1.00000E+00  9.99999E-05  5.34009E-10
  6.82000E-01  9.99999E-01  9.99999E-05 -3.82722E-10
  6.83000E-01  1.00000E+00  1.00000E-04  2.52198E-11
  6.84000E-01  1.00000E+00  1.00000E-04  2.52189E-11
  6.85000E-01  1.00000E+00  1.00000E-04 -1.00893E-10
  6.86000E-01  1.00000E+00  1.00000E-04  2.52386E-10
  6.87000E-01  9.99999E-01  9.99999E-05 -5.04426E-11
  6.88000E-01  1.00000E+00  1.00000E-04 -2.52209E-10
  6.89000E-01  1.00000E+00  1.00000E-04  1.51278E-10
  6.90000E-01  1.00000E+00  1.00000E-04 -2.05458E-15
  6.91000E-01  1.00000E+00  1.00000E-04  9.08267E-10
  6.92000E-01  9.99999E-01  9.99997E-05 -4.03394E-10
  6.93000E-01  1.00000E+00  1.00000E-04 -7.03157E-10
  6.94000E-01  1.00000E+00  9.99999E-05 -1.04365E-10
  6.95000E-01  1.00000E+00  1.00000E-04 -5.94182E-10
  6.96000E-01  1.00000E+00  1.00000E-04  3.15928E-09
  6.97000E-01  9.99995E-01  9.99994E-05 -3.45391E-10
  6.98000E-01  1.00000E+00  1.00000E-04 -2.02524E-09
  6.99000E-01  1.00000E+00  1.00000E-04 -4.32195E-11
  7.00000E-01  1.00000E+00  1.00000E-04  0.00000E+00
  7.01000E-01  1.00000E+00  1.00000E-04  0.00000E+00
  7.02000E-01  1.00000E+00  1.00000E-04  0.00000E+00
  7.03000E-01  1.00000E+00  1.00000E-04  0.00000E+00
  7.04000E-01  1.00000E+00  1.00000E-04  0.00000E+00
  7.05000E-01  1.00000E+00  1.00000E-04  3.53282E-10
  7.06000E-01  1.00000E+00  9.99999E-05  2.01774E-10
  7.07000E-01  1.00000E+00  1.00000E-04 -9.58655E-10
  7.08000E-01  1.00000E+00  1.00000E-04  1.51407E-10
  7.09000E-01  1.00000E+00  1.00000E-04  2.52257E-10
  7.10000E-01  1.00000E+00  1.00000E-04  0.00000E+00
  7.11000E-01  1.00000E+00  1.00000E-04  0.00000E+00
  7.12000E-01  1.00000E+00  1.00000E-04  0.00000E+00
  7.13000E-01  1.00000E+00  1.00000E-04  0.00000E+00
  7.14000E-01  1.00000E+00  1.00000E-04  0.00000E+00
  7.15000E-01  1.00000E+00  1.00000E-04  0.00000E+00
  7.16000E-01  1.00000E+00  1.00000E-04  0.00000E+00
  7.17000E-01  1.00000E+00  1.00000E-04 -5.04509E-11
  7.18000E-01  1.00000E+00  1.00000E-04  0.00000E+00
  7.19000E-01  1.00000E+00  1.00000E-04  3.37158E-11
  7.20000E-01  1.00000E+00  1.00000E-04 -1.00327E-08
  7.21000E-01  1.00000E+00  1.00000E-04 -6.36559E-07
  7.22000E-01  1.00000E+00  1.00330E-04 -2.92076E-13
  7.23000E-01  1.00000E+00  1.00000E-04  6.36512E-07
  7.24000E-01  1.00000E+00  1.00000E-04  9.90599E-09
  7.25000E-01  1.00000E+00  1.00000E-04  5.32841E-11
  7.26000E-01  1.00000E+00  1.00000E-04  1.00881E-10
  7.27000E-01  1.00000E+00  1.00000E-04  0.00000E+00
  7.28000E-01  1.00000E+00  1.00000E-04  0.00000E+00
  7.29000E-01  1.00000E+00  1.00000E-04  0.00000E+00
  7.30000E-01  1.00000E+00  1.00000E-04  0.00000E+00
  7.31000E-01  1.00000E+00  1.00000E-04  0.00000E+00
  7.32000E-01  1.00000E+00  1.00000E-04  0.00000E+00
  7.33000E-01  1.00000E+00  1.00000E-04  0.00000E+00
  7.34000E-01  1.00000E+00  1.00000E-04  0.00000E+00
  7.35000E-01  1.00000E+00  1.00000E-04  0.00000E+00
  7.36000E-01  1.00000E+00  1.00000E-04  0.00000E+00
  7.37000E-01  1.00000E+00  1.00000E-04  0.00000E+00
  7.38000E-01  1.00000E+00  1.00000E-04  0.00000E+00
  7.39000E-01  1.00000E+00  1.00000E-04  0.00000E+00
  7.40000E-01  1.00000E+00  1.00000E-04  0.00000E+00
  7.41000E-01  1.00000E+00  1.00000E-04  0.00000E+00
  7.42000E-01  1.00000E+00  1.00000E-04 -1.00925E-10
  7.43000E-01  1.00000E+00  1.00000E-04 -5.04711E-11
  7.44000E-01  1.00000E+00  1.00000E-04  1.51399E-10
  7.45000E-01  1.00000E+00  1.00000E-04  7.76995E-17
  7.46000E-01  1.00000E+00  1.00000E-04  0.00000E+00
  7.47000E-01  1.00000E+00  1.00000E-04  0.00000E+00
  7.48000E-01  1.00000E+00  1.00000E-04  0.00000E+00
  7.49000E-01  1.00000E+00  1.00000E-04 -5.04677E-11
  7.50000E-01  1.00000E+00  1.00000E-04 -5.04655E-11
  7.51000E-01  1.00000E+00  1.00000E-04  1.00929E-10
  7.52000E-01  1.00000E+00  1.00000E-04  5.04378E-11
  7.53000E-01  1.00000E+00  1.00000E-04 -5.04381E-11
  7.54000E-01  1.00000E+00  1.00000E-04  0.00000E+00
  7.55000E-01  1.00000E+00  1.00000E-04  5.04688E-11
  7.56000E-01  1.00000E+00  1.00000E-04  0.00000E+00
  7.57000E-01  1.00000E+00  1.00000E-04 -5.04572E-11
  7.58000E-01  1.00000E+00  1.00000E-04  0.00000E+00
  7.59000E-01  1.00000E+00  1.00000E-04  0.00000E+00
  7.60000E-01  1.00000E+00  1.00000E-04  0.00000E+00
  7.61000E-01  1.00000E+00  1.00000E-04  0.00000E+00
  7.62000E-01  1.00000E+00  1.00000E-04  0.00000E+00
  7.63000E-01  1.00000E+00  1.00000E-04  0.00000E+00
  7.64000E-01  1.00000E+00  1.00000E-04  0.00000E+00
  7.65000E-01  1.00000E+00  1.00000E-04  0.00000E+00
  7.66000E-01  1.00000E+00  1.00000E-04  5.04548E-11
  7.67000E-01  1.00000E+00  1.00000E-04  0.00000E+00
  7.68000E-01  1.00000E+00  1.00000E-04 -5.04682E-11
  7.69000E-01  1.00000E+00  1.00000E-04 -3.02773E-10
  7.70000E-01  1.00000E+00  1.00000E-04 -1.48932E-11
  7.71000E-01  1.00000E+00  1.00000E-04 -8.99787E-09
  7.72000E-01  1.00000E+00  1.00000E-04 -5.89142E-07
  7.73000E-01  1.00000E+00  1.00306E-04 -6.01094E-11
  7.74000E-01  1.00000E+00  1.00000E-04  5.78968E-07
  7.75000E-01  1.00000E+00  1.00000E-04 -6.30718E-07
  7.76000E-01  1.00000E+00  1.00333E-04  5.69165E-11
  7.77000E-01  1.00000E+00  1.00000E-04  6.40346E-07
  7.78000E-01  1.00000E+00  1.00000E-04  1.02374E-08
  7.79000E-01  1.00000E+00  1.00000E-04  1.40650E-11
  7.80000E-01  1.00000E+00  1.00000E-04 -1.51375E-10
  7.81000E-01  1.00000E+00  1.00000E-04  5.04559E-11
  7.82000E-01  1.00000E+00  1.00000E-04  0.00000E+00
  7.83000E-01  1.00000E+00  1.00000E-04 -5.04478E-11
  7.84000E-01  1.00000E+00  1.00000E-04  1.51430E-10
  7.85000E-01  1.00000E+00  1.00000E-04  0.00000E+00
  7.86000E-01  1.00000E+00  1.00000E-04 -1.51402E-10
  7.87000E-01  1.00000E+00  1.00000E-04  0.00000E+00
  7.88000E-01  1.00000E+00  1.00000E-04  0.00000E+00
  7.89000E-01  1.00000E+00  1.00000E-04  0.00000E+00
  7.90000E-01  1.00000E+00  1.00000E-04  0.00000E+00
  7.91000E-01  1.00000E+00  1.00000E-04  0.00000E+00
  7.92000E-01  1.00000E+00  1.00000E-04 -5.04416E-11
  7.93000E-01  1.00000E+00  1.00000E-04  0.00000E+00
  7.94000E-01  1.00000E+00  1.00000E-04  5.04409E-11
  7.95000E-01  1.00000E+00  1.00000E-04 -5.04700E-11
  7.96000E-01  1.00000E+00  1.00000E-04  0.00000E+00
  7.97000E-01  1.00000E+00  1.00000E-04  5.04562E-11
  7.98000E-01  1.00000E+00  1.00000E-04  2.01819E-10
  7.99000E-01  9.99999E-01  9.99999E-05  0.00000E+00
  8.00000E-01  1.00000E+00  1.00000E-04 -2.01826E-10
  8.01000E-01  1.00000E+00  1.00000E-04  2.01908E-10
  8.02000E-01  9.99999E-01  9.99999E-05  0.00000E+00
  8.03000E-01  1.00000E+00  1.00000E-04 -2.01769E-10
  8.04000E-01  1.00000E+00  1.00000E-04 -1.36234E-11
  8.05000E-01  1.00000E+00  1.00000E-04 -7.95356E-09
  8.06000E-01  1.00000E+00  1.00000E-04 -5.04582E-07
  8.07000E-01  1.00000E+00  1.00262E-04 -4.80405E-11
  8.08000E-01  1.00000E+00  1.00000E-04  4.96462E-07
  8.09000E-01  1.00000E+00  1.00000E-04 -4.96377E-07
  8.10000E-01  1.00000E+00  1.00262E-04  4.86812E-11
  8.11000E-01  1.00000E+00  1.00000E-04  5.04603E-07
  8.12000E-01  1.00000E+00  1.00000E-04  8.10063E-09
  8.13000E-01  1.00000E+00  1.00000E-04  1.04886E-11
  8.14000E-01  1.00000E+00  1.00000E-04 -1.51373E-10
  8.15000E-01  1.00000E+00  1.00000E-04  1.51425E-10
  8.16000E-01  1.00000E+00  1.00000E-04  5.04528E-11
  8.17000E-01  1.00000E+00  1.00000E-04 -3.02732E-10
  8.18000E-01  1.00000E+00  1.00000E-04  5.04736E-11
  8.19000E-01  1.00000E+00  1.00000E-04  5.04558E-11
  8.20000E-01  1.00000E+00  1.00000E-04  0.00000E+00
  8.21000E-01  1.00000E+00  1.00000E-04  0.00000E+00
  8.22000E-01  1.00000E+00  1.00000E-04  0.00000E+00
  8.23000E-01  1.00000E+00  1.00000E-04  1.00911E-10
  8.24000E-01  1.00000E+00  1.00000E-04  2.47443E-16
  8.25000E-01  1.00000E+00  1.00000E-04 -5.04803E-11
  8.26000E-01  1.00000E+00  1.00000E-04  7.76995E-17
  8.27000E-01  1.00000E+00  1.00000E-04 -5.04621E-11
  8.28000E-01  1.00000E+00  1.00000E-04  0.00000E+00
  8.29000E-01  1.00000E+00  1.00000E-04  5.04595E-11
  8.30000E-01  1.00000E+00  1.00000E-04  0.00000E+00
  8.31000E-01  1.00000E+00  1.00000E-04 -5.04725E-11
  8.32000E-01  1.00000E+00  1.00000E-04  0.00000E+00
  8.33000E-01  1.00000E+00  1.00000E-04  0.00000E+00
  8.34000E-01  1.00000E+00  1.00000E-04  1.00961E-10
  8.35000E-01  1.00000E+00  1.00000E-04  0.00000E+00
  8.36000E-01  1.00000E+00  1.00000E-04 -1.00939E-10
  8.37000E-01  1.00000E+00  1.00000E-04 -1.63748E-11
  8.38000E-01  1.00000E+00  1.00000E-04 -9.83615E-09
  8.39000E-01  1.00000E+00  1.00000E-04 -6.24423E-07
  8.40000E-01  1.00000E+00  1.00325E-04 -2.02141E-10
  8.41000E-01  1.00000E+00  1.00000E-04  6.24811E-07
  8.42000E-01  1.00000E+00  1.00000E-04  9.94012E-09
  8.43000E-01  1.00000E+00  1.00000E-04  1.46009E-11
  8.44000E-01  1.00000E+00  1.00000E-04 -1.00933E-10
  8.45000E-01  1.00000E+00  1.00000E-04  5.04715E-11
  8.46000E-01  1.00000E+00  1.00000E-04  0.00000E+00
  8.47000E-01  1.00000E+00  1.00000E-04 -1.00917E-10
  8.48000E-01  1.00000E+00  1.00000E-04  5.04909E-11
  8.49000E-01  1.00000E+00  1.00000E-04  0.00000E+00
  8.50000E-01  1.00000E+00  1.00000E-04  0.00000E+00
  8.51000E-01  1.00000E+00  1.00000E-04 -2.52331E-11
  8.52000E-01  1.00000E+00  1.00000E-04 -2.52319E-11
  8.53000E-01  1.00000E+00  1.00000E-04  1.00893E-10
  8.54000E-01  1.00000E+00  1.00000E-04  4.71807E-11
  8.55000E-01  1.00000E+00  1.00000E-04  2.11144E-09
  8.56000E-01  9.99994E-01  9.99994E-05 -1.06089E-12
  8.57000E-01  1.00000E+00  1.00000E-04 -2.15126E-09
  8.58000E-01  1.00000E+00  1.00000E-04  3.96426E-10
  8.59000E-01  9.99999E-01  9.99999E-05  8.54695E-17
  8.60000E-01  1.00000E+00  1.00000E-04 -4.54185E-10
  8.61000E-01  1.00000E+00  1.00000E-04  0.00000E+00
  8.62000E-01  1.00000E+00  1.00000E-04  0.00000E+00
  8.63000E-01  1.00000E+00  1.00000E-04  0.00000E+00
  8.64000E-01  1.00000E+00  1.00000E-04  0.00000E+00
  8.65000E-01  1.00000E+00  1.00000E-04  0.00000E+00
  8.66000E-01  1.00000E+00  1.00000E-04  5.04670E-11
  8.67000E-01  1.00000E+00  1.00000E-04  1.00935E-10
  8.68000E-01  1.00000E+00  1.00000E-04 -1.51406E-10
  8.69000E-01  1.00000E+00  1.00000E-04  0.00000E+00
  8.70000E-01  1.00000E+00  1.00000E-04  0.00000E+00
  8.71000E-01  1.00000E+00  1.00000E-04  5.04792E-11
  8.72000E-01  1.00000E+00  1.00000E-04  1.51362E-10
  8.73000E-01  1.00000E+00  1.00000E-04 -3.02758E-10
  8.74000E-01  1.00000E+00  1.00000E-04  5.04776E-11
  8.75000E-01  1.00000E+00  1.00000E-04  5.04539E-11
  8.76000E-01  1.00000E+00  1.00000E-04  1.00887E-10
  8.77000E-01  1.00000E+00  1.00000E-04  0.00000E+00
  8.78000E-01  1.00000E+00  1.00000E-04 -1.51384E-10
  8.79000E-01  1.00000E+00  1.00000E-04  1.51424E-10
  8.80000E-01  1.00000E+00  1.00000E-04  5.04792E-11
  8.81000E-01  1.00000E+00  1.00000E-04  4.53964E-10
  8.82000E-01  9.99998E-01  9.99998E-05  7.76995E-17
  8.83000E-01  1.00000E+00  1.00000E-04 -5.98227E-10
  8.84000E-01  1.00000E+00  1.00000E-04  4.33661E-11
  8.85000E-01  1.00000E+00  1.00000E-04  0.00000E+00
  8.86000E-01  1.00000E+00  1.00000E-04 -5.04816E-11
  8.87000E-01  1.00000E+00  1.00000E-04  0.00000E+00
  8.88000E-01  1.00000E+00  1.00000E-04  0.00000E+00
  8.89000E-01  1.00000E+00  1.00000E-04  5.04692E-11
  8.90000E-01  1.00000E+00  1.00000E-04  0.00000E+00
  8.91000E-01  1.00000E+00  1.00000E-04 -5.04402E-11
  8.92000E-01  1.00000E+00  1.00000E-04  0.00000E+00
  8.93000E-01  1.00000E+00  1.00000E-04  0.00000E+00
  8.94000E-01  1.00000E+00  1.00000E-04  0.00000E+00
  8.95000E-01  1.00000E+00  1.00000E-04  5.04657E-11
  8.96000E-01  1.00000E+00  1.00000E-04 -5.04752E-11
  8.97000E-01  1.00000E+00  1.00000E-04  0.00000E+00
  8.98000E-01  1.00000E+00  1.00000E-04  0.00000E+00
  8.99000E-01  1.00000E+00  1.00000E-04 -2.44871E-16
  9.00000E-01  1.00000E+00  1.00000E-04  1.14794E-16
  9.01000E-01  1.00000E+00  1.00000E-04  1.30077E-16
  9.02000E-01  1.00000E+00  1.00000E-04  0.00000E+00
  9.03000E-01  1.00000E+00  1.00000E-04 -2.52303E-11
  9.04000E-01  1.00000E+00  1.00000E-04 -2.52298E-11
  9.05000E-01  1.00000E+00  1.00000E-04  8.54695E-17
  9.06000E-01  1.00000E+00  1.00000E-04 -1.00939E-10
  9.07000E-01  1.00000E+00  1.00000E-04  1.00968E-10
  9.08000E-01  1.00000E+00  1.00000E-04  5.04400E-11
  9.09000E-01  1.00000E+00  1.00000E-04  5.04618E-11
  9.10000E-01  1.00000E+00  1.00000E-04 -2.52273E-11
  9.11000E-01  1.00000E+00  1.00000E-04 -2.52285E-11
  9.12000E-01  1.00000E+00  1.00000E-04  7.76995E-17
  9.13000E-01  1.00000E+00  1.00000E-04  0.00000E+00
  9.14000E-01  1.00000E+00  1.00000E-04  0.00000E+00
  9.15000E-01  1.00000E+00  1.00000E-04  0.00000E+00
  9.16000E-01  1.00000E+00  1.00000E-04  2.01825E-10
  9.17000E-01  9.99999E-01  9.99999E-05  0.00000E+00
  9.18000E-01  1.00000E+00  1.00000E-04 -2.01897E-10
  9.19000E-01  1.00000E+00  1.00000E-04  0.00000E+00
  9.20000E-01  1.00000E+00  1.00000E-04  0.00000E+00
  9.21000E-01  1.00000E+00  1.00000E-04  2.52344E-10
  9.22000E-01  9.99999E-01  9.99999E-05  3.02648E-16
  9.23000E-01  1.00000E+00  1.00000E-04 -1.51314E-10
  9.24000E-01  1.00000E+00  1.00000E-04  1.51287E-10
  9.25000E-01  1.00000E+00  1.00000E-04 -1.51289E-10
  9.26000E-01  1.00000E+00  1.00000E-04 -1.00899E-10
  9.27000E-01  1.00000E+00  1.00000E-04  0.00000E+00
  9.28000E-01  1.00000E+00  1.00000E-04 -2.33099E-16
  9.29000E-01  1.00000E+00  1.00000E-04  7.76995E-17
  9.30000E-01  1.00000E+00  1.00000E-04  7.76995E-17
  9.31000E-01  1.00000E+00  1.00000E-04  5.04458E-11
  9.32000E-01  1.00000E+00  1.00000E-04  1.37583E-11
  9.33000E-01  1.00000E+00  1.00000E-04 -1.37583E-11
  9.34000E-01  1.00000E+00  1.00000E-04 -5.04751E-11
  9.35000E-01  1.00000E+00  1.00000E-04  0.00000E+00
  9.36000E-01  1.00000E+00  1.00000E-04 -1.00893E-10
  9.37000E-01  1.00000E+00  1.00000E-04  0.00000E+00
  9.38000E-01  1.00000E+00  1.00000E-04  3.02645E-10
  9.39000E-01  1.00000E+00  1.00000E-04  0.00000E+00
  9.40000E-01  1.00000E+00  1.00000E-04 -3.02827E-10
  9.41000E-01  1.00000E+00  1.00000E-04  0.00000E+00
  9.42000E-01  1.00000E+00  1.00000E-04  3.53089E-10
  9.43000E-01  1.00000E+00  1.00000E-04 -5.04336E-11
  9.44000E-01  1.00000E+00  1.00000E-04 -4.02828E-11
  9.45000E-01  1.00000E+00  1.00000E-04  1.35157E-09
  9.46000E-01  9.99996E-01  9.99996E-05  3.84597E-10
  9.47000E-01  1.00000E+00  1.00000E-04 -1.92533E-09
  9.48000E-01  1.00000E+00  1.00000E-04  3.93195E-11
  9.49000E-01  1.00000E+00  1.00000E-04  3.93187E-11
  9.50000E-01  1.00000E+00  1.00000E-04  1.51278E-10
  9.51000E-01  1.00000E+00  1.00000E-04  5.04640E-11
  9.52000E-01  1.00000E+00  1.00000E-04 -8.89184E-12
  9.53000E-01  1.00000E+00  1.00000E-04 -4.15769E-11
  9.54000E-01  1.00000E+00  1.00000E-04 -4.53939E-10
  9.55000E-01  1.00000E+00  1.00000E-04  1.51428E-10
  9.56000E-01  1.00000E+00  1.00000E-04  1.51455E-10
  9.57000E-01  1.00000E+00  1.00000E-04  5.04809E-11
  9.58000E-01  1.00000E+00  1.00000E-04  1.00901E-10
  9.59000E-01  1.00000E+00  1.00000E-04 -3.02553E-10
  9.60000E-01  1.00000E+00  1.00000E-04  5.04334E-11
  9.61000E-01  1.00000E+00  1.00000E-04  5.04649E-11
  9.62000E-01  1.00000E+00  1.00000E-04 -1.00893E-10
  9.63000E-01  1.00000E+00  1.00000E-04 -2.01932E-10
  9.64000E-01  1.00000E+00  1.00000E-04  5.04663E-10
  9.65000E-01  1.00000E+00  1.00000E-04  5.04464E-11
  9.66000E-01  1.00000E+00  1.00000E-04 -6.05109E-10
  9.67000E-01  1.00000E+00  1.00000E-04  2.01955E-10
  9.68000E-01  1.00000E+00  1.00000E-04 -1.21530E-16
  9.69000E-01  1.00000E+00  1.00000E-04 -5.04820E-11
  9.70000E-01  1.00000E+00  1.00000E-04  5.04667E-11
  9.71000E-01  1.00000E+00  1.00000E-04  3.52973E-10
  9.72000E-01  9.99999E-01  9.99999E-05  1.13821E-10
  9.73000E-01  1.00000E+00  1.00000E-04  1.60189E-09
  9.74000E-01  9.99995E-01  9.99995E-05  8.66692E-11
  9.75000E-01  1.00000E+00  1.00000E-04 -2.05364E-09
  9.76000E-01  1.00000E+00  1.00000E-04  1.51055E-10
  9.77000E-01  1.00000E+00  9.99999E-05  1.51384E-10
  9.78000E-01  1.00000E+00  1.00000E-04 -4.54134E-10
  9.79000E-01  9.99999E-01  1.00000E-04  1.47978E-15
  9.80000E-01  1.00000E+00  1.00000E-04  1.10929E-09
  9.81000E-01  9.99998E-01  9.99998E-05  5.04461E-11
  9.82000E-01  1.00000E+00  1.00000E-04 -1.44610E-09
  9.83000E-01  1.00000E+00  1.00000E-04  1.85541E-10
  9.84000E-01  1.00000E+00  1.00000E-04  3.38904E-11
  9.85000E-01  1.00000E+00  1.00000E-04  1.64996E-09
  9.86000E-01  9.99996E-01  9.99995E-05 -1.38083E-09
  9.87000E-01  1.00001E+00  1.00001E-04 -1.75151E-09
  9.88000E-01  1.00000E+00  1.00000E-04  1.24026E-09
  9.89000E-01  1.00000E+00  1.00000E-04  6.62148E-09
  9.90000E-01  9.99981E-01  9.99981E-05  5.91572E-10
  9.91000E-01  1.00000E+00  1.00000E-04 -6.56211E-09
  9.92000E-01  1.00000E+00  1.00000E-04 -1.41502E-10
  9.93000E-01  1.00000E+00  1.00000E-04  0.00000E+00
  9.94000E-01  1.00000E+00  1.00000E-04 -1.00898E-10
  9.95000E-01  1.00000E+00  1.00000E-04  0.00000E+00
  9.96000E-01  1.00000E+00  1.00000E-04  1.00944E-10
  9.97000E-01  1.00000E+00  1.00000E-04  0.00000E+00
  9.98000E-01  1.00000E+00  1.00000E-04  0.00000E+00
  9.99000E-01  1.00000E+00  1.00000E-04  0.00000E+00
