  0.00000E+00  4.32170E-05  6.45777E-02  1.35168E-04
  1.00000E-02  4.32169E-05  6.45775E-02  3.80983E-04
  2.00000E-02  4.32158E-05  6.45773E-02  5.12598E-04
  3.00000E-02  4.32181E-05  6.45771E-02  6.15275E-04
  4.00000E-02  4.32179E-05  6.45770E-02  7.86097E-04
  5.00000E-02  4.32324E-05  6.45770E-02  9.87705E-04
  6.00000E-02  4.32752E-05  6.45770E-02  1.18314E-03
  7.00000E-02  4.33277E-05  6.45769E-02  1.37618E-03
  8.00000E-02  4.33887E-05  6.45769E-02  1.55061E-03
  9.00000E-02  4.34398E-05  6.45769E-02  1.70065E-03
  1.00000E-01  4.34836E-05  6.45769E-02  1.84897E-03
  1.10000E-01  4.35054E-05  6.45769E-02  2.05012E-03
  1.20000E-01  4.35679E-05  6.45769E-02  2.26467E-03
  1.30000E-01  4.39215E-05  6.45770E-02  2.48047E-03
  1.40000E-01  4.52565E-05  6.45769E-02  2.65747E-03
  1.50000E-01  4.75615E-05  6.45768E-02  2.81404E-03
  1.60000E-01  5.05638E-05  6.45769E-02  2.98503E-03
  1.70000E-01  5.41263E-05  6.45769E-02  3.19066E-03
  1.80000E-01  5.79872E-05  6.45769E-02  3.40652E-03
  1.90000E-01  6.22373E-05  6.45768E-02  3.56884E-03
  2.00000E-01  6.69395E-05  6.45769E-02  3.72026E-03
  2.10000E-01  7.19579E-05  6.45770E-02  3.92572E-03
  2.20000E-01  7.76042E-05  6.45769E-02  4.15440E-03
  2.30000E-01  8.36396E-05  6.45770E-02  4.30689E-03
  2.40000E-01  9.04634E-05  6.45769E-02  4.49658E-03
  2.50000E-01  9.82024E-05  6.45770E-02  4.69651E-03
  2.60000E-01  1.06740E-04  6.45770E-02  4.85335E-03
  2.70000E-01  1.16746E-04  6.45771E-02  5.05925E-03
  2.80000E-01  1.28538E-04  6.45769E-02  5.22234E-03
  2.90000E-01  1.42159E-04  6.45773E-02  5.37368E-03
  3.00000E-01  1.58349E-04  6.45770E-02  5.62152E-03
  3.10000E-01  1.77347E-04  6.45768E-02  5.76099E-03
  3.20000E-01  2.00313E-04  6.45773E-02  5.94639E-03
  3.30000E-01  2.27709E-04  6.45769E-02  6.11336E-03
  3.40000E-01  2.59971E-04  6.45770E-02  6.26842E-03
  3.50000E-01  2.98777E-04  6.45773E-02  6.53757E-03
  3.60000E-01  3.43424E-04  6.45769E-02  6.64602E-03
  3.70000E-01  3.96065E-04  6.45773E-02  6.83617E-03
  3.80000E-01  4.54578E-04  6.45770E-02  7.05042E-03
  3.90000E-01  5.22472E-04  6.45770E-02  7.16567E-03
  4.00000E-01  5.93789E-04  6.45773E-02  7.44485E-03
  4.10000E-01  6.77050E-04  6.45766E-02  7.57278E-03
  4.20000E-01  7.56702E-04  6.45771E-02  7.72165E-03
  4.30000E-01  8.62177E-04  6.45773E-02  8.00957E-03
  4.40000E-01  9.38612E-04  6.45767E-02  8.10903E-03
  4.50000E-01  1.07564E-03  6.45774E-02  8.33792E-03
  4.60000E-01  1.14554E-03  6.45765E-02  8.51399E-03
  4.70000E-01  1.30546E-03  6.45771E-02  8.63722E-03
  4.80000E-01  1.38732E-03  6.45766E-02  8.90692E-03
  4.90000E-01  1.55330E-03  6.45771E-02  9.13977E-03
  5.00000E-01  1.64765E-03  6.45761E-02  9.21694E-03
  5.10000E-01  1.84736E-03  6.45773E-02  9.37099E-03
  5.20000E-01  1.94405E-03  6.45768E-02  9.72911E-03
  5.30000E-01  2.15924E-03  6.45764E-02  9.82016E-03
  5.40000E-01  2.27667E-03  6.45771E-02  9.90687E-03
  5.50000E-01  2.52141E-03  6.45774E-02  1.02638E-02
  5.60000E-01  2.65180E-03  6.45758E-02  1.04181E-02
  5.70000E-01  2.94237E-03  6.45771E-02  1.04953E-02
  5.80000E-01  3.08392E-03  6.45769E-02  1.08283E-02
  5.90000E-01  3.40626E-03  6.45758E-02  1.10035E-02
  6.00000E-01  3.58536E-03  6.45761E-02  1.10104E-02
  6.10000E-01  3.95259E-03  6.45770E-02  1.12495E-02
  6.20000E-01  4.14355E-03  6.45753E-02  1.15954E-02
  6.30000E-01  4.57923E-03  6.45748E-02  1.16025E-02
  6.40000E-01  4.79910E-03  6.45757E-02  1.17247E-02
  6.50000E-01  5.25341E-03  6.45757E-02  1.20938E-02
  6.60000E-01  5.51203E-03  6.45742E-02  1.21966E-02
  6.70000E-01  6.04066E-03  6.45759E-02  1.22886E-02
  6.80000E-01  6.29793E-03  6.45737E-02  1.26733E-02
  6.90000E-01  6.87854E-03  6.45724E-02  1.27915E-02
  7.00000E-01  7.18375E-03  6.45731E-02  1.27943E-02
  7.10000E-01  7.75585E-03  6.45735E-02  1.29920E-02
  7.20000E-01  8.09202E-03  6.45729E-02  1.33389E-02
  7.30000E-01  8.79188E-03  6.45707E-02  1.33797E-02
  7.40000E-01  9.10716E-03  6.45721E-02  1.35201E-02
  7.50000E-01  9.80674E-03  6.45713E-02  1.39123E-02
  7.60000E-01  1.02272E-02  6.45695E-02  1.39843E-02
  7.70000E-01  1.09722E-02  6.45705E-02  1.40225E-02
  7.80000E-01  1.13654E-02  6.45688E-02  1.43063E-02
  7.90000E-01  1.22822E-02  6.45660E-02  1.45711E-02
  8.00000E-01  1.27043E-02  6.45652E-02  1.45768E-02
  8.10000E-01  1.35696E-02  6.45670E-02  1.47702E-02
  8.20000E-01  1.41271E-02  6.45668E-02  1.51111E-02
  8.30000E-01  1.51452E-02  6.45638E-02  1.51639E-02
  8.40000E-01  1.56288E-02  6.45664E-02  1.53182E-02
  8.50000E-01  1.67607E-02  6.45646E-02  1.57182E-02
  8.60000E-01  1.73672E-02  6.45619E-02  1.57676E-02
  8.70000E-01  1.84609E-02  6.45635E-02  1.58242E-02
  8.80000E-01  1.91293E-02  6.45614E-02  1.61370E-02
  8.90000E-01  2.04842E-02  6.45584E-02  1.63569E-02
  9.00000E-01  2.11397E-02  6.45576E-02  1.63616E-02
  9.10000E-01  2.25881E-02  6.45602E-02  1.65774E-02
  9.20000E-01  2.32424E-02  6.45576E-02  1.69414E-02
  9.30000E-01  2.46799E-02  6.45557E-02  1.69556E-02
  9.40000E-01  2.57609E-02  6.45580E-02  1.71464E-02
  9.50000E-01  2.72803E-02  6.45570E-02  1.75065E-02
  9.60000E-01  2.79879E-02  6.45524E-02  1.75420E-02
  9.70000E-01  3.01368E-02  6.45571E-02  1.77519E-02
  9.80000E-01  3.09996E-02  6.45535E-02  1.81140E-02
  9.90000E-01  3.30948E-02  6.45531E-02  1.81465E-02
