  0.00000E+00  2.73200E-05  3.00689E+01  1.11610E-02
  1.00000E-03  2.73196E-05  3.00691E+01  3.38684E-02
  2.00000E-03  2.73195E-05  3.00693E+01  5.91328E-02
  3.00000E-03  2.73202E-05  3.00695E+01  8.45577E-02
  4.00000E-03  2.73210E-05  3.00696E+01  1.08472E-01
  5.00000E-03  2.73229E-05  3.00697E+01  1.30485E-01
  6.00000E-03  2.73336E-05  3.00696E+01  1.53164E-01
  7.00000E-03  2.73536E-05  3.00695E+01  1.75535E-01
  8.00000E-03  2.73824E-05  3.00696E+01  1.98716E-01
  9.00000E-03  2.74159E-05  3.00695E+01  2.22158E-01
  1.00000E-02  2.74458E-05  3.00696E+01  2.45511E-01
  1.10000E-02  2.74751E-05  3.00696E+01  2.68455E-01
  1.20000E-02  2.74894E-05  3.00696E+01  2.92365E-01
  1.30000E-02  2.75054E-05  3.00695E+01  3.16305E-01
  1.40000E-02  2.75319E-05  3.00695E+01  3.39923E-01
  1.50000E-02  2.76782E-05  3.00696E+01  3.63433E-01
  1.60000E-02  2.81897E-05  3.00696E+01  3.85578E-01
  1.70000E-02  2.92926E-05  3.00697E+01  4.09184E-01
  1.80000E-02  3.06605E-05  3.00696E+01  4.32907E-01
  1.90000E-02  3.25028E-05  3.00696E+01  4.55918E-01
  2.00000E-02  3.44331E-05  3.00698E+01  4.79279E-01
  2.10000E-02  3.64392E-05  3.00697E+01  5.02615E-01
  2.20000E-02  3.88602E-05  3.00697E+01  5.26144E-01
  2.30000E-02  4.12291E-05  3.00698E+01  5.50479E-01
  2.40000E-02  4.39023E-05  3.00698E+01  5.73712E-01
  2.50000E-02  4.67989E-05  3.00699E+01  5.96523E-01
  2.60000E-02  4.99422E-05  3.00699E+01  6.19842E-01
  2.70000E-02  5.32431E-05  3.00699E+01  6.43193E-01
  2.80000E-02  5.70034E-05  3.00700E+01  6.65835E-01
  2.90000E-02  6.10801E-05  3.00700E+01  6.91060E-01
  3.00000E-02  6.55006E-05  3.00700E+01  7.14749E-01
  3.10000E-02  7.07374E-05  3.00701E+01  7.38752E-01
  3.20000E-02  7.65409E-05  3.00700E+01  7.61631E-01
  3.30000E-02  8.30361E-05  3.00700E+01  7.84439E-01
  3.40000E-02  9.09137E-05  3.00702E+01  8.10300E-01
  3.50000E-02  9.95428E-05  3.00701E+01  8.32444E-01
  3.60000E-02  1.09595E-04  3.00704E+01  8.57691E-01
  3.70000E-02  1.21672E-04  3.00704E+01  8.82432E-01
  3.80000E-02  1.35137E-04  3.00703E+01  9.03466E-01
  3.90000E-02  1.51370E-04  3.00707E+01  9.30506E-01
  4.00000E-02  1.69960E-04  3.00705E+01  9.53352E-01
  4.10000E-02  1.91324E-04  3.00706E+01  9.76846E-01
  4.20000E-02  2.16115E-04  3.00708E+01  1.00300E+00
  4.30000E-02  2.43622E-04  3.00708E+01  1.02349E+00
  4.40000E-02  2.75449E-04  3.00712E+01  1.04949E+00
  4.50000E-02  3.09589E-04  3.00712E+01  1.07434E+00
  4.60000E-02  3.48242E-04  3.00712E+01  1.09543E+00
  4.70000E-02  3.87594E-04  3.00717E+01  1.12236E+00
  4.80000E-02  4.34165E-04  3.00717E+01  1.14479E+00
  4.90000E-02  4.79504E-04  3.00716E+01  1.16667E+00
  5.00000E-02  5.29748E-04  3.00723E+01  1.19329E+00
  5.10000E-02  5.83219E-04  3.00723E+01  1.21532E+00
  5.20000E-02  6.36904E-04  3.00726E+01  1.23769E+00
  5.30000E-02  6.97403E-04  3.00732E+01  1.26475E+00
  5.40000E-02  7.56661E-04  3.00734E+01  1.28598E+00
  5.50000E-02  8.21391E-04  3.00744E+01  1.30207E+00
  5.60000E-02  8.88044E-04  3.00792E+01  1.31287E+00
  5.70000E-02  9.56456E-04  3.00834E+01  1.31483E+00
  5.80000E-02  1.03152E-03  3.00877E+01  1.32225E+00
  5.90000E-02  1.10778E-03  3.00890E+01  1.34695E+00
  6.00000E-02  1.18914E-03  3.00895E+01  1.37396E+00
  6.10000E-02  1.26951E-03  3.00893E+01  1.40029E+00
  6.20000E-02  1.36512E-03  3.00903E+01  1.42985E+00
  6.30000E-02  1.45561E-03  3.00891E+01  1.45221E+00
  6.40000E-02  1.55733E-03  3.00902E+01  1.47997E+00
  6.50000E-02  1.65976E-03  3.00900E+01  1.51403E+00
  6.60000E-02  1.77202E-03  3.00898E+01  1.53282E+00
  6.70000E-02  1.89367E-03  3.00895E+01  1.56573E+00
  6.80000E-02  2.01567E-03  3.00874E+01  1.59552E+00
  6.90000E-02  2.15600E-03  3.00889E+01  1.62230E+00
  7.00000E-02  2.28468E-03  3.00857E+01  1.65726E+00
  7.10000E-02  2.44781E-03  3.00873E+01  1.67825E+00
  7.20000E-02  2.60875E-03  3.00842E+01  1.71421E+00
  7.30000E-02  2.76696E-03  3.00845E+01  1.73737E+00
  7.40000E-02  2.94752E-03  3.00836E+01  1.76856E+00
  7.50000E-02  3.13097E-03  3.00811E+01  1.79955E+00
  7.60000E-02  3.32565E-03  3.00819E+01  1.82538E+00
  7.70000E-02  3.52737E-03  3.00781E+01  1.85925E+00
  7.80000E-02  3.73524E-03  3.00796E+01  1.88339E+00
  7.90000E-02  3.96708E-03  3.00736E+01  1.91778E+00
  8.00000E-02  4.18945E-03  3.00758E+01  1.94281E+00
  8.10000E-02  4.41537E-03  3.00703E+01  1.97583E+00
  8.20000E-02  4.66122E-03  3.00699E+01  2.00373E+00
  8.30000E-02  4.92793E-03  3.00681E+01  2.03343E+00
  8.40000E-02  5.17392E-03  3.00648E+01  2.05968E+00
  8.50000E-02  5.44439E-03  3.00673E+01  2.08453E+00
  8.60000E-02  5.73424E-03  3.00653E+01  2.11586E+00
  8.70000E-02  6.01060E-03  3.00677E+01  2.13802E+00
  8.80000E-02  6.31893E-03  3.00709E+01  2.14885E+00
  8.90000E-02  6.62079E-03  3.00841E+01  2.15344E+00
  9.00000E-02  6.94282E-03  3.00994E+01  2.15536E+00
  9.10000E-02  7.28692E-03  3.01134E+01  2.16168E+00
  9.20000E-02  7.64073E-03  3.01237E+01  2.17663E+00
  9.30000E-02  7.98242E-03  3.01247E+01  2.20116E+00
  9.40000E-02  8.37945E-03  3.01244E+01  2.22012E+00
  9.50000E-02  8.74757E-03  3.01256E+01  2.25513E+00
  9.60000E-02  9.14583E-03  3.01239E+01  2.28214E+00
  9.70000E-02  9.56749E-03  3.01284E+01  2.30991E+00
  9.80000E-02  1.00356E-02  3.01227E+01  2.33467E+00
  9.90000E-02  1.04386E-02  3.01128E+01  2.36644E+00
  1.00000E-01  1.09399E-02  3.01110E+01  2.38214E+00
  1.01000E-01  1.13945E-02  3.01074E+01  2.41750E+00
  1.02000E-01  1.18888E-02  3.01016E+01  2.44324E+00
  1.03000E-01  1.24085E-02  3.01037E+01  2.47613E+00
  1.04000E-01  1.29579E-02  3.01002E+01  2.50312E+00
  1.05000E-01  1.34899E-02  3.01072E+01  2.52770E+00
  1.06000E-01  1.41044E-02  3.01122E+01  2.55872E+00
  1.07000E-01  1.46900E-02  3.01262E+01  2.56514E+00
  1.08000E-01  1.53209E-02  3.01457E+01  2.56417E+00
  1.09000E-01  1.59209E-02  3.01633E+01  2.57750E+00
  1.10000E-01  1.66242E-02  3.01793E+01  2.59213E+00
  1.11000E-01  1.73083E-02  3.01895E+01  2.61376E+00
  1.12000E-01  1.80170E-02  3.01916E+01  2.63456E+00
  1.13000E-01  1.87975E-02  3.01943E+01  2.67347E+00
  1.14000E-01  1.94866E-02  3.01983E+01  2.69861E+00
  1.15000E-01  2.03259E-02  3.02031E+01  2.73022E+00
  1.16000E-01  2.11216E-02  3.02087E+01  2.76053E+00
  1.17000E-01  2.19243E-02  3.02108E+01  2.78967E+00
  1.18000E-01  2.28318E-02  3.02032E+01  2.81763E+00
  1.19000E-01  2.36896E-02  3.02054E+01  2.85403E+00
  1.20000E-01  2.46615E-02  3.02061E+01  2.87689E+00
  1.21000E-01  2.55651E-02  3.01919E+01  2.90676E+00
  1.22000E-01  2.65029E-02  3.01691E+01  2.91389E+00
  1.23000E-01  2.75629E-02  3.01481E+01  2.91363E+00
  1.24000E-01  2.85574E-02  3.01520E+01  2.92775E+00
  1.25000E-01  2.96234E-02  3.01766E+01  2.94724E+00
  1.26000E-01  3.06914E-02  3.01908E+01  2.95569E+00
  1.27000E-01  3.19460E-02  3.02297E+01  2.97260E+00
  1.28000E-01  3.29341E-02  3.02583E+01  3.03074E+00
  1.29000E-01  3.42741E-02  3.02610E+01  3.06176E+00
  1.30000E-01  3.55591E-02  3.02602E+01  3.11095E+00
  1.31000E-01  3.66861E-02  3.02652E+01  3.13281E+00
  1.32000E-01  3.81167E-02  3.02670E+01  3.14875E+00
  1.33000E-01  3.94039E-02  3.02669E+01  3.19191E+00
  1.34000E-01  4.06881E-02  3.02658E+01  3.22073E+00
  1.35000E-01  4.20931E-02  3.02550E+01  3.23279E+00
  1.36000E-01  4.34405E-02  3.02677E+01  3.25724E+00
  1.37000E-01  4.51837E-02  3.03046E+01  3.25834E+00
  1.38000E-01  4.68252E-02  3.03540E+01  3.27080E+00
  1.39000E-01  4.81001E-02  3.03527E+01  3.29241E+00
  1.40000E-01  4.97954E-02  3.03829E+01  3.31032E+00
  1.41000E-01  5.14056E-02  3.03829E+01  3.34634E+00
  1.42000E-01  5.32524E-02  3.03941E+01  3.37822E+00
  1.43000E-01  5.50469E-02  3.04216E+01  3.39556E+00
  1.44000E-01  5.67198E-02  3.04206E+01  3.42795E+00
  1.45000E-01  5.86317E-02  3.04216E+01  3.46030E+00
  1.46000E-01  6.04177E-02  3.04513E+01  3.47699E+00
  1.47000E-01  6.23907E-02  3.04467E+01  3.50784E+00
  1.48000E-01  6.44828E-02  3.04460E+01  3.54432E+00
  1.49000E-01  6.63002E-02  3.04721E+01  3.55864E+00
  1.50000E-01  6.85676E-02  3.04680E+01  3.59001E+00
  1.51000E-01  7.04439E-02  3.04595E+01  3.63174E+00
  1.52000E-01  7.28083E-02  3.04828E+01  3.65129E+00
  1.53000E-01  7.51420E-02  3.05605E+01  3.65177E+00
  1.54000E-01  7.74366E-02  3.06285E+01  3.65742E+00
  1.55000E-01  7.98369E-02  3.06698E+01  3.67412E+00
  1.56000E-01  8.24840E-02  3.06714E+01  3.70353E+00
  1.57000E-01  8.46291E-02  3.06854E+01  3.72819E+00
  1.58000E-01  8.73728E-02  3.07321E+01  3.75376E+00
  1.59000E-01  9.01295E-02  3.07147E+01  3.79440E+00
  1.60000E-01  9.23015E-02  3.07076E+01  3.83657E+00
  1.61000E-01  9.51818E-02  3.07021E+01  3.87177E+00
  1.62000E-01  9.81714E-02  3.07047E+01  3.91130E+00
  1.63000E-01  1.00763E-01  3.07721E+01  3.92496E+00
  1.64000E-01  1.03864E-01  3.08507E+01  3.92311E+00
  1.65000E-01  1.07260E-01  3.09411E+01  3.92307E+00
  1.66000E-01  1.09754E-01  3.09627E+01  3.94298E+00
  1.67000E-01  1.13178E-01  3.09686E+01  3.97676E+00
  1.68000E-01  1.16550E-01  3.09737E+01  4.01050E+00
  1.69000E-01  1.19595E-01  3.10396E+01  4.03461E+00
  1.70000E-01  1.23074E-01  3.10686E+01  4.05877E+00
  1.71000E-01  1.26572E-01  3.10852E+01  4.10208E+00
  1.72000E-01  1.29835E-01  3.11450E+01  4.12363E+00
  1.73000E-01  1.33784E-01  3.11618E+01  4.15038E+00
  1.74000E-01  1.37393E-01  3.11547E+01  4.18562E+00
  1.75000E-01  1.40676E-01  3.11722E+01  4.20869E+00
  1.76000E-01  1.45174E-01  3.12550E+01  4.22752E+00
  1.77000E-01  1.49254E-01  3.13674E+01  4.24976E+00
  1.78000E-01  1.53408E-01  3.14747E+01  4.28010E+00
  1.79000E-01  1.57120E-01  3.14703E+01  4.30378E+00
  1.80000E-01  1.61677E-01  3.15186E+01  4.32102E+00
  1.81000E-01  1.66265E-01  3.15454E+01  4.34365E+00
  1.82000E-01  1.70271E-01  3.16718E+01  4.38122E+00
  1.83000E-01  1.74837E-01  3.17290E+01  4.40212E+00
  1.84000E-01  1.80293E-01  3.17749E+01  4.43811E+00
  1.85000E-01  1.84478E-01  3.17916E+01  4.45988E+00
  1.86000E-01  1.89182E-01  3.18233E+01  4.46164E+00
  1.87000E-01  1.94101E-01  3.18422E+01  4.48440E+00
  1.88000E-01  1.99301E-01  3.19437E+01  4.52798E+00
  1.89000E-01  2.04644E-01  3.20704E+01  4.59224E+00
  1.90000E-01  2.10386E-01  3.21261E+01  4.62401E+00
  1.91000E-01  2.15739E-01  3.22396E+01  4.62556E+00
  1.92000E-01  2.21425E-01  3.23232E+01  4.64997E+00
  1.93000E-01  2.26472E-01  3.23019E+01  4.66630E+00
  1.94000E-01  2.32599E-01  3.23520E+01  4.67958E+00
  1.95000E-01  2.39065E-01  3.24979E+01  4.69714E+00
  1.96000E-01  2.45128E-01  3.25981E+01  4.72941E+00
  1.97000E-01  2.51284E-01  3.26635E+01  4.77553E+00
  1.98000E-01  2.58081E-01  3.28455E+01  4.81916E+00
  1.99000E-01  2.65014E-01  3.29423E+01  4.85236E+00
  2.00000E-01  2.72363E-01  3.30793E+01  4.87156E+00
  2.01000E-01  2.78411E-01  3.31256E+01  4.89389E+00
  2.02000E-01  2.84975E-01  3.31560E+01  4.91265E+00
  2.03000E-01  2.92979E-01  3.32655E+01  4.92057E+00
  2.04000E-01  3.00683E-01  3.34639E+01  4.97756E+00
  2.05000E-01  3.08098E-01  3.35817E+01  5.01569E+00
  2.06000E-01  3.16554E-01  3.37082E+01  5.03759E+00
  2.07000E-01  3.24038E-01  3.38137E+01  5.06456E+00
  2.08000E-01  3.32150E-01  3.39201E+01  5.09113E+00
  2.09000E-01  3.40735E-01  3.40568E+01  5.10927E+00
  2.10000E-01  3.49672E-01  3.42005E+01  5.14366E+00
  2.11000E-01  3.58174E-01  3.42831E+01  5.18361E+00
  2.12000E-01  3.67856E-01  3.44938E+01  5.21108E+00
  2.13000E-01  3.78139E-01  3.46898E+01  5.24143E+00
  2.14000E-01  3.85015E-01  3.47238E+01  5.25776E+00
  2.15000E-01  3.96458E-01  3.49137E+01  5.28894E+00
  2.16000E-01  4.06079E-01  3.51599E+01  5.33227E+00
  2.17000E-01  4.18102E-01  3.53597E+01  5.37934E+00
  2.18000E-01  4.28129E-01  3.55509E+01  5.41329E+00
  2.19000E-01  4.38324E-01  3.55995E+01  5.42214E+00
  2.20000E-01  4.49439E-01  3.57531E+01  5.43974E+00
  2.21000E-01  4.61782E-01  3.61158E+01  5.50713E+00
  2.22000E-01  4.74083E-01  3.63047E+01  5.53939E+00
  2.23000E-01  4.83787E-01  3.63660E+01  5.54643E+00
  2.24000E-01  4.98197E-01  3.65973E+01  5.57749E+00
  2.25000E-01  5.09394E-01  3.67813E+01  5.60746E+00
  2.26000E-01  5.23539E-01  3.69733E+01  5.63536E+00
  2.27000E-01  5.37069E-01  3.73349E+01  5.69028E+00
  2.28000E-01  5.51730E-01  3.76190E+01  5.72559E+00
  2.29000E-01  5.65964E-01  3.78086E+01  5.75097E+00
  2.30000E-01  5.80018E-01  3.81046E+01  5.79177E+00
  2.31000E-01  5.95999E-01  3.83110E+01  5.82163E+00
  2.32000E-01  6.09705E-01  3.85202E+01  5.84184E+00
  2.33000E-01  6.28377E-01  3.89365E+01  5.89659E+00
  2.34000E-01  6.44461E-01  3.93343E+01  5.94825E+00
  2.35000E-01  6.62407E-01  3.95618E+01  5.96860E+00
  2.36000E-01  6.78044E-01  3.97969E+01  5.99412E+00
  2.37000E-01  6.98194E-01  4.02640E+01  6.04278E+00
  2.38000E-01  7.15799E-01  4.04764E+01  6.06591E+00
  2.39000E-01  7.33744E-01  4.08064E+01  6.09293E+00
  2.40000E-01  7.56725E-01  4.13218E+01  6.15136E+00
  2.41000E-01  7.75959E-01  4.17018E+01  6.18586E+00
  2.42000E-01  7.97301E-01  4.19887E+01  6.21586E+00
  2.43000E-01  8.18739E-01  4.24286E+01  6.26238E+00
  2.44000E-01  8.42363E-01  4.28481E+01  6.31603E+00
  2.45000E-01  8.63413E-01  4.31427E+01  6.34440E+00
  2.46000E-01  8.87696E-01  4.36291E+01  6.38571E+00
  2.47000E-01  9.16185E-01  4.42253E+01  6.42581E+00
  2.48000E-01  9.39328E-01  4.46882E+01  6.45482E+00
  2.49000E-01  9.67696E-01  4.51460E+01  6.48814E+00
  2.50000E-01  9.93551E-01  4.56431E+01  6.55431E+00
  2.51000E-01  1.02563E+00  4.62737E+01  6.60418E+00
  2.52000E-01  1.04930E+00  4.65860E+01  6.62225E+00
  2.53000E-01  1.08375E+00  4.73398E+01  6.66498E+00
  2.54000E-01  1.11735E+00  4.80266E+01  6.71319E+00
  2.55000E-01  1.14929E+00  4.86409E+01  6.75434E+00
  2.56000E-01  1.18160E+00  4.90060E+01  6.79728E+00
  2.57000E-01  1.21652E+00  4.97848E+01  6.85653E+00
  2.58000E-01  1.25597E+00  5.05310E+01  6.89393E+00
  2.59000E-01  1.29563E+00  5.12996E+01  6.92895E+00
  2.60000E-01  1.33228E+00  5.20094E+01  6.98070E+00
  2.61000E-01  1.37614E+00  5.27437E+01  7.02833E+00
  2.62000E-01  1.41390E+00  5.34302E+01  7.08164E+00
  2.63000E-01  1.46101E+00  5.42285E+01  7.11821E+00
  2.64000E-01  1.51148E+00  5.54330E+01  7.17002E+00
  2.65000E-01  1.55574E+00  5.60850E+01  7.21625E+00
  2.66000E-01  1.60830E+00  5.70037E+01  7.26463E+00
  2.67000E-01  1.65788E+00  5.80119E+01  7.31289E+00
  2.68000E-01  1.71443E+00  5.89323E+01  7.37291E+00
  2.69000E-01  1.77106E+00  6.01278E+01  7.40326E+00
  2.70000E-01  1.82912E+00  6.10461E+01  7.45937E+00
  2.71000E-01  1.89002E+00  6.22011E+01  7.52888E+00
  2.72000E-01  1.95899E+00  6.35276E+01  7.55788E+00
  2.73000E-01  2.02469E+00  6.45822E+01  7.61242E+00
  2.74000E-01  2.09021E+00  6.58045E+01  7.67255E+00
  2.75000E-01  2.17643E+00  6.74906E+01  7.72028E+00
  2.76000E-01  2.24193E+00  6.85407E+01  7.76750E+00
  2.77000E-01  2.32557E+00  6.99289E+01  7.83449E+00
  2.78000E-01  2.41659E+00  7.18167E+01  7.88557E+00
  2.79000E-01  2.49478E+00  7.29948E+01  7.93257E+00
  2.80000E-01  2.59338E+00  7.46842E+01  7.99453E+00
  2.81000E-01  2.69089E+00  7.67161E+01  8.04108E+00
  2.82000E-01  2.79201E+00  7.82530E+01  8.10872E+00
  2.83000E-01  2.89038E+00  7.97701E+01  8.14477E+00
  2.84000E-01  3.01701E+00  8.21448E+01  8.21307E+00
  2.85000E-01  3.13102E+00  8.42673E+01  8.28639E+00
  2.86000E-01  3.23354E+00  8.58440E+01  8.30832E+00
  2.87000E-01  3.38115E+00  8.80370E+01  8.36110E+00
  2.88000E-01  3.54488E+00  9.09903E+01  8.47902E+00
  2.89000E-01  3.65088E+00  9.32745E+01  8.49864E+00
  2.90000E-01  3.63670E+00  8.87584E+01  8.29427E+00
  2.91000E-01  2.90786E+00  5.64453E+01  6.65135E+00
  2.92000E-01  1.60436E+00  1.23025E+01  2.53536E+00
  2.93000E-01  1.08564E+00  3.46037E-01  1.80093E-01
  2.94000E-01  1.00315E+00  2.16064E-04  4.60719E-04
  2.95000E-01  1.00000E+00  1.00000E-04  8.48525E-08
  2.96000E-01  1.00000E+00  1.00000E-04  8.40607E-13
  2.97000E-01  1.00000E+00  1.00000E-04  0.00000E+00
  2.98000E-01  1.00000E+00  1.00000E-04  0.00000E+00
  2.99000E-01  1.00000E+00  1.00000E-04  0.00000E+00
  3.00000E-01  1.00000E+00  1.00000E-04  0.00000E+00
  3.01000E-01  1.00000E+00  1.00000E-04  0.00000E+00
  3.02000E-01  1.00000E+00  1.00000E-04  0.00000E+00
  3.03000E-01  1.00000E+00  1.00000E-04  0.00000E+00
  3.04000E-01  1.00000E+00  1.00000E-04  0.00000E+00
  3.05000E-01  1.00000E+00  1.00000E-04  0.00000E+00
  3.06000E-01  1.00000E+00  1.00000E-04  0.00000E+00
  3.07000E-01  1.00000E+00  1.00000E-04  2.20902E-10
  3.08000E-01  1.00000E+00  1.00000E-04  1.47278E-10
  3.09000E-01  1.00000E+00  1.00000E-04 -2.21004E-10
  3.10000E-01  1.00000E+00  1.00000E-04 -1.47328E-10
  3.11000E-01  1.00000E+00  1.00000E-04  7.36022E-11
  3.12000E-01  1.00000E+00  1.00000E-04 -7.35646E-11
  3.13000E-01  1.00000E+00  1.00000E-04 -7.36684E-11
  3.14000E-01  1.00000E+00  1.00000E-04  3.68139E-11
  3.15000E-01  1.00000E+00  1.00000E-04  3.68137E-11
  3.16000E-01  1.00000E+00  1.00000E-04  7.76997E-17
  3.17000E-01  1.00000E+00  1.00000E-04  7.36029E-11
  3.18000E-01  1.00000E+00  1.00000E-04 -2.20793E-10
  3.19000E-01  1.00000E+00  1.00000E-04 -7.36619E-11
  3.20000E-01  1.00000E+00  1.00000E-04  2.94621E-10
  3.21000E-01  1.00000E+00  1.00000E-04 -7.35806E-11
  3.22000E-01  1.00000E+00  1.00000E-04 -2.94667E-10
  3.23000E-01  1.00000E+00  1.00000E-04  4.19443E-10
  3.24000E-01  1.00000E+00  1.00000E-04 -3.45519E-10
  3.25000E-01  1.00000E+00  1.00000E-04  3.68280E-11
  3.26000E-01  1.00000E+00  1.00000E-04  3.68259E-11
  3.27000E-01  1.00000E+00  1.00000E-04  2.45436E-11
  3.28000E-01  1.00000E+00  1.00000E-04  2.45368E-11
  3.29000E-01  1.00000E+00  1.00000E-04  2.45330E-11
  3.30000E-01  1.00000E+00  1.00000E-04  7.35626E-11
  3.31000E-01  1.00000E+00  1.00000E-04  0.00000E+00
  3.32000E-01  1.00000E+00  1.00000E-04  2.20836E-10
  3.33000E-01  1.00000E+00  1.00000E-04  7.35626E-11
  3.34000E-01  1.00000E+00  1.00000E-04 -2.20733E-10
  3.35000E-01  1.00000E+00  1.00000E-04  2.39237E-16
  3.36000E-01  1.00000E+00  1.00000E-04  1.03418E-16
  3.37000E-01  1.00000E+00  1.00000E-04 -7.36772E-11
  3.38000E-01  1.00000E+00  1.00000E-04  0.00000E+00
  3.39000E-01  1.00000E+00  1.00000E-04 -2.94376E-10
  3.40000E-01  1.00000E+00  1.00000E-04 -7.36620E-11
  3.41000E-01  1.00000E+00  1.00000E-04  2.94353E-10
  3.42000E-01  1.00000E+00  1.00000E-04 -7.36518E-11
  3.43000E-01  1.00000E+00  1.00000E-04  7.36268E-11
  3.44000E-01  1.00000E+00  1.00000E-04  9.22020E-10
  3.45000E-01  9.99999E-01  9.99999E-05 -1.14231E-09
  3.46000E-01  1.00000E+00  1.00000E-04 -6.74406E-10
  3.47000E-01  1.00000E+00  1.00000E-04 -3.20953E-09
  3.48000E-01  1.00000E+00  1.00001E-04  2.04530E-09
  3.49000E-01  1.00000E+00  9.99996E-05  3.50078E-09
  3.50000E-01  1.00000E+00  1.00000E-04 -1.84047E-09
  3.51000E-01  1.00000E+00  1.00000E-04  4.72602E-10
  3.52000E-01  1.00000E+00  1.00000E-04  0.00000E+00
  3.53000E-01  1.00000E+00  1.00000E-04  0.00000E+00
  3.54000E-01  1.00000E+00  1.00000E-04  0.00000E+00
  3.55000E-01  1.00000E+00  1.00000E-04  0.00000E+00
  3.56000E-01  1.00000E+00  1.00000E-04  0.00000E+00
  3.57000E-01  1.00000E+00  1.00000E-04  0.00000E+00
  3.58000E-01  1.00000E+00  1.00000E-04  0.00000E+00
  3.59000E-01  1.00000E+00  1.00000E-04  0.00000E+00
  3.60000E-01  1.00000E+00  1.00000E-04  0.00000E+00
  3.61000E-01  1.00000E+00  1.00000E-04 -7.76996E-17
  3.62000E-01  1.00000E+00  1.00000E-04  0.00000E+00
  3.63000E-01  1.00000E+00  1.00000E-04  7.76996E-17
  3.64000E-01  1.00000E+00  1.00000E-04  0.00000E+00
  3.65000E-01  1.00000E+00  1.00000E-04  0.00000E+00
  3.66000E-01  1.00000E+00  1.00000E-04  0.00000E+00
  3.67000E-01  1.00000E+00  1.00000E-04  0.00000E+00
  3.68000E-01  1.00000E+00  1.00000E-04  0.00000E+00
  3.69000E-01  1.00000E+00  1.00000E-04  0.00000E+00
  3.70000E-01  1.00000E+00  1.00000E-04  0.00000E+00
  3.71000E-01  1.00000E+00  1.00000E-04  0.00000E+00
  3.72000E-01  1.00000E+00  1.00000E-04 -1.47236E-10
  3.73000E-01  1.00000E+00  1.00000E-04 -1.47259E-10
  3.74000E-01  1.00000E+00  1.00000E-04  2.20948E-10
  3.75000E-01  1.00000E+00  1.00000E-04 -8.09783E-10
  3.76000E-01  1.00000E+00  1.00000E-04  7.79378E-17
  3.77000E-01  1.00000E+00  1.00000E-04  8.57138E-10
  3.78000E-01  1.00000E+00  1.00000E-04  2.66639E-11
  3.79000E-01  1.00000E+00  1.00000E-04  0.00000E+00
  3.80000E-01  1.00000E+00  1.00000E-04  0.00000E+00
  3.81000E-01  1.00000E+00  1.00000E-04  2.20888E-10
  3.82000E-01  1.00000E+00  1.00000E-04  7.36186E-11
  3.83000E-01  1.00000E+00  1.00000E-04 -2.20742E-10
  3.84000E-01  1.00000E+00  1.00000E-04  1.47234E-10
  3.85000E-01  1.00000E+00  1.00000E-04 -1.59962E-16
  3.86000E-01  1.00000E+00  1.00000E-04 -2.20863E-10
  3.87000E-01  1.00000E+00  1.00000E-04  0.00000E+00
  3.88000E-01  1.00000E+00  1.00000E-04  0.00000E+00
  3.89000E-01  1.00000E+00  1.00000E-04  0.00000E+00
  3.90000E-01  1.00000E+00  1.00000E-04  0.00000E+00
  3.91000E-01  1.00000E+00  1.00000E-04  0.00000E+00
  3.92000E-01  1.00000E+00  1.00000E-04  0.00000E+00
  3.93000E-01  1.00000E+00  1.00000E-04  0.00000E+00
  3.94000E-01  1.00000E+00  1.00000E-04  0.00000E+00
  3.95000E-01  1.00000E+00  1.00000E-04  0.00000E+00
  3.96000E-01  1.00000E+00  1.00000E-04  0.00000E+00
  3.97000E-01  1.00000E+00  1.00000E-04  2.20855E-10
  3.98000E-01  1.00000E+00  1.00000E-04 -2.20965E-10
  3.99000E-01  1.00000E+00  1.00000E-04 -7.36084E-11
  4.00000E-01  1.00000E+00  1.00000E-04  7.35977E-11
  4.01000E-01  1.00000E+00  1.00000E-04  0.00000E+00
  4.02000E-01  1.00000E+00  1.00000E-04  0.00000E+00
  4.03000E-01  1.00000E+00  1.00000E-04 -6.02664E-11
  4.04000E-01  1.00000E+00  1.00000E-04 -2.18773E-08
  4.05000E-01  1.00000E+00  1.00000E-04 -9.72516E-07
  4.06000E-01  1.00000E+00  1.00349E-04 -8.48195E-11
  4.07000E-01  1.00000E+00  1.00000E-04  9.72434E-07
  4.08000E-01  1.00000E+00  1.00000E-04  2.20839E-08
  4.09000E-01  1.00000E+00  1.00000E-04  6.12737E-11
  4.10000E-01  1.00000E+00  1.00000E-04  0.00000E+00
  4.11000E-01  1.00000E+00  1.00000E-04  0.00000E+00
  4.12000E-01  1.00000E+00  1.00000E-04  0.00000E+00
  4.13000E-01  1.00000E+00  1.00000E-04  0.00000E+00
  4.14000E-01  1.00000E+00  1.00000E-04 -6.12426E-11
  4.15000E-01  1.00000E+00  1.00000E-04 -2.20779E-08
  4.16000E-01  1.00000E+00  1.00000E-04 -9.72653E-07
  4.17000E-01  1.00000E+00  1.00349E-04 -4.98526E-13
  4.18000E-01  1.00000E+00  1.00000E-04  9.72663E-07
  4.19000E-01  1.00000E+00  1.00000E-04  2.21179E-08
  4.20000E-01  1.00000E+00  1.00000E-04  1.09133E-10
  4.21000E-01  1.00000E+00  1.00000E-04  0.00000E+00
  4.22000E-01  1.00000E+00  1.00000E-04  0.00000E+00
  4.23000E-01  1.00000E+00  1.00000E-04  2.94457E-10
  4.24000E-01  1.00000E+00  9.99999E-05  0.00000E+00
  4.25000E-01  1.00000E+00  1.00000E-04 -2.20939E-10
  4.26000E-01  1.00000E+00  1.00000E-04  7.33958E-12
  4.27000E-01  1.00000E+00  1.00000E-04  1.61300E-09
  4.28000E-01  9.99996E-01  9.99996E-05  7.36222E-11
  4.29000E-01  1.00000E+00  1.00000E-04 -1.71582E-09
  4.30000E-01  1.00000E+00  1.00000E-04 -5.01179E-11
  4.31000E-01  1.00000E+00  1.00000E-04  0.00000E+00
  4.32000E-01  1.00000E+00  1.00000E-04  1.47262E-10
  4.33000E-01  1.00000E+00  1.00000E-04  0.00000E+00
  4.34000E-01  1.00000E+00  1.00000E-04 -1.47212E-10
  4.35000E-01  1.00000E+00  1.00000E-04  0.00000E+00
  4.36000E-01  1.00000E+00  1.00000E-04 -7.76996E-17
  4.37000E-01  1.00000E+00  1.00000E-04 -2.21006E-10
  4.38000E-01  1.00000E+00  1.00000E-04  7.36656E-11
  4.39000E-01  1.00000E+00  1.00000E-04  1.47243E-10
  4.40000E-01  1.00000E+00  1.00000E-04  0.00000E+00
  4.41000E-01  1.00000E+00  1.00000E-04  7.36606E-11
  4.42000E-01  1.00000E+00  1.00000E-04  0.00000E+00
  4.43000E-01  1.00000E+00  1.00000E-04 -7.36340E-11
  4.44000E-01  1.00000E+00  1.00000E-04  7.36527E-11
  4.45000E-01  1.00000E+00  1.00000E-04  0.00000E+00
  4.46000E-01  1.00000E+00  1.00000E-04 -7.35785E-11
  4.47000E-01  1.00000E+00  1.00000E-04  0.00000E+00
  4.48000E-01  1.00000E+00  1.00000E-04  0.00000E+00
  4.49000E-01  1.00000E+00  1.00000E-04  0.00000E+00
  4.50000E-01  1.00000E+00  1.00000E-04  7.36245E-11
  4.51000E-01  1.00000E+00  1.00000E-04 -2.94619E-10
  4.52000E-01  1.00000E+00  1.00000E-04 -7.37262E-11
  4.53000E-01  1.00000E+00  1.00000E-04  2.94302E-10
  4.54000E-01  1.00000E+00  1.00000E-04  7.35977E-11
  4.55000E-01  1.00000E+00  1.00000E-04  0.00000E+00
  4.56000E-01  1.00000E+00  1.00000E-04 -3.68205E-11
  4.57000E-01  1.00000E+00  1.00000E-04 -3.68199E-11
  4.58000E-01  1.00000E+00  1.00000E-04  7.76996E-17
  4.59000E-01  1.00000E+00  1.00000E-04  0.00000E+00
  4.60000E-01  1.00000E+00  1.00000E-04  7.35831E-11
  4.61000E-01  1.00000E+00  1.00000E-04 -1.47155E-10
  4.62000E-01  1.00000E+00  1.00000E-04 -7.36658E-11
  4.63000E-01  1.00000E+00  1.00000E-04  1.47298E-10
  4.64000E-01  1.00000E+00  1.00000E-04  7.36187E-11
  4.65000E-01  1.00000E+00  1.00000E-04  0.00000E+00
  4.66000E-01  1.00000E+00  1.00000E-04 -7.36016E-11
  4.67000E-01  1.00000E+00  1.00000E-04  7.36520E-11
  4.68000E-01  1.00000E+00  1.00000E-04  7.35660E-11
  4.69000E-01  1.00000E+00  1.00000E-04 -3.68225E-10
  4.70000E-01  1.00000E+00  1.00000E-04  1.47299E-10
  4.71000E-01  1.00000E+00  1.00000E-04  7.36296E-11
  4.72000E-01  1.00000E+00  1.00000E-04 -2.94438E-10
  4.73000E-01  1.00000E+00  1.00000E-04  7.36781E-11
  4.74000E-01  1.00000E+00  1.00000E-04  2.20740E-10
  4.75000E-01  1.00000E+00  1.00000E-04 -6.59449E-16
  4.76000E-01  1.00000E+00  1.00000E-04  8.54695E-17
  4.77000E-01  1.00000E+00  1.00000E-04 -1.47162E-10
  4.78000E-01  1.00000E+00  1.00000E-04  7.36752E-11
  4.79000E-01  1.00000E+00  1.00000E-04  1.47174E-10
  4.80000E-01  1.00000E+00  1.00000E-04  1.47176E-10
  4.81000E-01  1.00000E+00  1.00000E-04  7.36533E-11
  4.82000E-01  1.00000E+00  1.00000E-04 -2.20789E-10
  4.83000E-01  1.00000E+00  1.00000E-04 -5.15360E-10
  4.84000E-01  1.00000E+00  1.00000E-04 -2.50979E-10
  4.85000E-01  1.00000E+00  1.00000E-04  1.37994E-09
  4.86000E-01  1.00000E+00  9.99999E-05 -1.71594E-10
  4.87000E-01  1.00000E+00  1.00000E-04 -9.67478E-16
  4.88000E-01  9.99999E-01  9.99999E-05 -7.24127E-11
  4.89000E-01  1.00000E+00  1.00000E-04 -3.30275E-09
  4.90000E-01  1.00000E+00  1.00000E-04  1.16459E-09
  4.91000E-01  1.00000E+00  1.00000E-04  1.69262E-09
  4.92000E-01  1.00000E+00  1.00000E-04  5.15278E-10
  4.93000E-01  9.99999E-01  9.99999E-05 -7.36801E-11
  4.94000E-01  1.00000E+00  1.00000E-04 -4.41838E-10
  4.95000E-01  1.00000E+00  1.00000E-04  0.00000E+00
  4.96000E-01  1.00000E+00  1.00000E-04  0.00000E+00
  4.97000E-01  1.00000E+00  1.00000E-04  0.00000E+00
  4.98000E-01  1.00000E+00  1.00000E-04  0.00000E+00
  4.99000E-01  1.00000E+00  1.00000E-04  0.00000E+00
  5.00000E-01  1.00000E+00  1.00000E-04  0.00000E+00
  5.01000E-01  1.00000E+00  1.00000E-04  0.00000E+00
  5.02000E-01  1.00000E+00  1.00000E-04  0.00000E+00
  5.03000E-01  1.00000E+00  1.00000E-04  0.00000E+00
  5.04000E-01  1.00000E+00  1.00000E-04  2.66506E-11
  5.05000E-01  1.00000E+00  1.00000E-04  8.56757E-10
  5.06000E-01  9.99998E-01  9.99998E-05  0.00000E+00
  5.07000E-01  1.00000E+00  1.00000E-04 -8.57130E-10
  5.08000E-01  1.00000E+00  1.00000E-04 -2.66641E-11
  5.09000E-01  1.00000E+00  1.00000E-04  0.00000E+00
  5.10000E-01  1.00000E+00  1.00000E-04 -7.76996E-17
  5.11000E-01  1.00000E+00  1.00000E-04  0.00000E+00
  5.12000E-01  1.00000E+00  1.00000E-04  7.76995E-17
  5.13000E-01  1.00000E+00  1.00000E-04  0.00000E+00
  5.14000E-01  1.00000E+00  1.00000E-04  0.00000E+00
  5.15000E-01  1.00000E+00  1.00000E-04  3.19526E-12
  5.16000E-01  1.00000E+00  1.00000E-04  5.85974E-10
  5.17000E-01  9.99999E-01  9.99999E-05  0.00000E+00
  5.18000E-01  1.00000E+00  1.00000E-04 -5.86039E-10
  5.19000E-01  1.00000E+00  1.00000E-04 -3.20322E-12
  5.20000E-01  1.00000E+00  1.00000E-04 -5.39112E-15
  5.21000E-01  1.00000E+00  1.00000E-04  2.65674E-15
  5.22000E-01  1.00000E+00  1.00000E-04  2.73438E-15
  5.23000E-01  1.00000E+00  1.00000E-04  0.00000E+00
  5.24000E-01  1.00000E+00  1.00000E-04  0.00000E+00
  5.25000E-01  1.00000E+00  1.00000E-04  0.00000E+00
  5.26000E-01  1.00000E+00  1.00000E-04  0.00000E+00
  5.27000E-01  1.00000E+00  1.00000E-04  0.00000E+00
  5.28000E-01  1.00000E+00  1.00000E-04  0.00000E+00
  5.29000E-01  1.00000E+00  1.00000E-04  2.94487E-10
  5.30000E-01  9.99999E-01  9.99999E-05  0.00000E+00
  5.31000E-01  1.00000E+00  1.00000E-04 -2.94472E-10
  5.32000E-01  1.00000E+00  1.00000E-04  0.00000E+00
  5.33000E-01  1.00000E+00  1.00000E-04 -7.36201E-11
  5.34000E-01  1.00000E+00  1.00000E-04 -7.35918E-11
  5.35000E-01  1.00000E+00  1.00000E-04  0.00000E+00
  5.36000E-01  1.00000E+00  1.00000E-04  7.36018E-11
  5.37000E-01  1.00000E+00  1.00000E-04  7.36182E-11
  5.38000E-01  1.00000E+00  1.00000E-04  0.00000E+00
  5.39000E-01  1.00000E+00  1.00000E-04  0.00000E+00
  5.40000E-01  1.00000E+00  1.00000E-04  0.00000E+00
  5.41000E-01  1.00000E+00  1.00000E-04 -7.36255E-11
  5.42000E-01  1.00000E+00  1.00000E-04  0.00000E+00
  5.43000E-01  1.00000E+00  1.00000E-04  7.36186E-11
  5.44000E-01  1.00000E+00  1.00000E-04  7.36167E-11
  5.45000E-01  1.00000E+00  1.00000E-04  0.00000E+00
  5.46000E-01  1.00000E+00  1.00000E-04 -7.36050E-11
  5.47000E-01  1.00000E+00  1.00000E-04  0.00000E+00
  5.48000E-01  1.00000E+00  1.00000E-04  0.00000E+00
  5.49000E-01  1.00000E+00  1.00000E-04  0.00000E+00
  5.50000E-01  1.00000E+00  1.00000E-04 -1.04927E-15
  5.51000E-01  1.00000E+00  1.00000E-04 -8.61812E-16
  5.52000E-01  1.00000E+00  1.00000E-04  1.91108E-15
  5.53000E-01  1.00000E+00  1.00000E-04  7.36178E-11
  5.54000E-01  1.00000E+00  1.00000E-04  0.00000E+00
  5.55000E-01  1.00000E+00  1.00000E-04 -7.35802E-11
  5.56000E-01  1.00000E+00  1.00000E-04  2.20950E-10
  5.57000E-01  1.00000E+00  1.00000E-04 -9.40165E-17
  5.58000E-01  1.00000E+00  1.00000E-04  0.00000E+00
  5.59000E-01  1.00000E+00  1.00000E-04  0.00000E+00
  5.60000E-01  1.00000E+00  1.00000E-04  0.00000E+00
  5.61000E-01  1.00000E+00  1.00000E-04  9.40165E-17
  5.62000E-01  1.00000E+00  1.00000E-04 -1.10437E-10
  5.63000E-01  1.00000E+00  1.00000E-04 -1.10436E-10
  5.64000E-01  1.00000E+00  1.00000E-04 -3.26396E-11
  5.65000E-01  1.00000E+00  1.00000E-04  3.26243E-11
  5.66000E-01  1.00000E+00  1.00000E-04  1.47249E-10
  5.67000E-01  1.00000E+00  1.00000E-04  0.00000E+00
  5.68000E-01  1.00000E+00  1.00000E-04 -1.47238E-10
  5.69000E-01  1.00000E+00  1.00000E-04  0.00000E+00
  5.70000E-01  1.00000E+00  1.00000E-04  1.47324E-10
  5.71000E-01  1.00000E+00  1.00000E-04 -9.40165E-17
  5.72000E-01  1.00000E+00  1.00000E-04  0.00000E+00
  5.73000E-01  1.00000E+00  1.00000E-04  9.40165E-17
  5.74000E-01  1.00000E+00  1.00000E-04 -1.47151E-10
  5.75000E-01  1.00000E+00  1.00000E-04  0.00000E+00
  5.76000E-01  1.00000E+00  1.00000E-04  0.00000E+00
  5.77000E-01  1.00000E+00  1.00000E-04  0.00000E+00
  5.78000E-01  1.00000E+00  1.00000E-04  0.00000E+00
  5.79000E-01  1.00000E+00  1.00000E-04  0.00000E+00
  5.80000E-01  1.00000E+00  1.00000E-04  0.00000E+00
  5.81000E-01  1.00000E+00  1.00000E-04  7.35914E-11
  5.82000E-01  1.00000E+00  1.00000E-04  0.00000E+00
  5.83000E-01  1.00000E+00  1.00000E-04 -2.20742E-10
  5.84000E-01  1.00000E+00  1.00000E-04  4.91104E-11
  5.85000E-01  1.00000E+00  1.00000E-04  4.91103E-11
  5.86000E-01  1.00000E+00  1.00000E-04  4.91089E-11
  5.87000E-01  1.00000E+00  1.00000E-04  0.00000E+00
  5.88000E-01  1.00000E+00  1.00000E-04  0.00000E+00
  5.89000E-01  1.00000E+00  1.00000E-04  0.00000E+00
  5.90000E-01  1.00000E+00  1.00000E-04  0.00000E+00
  5.91000E-01  1.00000E+00  1.00000E-04  0.00000E+00
  5.92000E-01  1.00000E+00  1.00000E-04  0.00000E+00
  5.93000E-01  1.00000E+00  1.00000E-04  2.20963E-10
  5.94000E-01  1.00000E+00  1.00000E-04 -1.03418E-16
  5.95000E-01  1.00000E+00  1.00000E-04 -9.40164E-17
  5.96000E-01  1.00000E+00  1.00000E-04  0.00000E+00
  5.97000E-01  1.00000E+00  1.00000E-04  3.58972E-16
  5.98000E-01  1.00000E+00  1.00000E-04  1.03418E-16
  5.99000E-01  1.00000E+00  1.00000E-04 -2.20740E-10
  6.00000E-01  1.00000E+00  1.00000E-04 -6.20892E-11
  6.01000E-01  1.00000E+00  1.00000E-04 -2.20951E-08
  6.02000E-01  1.00000E+00  1.00000E-04 -9.73506E-07
  6.03000E-01  1.00000E+00  1.00349E-04  2.89903E-10
  6.04000E-01  1.00000E+00  1.00000E-04  9.72967E-07
  6.05000E-01  1.00000E+00  1.00000E-04  2.21729E-08
  6.06000E-01  1.00000E+00  1.00000E-04  7.57012E-10
  6.07000E-01  9.99999E-01  9.99999E-05 -6.04444E-11
  6.08000E-01  1.00000E+00  1.00000E-04 -2.94527E-10
  6.09000E-01  9.99999E-01  9.99999E-05  7.35942E-11
  6.10000E-01  1.00000E+00  1.00000E-04 -3.67838E-10
  6.11000E-01  1.00000E+00  1.00000E-04 -7.36393E-11
  6.12000E-01  1.00000E+00  1.00000E-04  2.20945E-10
  6.13000E-01  1.00000E+00  1.00000E-04  0.00000E+00
  6.14000E-01  1.00000E+00  1.00000E-04 -2.20967E-10
  6.15000E-01  1.00000E+00  1.00000E-04  0.00000E+00
  6.16000E-01  1.00000E+00  1.00000E-04  0.00000E+00
  6.17000E-01  1.00000E+00  1.00000E-04  0.00000E+00
  6.18000E-01  1.00000E+00  1.00000E-04  0.00000E+00
  6.19000E-01  1.00000E+00  1.00000E-04  0.00000E+00
  6.20000E-01  1.00000E+00  1.00000E-04  0.00000E+00
  6.21000E-01  1.00000E+00  1.00000E-04  2.20748E-10
  6.22000E-01  1.00000E+00  1.00000E-04 -1.47156E-10
  6.23000E-01  1.00000E+00  1.00000E-04 -2.20941E-10
  6.24000E-01  1.00000E+00  1.00000E-04  7.36554E-11
  6.25000E-01  1.00000E+00  1.00000E-04  7.36441E-11
  6.26000E-01  1.00000E+00  1.00000E-04  0.00000E+00
  6.27000E-01  1.00000E+00  1.00000E-04 -7.36426E-11
  6.28000E-01  1.00000E+00  1.00000E-04  1.47181E-10
  6.29000E-01  1.00000E+00  1.00000E-04  0.00000E+00
  6.30000E-01  1.00000E+00  1.00000E-04 -1.13760E-16
  6.31000E-01  1.00000E+00  1.00000E-04  1.03418E-17
  6.32000E-01  1.00000E+00  1.00000E-04 -6.82979E-17
  6.33000E-01  1.00000E+00  1.00000E-04  8.62465E-17
  6.34000E-01  1.00000E+00  1.00000E-04  8.54695E-17
  6.35000E-01  1.00000E+00  1.00000E-04  0.00000E+00
  6.36000E-01  1.00000E+00  1.00000E-04 -7.35710E-11
  6.37000E-01  1.00000E+00  1.00000E-04 -7.36684E-11
  6.38000E-01  1.00000E+00  1.00000E-04  7.36421E-11
  6.39000E-01  1.00000E+00  1.00000E-04  7.35998E-11
  6.40000E-01  1.00000E+00  1.00000E-04  1.47261E-10
  6.41000E-01  1.00000E+00  1.00000E-04 -1.63169E-16
  6.42000E-01  1.00000E+00  1.00000E-04 -2.20798E-10
  6.43000E-01  1.00000E+00  1.00000E-04 -7.76996E-17
  6.44000E-01  1.00000E+00  1.00000E-04 -7.76995E-18
  6.45000E-01  1.00000E+00  1.00000E-04  8.54695E-17
  6.46000E-01  1.00000E+00  1.00000E-04  7.36442E-11
  6.47000E-01  1.00000E+00  1.00000E-04 -7.76996E-17
  6.48000E-01  1.00000E+00  1.00000E-04  7.36471E-11
  6.49000E-01  1.00000E+00  1.00000E-04  4.24198E-10
  6.50000E-01  9.99999E-01  9.99999E-05 -2.77213E-10
  6.51000E-01  1.00000E+00  1.00000E-04 -2.94699E-10
  6.52000E-01  1.00000E+00  1.00000E-04 -7.36418E-11
  6.53000E-01  1.00000E+00  1.00000E-04  7.36760E-11
  6.54000E-01  1.00000E+00  1.00000E-04 -1.01786E-16
  6.55000E-01  1.00000E+00  1.00000E-04 -4.41895E-10
  6.56000E-01  1.00000E+00  1.00000E-04 -9.40165E-17
  6.57000E-01  1.00000E+00  1.00000E-04  7.36695E-11
  6.58000E-01  1.00000E+00  1.00000E-04  4.38724E-10
  6.59000E-01  1.00000E+00  1.00000E-04 -1.44098E-10
  6.60000E-01  1.00000E+00  1.00000E-04 -7.35977E-11
  6.61000E-01  1.00000E+00  1.00000E-04  4.41546E-10
  6.62000E-01  1.00000E+00  1.00000E-04 -2.94573E-10
  6.63000E-01  1.00000E+00  1.00000E-04  8.54695E-17
  6.64000E-01  1.00000E+00  1.00000E-04  7.76996E-17
  6.65000E-01  1.00000E+00  1.00000E-04 -2.45102E-11
  6.66000E-01  1.00000E+00  1.00000E-04  1.56448E-09
  6.67000E-01  9.99998E-01  9.99998E-05 -4.36781E-10
  6.68000E-01  1.00000E+00  1.00000E-04 -9.23314E-10
  6.69000E-01  1.00000E+00  1.00000E-04  1.02605E-11
  6.70000E-01  1.00000E+00  1.00000E-04 -8.54048E-10
  6.71000E-01  1.00000E+00  1.00000E-04  0.00000E+00
  6.72000E-01  1.00000E+00  1.00000E-04  8.10315E-10
  6.73000E-01  1.00000E+00  1.00000E-04  2.20740E-10
  6.74000E-01  1.00000E+00  1.00000E-04 -1.47256E-10
  6.75000E-01  1.00000E+00  1.00000E-04 -9.81164E-11
  6.76000E-01  1.00000E+00  1.00000E-04 -9.81157E-11
  6.77000E-01  1.00000E+00  1.00000E-04 -9.81170E-11
  6.78000E-01  1.00000E+00  1.00000E-04  2.17697E-10
  6.79000E-01  1.00000E+00  1.00000E-04 -3.65123E-10
  6.80000E-01  1.00000E+00  1.00000E-04  1.47329E-10
  6.81000E-01  1.00000E+00  9.99999E-05  7.65406E-10
  6.82000E-01  9.99999E-01  9.99999E-05 -5.44723E-10
  6.83000E-01  1.00000E+00  1.00000E-04  3.67911E-11
  6.84000E-01  1.00000E+00  1.00000E-04  3.67916E-11
  6.85000E-01  1.00000E+00  1.00000E-04 -1.47196E-10
  6.86000E-01  1.00000E+00  1.00000E-04  3.68294E-10
  6.87000E-01  9.99999E-01  9.99999E-05 -7.35898E-11
  6.88000E-01  1.00000E+00  1.00000E-04 -3.64810E-10
  6.89000E-01  1.00000E+00  1.00000E-04  2.17550E-10
  6.90000E-01  1.00000E+00  1.00000E-04  1.09974E-11
  6.91000E-01  1.00000E+00  1.00000E-04  1.30932E-09
  6.92000E-01  9.99999E-01  9.99997E-05 -5.83506E-10
  6.93000E-01  1.00000E+00  1.00000E-04 -1.00454E-09
  6.94000E-01  1.00000E+00  9.99999E-05 -1.86422E-10
  6.95000E-01  1.00000E+00  1.00000E-04 -8.00942E-10
  6.96000E-01  1.00000E+00  1.00000E-04  4.53641E-09
  6.97000E-01  9.99995E-01  9.99994E-05 -4.88695E-10
  6.98000E-01  1.00000E+00  1.00000E-04 -2.92403E-09
  6.99000E-01  1.00000E+00  1.00000E-04 -8.95437E-11
  7.00000E-01  1.00000E+00  1.00000E-04  0.00000E+00
  7.01000E-01  1.00000E+00  1.00000E-04  0.00000E+00
  7.02000E-01  1.00000E+00  1.00000E-04  0.00000E+00
  7.03000E-01  1.00000E+00  1.00000E-04  0.00000E+00
  7.04000E-01  1.00000E+00  1.00000E-04  0.00000E+00
  7.05000E-01  1.00000E+00  1.00000E-04  5.15486E-10
  7.06000E-01  1.00000E+00  9.99999E-05  2.83534E-10
  7.07000E-01  1.00000E+00  1.00000E-04 -1.37459E-09
  7.08000E-01  1.00000E+00  1.00000E-04  2.07684E-10
  7.09000E-01  1.00000E+00  1.00000E-04  3.68037E-10
  7.10000E-01  1.00000E+00  1.00000E-04  0.00000E+00
  7.11000E-01  1.00000E+00  1.00000E-04  0.00000E+00
  7.12000E-01  1.00000E+00  1.00000E-04  0.00000E+00
  7.13000E-01  1.00000E+00  1.00000E-04  0.00000E+00
  7.14000E-01  1.00000E+00  1.00000E-04  0.00000E+00
  7.15000E-01  1.00000E+00  1.00000E-04  0.00000E+00
  7.16000E-01  1.00000E+00  1.00000E-04  0.00000E+00
  7.17000E-01  1.00000E+00  1.00000E-04 -7.36051E-11
  7.18000E-01  1.00000E+00  1.00000E-04 -2.02914E-12
  7.19000E-01  1.00000E+00  1.00000E-04 -4.05959E-12
  7.20000E-01  1.00000E+00  1.00000E-04 -2.78566E-08
  7.21000E-01  1.00000E+00  1.00000E-04 -1.22708E-06
  7.22000E-01  1.00000E+00  1.00441E-04 -1.14798E-12
  7.23000E-01  1.00000E+00  1.00000E-04  1.22695E-06
  7.24000E-01  1.00000E+00  1.00000E-04  2.76857E-08
  7.25000E-01  1.00000E+00  1.00000E-04  1.24969E-10
  7.26000E-01  1.00000E+00  1.00000E-04  1.47170E-10
  7.27000E-01  1.00000E+00  1.00000E-04  0.00000E+00
  7.28000E-01  1.00000E+00  1.00000E-04  0.00000E+00
  7.29000E-01  1.00000E+00  1.00000E-04  0.00000E+00
  7.30000E-01  1.00000E+00  1.00000E-04  0.00000E+00
  7.31000E-01  1.00000E+00  1.00000E-04  0.00000E+00
  7.32000E-01  1.00000E+00  1.00000E-04  0.00000E+00
  7.33000E-01  1.00000E+00  1.00000E-04  0.00000E+00
  7.34000E-01  1.00000E+00  1.00000E-04  0.00000E+00
  7.35000E-01  1.00000E+00  1.00000E-04  0.00000E+00
  7.36000E-01  1.00000E+00  1.00000E-04  0.00000E+00
  7.37000E-01  1.00000E+00  1.00000E-04  0.00000E+00
  7.38000E-01  1.00000E+00  1.00000E-04  0.00000E+00
  7.39000E-01  1.00000E+00  1.00000E-04  0.00000E+00
  7.40000E-01  1.00000E+00  1.00000E-04  0.00000E+00
  7.41000E-01  1.00000E+00  1.00000E-04  0.00000E+00
  7.42000E-01  1.00000E+00  1.00000E-04 -1.47258E-10
  7.43000E-01  1.00000E+00  1.00000E-04 -7.36465E-11
  7.44000E-01  1.00000E+00  1.00000E-04  2.20909E-10
  7.45000E-01  1.00000E+00  1.00000E-04  7.76995E-17
  7.46000E-01  1.00000E+00  1.00000E-04  0.00000E+00
  7.47000E-01  1.00000E+00  1.00000E-04  0.00000E+00
  7.48000E-01  1.00000E+00  1.00000E-04  0.00000E+00
  7.49000E-01  1.00000E+00  1.00000E-04 -7.36392E-11
  7.50000E-01  1.00000E+00  1.00000E-04 -7.36342E-11
  7.51000E-01  1.00000E+00  1.00000E-04  1.47265E-10
  7.52000E-01  1.00000E+00  1.00000E-04  7.35805E-11
  7.53000E-01  1.00000E+00  1.00000E-04 -7.35820E-11
  7.54000E-01  1.00000E+00  1.00000E-04  0.00000E+00
  7.55000E-01  1.00000E+00  1.00000E-04  7.36398E-11
  7.56000E-01  1.00000E+00  1.00000E-04  0.00000E+00
  7.57000E-01  1.00000E+00  1.00000E-04 -7.36176E-11
  7.58000E-01  1.00000E+00  1.00000E-04  0.00000E+00
  7.59000E-01  1.00000E+00  1.00000E-04  0.00000E+00
  7.60000E-01  1.00000E+00  1.00000E-04  0.00000E+00
  7.61000E-01  1.00000E+00  1.00000E-04  0.00000E+00
  7.62000E-01  1.00000E+00  1.00000E-04  0.00000E+00
  7.63000E-01  1.00000E+00  1.00000E-04  0.00000E+00
  7.64000E-01  1.00000E+00  1.00000E-04  0.00000E+00
  7.65000E-01  1.00000E+00  1.00000E-04  0.00000E+00
  7.66000E-01  1.00000E+00  1.00000E-04  7.36139E-11
  7.67000E-01  1.00000E+00  1.00000E-04  0.00000E+00
  7.68000E-01  1.00000E+00  1.00000E-04 -7.36396E-11
  7.69000E-01  1.00000E+00  1.00000E-04 -4.41781E-10
  7.70000E-01  1.00000E+00  1.00000E-04 -7.08905E-11
  7.71000E-01  1.00000E+00  1.00000E-04 -2.53816E-08
  7.72000E-01  1.00000E+00  1.00000E-04 -1.13629E-06
  7.73000E-01  1.00000E+00  1.00409E-04 -2.47165E-10
  7.74000E-01  1.00000E+00  1.00000E-04  1.10756E-06
  7.75000E-01  1.00000E+00  1.00000E-04 -1.20818E-06
  7.76000E-01  1.00000E+00  1.00444E-04  2.33889E-10
  7.77000E-01  1.00000E+00  1.00000E-04  1.23535E-06
  7.78000E-01  1.00000E+00  1.00000E-04  2.82490E-08
  7.79000E-01  1.00000E+00  1.00000E-04  7.07899E-11
  7.80000E-01  1.00000E+00  1.00000E-04 -2.20861E-10
  7.81000E-01  1.00000E+00  1.00000E-04  7.36157E-11
  7.82000E-01  1.00000E+00  1.00000E-04  0.00000E+00
  7.83000E-01  1.00000E+00  1.00000E-04 -7.36012E-11
  7.84000E-01  1.00000E+00  1.00000E-04  2.20969E-10
  7.85000E-01  1.00000E+00  1.00000E-04  0.00000E+00
  7.86000E-01  1.00000E+00  1.00000E-04 -2.20921E-10
  7.87000E-01  1.00000E+00  1.00000E-04  0.00000E+00
  7.88000E-01  1.00000E+00  1.00000E-04  0.00000E+00
  7.89000E-01  1.00000E+00  1.00000E-04  0.00000E+00
  7.90000E-01  1.00000E+00  1.00000E-04  0.00000E+00
  7.91000E-01  1.00000E+00  1.00000E-04  0.00000E+00
  7.92000E-01  1.00000E+00  1.00000E-04 -7.35902E-11
  7.93000E-01  1.00000E+00  1.00000E-04  0.00000E+00
  7.94000E-01  1.00000E+00  1.00000E-04  7.35887E-11
  7.95000E-01  1.00000E+00  1.00000E-04 -7.36423E-11
  7.96000E-01  1.00000E+00  1.00000E-04  0.00000E+00
  7.97000E-01  1.00000E+00  1.00000E-04  7.36167E-11
  7.98000E-01  1.00000E+00  1.00000E-04  2.94457E-10
  7.99000E-01  9.99999E-01  9.99999E-05  0.00000E+00
  8.00000E-01  1.00000E+00  1.00000E-04 -2.91285E-10
  8.01000E-01  1.00000E+00  1.00000E-04  2.91445E-10
  8.02000E-01  9.99999E-01  9.99999E-05  0.00000E+00
  8.03000E-01  1.00000E+00  1.00000E-04 -2.94360E-10
  8.04000E-01  1.00000E+00  1.00000E-04 -6.20641E-11
  8.05000E-01  1.00000E+00  1.00000E-04 -2.20851E-08
  8.06000E-01  1.00000E+00  1.00000E-04 -9.72637E-07
  8.07000E-01  1.00000E+00  1.00349E-04 -1.97369E-10
  8.08000E-01  1.00000E+00  1.00000E-04  9.49747E-07
  8.09000E-01  1.00000E+00  1.00000E-04 -9.49516E-07
  8.10000E-01  1.00000E+00  1.00349E-04  1.99767E-10
  8.11000E-01  1.00000E+00  1.00000E-04  9.72707E-07
  8.12000E-01  1.00000E+00  1.00000E-04  2.22983E-08
  8.13000E-01  1.00000E+00  1.00000E-04  5.37791E-11
  8.14000E-01  1.00000E+00  1.00000E-04 -2.20858E-10
  8.15000E-01  1.00000E+00  1.00000E-04  2.20962E-10
  8.16000E-01  1.00000E+00  1.00000E-04  7.36114E-11
  8.17000E-01  1.00000E+00  1.00000E-04 -4.41676E-10
  8.18000E-01  1.00000E+00  1.00000E-04  7.36477E-11
  8.19000E-01  1.00000E+00  1.00000E-04  7.36160E-11
  8.20000E-01  1.00000E+00  1.00000E-04  0.00000E+00
  8.21000E-01  1.00000E+00  1.00000E-04  0.00000E+00
  8.22000E-01  1.00000E+00  1.00000E-04  0.00000E+00
  8.23000E-01  1.00000E+00  1.00000E-04  1.47231E-10
  8.24000E-01  1.00000E+00  1.00000E-04  2.47443E-16
  8.25000E-01  1.00000E+00  1.00000E-04 -7.36637E-11
  8.26000E-01  1.00000E+00  1.00000E-04  7.76995E-17
  8.27000E-01  1.00000E+00  1.00000E-04 -7.36255E-11
  8.28000E-01  1.00000E+00  1.00000E-04  0.00000E+00
  8.29000E-01  1.00000E+00  1.00000E-04  7.36217E-11
  8.30000E-01  1.00000E+00  1.00000E-04  0.00000E+00
  8.31000E-01  1.00000E+00  1.00000E-04 -7.36447E-11
  8.32000E-01  1.00000E+00  1.00000E-04  0.00000E+00
  8.33000E-01  1.00000E+00  1.00000E-04  0.00000E+00
  8.34000E-01  1.00000E+00  1.00000E-04  1.47327E-10
  8.35000E-01  1.00000E+00  1.00000E-04  0.00000E+00
  8.36000E-01  1.00000E+00  1.00000E-04 -1.47275E-10
  8.37000E-01  1.00000E+00  1.00000E-04 -7.77904E-11
  8.38000E-01  1.00000E+00  1.00000E-04 -2.73288E-08
  8.39000E-01  1.00000E+00  1.00000E-04 -1.20475E-06
  8.40000E-01  1.00000E+00  1.00433E-04 -2.87785E-10
  8.41000E-01  1.00000E+00  1.00000E-04  1.20553E-06
  8.42000E-01  1.00000E+00  1.00000E-04  2.74871E-08
  8.43000E-01  1.00000E+00  1.00000E-04  7.12777E-11
  8.44000E-01  1.00000E+00  1.00000E-04 -1.47264E-10
  8.45000E-01  1.00000E+00  1.00000E-04  7.36424E-11
  8.46000E-01  1.00000E+00  1.00000E-04  0.00000E+00
  8.47000E-01  1.00000E+00  1.00000E-04 -1.47239E-10
  8.48000E-01  1.00000E+00  1.00000E-04  7.36863E-11
  8.49000E-01  1.00000E+00  1.00000E-04  0.00000E+00
  8.50000E-01  1.00000E+00  1.00000E-04  0.00000E+00
  8.51000E-01  1.00000E+00  1.00000E-04 -3.68156E-11
  8.52000E-01  1.00000E+00  1.00000E-04 -3.68166E-11
  8.53000E-01  1.00000E+00  1.00000E-04  1.47206E-10
  8.54000E-01  1.00000E+00  1.00000E-04  9.68341E-11
  8.55000E-01  1.00000E+00  1.00000E-04  3.03413E-09
  8.56000E-01  9.99994E-01  9.99994E-05 -1.06089E-12
  8.57000E-01  1.00000E+00  1.00000E-04 -3.08383E-09
  8.58000E-01  1.00000E+00  1.00000E-04  5.40906E-10
  8.59000E-01  9.99999E-01  9.99999E-05  8.54695E-17
  8.60000E-01  1.00000E+00  1.00000E-04 -6.51663E-10
  8.61000E-01  1.00000E+00  1.00000E-04 -1.10029E-11
  8.62000E-01  1.00000E+00  1.00000E-04  0.00000E+00
  8.63000E-01  1.00000E+00  1.00000E-04  0.00000E+00
  8.64000E-01  1.00000E+00  1.00000E-04  0.00000E+00
  8.65000E-01  1.00000E+00  1.00000E-04  0.00000E+00
  8.66000E-01  1.00000E+00  1.00000E-04  7.36320E-11
  8.67000E-01  1.00000E+00  1.00000E-04  1.47266E-10
  8.68000E-01  1.00000E+00  1.00000E-04 -2.20936E-10
  8.69000E-01  1.00000E+00  1.00000E-04  0.00000E+00
  8.70000E-01  1.00000E+00  1.00000E-04  0.00000E+00
  8.71000E-01  1.00000E+00  1.00000E-04  7.36612E-11
  8.72000E-01  1.00000E+00  1.00000E-04  2.20830E-10
  8.73000E-01  1.00000E+00  1.00000E-04 -4.41746E-10
  8.74000E-01  1.00000E+00  1.00000E-04  7.36559E-11
  8.75000E-01  1.00000E+00  1.00000E-04  7.36140E-11
  8.76000E-01  1.00000E+00  1.00000E-04  1.47195E-10
  8.77000E-01  1.00000E+00  1.00000E-04  0.00000E+00
  8.78000E-01  1.00000E+00  1.00000E-04 -2.20888E-10
  8.79000E-01  1.00000E+00  1.00000E-04  2.20963E-10
  8.80000E-01  1.00000E+00  1.00000E-04  7.67923E-11
  8.81000E-01  1.00000E+00  1.00000E-04  6.59165E-10
  8.82000E-01  9.99998E-01  9.99998E-05  7.76995E-17
  8.83000E-01  1.00000E+00  1.00000E-04 -8.52791E-10
  8.84000E-01  1.00000E+00  1.00000E-04  4.33661E-11
  8.85000E-01  1.00000E+00  1.00000E-04  0.00000E+00
  8.86000E-01  1.00000E+00  1.00000E-04 -7.36651E-11
  8.87000E-01  1.00000E+00  1.00000E-04  0.00000E+00
  8.88000E-01  1.00000E+00  1.00000E-04  0.00000E+00
  8.89000E-01  1.00000E+00  1.00000E-04  7.36355E-11
  8.90000E-01  1.00000E+00  1.00000E-04  0.00000E+00
  8.91000E-01  1.00000E+00  1.00000E-04 -7.35886E-11
  8.92000E-01  1.00000E+00  1.00000E-04  0.00000E+00
  8.93000E-01  1.00000E+00  1.00000E-04  0.00000E+00
  8.94000E-01  1.00000E+00  1.00000E-04  0.00000E+00
  8.95000E-01  1.00000E+00  1.00000E-04  7.36321E-11
  8.96000E-01  1.00000E+00  1.00000E-04 -7.36496E-11
  8.97000E-01  1.00000E+00  1.00000E-04  0.00000E+00
  8.98000E-01  1.00000E+00  1.00000E-04  0.00000E+00
  8.99000E-01  1.00000E+00  1.00000E-04 -2.44871E-16
  9.00000E-01  1.00000E+00  1.00000E-04  1.14794E-16
  9.01000E-01  1.00000E+00  1.00000E-04  1.30077E-16
  9.02000E-01  1.00000E+00  1.00000E-04  0.00000E+00
  9.03000E-01  1.00000E+00  1.00000E-04 -3.68107E-11
  9.04000E-01  1.00000E+00  1.00000E-04 -3.68126E-11
  9.05000E-01  1.00000E+00  1.00000E-04  8.54695E-17
  9.06000E-01  1.00000E+00  1.00000E-04 -1.47277E-10
  9.07000E-01  1.00000E+00  1.00000E-04  1.47343E-10
  9.08000E-01  1.00000E+00  1.00000E-04  7.35877E-11
  9.09000E-01  1.00000E+00  1.00000E-04  7.36251E-11
  9.10000E-01  1.00000E+00  1.00000E-04 -3.68080E-11
  9.11000E-01  1.00000E+00  1.00000E-04 -3.68066E-11
  9.12000E-01  1.00000E+00  1.00000E-04  7.76995E-17
  9.13000E-01  1.00000E+00  1.00000E-04  0.00000E+00
  9.14000E-01  1.00000E+00  1.00000E-04  0.00000E+00
  9.15000E-01  1.00000E+00  1.00000E-04  0.00000E+00
  9.16000E-01  1.00000E+00  1.00000E-04  2.94465E-10
  9.17000E-01  9.99999E-01  9.99999E-05  0.00000E+00
  9.18000E-01  1.00000E+00  1.00000E-04 -2.94602E-10
  9.19000E-01  1.00000E+00  1.00000E-04  0.00000E+00
  9.20000E-01  1.00000E+00  1.00000E-04  0.00000E+00
  9.21000E-01  1.00000E+00  1.00000E-04  3.68218E-10
  9.22000E-01  9.99999E-01  9.99999E-05  3.02648E-16
  9.23000E-01  1.00000E+00  1.00000E-04 -2.20736E-10
  9.24000E-01  1.00000E+00  1.00000E-04  2.20689E-10
  9.25000E-01  1.00000E+00  1.00000E-04 -2.20694E-10
  9.26000E-01  1.00000E+00  1.00000E-04 -1.47208E-10
  9.27000E-01  1.00000E+00  1.00000E-04  0.00000E+00
  9.28000E-01  1.00000E+00  1.00000E-04 -2.33099E-16
  9.29000E-01  1.00000E+00  1.00000E-04  7.76995E-17
  9.30000E-01  1.00000E+00  1.00000E-04  7.76995E-17
  9.31000E-01  1.00000E+00  1.00000E-04  7.35984E-11
  9.32000E-01  1.00000E+00  1.00000E-04  1.92224E-11
  9.33000E-01  1.00000E+00  1.00000E-04 -1.92223E-11
  9.34000E-01  1.00000E+00  1.00000E-04 -7.36507E-11
  9.35000E-01  1.00000E+00  1.00000E-04  0.00000E+00
  9.36000E-01  1.00000E+00  1.00000E-04 -1.47199E-10
  9.37000E-01  1.00000E+00  1.00000E-04  0.00000E+00
  9.38000E-01  1.00000E+00  1.00000E-04  4.41507E-10
  9.39000E-01  1.00000E+00  1.00000E-04  0.00000E+00
  9.40000E-01  1.00000E+00  1.00000E-04 -4.41878E-10
  9.41000E-01  1.00000E+00  1.00000E-04  0.00000E+00
  9.42000E-01  1.00000E+00  1.00000E-04  5.11985E-10
  9.43000E-01  1.00000E+00  1.00000E-04 -7.04373E-11
  9.44000E-01  1.00000E+00  1.00000E-04 -4.02828E-11
  9.45000E-01  1.00000E+00  1.00000E-04  1.95327E-09
  9.46000E-01  9.99996E-01  9.99996E-05  5.46736E-10
  9.47000E-01  1.00000E+00  1.00000E-04 -2.76580E-09
  9.48000E-01  1.00000E+00  1.00000E-04  4.31827E-11
  9.49000E-01  1.00000E+00  1.00000E-04  4.31872E-11
  9.50000E-01  1.00000E+00  1.00000E-04  2.20673E-10
  9.51000E-01  1.00000E+00  1.00000E-04  7.36316E-11
  9.52000E-01  1.00000E+00  1.00000E-04 -1.31417E-11
  9.53000E-01  1.00000E+00  1.00000E-04 -6.04971E-11
  9.54000E-01  1.00000E+00  1.00000E-04 -6.62227E-10
  9.55000E-01  1.00000E+00  1.00000E-04  2.20966E-10
  9.56000E-01  1.00000E+00  1.00000E-04  2.21018E-10
  9.57000E-01  1.00000E+00  1.00000E-04  7.36639E-11
  9.58000E-01  1.00000E+00  1.00000E-04  1.47210E-10
  9.59000E-01  1.00000E+00  1.00000E-04 -4.41347E-10
  9.60000E-01  1.00000E+00  1.00000E-04  7.35726E-11
  9.61000E-01  1.00000E+00  1.00000E-04  7.36340E-11
  9.62000E-01  1.00000E+00  1.00000E-04 -1.47197E-10
  9.63000E-01  1.00000E+00  1.00000E-04 -2.94679E-10
  9.64000E-01  1.00000E+00  1.00000E-04  7.36384E-10
  9.65000E-01  1.00000E+00  1.00000E-04  7.35961E-11
  9.66000E-01  1.00000E+00  1.00000E-04 -8.79545E-10
  9.67000E-01  1.00000E+00  1.00000E-04  2.91584E-10
  9.68000E-01  1.00000E+00  1.00000E-04 -1.21530E-16
  9.69000E-01  1.00000E+00  1.00000E-04 -7.36663E-11
  9.70000E-01  1.00000E+00  1.00000E-04  7.36365E-11
  9.71000E-01  1.00000E+00  1.00000E-04  5.14884E-10
  9.72000E-01  9.99999E-01  9.99999E-05  1.83329E-10
  9.73000E-01  1.00000E+00  1.00000E-04  2.30906E-09
  9.74000E-01  9.99995E-01  9.99995E-05  1.20907E-10
  9.75000E-01  1.00000E+00  1.00000E-04 -2.94894E-09
  9.76000E-01  1.00000E+00  1.00000E-04  1.89807E-10
  9.77000E-01  1.00000E+00  9.99999E-05  2.20884E-10
  9.78000E-01  1.00000E+00  1.00000E-04 -6.62634E-10
  9.79000E-01  9.99999E-01  1.00000E-04  1.47978E-15
  9.80000E-01  1.00000E+00  1.00000E-04  1.61816E-09
  9.81000E-01  9.99998E-01  9.99998E-05  7.35867E-11
  9.82000E-01  1.00000E+00  1.00000E-04 -2.09077E-09
  9.83000E-01  1.00000E+00  1.00000E-04  2.51975E-10
  9.84000E-01  1.00000E+00  1.00000E-04  7.77410E-11
  9.85000E-01  1.00000E+00  1.00000E-04  2.34671E-09
  9.86000E-01  9.99996E-01  9.99995E-05 -1.98235E-09
  9.87000E-01  1.00001E+00  1.00001E-04 -2.53961E-09
  9.88000E-01  1.00000E+00  1.00000E-04  1.82121E-09
  9.89000E-01  1.00000E+00  1.00000E-04  9.60807E-09
  9.90000E-01  9.99981E-01  9.99981E-05  8.53458E-10
  9.91000E-01  1.00000E+00  1.00000E-04 -9.45127E-09
  9.92000E-01  1.00000E+00  1.00000E-04 -2.95130E-10
  9.93000E-01  1.00000E+00  1.00000E-04  0.00000E+00
  9.94000E-01  1.00000E+00  1.00000E-04 -1.47206E-10
  9.95000E-01  1.00000E+00  1.00000E-04  0.00000E+00
  9.96000E-01  1.00000E+00  1.00000E-04  1.47291E-10
  9.97000E-01  1.00000E+00  1.00000E-04  0.00000E+00
  9.98000E-01  1.00000E+00  1.00000E-04  0.00000E+00
  9.99000E-01  1.00000E+00  1.00000E-04  0.00000E+00
