  0.00000E+00  4.14658E-05  6.02747E-02  1.09408E-04
  1.00000E-02  4.14654E-05  6.02747E-02  3.26204E-04
  2.00000E-02  4.14641E-05  6.02748E-02  5.20407E-04
  3.00000E-02  4.14671E-05  6.02749E-02  6.47732E-04
  4.00000E-02  4.14649E-05  6.02749E-02  7.56427E-04
  5.00000E-02  4.14758E-05  6.02750E-02  9.23742E-04
  6.00000E-02  4.15183E-05  6.02750E-02  1.13121E-03
  7.00000E-02  4.15660E-05  6.02751E-02  1.38627E-03
  8.00000E-02  4.16229E-05  6.02751E-02  1.62509E-03
  9.00000E-02  4.16740E-05  6.02751E-02  1.80876E-03
  1.00000E-01  4.17166E-05  6.02752E-02  1.95883E-03
  1.10000E-01  4.17375E-05  6.02752E-02  2.13371E-03
  1.20000E-01  4.17903E-05  6.02752E-02  2.30454E-03
  1.30000E-01  4.20140E-05  6.02752E-02  2.45039E-03
  1.40000E-01  4.30736E-05  6.02751E-02  2.63923E-03
  1.50000E-01  4.51081E-05  6.02751E-02  2.83735E-03
  1.60000E-01  4.78096E-05  6.02750E-02  3.04363E-03
  1.70000E-01  5.10675E-05  6.02752E-02  3.22423E-03
  1.80000E-01  5.46595E-05  6.02751E-02  3.37857E-03
  1.90000E-01  5.85916E-05  6.02751E-02  3.54199E-03
  2.00000E-01  6.29411E-05  6.02752E-02  3.75059E-03
  2.10000E-01  6.75405E-05  6.02750E-02  3.95947E-03
  2.20000E-01  7.27514E-05  6.02751E-02  4.11305E-03
  2.30000E-01  7.83372E-05  6.02751E-02  4.29925E-03
  2.40000E-01  8.44068E-05  6.02752E-02  4.47586E-03
  2.50000E-01  9.16865E-05  6.02750E-02  4.69377E-03
  2.60000E-01  9.92021E-05  6.02751E-02  4.88698E-03
  2.70000E-01  1.08183E-04  6.02751E-02  5.00947E-03
  2.80000E-01  1.18826E-04  6.02754E-02  5.27034E-03
  2.90000E-01  1.30664E-04  6.02750E-02  5.42571E-03
  3.00000E-01  1.45212E-04  6.02754E-02  5.57692E-03
  3.10000E-01  1.61909E-04  6.02752E-02  5.83647E-03
  3.20000E-01  1.81677E-04  6.02751E-02  5.96856E-03
  3.30000E-01  2.06043E-04  6.02756E-02  6.16308E-03
  3.40000E-01  2.33959E-04  6.02751E-02  6.36904E-03
  3.50000E-01  2.67711E-04  6.02752E-02  6.48936E-03
  3.60000E-01  3.07298E-04  6.02757E-02  6.76437E-03
  3.70000E-01  3.53252E-04  6.02750E-02  6.89494E-03
  3.80000E-01  4.04984E-04  6.02756E-02  7.02149E-03
  3.90000E-01  4.66591E-04  6.02754E-02  7.32157E-03
  4.00000E-01  5.28420E-04  6.02752E-02  7.43375E-03
  4.10000E-01  6.07491E-04  6.02758E-02  7.63369E-03
  4.20000E-01  6.74038E-04  6.02751E-02  7.80539E-03
  4.30000E-01  7.76804E-04  6.02756E-02  7.92805E-03
  4.40000E-01  8.39543E-04  6.02756E-02  8.20226E-03
  4.50000E-01  9.69650E-04  6.02753E-02  8.31503E-03
  4.60000E-01  1.03482E-03  6.02757E-02  8.50855E-03
  4.70000E-01  1.17451E-03  6.02753E-02  8.75639E-03
  4.80000E-01  1.25449E-03  6.02753E-02  8.86834E-03
  4.90000E-01  1.40285E-03  6.02755E-02  9.04274E-03
  5.00000E-01  1.48866E-03  6.02754E-02  9.16042E-03
  5.10000E-01  1.67655E-03  6.02759E-02  9.49097E-03
  5.20000E-01  1.76150E-03  6.02752E-02  9.68653E-03
  5.30000E-01  1.95153E-03  6.02755E-02  9.73071E-03
  5.40000E-01  2.06686E-03  6.02759E-02  1.00287E-02
  5.50000E-01  2.27887E-03  6.02753E-02  1.02585E-02
  5.60000E-01  2.39182E-03  6.02748E-02  1.02767E-02
  5.70000E-01  2.66709E-03  6.02760E-02  1.05192E-02
  5.80000E-01  2.79608E-03  6.02753E-02  1.08385E-02
  5.90000E-01  3.05969E-03  6.02747E-02  1.08560E-02
  6.00000E-01  3.23834E-03  6.02753E-02  1.10144E-02
  6.10000E-01  3.57275E-03  6.02753E-02  1.13608E-02
  6.20000E-01  3.73071E-03  6.02739E-02  1.14354E-02
  6.30000E-01  4.11946E-03  6.02752E-02  1.15753E-02
  6.40000E-01  4.33687E-03  6.02752E-02  1.19332E-02
  6.50000E-01  4.72310E-03  6.02742E-02  1.20310E-02
  6.60000E-01  4.95412E-03  6.02753E-02  1.20889E-02
  6.70000E-01  5.46173E-03  6.02754E-02  1.24282E-02
  6.80000E-01  5.69009E-03  6.02737E-02  1.26164E-02
  6.90000E-01  6.17491E-03  6.02748E-02  1.26425E-02
  7.00000E-01  6.50735E-03  6.02748E-02  1.29014E-02
  7.10000E-01  7.02281E-03  6.02744E-02  1.31848E-02
  7.20000E-01  7.28676E-03  6.02731E-02  1.32024E-02
  7.30000E-01  7.93991E-03  6.02750E-02  1.33786E-02
  7.40000E-01  8.27224E-03  6.02751E-02  1.37184E-02
  7.50000E-01  8.84423E-03  6.02730E-02  1.37855E-02
  7.60000E-01  9.24686E-03  6.02749E-02  1.38964E-02
  7.70000E-01  9.95820E-03  6.02745E-02  1.42661E-02
  7.80000E-01  1.02937E-02  6.02716E-02  1.43754E-02
  7.90000E-01  1.10604E-02  6.02738E-02  1.44987E-02
  8.00000E-01  1.15221E-02  6.02736E-02  1.48762E-02
  8.10000E-01  1.22869E-02  6.02726E-02  1.49630E-02
  8.20000E-01  1.27295E-02  6.02730E-02  1.49663E-02
  8.30000E-01  1.36856E-02  6.02735E-02  1.51709E-02
  8.40000E-01  1.41773E-02  6.02707E-02  1.55405E-02
  8.50000E-01  1.51279E-02  6.02689E-02  1.55474E-02
  8.60000E-01  1.56626E-02  6.02698E-02  1.56898E-02
  8.70000E-01  1.67501E-02  6.02703E-02  1.60551E-02
  8.80000E-01  1.73025E-02  6.02682E-02  1.61375E-02
  8.90000E-01  1.84096E-02  6.02702E-02  1.62010E-02
  9.00000E-01  1.90561E-02  6.02688E-02  1.65108E-02
  9.10000E-01  2.04747E-02  6.02663E-02  1.67192E-02
  9.20000E-01  2.10574E-02  6.02653E-02  1.67238E-02
  9.30000E-01  2.21788E-02  6.02666E-02  1.68728E-02
  9.40000E-01  2.32273E-02  6.02653E-02  1.72600E-02
  9.50000E-01  2.46557E-02  6.02615E-02  1.73101E-02
  9.60000E-01  2.53052E-02  6.02653E-02  1.73681E-02
  9.70000E-01  2.71427E-02  6.02663E-02  1.77469E-02
  9.80000E-01  2.79050E-02  6.02649E-02  1.78965E-02
  9.90000E-01  2.98685E-02  6.02652E-02  1.78981E-02
