  0.00000E+00  2.19035E-05  2.08051E+01  6.76710E-03
  1.00000E-03  2.19030E-05  2.08054E+01  1.76070E-02
  2.00000E-03  2.19035E-05  2.08060E+01  2.79557E-02
  3.00000E-03  2.19041E-05  2.08067E+01  3.64122E-02
  4.00000E-03  2.19052E-05  2.08072E+01  4.62852E-02
  5.00000E-03  2.19058E-05  2.08074E+01  6.21599E-02
  6.00000E-03  2.19099E-05  2.08073E+01  8.37984E-02
  7.00000E-03  2.19223E-05  2.08072E+01  1.09641E-01
  8.00000E-03  2.19389E-05  2.08072E+01  1.35620E-01
  9.00000E-03  2.19643E-05  2.08072E+01  1.60744E-01
  1.00000E-02  2.19858E-05  2.08072E+01  1.84144E-01
  1.10000E-02  2.20119E-05  2.08071E+01  2.04844E-01
  1.20000E-02  2.20282E-05  2.08069E+01  2.24298E-01
  1.30000E-02  2.20428E-05  2.08069E+01  2.44274E-01
  1.40000E-02  2.20506E-05  2.08069E+01  2.65148E-01
  1.50000E-02  2.20769E-05  2.08069E+01  2.85973E-01
  1.60000E-02  2.21360E-05  2.08069E+01  3.06213E-01
  1.70000E-02  2.24790E-05  2.08068E+01  3.25722E-01
  1.80000E-02  2.31512E-05  2.08068E+01  3.46536E-01
  1.90000E-02  2.40774E-05  2.08067E+01  3.68848E-01
  2.00000E-02  2.54258E-05  2.08066E+01  3.91430E-01
  2.10000E-02  2.67203E-05  2.08065E+01  4.10923E-01
  2.20000E-02  2.82264E-05  2.08065E+01  4.31786E-01
  2.30000E-02  2.98633E-05  2.08065E+01  4.52740E-01
  2.40000E-02  3.16157E-05  2.08065E+01  4.71324E-01
  2.50000E-02  3.34279E-05  2.08064E+01  4.90253E-01
  2.60000E-02  3.54608E-05  2.08064E+01  5.08717E-01
  2.70000E-02  3.76635E-05  2.08064E+01  5.29779E-01
  2.80000E-02  3.99119E-05  2.08064E+01  5.52031E-01
  2.90000E-02  4.24231E-05  2.08063E+01  5.72054E-01
  3.00000E-02  4.52402E-05  2.08062E+01  5.91848E-01
  3.10000E-02  4.80529E-05  2.08061E+01  6.10203E-01
  3.20000E-02  5.13718E-05  2.08058E+01  6.31858E-01
  3.30000E-02  5.51387E-05  2.08058E+01  6.51691E-01
  3.40000E-02  5.90295E-05  2.08058E+01  6.70617E-01
  3.50000E-02  6.37971E-05  2.08059E+01  6.89781E-01
  3.60000E-02  6.90869E-05  2.08059E+01  7.08264E-01
  3.70000E-02  7.48879E-05  2.08058E+01  7.29017E-01
  3.80000E-02  8.19673E-05  2.08056E+01  7.52384E-01
  3.90000E-02  8.94314E-05  2.08054E+01  7.73510E-01
  4.00000E-02  9.88327E-05  2.08054E+01  7.92502E-01
  4.10000E-02  1.08741E-04  2.08055E+01  8.11271E-01
  4.20000E-02  1.21268E-04  2.08055E+01  8.30621E-01
  4.30000E-02  1.34370E-04  2.08054E+01  8.51439E-01
  4.40000E-02  1.50674E-04  2.08053E+01  8.73899E-01
  4.50000E-02  1.68241E-04  2.08049E+01  8.95666E-01
  4.60000E-02  1.87759E-04  2.08049E+01  9.14277E-01
  4.70000E-02  2.11558E-04  2.08049E+01  9.34635E-01
  4.80000E-02  2.35134E-04  2.08050E+01  9.58356E-01
  4.90000E-02  2.62746E-04  2.08049E+01  9.79225E-01
  5.00000E-02  2.92009E-04  2.08049E+01  9.98873E-01
  5.10000E-02  3.22936E-04  2.08054E+01  1.02239E+00
  5.20000E-02  3.57660E-04  2.08056E+01  1.04466E+00
  5.30000E-02  3.91929E-04  2.08055E+01  1.06376E+00
  5.40000E-02  4.30608E-04  2.08054E+01  1.08315E+00
  5.50000E-02  4.68542E-04  2.08062E+01  1.10507E+00
  5.60000E-02  5.12183E-04  2.08066E+01  1.12875E+00
  5.70000E-02  5.52653E-04  2.08065E+01  1.14823E+00
  5.80000E-02  6.00079E-04  2.08064E+01  1.16708E+00
  5.90000E-02  6.46999E-04  2.08065E+01  1.18596E+00
  6.00000E-02  6.94197E-04  2.08065E+01  1.20442E+00
  6.10000E-02  7.46952E-04  2.08066E+01  1.22379E+00
  6.20000E-02  7.99158E-04  2.08066E+01  1.24028E+00
  6.30000E-02  8.57628E-04  2.08068E+01  1.25530E+00
  6.40000E-02  9.13166E-04  2.08074E+01  1.28119E+00
  6.50000E-02  9.73049E-04  2.08082E+01  1.30082E+00
  6.60000E-02  1.04232E-03  2.08100E+01  1.31442E+00
  6.70000E-02  1.10489E-03  2.08119E+01  1.32445E+00
  6.80000E-02  1.17960E-03  2.08126E+01  1.34290E+00
  6.90000E-02  1.25340E-03  2.08127E+01  1.36221E+00
  7.00000E-02  1.32626E-03  2.08127E+01  1.38338E+00
  7.10000E-02  1.41448E-03  2.08130E+01  1.40377E+00
  7.20000E-02  1.50350E-03  2.08135E+01  1.42188E+00
  7.30000E-02  1.59505E-03  2.08162E+01  1.42760E+00
  7.40000E-02  1.68950E-03  2.08183E+01  1.43988E+00
  7.50000E-02  1.79592E-03  2.08182E+01  1.46068E+00
  7.60000E-02  1.90537E-03  2.08182E+01  1.48076E+00
  7.70000E-02  2.02602E-03  2.08191E+01  1.49456E+00
  7.80000E-02  2.14404E-03  2.08229E+01  1.50105E+00
  7.90000E-02  2.26528E-03  2.08237E+01  1.51646E+00
  8.00000E-02  2.40958E-03  2.08234E+01  1.53655E+00
  8.10000E-02  2.54565E-03  2.08238E+01  1.55471E+00
  8.20000E-02  2.68021E-03  2.08252E+01  1.56689E+00
  8.30000E-02  2.84028E-03  2.08293E+01  1.57581E+00
  8.40000E-02  3.01110E-03  2.08291E+01  1.59317E+00
  8.50000E-02  3.15626E-03  2.08292E+01  1.61253E+00
  8.60000E-02  3.33261E-03  2.08294E+01  1.63084E+00
  8.70000E-02  3.50711E-03  2.08294E+01  1.64952E+00
  8.80000E-02  3.68900E-03  2.08297E+01  1.66670E+00
  8.90000E-02  3.86652E-03  2.08308E+01  1.67816E+00
  9.00000E-02  4.07992E-03  2.08325E+01  1.68977E+00
  9.10000E-02  4.25118E-03  2.08323E+01  1.70876E+00
  9.20000E-02  4.46536E-03  2.08318E+01  1.72822E+00
  9.30000E-02  4.69439E-03  2.08309E+01  1.74876E+00
  9.40000E-02  4.89008E-03  2.08298E+01  1.76988E+00
  9.50000E-02  5.10360E-03  2.08285E+01  1.79407E+00
  9.60000E-02  5.37949E-03  2.08245E+01  1.81253E+00
  9.70000E-02  5.56527E-03  2.08235E+01  1.82180E+00
  9.80000E-02  5.84854E-03  2.08176E+01  1.82444E+00
  9.90000E-02  6.09929E-03  2.08117E+01  1.82325E+00
  1.00000E-01  6.36578E-03  2.08124E+01  1.82944E+00
  1.01000E-01  6.65305E-03  2.08209E+01  1.82799E+00
  1.02000E-01  6.90138E-03  2.08276E+01  1.82543E+00
  1.03000E-01  7.23899E-03  2.08359E+01  1.82685E+00
  1.04000E-01  7.52602E-03  2.08345E+01  1.81832E+00
  1.05000E-01  7.84167E-03  2.08320E+01  1.82113E+00
  1.06000E-01  8.20767E-03  2.08271E+01  1.83792E+00
  1.07000E-01  8.50070E-03  2.08274E+01  1.85735E+00
  1.08000E-01  8.86227E-03  2.08274E+01  1.87403E+00
  1.09000E-01  9.23363E-03  2.08284E+01  1.89451E+00
  1.10000E-01  9.59320E-03  2.08330E+01  1.90980E+00
  1.11000E-01  1.00030E-02  2.08377E+01  1.92224E+00
  1.12000E-01  1.03667E-02  2.08404E+01  1.94760E+00
  1.13000E-01  1.08173E-02  2.08412E+01  1.96236E+00
  1.14000E-01  1.12362E-02  2.08393E+01  1.97428E+00
  1.15000E-01  1.16836E-02  2.08302E+01  1.99987E+00
  1.16000E-01  1.21237E-02  2.08185E+01  2.00503E+00
  1.17000E-01  1.25745E-02  2.08106E+01  2.01383E+00
  1.18000E-01  1.30967E-02  2.08089E+01  2.02400E+00
  1.19000E-01  1.35245E-02  2.08073E+01  2.04737E+00
  1.20000E-01  1.41454E-02  2.08121E+01  2.07531E+00
  1.21000E-01  1.46124E-02  2.08136E+01  2.09501E+00
  1.22000E-01  1.51909E-02  2.08194E+01  2.11125E+00
  1.23000E-01  1.57683E-02  2.08326E+01  2.13049E+00
  1.24000E-01  1.63348E-02  2.08444E+01  2.14178E+00
  1.25000E-01  1.69942E-02  2.08566E+01  2.15792E+00
  1.26000E-01  1.75354E-02  2.08668E+01  2.17784E+00
  1.27000E-01  1.82317E-02  2.08666E+01  2.20913E+00
  1.28000E-01  1.89582E-02  2.08687E+01  2.23028E+00
  1.29000E-01  1.95121E-02  2.08829E+01  2.24710E+00
  1.30000E-01  2.02586E-02  2.08812E+01  2.28083E+00
  1.31000E-01  2.10306E-02  2.08939E+01  2.29128E+00
  1.32000E-01  2.17712E-02  2.08943E+01  2.32151E+00
  1.33000E-01  2.25347E-02  2.08958E+01  2.34646E+00
  1.34000E-01  2.32512E-02  2.09169E+01  2.36110E+00
  1.35000E-01  2.41315E-02  2.09143E+01  2.37484E+00
  1.36000E-01  2.49257E-02  2.09262E+01  2.40044E+00
  1.37000E-01  2.57059E-02  2.09249E+01  2.41514E+00
  1.38000E-01  2.66502E-02  2.09346E+01  2.43228E+00
  1.39000E-01  2.75367E-02  2.09360E+01  2.45465E+00
  1.40000E-01  2.85532E-02  2.09349E+01  2.45659E+00
  1.41000E-01  2.93204E-02  2.09386E+01  2.46442E+00
  1.42000E-01  3.04554E-02  2.09256E+01  2.49237E+00
  1.43000E-01  3.13679E-02  2.09113E+01  2.49316E+00
  1.44000E-01  3.21910E-02  2.09106E+01  2.51339E+00
  1.45000E-01  3.34980E-02  2.08960E+01  2.53448E+00
  1.46000E-01  3.42280E-02  2.09042E+01  2.54710E+00
  1.47000E-01  3.54909E-02  2.08948E+01  2.58640E+00
  1.48000E-01  3.67850E-02  2.09002E+01  2.60202E+00
  1.49000E-01  3.78317E-02  2.09266E+01  2.61459E+00
  1.50000E-01  3.88093E-02  2.09398E+01  2.63565E+00
  1.51000E-01  4.01520E-02  2.09562E+01  2.63611E+00
  1.52000E-01  4.14013E-02  2.09878E+01  2.65297E+00
  1.53000E-01  4.26917E-02  2.10072E+01  2.66779E+00
  1.54000E-01  4.43069E-02  2.10057E+01  2.67333E+00
  1.55000E-01  4.53404E-02  2.10087E+01  2.70294E+00
  1.56000E-01  4.65797E-02  2.09927E+01  2.72002E+00
  1.57000E-01  4.80768E-02  2.09977E+01  2.74123E+00
  1.58000E-01  4.93231E-02  2.09930E+01  2.76724E+00
  1.59000E-01  5.09901E-02  2.09798E+01  2.77832E+00
  1.60000E-01  5.25888E-02  2.09850E+01  2.80891E+00
  1.61000E-01  5.40292E-02  2.10074E+01  2.81469E+00
  1.62000E-01  5.52934E-02  2.10411E+01  2.81812E+00
  1.63000E-01  5.72565E-02  2.10581E+01  2.82463E+00
  1.64000E-01  5.90091E-02  2.10881E+01  2.84811E+00
  1.65000E-01  6.02582E-02  2.10836E+01  2.86884E+00
  1.66000E-01  6.22984E-02  2.11016E+01  2.88453E+00
  1.67000E-01  6.41092E-02  2.10945E+01  2.92655E+00
  1.68000E-01  6.54988E-02  2.10939E+01  2.95563E+00
  1.69000E-01  6.73945E-02  2.10993E+01  2.96784E+00
  1.70000E-01  6.96576E-02  2.11042E+01  2.98544E+00
  1.71000E-01  7.15281E-02  2.11473E+01  2.98752E+00
  1.72000E-01  7.32361E-02  2.11732E+01  3.00867E+00
  1.73000E-01  7.54555E-02  2.11612E+01  3.01853E+00
  1.74000E-01  7.74577E-02  2.11805E+01  3.03552E+00
  1.75000E-01  7.95532E-02  2.11751E+01  3.07421E+00
  1.76000E-01  8.15648E-02  2.11741E+01  3.09215E+00
  1.77000E-01  8.39026E-02  2.12047E+01  3.10291E+00
  1.78000E-01  8.59229E-02  2.12250E+01  3.12562E+00
  1.79000E-01  8.82661E-02  2.12635E+01  3.12695E+00
  1.80000E-01  9.06754E-02  2.12689E+01  3.14640E+00
  1.81000E-01  9.27671E-02  2.12703E+01  3.18652E+00
  1.82000E-01  9.48939E-02  2.12751E+01  3.20329E+00
  1.83000E-01  9.79222E-02  2.12839E+01  3.21988E+00
  1.84000E-01  1.00549E-01  2.12837E+01  3.26437E+00
  1.85000E-01  1.02994E-01  2.13066E+01  3.27547E+00
  1.86000E-01  1.05527E-01  2.13447E+01  3.27582E+00
  1.87000E-01  1.08505E-01  2.13731E+01  3.28688E+00
  1.88000E-01  1.11224E-01  2.14222E+01  3.30641E+00
  1.89000E-01  1.13884E-01  2.14263E+01  3.31370E+00
  1.90000E-01  1.16546E-01  2.14554E+01  3.33976E+00
  1.91000E-01  1.19592E-01  2.14547E+01  3.35621E+00
  1.92000E-01  1.22275E-01  2.14534E+01  3.37351E+00
  1.93000E-01  1.25826E-01  2.14431E+01  3.41114E+00
  1.94000E-01  1.28346E-01  2.14588E+01  3.43760E+00
  1.95000E-01  1.31847E-01  2.15165E+01  3.43985E+00
  1.96000E-01  1.35250E-01  2.15946E+01  3.43989E+00
  1.97000E-01  1.38212E-01  2.16368E+01  3.45325E+00
  1.98000E-01  1.42283E-01  2.16343E+01  3.48649E+00
  1.99000E-01  1.44981E-01  2.16332E+01  3.52114E+00
  2.00000E-01  1.49196E-01  2.16837E+01  3.53342E+00
  2.01000E-01  1.52588E-01  2.17607E+01  3.53497E+00
  2.02000E-01  1.55960E-01  2.17916E+01  3.55946E+00
  2.03000E-01  1.59977E-01  2.17859E+01  3.59711E+00
  2.04000E-01  1.63448E-01  2.17779E+01  3.62362E+00
  2.05000E-01  1.67964E-01  2.18185E+01  3.64395E+00
  2.06000E-01  1.70449E-01  2.18653E+01  3.65085E+00
  2.07000E-01  1.75665E-01  2.19389E+01  3.66917E+00
  2.08000E-01  1.79686E-01  2.19652E+01  3.68037E+00
  2.09000E-01  1.84265E-01  2.19936E+01  3.71018E+00
  2.10000E-01  1.88321E-01  2.20193E+01  3.74067E+00
  2.11000E-01  1.92107E-01  2.20803E+01  3.74496E+00
  2.12000E-01  1.97716E-01  2.21424E+01  3.75684E+00
  2.13000E-01  2.01419E-01  2.21358E+01  3.76449E+00
  2.14000E-01  2.06961E-01  2.21635E+01  3.79271E+00
  2.15000E-01  2.11055E-01  2.22685E+01  3.82128E+00
  2.16000E-01  2.16402E-01  2.23349E+01  3.83083E+00
  2.17000E-01  2.21858E-01  2.23820E+01  3.85588E+00
  2.18000E-01  2.25951E-01  2.23970E+01  3.87235E+00
  2.19000E-01  2.31062E-01  2.24127E+01  3.89042E+00
  2.20000E-01  2.36260E-01  2.24563E+01  3.90918E+00
  2.21000E-01  2.43424E-01  2.25630E+01  3.92513E+00
  2.22000E-01  2.47464E-01  2.25944E+01  3.96934E+00
  2.23000E-01  2.53140E-01  2.26334E+01  3.99603E+00
  2.24000E-01  2.59357E-01  2.27275E+01  3.99920E+00
  2.25000E-01  2.64119E-01  2.27807E+01  4.01923E+00
  2.26000E-01  2.70687E-01  2.27693E+01  4.04341E+00
  2.27000E-01  2.76286E-01  2.27885E+01  4.08753E+00
  2.28000E-01  2.84272E-01  2.29181E+01  4.10118E+00
  2.29000E-01  2.90288E-01  2.30705E+01  4.11109E+00
  2.30000E-01  2.96595E-01  2.31793E+01  4.11172E+00
  2.31000E-01  3.04831E-01  2.32798E+01  4.13186E+00
  2.32000E-01  3.09754E-01  2.32529E+01  4.15188E+00
  2.33000E-01  3.15377E-01  2.32384E+01  4.18607E+00
  2.34000E-01  3.23081E-01  2.32485E+01  4.21299E+00
  2.35000E-01  3.30736E-01  2.33879E+01  4.23609E+00
  2.36000E-01  3.39801E-01  2.35599E+01  4.26542E+00
  2.37000E-01  3.47158E-01  2.36566E+01  4.27020E+00
  2.38000E-01  3.55529E-01  2.37799E+01  4.26979E+00
  2.39000E-01  3.63062E-01  2.39094E+01  4.28684E+00
  2.40000E-01  3.70379E-01  2.39642E+01  4.32045E+00
  2.41000E-01  3.79075E-01  2.40390E+01  4.35395E+00
  2.42000E-01  3.86251E-01  2.40825E+01  4.37281E+00
  2.43000E-01  3.96217E-01  2.41045E+01  4.42130E+00
  2.44000E-01  4.05072E-01  2.42627E+01  4.45801E+00
  2.45000E-01  4.13607E-01  2.43836E+01  4.47528E+00
  2.46000E-01  4.22588E-01  2.44639E+01  4.47066E+00
  2.47000E-01  4.34045E-01  2.46708E+01  4.46977E+00
  2.48000E-01  4.42441E-01  2.47301E+01  4.48271E+00
  2.49000E-01  4.53922E-01  2.47888E+01  4.53853E+00
  2.50000E-01  4.62050E-01  2.49849E+01  4.59793E+00
  2.51000E-01  4.72265E-01  2.50280E+01  4.60818E+00
  2.52000E-01  4.83646E-01  2.51574E+01  4.62262E+00
  2.53000E-01  4.96586E-01  2.52262E+01  4.62914E+00
  2.54000E-01  5.07191E-01  2.54580E+01  4.64031E+00
  2.55000E-01  5.17418E-01  2.56894E+01  4.65351E+00
  2.56000E-01  5.32803E-01  2.59139E+01  4.72208E+00
  2.57000E-01  5.42284E-01  2.58818E+01  4.76108E+00
  2.58000E-01  5.55636E-01  2.59868E+01  4.76848E+00
  2.59000E-01  5.67314E-01  2.62132E+01  4.80022E+00
  2.60000E-01  5.81058E-01  2.63648E+01  4.81030E+00
  2.61000E-01  5.95059E-01  2.65073E+01  4.82133E+00
  2.62000E-01  6.06139E-01  2.66929E+01  4.84943E+00
  2.63000E-01  6.20743E-01  2.67990E+01  4.88896E+00
  2.64000E-01  6.38901E-01  2.71428E+01  4.93596E+00
  2.65000E-01  6.53129E-01  2.73199E+01  4.96487E+00
  2.66000E-01  6.67685E-01  2.73970E+01  4.96830E+00
  2.67000E-01  6.82929E-01  2.76470E+01  4.99303E+00
  2.68000E-01  7.01775E-01  2.79569E+01  5.05050E+00
  2.69000E-01  7.13893E-01  2.80220E+01  5.06074E+00
  2.70000E-01  7.29736E-01  2.80718E+01  5.05413E+00
  2.71000E-01  7.46826E-01  2.83327E+01  5.06444E+00
  2.72000E-01  7.70423E-01  2.88899E+01  5.15882E+00
  2.73000E-01  7.86242E-01  2.90980E+01  5.20758E+00
  2.74000E-01  8.05651E-01  2.92800E+01  5.21291E+00
  2.75000E-01  8.22895E-01  2.93622E+01  5.21078E+00
  2.76000E-01  8.38976E-01  2.93825E+01  5.20549E+00
  2.77000E-01  8.60032E-01  2.96499E+01  5.22624E+00
  2.78000E-01  8.83901E-01  3.00760E+01  5.28550E+00
  2.79000E-01  9.09567E-01  3.04911E+01  5.32063E+00
  2.80000E-01  9.29204E-01  3.07315E+01  5.35587E+00
  2.81000E-01  9.56562E-01  3.10609E+01  5.39108E+00
  2.82000E-01  9.76263E-01  3.13183E+01  5.42243E+00
  2.83000E-01  1.00666E+00  3.17936E+01  5.45579E+00
  2.84000E-01  1.02823E+00  3.19649E+01  5.47880E+00
  2.85000E-01  1.05016E+00  3.22150E+01  5.49854E+00
  2.86000E-01  1.08294E+00  3.27795E+01  5.54309E+00
  2.87000E-01  1.11628E+00  3.33147E+01  5.60215E+00
  2.88000E-01  1.14120E+00  3.35933E+01  5.63224E+00
  2.89000E-01  1.16969E+00  3.38052E+01  5.63418E+00
  2.90000E-01  1.19482E+00  3.40283E+01  5.64450E+00
  2.91000E-01  1.22905E+00  3.45366E+01  5.69410E+00
  2.92000E-01  1.26686E+00  3.50771E+01  5.74589E+00
  2.93000E-01  1.29705E+00  3.55616E+01  5.77195E+00
  2.94000E-01  1.33332E+00  3.58869E+01  5.80361E+00
  2.95000E-01  1.37099E+00  3.64635E+01  5.84367E+00
  2.96000E-01  1.40646E+00  3.68636E+01  5.86805E+00
  2.97000E-01  1.45000E+00  3.74218E+01  5.90753E+00
  2.98000E-01  1.48325E+00  3.78227E+01  5.94017E+00
  2.99000E-01  1.53529E+00  3.85555E+01  5.98338E+00
  3.00000E-01  1.57129E+00  3.90427E+01  6.00545E+00
  3.01000E-01  1.61908E+00  3.95677E+01  6.04442E+00
  3.02000E-01  1.66301E+00  4.01544E+01  6.08797E+00
  3.03000E-01  1.71864E+00  4.09352E+01  6.12636E+00
  3.04000E-01  1.76144E+00  4.13734E+01  6.14808E+00
  3.05000E-01  1.81382E+00  4.20481E+01  6.19375E+00
  3.06000E-01  1.86561E+00  4.26913E+01  6.23460E+00
  3.07000E-01  1.92912E+00  4.35637E+01  6.26771E+00
  3.08000E-01  1.98271E+00  4.41956E+01  6.30080E+00
  3.09000E-01  2.04941E+00  4.50331E+01  6.35341E+00
  3.10000E-01  2.10584E+00  4.57461E+01  6.37632E+00
  3.11000E-01  2.17340E+00  4.65330E+01  6.41378E+00
  3.12000E-01  2.23741E+00  4.73178E+01  6.46578E+00
  3.13000E-01  2.31886E+00  4.85024E+01  6.50429E+00
  3.14000E-01  2.37970E+00  4.90456E+01  6.53575E+00
  3.15000E-01  2.46466E+00  5.01241E+01  6.58057E+00
  3.16000E-01  2.53786E+00  5.10520E+01  6.61910E+00
  3.17000E-01  2.63478E+00  5.22701E+01  6.65651E+00
  3.18000E-01  2.70561E+00  5.30089E+01  6.69622E+00
  3.19000E-01  2.80627E+00  5.42856E+01  6.74629E+00
  3.20000E-01  2.89521E+00  5.53990E+01  6.78082E+00
  3.21000E-01  2.99766E+00  5.65472E+01  6.81244E+00
  3.22000E-01  3.10455E+00  5.77636E+01  6.87105E+00
  3.23000E-01  3.20981E+00  5.91479E+01  6.91741E+00
  3.24000E-01  3.30877E+00  6.02795E+01  6.93392E+00
  3.25000E-01  3.44656E+00  6.17265E+01  6.97729E+00
  3.26000E-01  3.58514E+00  6.33946E+01  7.06149E+00
  3.27000E-01  3.68520E+00  6.49012E+01  7.07676E+00
  3.28000E-01  3.67166E+00  6.21529E+01  6.92843E+00
  3.29000E-01  2.99080E+00  4.11189E+01  5.67259E+00
  3.30000E-01  1.65652E+00  9.61176E+00  2.30000E+00
  3.31000E-01  1.09695E+00  3.00909E-01  1.80272E-01
  3.32000E-01  1.00385E+00  2.25222E-04  5.35310E-04
  3.33000E-01  1.00000E+00  1.00000E-04  1.20272E-07
  3.34000E-01  1.00000E+00  1.00000E-04 -2.98933E-10
  3.35000E-01  1.00000E+00  1.00000E-04  2.39237E-16
  3.36000E-01  1.00000E+00  1.00000E-04  1.03418E-16
  3.37000E-01  1.00000E+00  1.00000E-04 -1.00234E-10
  3.38000E-01  1.00000E+00  1.00000E-04  0.00000E+00
  3.39000E-01  1.00000E+00  1.00000E-04 -4.00355E-10
  3.40000E-01  1.00000E+00  1.00000E-04 -1.00208E-10
  3.41000E-01  1.00000E+00  1.00000E-04  4.00326E-10
  3.42000E-01  1.00000E+00  1.00000E-04 -1.00191E-10
  3.43000E-01  1.00000E+00  1.00000E-04  1.00147E-10
  3.44000E-01  1.00000E+00  1.00000E-04  1.22055E-09
  3.45000E-01  9.99999E-01  9.99999E-05 -1.51998E-09
  3.46000E-01  1.00000E+00  1.00000E-04 -9.57165E-10
  3.47000E-01  1.00000E+00  1.00000E-04 -4.27909E-09
  3.48000E-01  1.00000E+00  1.00001E-04  2.73562E-09
  3.49000E-01  1.00000E+00  9.99996E-05  4.67994E-09
  3.50000E-01  1.00000E+00  1.00000E-04 -2.38408E-09
  3.51000E-01  1.00000E+00  1.00000E-04  5.96776E-10
  3.52000E-01  1.00000E+00  1.00000E-04  8.30090E-12
  3.53000E-01  1.00000E+00  1.00000E-04  0.00000E+00
  3.54000E-01  1.00000E+00  1.00000E-04  0.00000E+00
  3.55000E-01  1.00000E+00  1.00000E-04  0.00000E+00
  3.56000E-01  1.00000E+00  1.00000E-04  0.00000E+00
  3.57000E-01  1.00000E+00  1.00000E-04  0.00000E+00
  3.58000E-01  1.00000E+00  1.00000E-04  0.00000E+00
  3.59000E-01  1.00000E+00  1.00000E-04  0.00000E+00
  3.60000E-01  1.00000E+00  1.00000E-04  0.00000E+00
  3.61000E-01  1.00000E+00  1.00000E-04 -7.76996E-17
  3.62000E-01  1.00000E+00  1.00000E-04  0.00000E+00
  3.63000E-01  1.00000E+00  1.00000E-04  7.76996E-17
  3.64000E-01  1.00000E+00  1.00000E-04  0.00000E+00
  3.65000E-01  1.00000E+00  1.00000E-04  0.00000E+00
  3.66000E-01  1.00000E+00  1.00000E-04  0.00000E+00
  3.67000E-01  1.00000E+00  1.00000E-04  0.00000E+00
  3.68000E-01  1.00000E+00  1.00000E-04  0.00000E+00
  3.69000E-01  1.00000E+00  1.00000E-04  0.00000E+00
  3.70000E-01  1.00000E+00  1.00000E-04  0.00000E+00
  3.71000E-01  1.00000E+00  1.00000E-04  0.00000E+00
  3.72000E-01  1.00000E+00  1.00000E-04 -2.00265E-10
  3.73000E-01  1.00000E+00  1.00000E-04 -2.00304E-10
  3.74000E-01  1.00000E+00  1.00000E-04  2.80933E-10
  3.75000E-01  1.00000E+00  1.00000E-04 -1.08180E-09
  3.76000E-01  1.00000E+00  1.00000E-04  7.80007E-17
  3.77000E-01  1.00000E+00  1.00000E-04  1.14910E-09
  3.78000E-01  1.00000E+00  1.00000E-04  5.31714E-11
  3.79000E-01  1.00000E+00  1.00000E-04  0.00000E+00
  3.80000E-01  1.00000E+00  1.00000E-04  0.00000E+00
  3.81000E-01  1.00000E+00  1.00000E-04  3.00442E-10
  3.82000E-01  1.00000E+00  1.00000E-04  1.00133E-10
  3.83000E-01  1.00000E+00  1.00000E-04 -3.00206E-10
  3.84000E-01  1.00000E+00  1.00000E-04  2.00263E-10
  3.85000E-01  1.00000E+00  1.00000E-04 -1.59962E-16
  3.86000E-01  1.00000E+00  1.00000E-04 -3.00405E-10
  3.87000E-01  1.00000E+00  1.00000E-04  0.00000E+00
  3.88000E-01  1.00000E+00  1.00000E-04  0.00000E+00
  3.89000E-01  1.00000E+00  1.00000E-04  0.00000E+00
  3.90000E-01  1.00000E+00  1.00000E-04  0.00000E+00
  3.91000E-01  1.00000E+00  1.00000E-04  0.00000E+00
  3.92000E-01  1.00000E+00  1.00000E-04  0.00000E+00
  3.93000E-01  1.00000E+00  1.00000E-04  0.00000E+00
  3.94000E-01  1.00000E+00  1.00000E-04  0.00000E+00
  3.95000E-01  1.00000E+00  1.00000E-04  0.00000E+00
  3.96000E-01  1.00000E+00  1.00000E-04  0.00000E+00
  3.97000E-01  1.00000E+00  1.00000E-04  2.94170E-10
  3.98000E-01  1.00000E+00  1.00000E-04 -2.94361E-10
  3.99000E-01  1.00000E+00  1.00000E-04 -1.00113E-10
  4.00000E-01  1.00000E+00  1.00000E-04  1.00093E-10
  4.01000E-01  1.00000E+00  1.00000E-04  0.00000E+00
  4.02000E-01  1.00000E+00  1.00000E-04  0.00000E+00
  4.03000E-01  1.00000E+00  1.00000E-04 -1.92491E-10
  4.04000E-01  1.00000E+00  1.00000E-04 -5.00905E-08
  4.05000E-01  1.00000E+00  1.00000E-04 -1.65464E-06
  4.06000E-01  1.00000E+00  1.00441E-04 -1.14522E-10
  4.07000E-01  1.00000E+00  1.00000E-04  1.65455E-06
  4.08000E-01  1.00000E+00  1.00000E-04  5.03753E-08
  4.09000E-01  1.00000E+00  1.00000E-04  1.94431E-10
  4.10000E-01  1.00000E+00  1.00000E-04  0.00000E+00
  4.11000E-01  1.00000E+00  1.00000E-04  0.00000E+00
  4.12000E-01  1.00000E+00  1.00000E-04  0.00000E+00
  4.13000E-01  1.00000E+00  1.00000E-04  0.00000E+00
  4.14000E-01  1.00000E+00  1.00000E-04 -1.94294E-10
  4.15000E-01  1.00000E+00  1.00000E-04 -5.03583E-08
  4.16000E-01  1.00000E+00  1.00000E-04 -1.65508E-06
  4.17000E-01  1.00000E+00  1.00441E-04 -3.62428E-13
  4.18000E-01  1.00000E+00  1.00000E-04  1.65513E-06
  4.19000E-01  1.00000E+00  1.00000E-04  5.04379E-08
  4.20000E-01  1.00000E+00  1.00000E-04  2.53962E-10
  4.21000E-01  1.00000E+00  1.00000E-04  0.00000E+00
  4.22000E-01  1.00000E+00  1.00000E-04  0.00000E+00
  4.23000E-01  1.00000E+00  1.00000E-04  4.00496E-10
  4.24000E-01  1.00000E+00  9.99999E-05  0.00000E+00
  4.25000E-01  1.00000E+00  1.00000E-04 -3.00515E-10
  4.26000E-01  1.00000E+00  1.00000E-04  3.38472E-11
  4.27000E-01  1.00000E+00  1.00000E-04  2.15507E-09
  4.28000E-01  9.99996E-01  9.99996E-05  1.15502E-10
  4.29000E-01  1.00000E+00  1.00000E-04 -2.30230E-09
  4.30000E-01  1.00000E+00  1.00000E-04 -9.94967E-11
  4.31000E-01  1.00000E+00  1.00000E-04  0.00000E+00
  4.32000E-01  1.00000E+00  1.00000E-04  2.00324E-10
  4.33000E-01  1.00000E+00  1.00000E-04  0.00000E+00
  4.34000E-01  1.00000E+00  1.00000E-04 -2.00202E-10
  4.35000E-01  1.00000E+00  1.00000E-04  0.00000E+00
  4.36000E-01  1.00000E+00  1.00000E-04 -7.76996E-17
  4.37000E-01  1.00000E+00  1.00000E-04 -3.00663E-10
  4.38000E-01  1.00000E+00  1.00000E-04  1.00214E-10
  4.39000E-01  1.00000E+00  1.00000E-04  2.00278E-10
  4.40000E-01  1.00000E+00  1.00000E-04  0.00000E+00
  4.41000E-01  1.00000E+00  1.00000E-04  1.00204E-10
  4.42000E-01  1.00000E+00  1.00000E-04  0.00000E+00
  4.43000E-01  1.00000E+00  1.00000E-04 -1.00169E-10
  4.44000E-01  1.00000E+00  1.00000E-04  1.00195E-10
  4.45000E-01  1.00000E+00  1.00000E-04  0.00000E+00
  4.46000E-01  1.00000E+00  1.00000E-04 -1.00061E-10
  4.47000E-01  1.00000E+00  1.00000E-04  0.00000E+00
  4.48000E-01  1.00000E+00  1.00000E-04  0.00000E+00
  4.49000E-01  1.00000E+00  1.00000E-04  0.00000E+00
  4.50000E-01  1.00000E+00  1.00000E-04  1.00145E-10
  4.51000E-01  1.00000E+00  1.00000E-04 -4.00791E-10
  4.52000E-01  1.00000E+00  1.00000E-04 -1.00316E-10
  4.53000E-01  1.00000E+00  1.00000E-04  4.00225E-10
  4.54000E-01  1.00000E+00  1.00000E-04  1.00091E-10
  4.55000E-01  1.00000E+00  1.00000E-04  0.00000E+00
  4.56000E-01  1.00000E+00  1.00000E-04 -5.00868E-11
  4.57000E-01  1.00000E+00  1.00000E-04 -5.00885E-11
  4.58000E-01  1.00000E+00  1.00000E-04  7.76996E-17
  4.59000E-01  1.00000E+00  1.00000E-04  0.00000E+00
  4.60000E-01  1.00000E+00  1.00000E-04  1.00069E-10
  4.61000E-01  1.00000E+00  1.00000E-04 -2.00123E-10
  4.62000E-01  1.00000E+00  1.00000E-04 -1.00213E-10
  4.63000E-01  1.00000E+00  1.00000E-04  2.00380E-10
  4.64000E-01  1.00000E+00  1.00000E-04  1.00132E-10
  4.65000E-01  1.00000E+00  1.00000E-04  0.00000E+00
  4.66000E-01  1.00000E+00  1.00000E-04 -1.00101E-10
  4.67000E-01  1.00000E+00  1.00000E-04  1.00193E-10
  4.68000E-01  1.00000E+00  1.00000E-04  9.38678E-11
  4.69000E-01  1.00000E+00  1.00000E-04 -4.94686E-10
  4.70000E-01  1.00000E+00  1.00000E-04  2.00379E-10
  4.71000E-01  1.00000E+00  1.00000E-04  1.00155E-10
  4.72000E-01  1.00000E+00  1.00000E-04 -4.00453E-10
  4.73000E-01  1.00000E+00  1.00000E-04  1.00235E-10
  4.74000E-01  1.00000E+00  1.00000E-04  3.00209E-10
  4.75000E-01  1.00000E+00  1.00000E-04 -6.59449E-16
  4.76000E-01  1.00000E+00  1.00000E-04  8.54695E-17
  4.77000E-01  1.00000E+00  1.00000E-04 -2.00138E-10
  4.78000E-01  1.00000E+00  1.00000E-04  1.00231E-10
  4.79000E-01  1.00000E+00  1.00000E-04  2.00154E-10
  4.80000E-01  1.00000E+00  1.00000E-04  2.00155E-10
  4.81000E-01  1.00000E+00  1.00000E-04  1.00195E-10
  4.82000E-01  1.00000E+00  1.00000E-04 -3.00282E-10
  4.83000E-01  1.00000E+00  1.00000E-04 -7.00983E-10
  4.84000E-01  1.00000E+00  1.00000E-04 -3.30650E-10
  4.85000E-01  1.00000E+00  1.00000E-04  1.83787E-09
  4.86000E-01  1.00000E+00  9.99999E-05 -2.04977E-10
  4.87000E-01  1.00000E+00  1.00000E-04 -9.67478E-16
  4.88000E-01  9.99999E-01  9.99999E-05 -1.44601E-10
  4.89000E-01  1.00000E+00  1.00000E-04 -4.39530E-09
  4.90000E-01  1.00000E+00  1.00000E-04  1.53245E-09
  4.91000E-01  1.00000E+00  1.00000E-04  2.29334E-09
  4.92000E-01  1.00000E+00  1.00000E-04  7.09471E-10
  4.93000E-01  9.99999E-01  9.99999E-05 -1.00240E-10
  4.94000E-01  1.00000E+00  1.00000E-04 -5.94784E-10
  4.95000E-01  1.00000E+00  1.00000E-04 -6.23135E-12
  4.96000E-01  1.00000E+00  1.00000E-04  0.00000E+00
  4.97000E-01  1.00000E+00  1.00000E-04  0.00000E+00
  4.98000E-01  1.00000E+00  1.00000E-04  0.00000E+00
  4.99000E-01  1.00000E+00  1.00000E-04  0.00000E+00
  5.00000E-01  1.00000E+00  1.00000E-04  0.00000E+00
  5.01000E-01  1.00000E+00  1.00000E-04  0.00000E+00
  5.02000E-01  1.00000E+00  1.00000E-04  0.00000E+00
  5.03000E-01  1.00000E+00  1.00000E-04  0.00000E+00
  5.04000E-01  1.00000E+00  1.00000E-04  5.31678E-11
  5.05000E-01  1.00000E+00  1.00000E-04  1.14841E-09
  5.06000E-01  9.99998E-01  9.99998E-05  0.00000E+00
  5.07000E-01  1.00000E+00  1.00000E-04 -1.14904E-09
  5.08000E-01  1.00000E+00  1.00000E-04 -5.31782E-11
  5.09000E-01  1.00000E+00  1.00000E-04  0.00000E+00
  5.10000E-01  1.00000E+00  1.00000E-04 -7.76996E-17
  5.11000E-01  1.00000E+00  1.00000E-04  0.00000E+00
  5.12000E-01  1.00000E+00  1.00000E-04  7.76995E-17
  5.13000E-01  1.00000E+00  1.00000E-04  0.00000E+00
  5.14000E-01  1.00000E+00  1.00000E-04  0.00000E+00
  5.15000E-01  1.00000E+00  1.00000E-04  2.97102E-11
  5.16000E-01  1.00000E+00  1.00000E-04  7.71739E-10
  5.17000E-01  9.99999E-01  9.99999E-05  0.00000E+00
  5.18000E-01  1.00000E+00  1.00000E-04 -7.71844E-10
  5.19000E-01  1.00000E+00  1.00000E-04 -2.97163E-11
  5.20000E-01  1.00000E+00  1.00000E-04 -5.39112E-15
  5.21000E-01  1.00000E+00  1.00000E-04  2.65674E-15
  5.22000E-01  1.00000E+00  1.00000E-04  2.73438E-15
  5.23000E-01  1.00000E+00  1.00000E-04  0.00000E+00
  5.24000E-01  1.00000E+00  1.00000E-04  0.00000E+00
  5.25000E-01  1.00000E+00  1.00000E-04  0.00000E+00
  5.26000E-01  1.00000E+00  1.00000E-04  0.00000E+00
  5.27000E-01  1.00000E+00  1.00000E-04  0.00000E+00
  5.28000E-01  1.00000E+00  1.00000E-04  0.00000E+00
  5.29000E-01  1.00000E+00  1.00000E-04  4.00555E-10
  5.30000E-01  9.99999E-01  9.99999E-05  0.00000E+00
  5.31000E-01  1.00000E+00  1.00000E-04 -4.00530E-10
  5.32000E-01  1.00000E+00  1.00000E-04  0.00000E+00
  5.33000E-01  1.00000E+00  1.00000E-04 -1.00135E-10
  5.34000E-01  1.00000E+00  1.00000E-04 -1.00085E-10
  5.35000E-01  1.00000E+00  1.00000E-04  0.00000E+00
  5.36000E-01  1.00000E+00  1.00000E-04  1.00102E-10
  5.37000E-01  1.00000E+00  1.00000E-04  1.00131E-10
  5.38000E-01  1.00000E+00  1.00000E-04  0.00000E+00
  5.39000E-01  1.00000E+00  1.00000E-04  0.00000E+00
  5.40000E-01  1.00000E+00  1.00000E-04  0.00000E+00
  5.41000E-01  1.00000E+00  1.00000E-04 -1.00145E-10
  5.42000E-01  1.00000E+00  1.00000E-04  0.00000E+00
  5.43000E-01  1.00000E+00  1.00000E-04  1.00135E-10
  5.44000E-01  1.00000E+00  1.00000E-04  1.00129E-10
  5.45000E-01  1.00000E+00  1.00000E-04  0.00000E+00
  5.46000E-01  1.00000E+00  1.00000E-04 -1.00105E-10
  5.47000E-01  1.00000E+00  1.00000E-04  0.00000E+00
  5.48000E-01  1.00000E+00  1.00000E-04  0.00000E+00
  5.49000E-01  1.00000E+00  1.00000E-04  0.00000E+00
  5.50000E-01  1.00000E+00  1.00000E-04 -1.04927E-15
  5.51000E-01  1.00000E+00  1.00000E-04 -8.61812E-16
  5.52000E-01  1.00000E+00  1.00000E-04  1.91108E-15
  5.53000E-01  1.00000E+00  1.00000E-04  1.00132E-10
  5.54000E-01  1.00000E+00  1.00000E-04  0.00000E+00
  5.55000E-01  1.00000E+00  1.00000E-04 -1.00067E-10
  5.56000E-01  1.00000E+00  1.00000E-04  3.00558E-10
  5.57000E-01  1.00000E+00  1.00000E-04 -9.40165E-17
  5.58000E-01  1.00000E+00  1.00000E-04  0.00000E+00
  5.59000E-01  1.00000E+00  1.00000E-04  0.00000E+00
  5.60000E-01  1.00000E+00  1.00000E-04  0.00000E+00
  5.61000E-01  1.00000E+00  1.00000E-04  9.40165E-17
  5.62000E-01  1.00000E+00  1.00000E-04 -1.50215E-10
  5.63000E-01  1.00000E+00  1.00000E-04 -1.50216E-10
  5.64000E-01  1.00000E+00  1.00000E-04 -4.25388E-11
  5.65000E-01  1.00000E+00  1.00000E-04  4.25146E-11
  5.66000E-01  1.00000E+00  1.00000E-04  2.00290E-10
  5.67000E-01  1.00000E+00  1.00000E-04  0.00000E+00
  5.68000E-01  1.00000E+00  1.00000E-04 -2.00279E-10
  5.69000E-01  1.00000E+00  1.00000E-04  0.00000E+00
  5.70000E-01  1.00000E+00  1.00000E-04  2.00416E-10
  5.71000E-01  1.00000E+00  1.00000E-04 -9.40165E-17
  5.72000E-01  1.00000E+00  1.00000E-04  0.00000E+00
  5.73000E-01  1.00000E+00  1.00000E-04  9.40165E-17
  5.74000E-01  1.00000E+00  1.00000E-04 -2.00117E-10
  5.75000E-01  1.00000E+00  1.00000E-04  0.00000E+00
  5.76000E-01  1.00000E+00  1.00000E-04  0.00000E+00
  5.77000E-01  1.00000E+00  1.00000E-04  0.00000E+00
  5.78000E-01  1.00000E+00  1.00000E-04  0.00000E+00
  5.79000E-01  1.00000E+00  1.00000E-04  0.00000E+00
  5.80000E-01  1.00000E+00  1.00000E-04  0.00000E+00
  5.81000E-01  1.00000E+00  1.00000E-04  1.00083E-10
  5.82000E-01  1.00000E+00  1.00000E-04  0.00000E+00
  5.83000E-01  1.00000E+00  1.00000E-04 -3.00209E-10
  5.84000E-01  1.00000E+00  1.00000E-04  6.68089E-11
  5.85000E-01  1.00000E+00  1.00000E-04  6.68115E-11
  5.86000E-01  1.00000E+00  1.00000E-04  6.68071E-11
  5.87000E-01  1.00000E+00  1.00000E-04  0.00000E+00
  5.88000E-01  1.00000E+00  1.00000E-04  0.00000E+00
  5.89000E-01  1.00000E+00  1.00000E-04  0.00000E+00
  5.90000E-01  1.00000E+00  1.00000E-04  0.00000E+00
  5.91000E-01  1.00000E+00  1.00000E-04  0.00000E+00
  5.92000E-01  1.00000E+00  1.00000E-04  0.00000E+00
  5.93000E-01  1.00000E+00  1.00000E-04  3.00579E-10
  5.94000E-01  1.00000E+00  1.00000E-04 -1.03418E-16
  5.95000E-01  1.00000E+00  1.00000E-04 -9.40164E-17
  5.96000E-01  1.00000E+00  1.00000E-04  0.00000E+00
  5.97000E-01  1.00000E+00  1.00000E-04  3.58972E-16
  5.98000E-01  1.00000E+00  1.00000E-04  1.03418E-16
  5.99000E-01  1.00000E+00  1.00000E-04 -3.00205E-10
  6.00000E-01  1.00000E+00  1.00000E-04 -1.98749E-10
  6.01000E-01  1.00000E+00  1.00000E-04 -5.03945E-08
  6.02000E-01  1.00000E+00  1.00000E-04 -1.65663E-06
  6.03000E-01  1.00000E+00  1.00441E-04  3.83622E-10
  6.04000E-01  1.00000E+00  1.00000E-04  1.65569E-06
  6.05000E-01  1.00000E+00  1.00000E-04  5.05505E-08
  6.06000E-01  1.00000E+00  1.00000E-04  1.12954E-09
  6.07000E-01  9.99999E-01  9.99999E-05 -8.69679E-11
  6.08000E-01  1.00000E+00  1.00000E-04 -4.00659E-10
  6.09000E-01  9.99999E-01  9.99999E-05  1.00085E-10
  6.10000E-01  1.00000E+00  1.00000E-04 -5.00236E-10
  6.11000E-01  1.00000E+00  1.00000E-04 -1.00176E-10
  6.12000E-01  1.00000E+00  1.00000E-04  3.00529E-10
  6.13000E-01  1.00000E+00  1.00000E-04  0.00000E+00
  6.14000E-01  1.00000E+00  1.00000E-04 -3.00584E-10
  6.15000E-01  1.00000E+00  1.00000E-04  0.00000E+00
  6.16000E-01  1.00000E+00  1.00000E-04  0.00000E+00
  6.17000E-01  1.00000E+00  1.00000E-04  0.00000E+00
  6.18000E-01  1.00000E+00  1.00000E-04  0.00000E+00
  6.19000E-01  1.00000E+00  1.00000E-04  0.00000E+00
  6.20000E-01  1.00000E+00  1.00000E-04  0.00000E+00
  6.21000E-01  1.00000E+00  1.00000E-04  3.00218E-10
  6.22000E-01  1.00000E+00  1.00000E-04 -2.00124E-10
  6.23000E-01  1.00000E+00  1.00000E-04 -3.00521E-10
  6.24000E-01  1.00000E+00  1.00000E-04  1.00198E-10
  6.25000E-01  1.00000E+00  1.00000E-04  1.00184E-10
  6.26000E-01  1.00000E+00  1.00000E-04  0.00000E+00
  6.27000E-01  1.00000E+00  1.00000E-04 -1.00182E-10
  6.28000E-01  1.00000E+00  1.00000E-04  2.00158E-10
  6.29000E-01  1.00000E+00  1.00000E-04  0.00000E+00
  6.30000E-01  1.00000E+00  1.00000E-04 -1.13760E-16
  6.31000E-01  1.00000E+00  1.00000E-04  1.03418E-17
  6.32000E-01  1.00000E+00  1.00000E-04 -6.82979E-17
  6.33000E-01  1.00000E+00  1.00000E-04  8.62465E-17
  6.34000E-01  1.00000E+00  1.00000E-04  8.54695E-17
  6.35000E-01  1.00000E+00  1.00000E-04  0.00000E+00
  6.36000E-01  1.00000E+00  1.00000E-04 -1.00049E-10
  6.37000E-01  1.00000E+00  1.00000E-04 -1.00218E-10
  6.38000E-01  1.00000E+00  1.00000E-04  1.00180E-10
  6.39000E-01  1.00000E+00  1.00000E-04  1.00091E-10
  6.40000E-01  1.00000E+00  1.00000E-04  2.00314E-10
  6.41000E-01  1.00000E+00  1.00000E-04 -1.63169E-16
  6.42000E-01  1.00000E+00  1.00000E-04 -3.00315E-10
  6.43000E-01  1.00000E+00  1.00000E-04 -7.76996E-17
  6.44000E-01  1.00000E+00  1.00000E-04 -7.76995E-18
  6.45000E-01  1.00000E+00  1.00000E-04  8.54695E-17
  6.46000E-01  1.00000E+00  1.00000E-04  1.00182E-10
  6.47000E-01  1.00000E+00  1.00000E-04 -7.76996E-17
  6.48000E-01  1.00000E+00  1.00000E-04  1.00188E-10
  6.49000E-01  1.00000E+00  1.00000E-04  5.56554E-10
  6.50000E-01  9.99999E-01  9.99999E-05 -3.56696E-10
  6.51000E-01  1.00000E+00  1.00000E-04 -4.00910E-10
  6.52000E-01  1.00000E+00  1.00000E-04 -1.00178E-10
  6.53000E-01  1.00000E+00  1.00000E-04  1.00231E-10
  6.54000E-01  1.00000E+00  1.00000E-04 -1.01786E-16
  6.55000E-01  1.00000E+00  1.00000E-04 -6.01076E-10
  6.56000E-01  1.00000E+00  1.00000E-04 -9.40165E-17
  6.57000E-01  1.00000E+00  1.00000E-04  1.00221E-10
  6.58000E-01  1.00000E+00  1.00000E-04  5.71428E-10
  6.59000E-01  1.00000E+00  1.00000E-04 -1.70657E-10
  6.60000E-01  1.00000E+00  1.00000E-04 -1.00093E-10
  6.61000E-01  1.00000E+00  1.00000E-04  6.00537E-10
  6.62000E-01  1.00000E+00  1.00000E-04 -4.00724E-10
  6.63000E-01  1.00000E+00  1.00000E-04  8.54695E-17
  6.64000E-01  1.00000E+00  1.00000E-04  7.76996E-17
  6.65000E-01  1.00000E+00  1.00000E-04 -3.09250E-12
  6.66000E-01  1.00000E+00  1.00000E-04  2.07256E-09
  6.67000E-01  9.99998E-01  9.99998E-05 -5.69261E-10
  6.68000E-01  1.00000E+00  1.00000E-04 -1.24128E-09
  6.69000E-01  1.00000E+00  1.00000E-04 -1.62552E-11
  6.70000E-01  1.00000E+00  1.00000E-04 -1.14617E-09
  6.71000E-01  1.00000E+00  1.00000E-04  0.00000E+00
  6.72000E-01  1.00000E+00  1.00000E-04  1.10236E-09
  6.73000E-01  1.00000E+00  1.00000E-04  3.00208E-10
  6.74000E-01  1.00000E+00  1.00000E-04 -2.00300E-10
  6.75000E-01  1.00000E+00  1.00000E-04 -1.33443E-10
  6.76000E-01  1.00000E+00  1.00000E-04 -1.33438E-10
  6.77000E-01  1.00000E+00  1.00000E-04 -1.33444E-10
  6.78000E-01  1.00000E+00  1.00000E-04  2.70743E-10
  6.79000E-01  1.00000E+00  1.00000E-04 -4.71334E-10
  6.80000E-01  1.00000E+00  1.00000E-04  2.00421E-10
  6.81000E-01  1.00000E+00  9.99999E-05  1.02614E-09
  6.82000E-01  9.99999E-01  9.99999E-05 -7.26019E-10
  6.83000E-01  1.00000E+00  1.00000E-04  5.00374E-11
  6.84000E-01  1.00000E+00  1.00000E-04  5.00358E-11
  6.85000E-01  1.00000E+00  1.00000E-04 -2.00196E-10
  6.86000E-01  1.00000E+00  1.00000E-04  5.01002E-10
  6.87000E-01  9.99999E-01  9.99999E-05 -1.00083E-10
  6.88000E-01  1.00000E+00  1.00000E-04 -4.70765E-10
  6.89000E-01  1.00000E+00  1.00000E-04  2.70465E-10
  6.90000E-01  1.00000E+00  1.00000E-04  3.75047E-11
  6.91000E-01  1.00000E+00  1.00000E-04  1.73364E-09
  6.92000E-01  9.99999E-01  9.99997E-05 -7.68742E-10
  6.93000E-01  1.00000E+00  1.00000E-04 -1.34970E-09
  6.94000E-01  1.00000E+00  9.99999E-05 -2.92381E-10
  6.95000E-01  1.00000E+00  1.00000E-04 -9.86599E-10
  6.96000E-01  1.00000E+00  1.00000E-04  6.06215E-09
  6.97000E-01  9.99995E-01  9.99994E-05 -6.62488E-10
  6.98000E-01  1.00000E+00  1.00000E-04 -3.90892E-09
  6.99000E-01  1.00000E+00  1.00000E-04 -1.65027E-10
  7.00000E-01  1.00000E+00  1.00000E-04  0.00000E+00
  7.01000E-01  1.00000E+00  1.00000E-04  0.00000E+00
  7.02000E-01  1.00000E+00  1.00000E-04  0.00000E+00
  7.03000E-01  1.00000E+00  1.00000E-04  0.00000E+00
  7.04000E-01  1.00000E+00  1.00000E-04  1.96425E-11
  7.05000E-01  1.00000E+00  1.00000E-04  6.81561E-10
  7.06000E-01  1.00000E+00  9.99999E-05  3.63008E-10
  7.07000E-01  1.00000E+00  1.00000E-04 -1.82526E-09
  7.08000E-01  1.00000E+00  1.00000E-04  2.60754E-10
  7.09000E-01  1.00000E+00  1.00000E-04  5.00558E-10
  7.10000E-01  1.00000E+00  1.00000E-04  0.00000E+00
  7.11000E-01  1.00000E+00  1.00000E-04  0.00000E+00
  7.12000E-01  1.00000E+00  1.00000E-04  0.00000E+00
  7.13000E-01  1.00000E+00  1.00000E-04  0.00000E+00
  7.14000E-01  1.00000E+00  1.00000E-04  0.00000E+00
  7.15000E-01  1.00000E+00  1.00000E-04  0.00000E+00
  7.16000E-01  1.00000E+00  1.00000E-04  0.00000E+00
  7.17000E-01  1.00000E+00  1.00000E-04 -1.00110E-10
  7.18000E-01  1.00000E+00  1.00000E-04 -2.85484E-11
  7.19000E-01  1.00000E+00  1.00000E-04 -1.22813E-10
  7.20000E-01  1.00000E+00  1.00000E-04 -6.35457E-08
  7.21000E-01  1.00000E+00  1.00000E-04 -2.08813E-06
  7.22000E-01  1.00000E+00  1.00557E-04 -3.37982E-12
  7.23000E-01  1.00000E+00  1.00000E-04  2.08786E-06
  7.24000E-01  1.00000E+00  1.00000E-04  6.33246E-08
  7.25000E-01  1.00000E+00  1.00000E-04  3.09762E-10
  7.26000E-01  1.00000E+00  1.00000E-04  2.00154E-10
  7.27000E-01  1.00000E+00  1.00000E-04  0.00000E+00
  7.28000E-01  1.00000E+00  1.00000E-04  0.00000E+00
  7.29000E-01  1.00000E+00  1.00000E-04  0.00000E+00
  7.30000E-01  1.00000E+00  1.00000E-04  0.00000E+00
  7.31000E-01  1.00000E+00  1.00000E-04  0.00000E+00
  7.32000E-01  1.00000E+00  1.00000E-04  0.00000E+00
  7.33000E-01  1.00000E+00  1.00000E-04  0.00000E+00
  7.34000E-01  1.00000E+00  1.00000E-04  0.00000E+00
  7.35000E-01  1.00000E+00  1.00000E-04  0.00000E+00
  7.36000E-01  1.00000E+00  1.00000E-04  0.00000E+00
  7.37000E-01  1.00000E+00  1.00000E-04  0.00000E+00
  7.38000E-01  1.00000E+00  1.00000E-04  0.00000E+00
  7.39000E-01  1.00000E+00  1.00000E-04  0.00000E+00
  7.40000E-01  1.00000E+00  1.00000E-04  0.00000E+00
  7.41000E-01  1.00000E+00  1.00000E-04  0.00000E+00
  7.42000E-01  1.00000E+00  1.00000E-04 -2.00303E-10
  7.43000E-01  1.00000E+00  1.00000E-04 -1.00180E-10
  7.44000E-01  1.00000E+00  1.00000E-04  3.00495E-10
  7.45000E-01  1.00000E+00  1.00000E-04  7.76995E-17
  7.46000E-01  1.00000E+00  1.00000E-04  0.00000E+00
  7.47000E-01  1.00000E+00  1.00000E-04  0.00000E+00
  7.48000E-01  1.00000E+00  1.00000E-04  0.00000E+00
  7.49000E-01  1.00000E+00  1.00000E-04 -1.00169E-10
  7.50000E-01  1.00000E+00  1.00000E-04 -1.00162E-10
  7.51000E-01  1.00000E+00  1.00000E-04  2.00315E-10
  7.52000E-01  1.00000E+00  1.00000E-04  1.00068E-10
  7.53000E-01  1.00000E+00  1.00000E-04 -1.00068E-10
  7.54000E-01  1.00000E+00  1.00000E-04  0.00000E+00
  7.55000E-01  1.00000E+00  1.00000E-04  1.00171E-10
  7.56000E-01  1.00000E+00  1.00000E-04  0.00000E+00
  7.57000E-01  1.00000E+00  1.00000E-04 -1.00134E-10
  7.58000E-01  1.00000E+00  1.00000E-04  0.00000E+00
  7.59000E-01  1.00000E+00  1.00000E-04  0.00000E+00
  7.60000E-01  1.00000E+00  1.00000E-04  0.00000E+00
  7.61000E-01  1.00000E+00  1.00000E-04  0.00000E+00
  7.62000E-01  1.00000E+00  1.00000E-04  0.00000E+00
  7.63000E-01  1.00000E+00  1.00000E-04  0.00000E+00
  7.64000E-01  1.00000E+00  1.00000E-04  0.00000E+00
  7.65000E-01  1.00000E+00  1.00000E-04  0.00000E+00
  7.66000E-01  1.00000E+00  1.00000E-04  1.00125E-10
  7.67000E-01  1.00000E+00  1.00000E-04  0.00000E+00
  7.68000E-01  1.00000E+00  1.00000E-04 -1.00171E-10
  7.69000E-01  1.00000E+00  1.00000E-04 -6.00886E-10
  7.70000E-01  1.00000E+00  1.00000E-04 -2.28834E-10
  7.71000E-01  1.00000E+00  1.00000E-04 -5.83096E-08
  7.72000E-01  1.00000E+00  1.00000E-04 -1.93460E-06
  7.73000E-01  1.00000E+00  1.00517E-04 -7.79001E-10
  7.74000E-01  1.00000E+00  1.00000E-04  1.86785E-06
  7.75000E-01  1.00000E+00  1.00000E-04 -2.04068E-06
  7.76000E-01  1.00000E+00  1.00562E-04  7.36769E-10
  7.77000E-01  1.00000E+00  1.00000E-04  2.10378E-06
  7.78000E-01  1.00000E+00  1.00000E-04  6.42841E-08
  7.79000E-01  1.00000E+00  1.00000E-04  2.33142E-10
  7.80000E-01  1.00000E+00  1.00000E-04 -3.00404E-10
  7.81000E-01  1.00000E+00  1.00000E-04  1.00127E-10
  7.82000E-01  1.00000E+00  1.00000E-04  0.00000E+00
  7.83000E-01  1.00000E+00  1.00000E-04 -1.00101E-10
  7.84000E-01  1.00000E+00  1.00000E-04  3.00597E-10
  7.85000E-01  1.00000E+00  1.00000E-04  0.00000E+00
  7.86000E-01  1.00000E+00  1.00000E-04 -3.00504E-10
  7.87000E-01  1.00000E+00  1.00000E-04  0.00000E+00
  7.88000E-01  1.00000E+00  1.00000E-04  0.00000E+00
  7.89000E-01  1.00000E+00  1.00000E-04  0.00000E+00
  7.90000E-01  1.00000E+00  1.00000E-04  0.00000E+00
  7.91000E-01  1.00000E+00  1.00000E-04  0.00000E+00
  7.92000E-01  1.00000E+00  1.00000E-04 -1.00080E-10
  7.93000E-01  1.00000E+00  1.00000E-04  0.00000E+00
  7.94000E-01  1.00000E+00  1.00000E-04  1.00079E-10
  7.95000E-01  1.00000E+00  1.00000E-04 -1.00178E-10
  7.96000E-01  1.00000E+00  1.00000E-04  0.00000E+00
  7.97000E-01  1.00000E+00  1.00000E-04  1.00129E-10
  7.98000E-01  1.00000E+00  1.00000E-04  4.00499E-10
  7.99000E-01  9.99999E-01  9.99999E-05  0.00000E+00
  8.00000E-01  1.00000E+00  1.00000E-04 -3.70827E-10
  8.01000E-01  1.00000E+00  1.00000E-04  3.71107E-10
  8.02000E-01  9.99999E-01  9.99999E-05  0.00000E+00
  8.03000E-01  1.00000E+00  1.00000E-04 -4.00321E-10
  8.04000E-01  1.00000E+00  1.00000E-04 -1.98694E-10
  8.05000E-01  1.00000E+00  1.00000E-04 -5.03770E-08
  8.06000E-01  1.00000E+00  1.00000E-04 -1.65500E-06
  8.07000E-01  1.00000E+00  1.00441E-04 -6.21796E-10
  8.08000E-01  1.00000E+00  1.00000E-04  1.60176E-06
  8.09000E-01  1.00000E+00  1.00000E-04 -1.60132E-06
  8.10000E-01  1.00000E+00  1.00441E-04  6.28708E-10
  8.11000E-01  1.00000E+00  1.00000E-04  1.65514E-06
  8.12000E-01  1.00000E+00  1.00000E-04  5.06636E-08
  8.13000E-01  1.00000E+00  1.00000E-04  1.80094E-10
  8.14000E-01  1.00000E+00  1.00000E-04 -2.94178E-10
  8.15000E-01  1.00000E+00  1.00000E-04  2.94343E-10
  8.16000E-01  1.00000E+00  1.00000E-04  1.00119E-10
  8.17000E-01  1.00000E+00  1.00000E-04 -5.81128E-10
  8.18000E-01  1.00000E+00  1.00000E-04  8.05515E-11
  8.19000E-01  1.00000E+00  1.00000E-04  1.00128E-10
  8.20000E-01  1.00000E+00  1.00000E-04  0.00000E+00
  8.21000E-01  1.00000E+00  1.00000E-04  0.00000E+00
  8.22000E-01  1.00000E+00  1.00000E-04  0.00000E+00
  8.23000E-01  1.00000E+00  1.00000E-04  2.00255E-10
  8.24000E-01  1.00000E+00  1.00000E-04  2.47443E-16
  8.25000E-01  1.00000E+00  1.00000E-04 -1.00211E-10
  8.26000E-01  1.00000E+00  1.00000E-04  7.76995E-17
  8.27000E-01  1.00000E+00  1.00000E-04 -1.00149E-10
  8.28000E-01  1.00000E+00  1.00000E-04  0.00000E+00
  8.29000E-01  1.00000E+00  1.00000E-04  1.00139E-10
  8.30000E-01  1.00000E+00  1.00000E-04  0.00000E+00
  8.31000E-01  1.00000E+00  1.00000E-04 -1.00183E-10
  8.32000E-01  1.00000E+00  1.00000E-04  0.00000E+00
  8.33000E-01  1.00000E+00  1.00000E-04  0.00000E+00
  8.34000E-01  1.00000E+00  1.00000E-04  2.00419E-10
  8.35000E-01  1.00000E+00  1.00000E-04  0.00000E+00
  8.36000E-01  1.00000E+00  1.00000E-04 -2.00343E-10
  8.37000E-01  1.00000E+00  1.00000E-04 -2.47080E-10
  8.38000E-01  1.00000E+00  1.00000E-04 -6.23819E-08
  8.39000E-01  1.00000E+00  1.00000E-04 -2.05184E-06
  8.40000E-01  1.00000E+00  1.00548E-04 -3.77359E-10
  8.41000E-01  1.00000E+00  1.00000E-04  2.05336E-06
  8.42000E-01  1.00000E+00  1.00000E-04  6.26125E-08
  8.43000E-01  1.00000E+00  1.00000E-04  2.31551E-10
  8.44000E-01  1.00000E+00  1.00000E-04 -2.00327E-10
  8.45000E-01  1.00000E+00  1.00000E-04  1.00180E-10
  8.46000E-01  1.00000E+00  1.00000E-04  0.00000E+00
  8.47000E-01  1.00000E+00  1.00000E-04 -2.00271E-10
  8.48000E-01  1.00000E+00  1.00000E-04  1.00245E-10
  8.49000E-01  1.00000E+00  1.00000E-04  0.00000E+00
  8.50000E-01  1.00000E+00  1.00000E-04  0.00000E+00
  8.51000E-01  1.00000E+00  1.00000E-04 -5.00796E-11
  8.52000E-01  1.00000E+00  1.00000E-04 -5.00789E-11
  8.53000E-01  1.00000E+00  1.00000E-04  2.00192E-10
  8.54000E-01  1.00000E+00  1.00000E-04  1.76416E-10
  8.55000E-01  1.00000E+00  1.00000E-04  4.06762E-09
  8.56000E-01  9.99994E-01  9.99994E-05 -1.06089E-12
  8.57000E-01  1.00000E+00  1.00000E-04 -4.12539E-09
  8.58000E-01  1.00000E+00  1.00000E-04  6.80234E-10
  8.59000E-01  9.99999E-01  9.99999E-05  8.54695E-17
  8.60000E-01  1.00000E+00  1.00000E-04 -8.63917E-10
  8.61000E-01  1.00000E+00  1.00000E-04 -3.75184E-11
  8.62000E-01  1.00000E+00  1.00000E-04  0.00000E+00
  8.63000E-01  1.00000E+00  1.00000E-04  0.00000E+00
  8.64000E-01  1.00000E+00  1.00000E-04  0.00000E+00
  8.65000E-01  1.00000E+00  1.00000E-04  0.00000E+00
  8.66000E-01  1.00000E+00  1.00000E-04  1.00166E-10
  8.67000E-01  1.00000E+00  1.00000E-04  2.00335E-10
  8.68000E-01  1.00000E+00  1.00000E-04 -3.00502E-10
  8.69000E-01  1.00000E+00  1.00000E-04  0.00000E+00
  8.70000E-01  1.00000E+00  1.00000E-04  0.00000E+00
  8.71000E-01  1.00000E+00  1.00000E-04  1.00208E-10
  8.72000E-01  1.00000E+00  1.00000E-04  3.00369E-10
  8.73000E-01  1.00000E+00  1.00000E-04 -5.81200E-10
  8.74000E-01  1.00000E+00  1.00000E-04  8.05481E-11
  8.75000E-01  1.00000E+00  1.00000E-04  1.00125E-10
  8.76000E-01  1.00000E+00  1.00000E-04  2.00175E-10
  8.77000E-01  1.00000E+00  1.00000E-04  0.00000E+00
  8.78000E-01  1.00000E+00  1.00000E-04 -2.94204E-10
  8.79000E-01  1.00000E+00  1.00000E-04  2.94326E-10
  8.80000E-01  1.00000E+00  1.00000E-04  1.29855E-10
  8.81000E-01  1.00000E+00  1.00000E-04  8.71053E-10
  8.82000E-01  9.99998E-01  9.99998E-05  7.76995E-17
  8.83000E-01  1.00000E+00  1.00000E-04 -1.14428E-09
  8.84000E-01  1.00000E+00  1.00000E-04  4.33661E-11
  8.85000E-01  1.00000E+00  1.00000E-04  0.00000E+00
  8.86000E-01  1.00000E+00  1.00000E-04 -1.00215E-10
  8.87000E-01  1.00000E+00  1.00000E-04  0.00000E+00
  8.88000E-01  1.00000E+00  1.00000E-04  0.00000E+00
  8.89000E-01  1.00000E+00  1.00000E-04  1.00172E-10
  8.90000E-01  1.00000E+00  1.00000E-04  0.00000E+00
  8.91000E-01  1.00000E+00  1.00000E-04 -1.00076E-10
  8.92000E-01  1.00000E+00  1.00000E-04  0.00000E+00
  8.93000E-01  1.00000E+00  1.00000E-04  0.00000E+00
  8.94000E-01  1.00000E+00  1.00000E-04  0.00000E+00
  8.95000E-01  1.00000E+00  1.00000E-04  1.00163E-10
  8.96000E-01  1.00000E+00  1.00000E-04 -1.00192E-10
  8.97000E-01  1.00000E+00  1.00000E-04  0.00000E+00
  8.98000E-01  1.00000E+00  1.00000E-04  0.00000E+00
  8.99000E-01  1.00000E+00  1.00000E-04 -2.44871E-16
  9.00000E-01  1.00000E+00  1.00000E-04  1.14794E-16
  9.01000E-01  1.00000E+00  1.00000E-04  1.30077E-16
  9.02000E-01  1.00000E+00  1.00000E-04  0.00000E+00
  9.03000E-01  1.00000E+00  1.00000E-04 -5.00703E-11
  9.04000E-01  1.00000E+00  1.00000E-04 -5.00708E-11
  9.05000E-01  1.00000E+00  1.00000E-04  8.54695E-17
  9.06000E-01  1.00000E+00  1.00000E-04 -2.00349E-10
  9.07000E-01  1.00000E+00  1.00000E-04  2.00446E-10
  9.08000E-01  1.00000E+00  1.00000E-04  1.00076E-10
  9.09000E-01  1.00000E+00  1.00000E-04  1.00145E-10
  9.10000E-01  1.00000E+00  1.00000E-04 -5.00628E-11
  9.11000E-01  1.00000E+00  1.00000E-04 -5.00647E-11
  9.12000E-01  1.00000E+00  1.00000E-04  7.76995E-17
  9.13000E-01  1.00000E+00  1.00000E-04  0.00000E+00
  9.14000E-01  1.00000E+00  1.00000E-04  0.00000E+00
  9.15000E-01  1.00000E+00  1.00000E-04  0.00000E+00
  9.16000E-01  1.00000E+00  1.00000E-04  4.00519E-10
  9.17000E-01  9.99999E-01  9.99999E-05  0.00000E+00
  9.18000E-01  1.00000E+00  1.00000E-04 -4.00760E-10
  9.19000E-01  1.00000E+00  1.00000E-04  0.00000E+00
  9.20000E-01  1.00000E+00  1.00000E-04  0.00000E+00
  9.21000E-01  1.00000E+00  1.00000E-04  5.00859E-10
  9.22000E-01  9.99999E-01  9.99999E-05  3.02648E-16
  9.23000E-01  1.00000E+00  1.00000E-04 -2.94070E-10
  9.24000E-01  1.00000E+00  1.00000E-04  2.87883E-10
  9.25000E-01  1.00000E+00  1.00000E-04 -2.94005E-10
  9.26000E-01  1.00000E+00  1.00000E-04 -2.00211E-10
  9.27000E-01  1.00000E+00  1.00000E-04  0.00000E+00
  9.28000E-01  1.00000E+00  1.00000E-04 -2.33099E-16
  9.29000E-01  1.00000E+00  1.00000E-04  7.76995E-17
  9.30000E-01  1.00000E+00  1.00000E-04  7.76995E-17
  9.31000E-01  1.00000E+00  1.00000E-04  1.00094E-10
  9.32000E-01  1.00000E+00  1.00000E-04  2.55306E-11
  9.33000E-01  1.00000E+00  1.00000E-04 -2.55303E-11
  9.34000E-01  1.00000E+00  1.00000E-04 -1.00191E-10
  9.35000E-01  1.00000E+00  1.00000E-04  0.00000E+00
  9.36000E-01  1.00000E+00  1.00000E-04 -2.00192E-10
  9.37000E-01  1.00000E+00  1.00000E-04  0.00000E+00
  9.38000E-01  1.00000E+00  1.00000E-04  6.00472E-10
  9.39000E-01  1.00000E+00  1.00000E-04  0.00000E+00
  9.40000E-01  1.00000E+00  1.00000E-04 -6.01065E-10
  9.41000E-01  1.00000E+00  1.00000E-04  0.00000E+00
  9.42000E-01  1.00000E+00  1.00000E-04  6.70892E-10
  9.43000E-01  1.00000E+00  1.00000E-04 -7.04373E-11
  9.44000E-01  1.00000E+00  1.00000E-04 -2.57491E-11
  9.45000E-01  1.00000E+00  1.00000E-04  2.62740E-09
  9.46000E-01  9.99996E-01  9.99996E-05  7.32246E-10
  9.47000E-01  1.00000E+00  1.00000E-04 -3.70814E-09
  9.48000E-01  1.00000E+00  1.00000E-04  3.25960E-11
  9.49000E-01  1.00000E+00  1.00000E-04  4.31872E-11
  9.50000E-01  1.00000E+00  1.00000E-04  3.00086E-10
  9.51000E-01  1.00000E+00  1.00000E-04  1.00155E-10
  9.52000E-01  1.00000E+00  1.00000E-04 -1.92980E-11
  9.53000E-01  1.00000E+00  1.00000E-04 -8.08693E-11
  9.54000E-01  1.00000E+00  1.00000E-04 -8.94456E-10
  9.55000E-01  1.00000E+00  1.00000E-04  2.94430E-10
  9.56000E-01  1.00000E+00  1.00000E-04  3.00676E-10
  9.57000E-01  1.00000E+00  1.00000E-04  1.00212E-10
  9.58000E-01  1.00000E+00  1.00000E-04  2.00217E-10
  9.59000E-01  1.00000E+00  1.00000E-04 -5.80627E-10
  9.60000E-01  1.00000E+00  1.00000E-04  8.05464E-11
  9.61000E-01  1.00000E+00  1.00000E-04  1.00160E-10
  9.62000E-01  1.00000E+00  1.00000E-04 -2.00195E-10
  9.63000E-01  1.00000E+00  1.00000E-04 -3.81229E-10
  9.64000E-01  1.00000E+00  1.00000E-04  9.81991E-10
  9.65000E-01  1.00000E+00  1.00000E-04  1.00093E-10
  9.66000E-01  1.00000E+00  1.00000E-04 -1.17066E-09
  9.67000E-01  1.00000E+00  1.00000E-04  3.71296E-10
  9.68000E-01  1.00000E+00  1.00000E-04 -1.21530E-16
  9.69000E-01  1.00000E+00  1.00000E-04 -1.00216E-10
  9.70000E-01  1.00000E+00  1.00000E-04  1.00165E-10
  9.71000E-01  1.00000E+00  1.00000E-04  7.00165E-10
  9.72000E-01  9.99999E-01  9.99999E-05  2.84667E-10
  9.73000E-01  1.00000E+00  1.00000E-04  3.08318E-09
  9.74000E-01  9.99995E-01  9.99995E-05  1.73902E-10
  9.75000E-01  1.00000E+00  1.00000E-04 -3.95331E-09
  9.76000E-01  1.00000E+00  1.00000E-04  2.13692E-10
  9.77000E-01  1.00000E+00  9.99999E-05  2.94241E-10
  9.78000E-01  1.00000E+00  1.00000E-04 -8.95135E-10
  9.79000E-01  9.99999E-01  1.00000E-04  1.47978E-15
  9.80000E-01  1.00000E+00  1.00000E-04  2.20048E-09
  9.81000E-01  9.99998E-01  9.99998E-05  1.00072E-10
  9.82000E-01  1.00000E+00  1.00000E-04 -2.80551E-09
  9.83000E-01  1.00000E+00  1.00000E-04  3.05009E-10
  9.84000E-01  1.00000E+00  1.00000E-04  1.36988E-10
  9.85000E-01  1.00000E+00  1.00000E-04  3.10933E-09
  9.86000E-01  9.99996E-01  9.99995E-05 -2.64497E-09
  9.87000E-01  1.00001E+00  1.00001E-04 -3.44199E-09
  9.88000E-01  1.00000E+00  1.00000E-04  2.51098E-09
  9.89000E-01  1.00000E+00  1.00000E-04  1.29768E-08
  9.90000E-01  9.99981E-01  9.99981E-05  1.15249E-09
  9.91000E-01  1.00000E+00  1.00000E-04 -1.26731E-08
  9.92000E-01  1.00000E+00  1.00000E-04 -5.30559E-10
  9.93000E-01  1.00000E+00  1.00000E-04  0.00000E+00
  9.94000E-01  1.00000E+00  1.00000E-04 -2.00210E-10
  9.95000E-01  1.00000E+00  1.00000E-04  0.00000E+00
  9.96000E-01  1.00000E+00  1.00000E-04  2.00363E-10
  9.97000E-01  1.00000E+00  1.00000E-04  0.00000E+00
  9.98000E-01  1.00000E+00  1.00000E-04  0.00000E+00
  9.99000E-01  1.00000E+00  1.00000E-04  0.00000E+00
