  0.00000E+00  3.19743E-05  3.90833E+01  1.48679E-02
  1.00000E-03  3.19737E-05  3.90828E+01  4.71759E-02
  2.00000E-03  3.19732E-05  3.90821E+01  7.97803E-02
  3.00000E-03  3.19736E-05  3.90815E+01  1.13494E-01
  4.00000E-03  3.19743E-05  3.90811E+01  1.50374E-01
  5.00000E-03  3.19788E-05  3.90809E+01  1.92283E-01
  6.00000E-03  3.19965E-05  3.90809E+01  2.35397E-01
  7.00000E-03  3.20252E-05  3.90807E+01  2.76549E-01
  8.00000E-03  3.20641E-05  3.90805E+01  3.12531E-01
  9.00000E-03  3.21037E-05  3.90802E+01  3.45706E-01
  1.00000E-02  3.21386E-05  3.90798E+01  3.79789E-01
  1.10000E-02  3.21666E-05  3.90793E+01  4.13472E-01
  1.20000E-02  3.21799E-05  3.90790E+01  4.45564E-01
  1.30000E-02  3.22122E-05  3.90789E+01  4.75708E-01
  1.40000E-02  3.23212E-05  3.90789E+01  5.07167E-01
  1.50000E-02  3.28894E-05  3.90791E+01  5.36809E-01
  1.60000E-02  3.40717E-05  3.90794E+01  5.65603E-01
  1.70000E-02  3.58573E-05  3.90796E+01  5.95886E-01
  1.80000E-02  3.79549E-05  3.90797E+01  6.29476E-01
  1.90000E-02  4.04660E-05  3.90797E+01  6.63414E-01
  2.00000E-02  4.29438E-05  3.90795E+01  6.96398E-01
  2.10000E-02  4.58490E-05  3.90793E+01  7.30480E-01
  2.20000E-02  4.89856E-05  3.90793E+01  7.63149E-01
  2.30000E-02  5.21827E-05  3.90792E+01  7.94269E-01
  2.40000E-02  5.59620E-05  3.90792E+01  8.24239E-01
  2.50000E-02  5.98489E-05  3.90792E+01  8.51229E-01
  2.60000E-02  6.41609E-05  3.90792E+01  8.78798E-01
  2.70000E-02  6.89137E-05  3.90792E+01  9.06303E-01
  2.80000E-02  7.42657E-05  3.90791E+01  9.30233E-01
  2.90000E-02  8.01225E-05  3.90788E+01  9.55064E-01
  3.00000E-02  8.70539E-05  3.90787E+01  9.82380E-01
  3.10000E-02  9.48950E-05  3.90788E+01  1.01178E+00
  3.20000E-02  1.03836E-04  3.90786E+01  1.03716E+00
  3.30000E-02  1.14533E-04  3.90787E+01  1.06428E+00
  3.40000E-02  1.26643E-04  3.90783E+01  1.09158E+00
  3.50000E-02  1.40802E-04  3.90784E+01  1.11758E+00
  3.60000E-02  1.58007E-04  3.90781E+01  1.14850E+00
  3.70000E-02  1.77419E-04  3.90783E+01  1.17849E+00
  3.80000E-02  2.00690E-04  3.90782E+01  1.20490E+00
  3.90000E-02  2.27711E-04  3.90785E+01  1.23415E+00
  4.00000E-02  2.58181E-04  3.90783E+01  1.26583E+00
  4.10000E-02  2.93974E-04  3.90784E+01  1.29803E+00
  4.20000E-02  3.33281E-04  3.90783E+01  1.32674E+00
  4.30000E-02  3.77557E-04  3.90783E+01  1.35261E+00
  4.40000E-02  4.25601E-04  3.90783E+01  1.38155E+00
  4.50000E-02  4.77411E-04  3.90780E+01  1.41292E+00
  4.60000E-02  5.34318E-04  3.90781E+01  1.44660E+00
  4.70000E-02  5.93964E-04  3.90787E+01  1.48008E+00
  4.80000E-02  6.57572E-04  3.90783E+01  1.51726E+00
  4.90000E-02  7.23483E-04  3.90764E+01  1.55173E+00
  5.00000E-02  7.96934E-04  3.90766E+01  1.58701E+00
  5.10000E-02  8.67735E-04  3.90762E+01  1.61727E+00
  5.20000E-02  9.49078E-04  3.90743E+01  1.65019E+00
  5.30000E-02  1.02823E-03  3.90738E+01  1.68207E+00
  5.40000E-02  1.11441E-03  3.90726E+01  1.70899E+00
  5.50000E-02  1.20510E-03  3.90721E+01  1.73926E+00
  5.60000E-02  1.29837E-03  3.90713E+01  1.77044E+00
  5.70000E-02  1.40070E-03  3.90713E+01  1.79186E+00
  5.80000E-02  1.50208E-03  3.90712E+01  1.81509E+00
  5.90000E-02  1.61458E-03  3.90719E+01  1.84790E+00
  6.00000E-02  1.73394E-03  3.90708E+01  1.88156E+00
  6.10000E-02  1.85711E-03  3.90711E+01  1.91734E+00
  6.20000E-02  1.98728E-03  3.90694E+01  1.95557E+00
  6.30000E-02  2.13099E-03  3.90709E+01  1.98862E+00
  6.40000E-02  2.28176E-03  3.90656E+01  2.01994E+00
  6.50000E-02  2.43872E-03  3.90580E+01  2.03540E+00
  6.60000E-02  2.61082E-03  3.90478E+01  2.04768E+00
  6.70000E-02  2.78542E-03  3.90332E+01  2.05532E+00
  6.80000E-02  2.98463E-03  3.90175E+01  2.05958E+00
  6.90000E-02  3.18702E-03  3.89999E+01  2.05664E+00
  7.00000E-02  3.39759E-03  3.89872E+01  2.05548E+00
  7.10000E-02  3.61770E-03  3.89767E+01  2.07595E+00
  7.20000E-02  3.85829E-03  3.89746E+01  2.10564E+00
  7.30000E-02  4.11509E-03  3.89762E+01  2.13547E+00
  7.40000E-02  4.35618E-03  3.89747E+01  2.18143E+00
  7.50000E-02  4.64365E-03  3.89751E+01  2.22195E+00
  7.60000E-02  4.92178E-03  3.89747E+01  2.26471E+00
  7.70000E-02  5.20700E-03  3.89752E+01  2.30360E+00
  7.80000E-02  5.50724E-03  3.89888E+01  2.32020E+00
  7.90000E-02  5.82246E-03  3.90072E+01  2.33332E+00
  8.00000E-02  6.15886E-03  3.90211E+01  2.34648E+00
  8.10000E-02  6.48896E-03  3.90430E+01  2.35608E+00
  8.20000E-02  6.83241E-03  3.90546E+01  2.38798E+00
  8.30000E-02  7.20907E-03  3.90578E+01  2.41808E+00
  8.40000E-02  7.57495E-03  3.90615E+01  2.45654E+00
  8.50000E-02  7.95752E-03  3.90612E+01  2.49496E+00
  8.60000E-02  8.36726E-03  3.90635E+01  2.52024E+00
  8.70000E-02  8.80084E-03  3.90635E+01  2.56395E+00
  8.80000E-02  9.22475E-03  3.90632E+01  2.59503E+00
  8.90000E-02  9.69187E-03  3.90680E+01  2.62386E+00
  9.00000E-02  1.01481E-02  3.90631E+01  2.66508E+00
  9.10000E-02  1.06553E-02  3.90706E+01  2.69060E+00
  9.20000E-02  1.11637E-02  3.90739E+01  2.72789E+00
  9.30000E-02  1.16928E-02  3.90898E+01  2.73918E+00
  9.40000E-02  1.22858E-02  3.91060E+01  2.76396E+00
  9.50000E-02  1.28388E-02  3.91134E+01  2.79204E+00
  9.60000E-02  1.34252E-02  3.91192E+01  2.82506E+00
  9.70000E-02  1.40612E-02  3.91194E+01  2.85534E+00
  9.80000E-02  1.46990E-02  3.91210E+01  2.90446E+00
  9.90000E-02  1.53423E-02  3.91241E+01  2.92580E+00
  1.00000E-01  1.60865E-02  3.91292E+01  2.96906E+00
  1.01000E-01  1.67758E-02  3.91253E+01  2.99430E+00
  1.02000E-01  1.75383E-02  3.91299E+01  3.03040E+00
  1.03000E-01  1.82966E-02  3.91299E+01  3.06286E+00
  1.04000E-01  1.91162E-02  3.91308E+01  3.08419E+00
  1.05000E-01  1.99023E-02  3.91439E+01  3.11836E+00
  1.06000E-01  2.08401E-02  3.91532E+01  3.14333E+00
  1.07000E-01  2.16973E-02  3.91490E+01  3.16369E+00
  1.08000E-01  2.26606E-02  3.91551E+01  3.20204E+00
  1.09000E-01  2.35973E-02  3.91499E+01  3.22864E+00
  1.10000E-01  2.46087E-02  3.91544E+01  3.26238E+00
  1.11000E-01  2.56037E-02  3.91527E+01  3.29264E+00
  1.12000E-01  2.67020E-02  3.91505E+01  3.32185E+00
  1.13000E-01  2.77537E-02  3.91661E+01  3.35580E+00
  1.14000E-01  2.89336E-02  3.91678E+01  3.37659E+00
  1.15000E-01  3.00944E-02  3.91783E+01  3.40499E+00
  1.16000E-01  3.13717E-02  3.92233E+01  3.41873E+00
  1.17000E-01  3.25198E-02  3.92665E+01  3.42148E+00
  1.18000E-01  3.39254E-02  3.92782E+01  3.44291E+00
  1.19000E-01  3.51906E-02  3.92807E+01  3.48450E+00
  1.20000E-01  3.65857E-02  3.92885E+01  3.53539E+00
  1.21000E-01  3.79778E-02  3.92954E+01  3.57466E+00
  1.22000E-01  3.94186E-02  3.92955E+01  3.61478E+00
  1.23000E-01  4.09359E-02  3.92919E+01  3.64717E+00
  1.24000E-01  4.24077E-02  3.92951E+01  3.69505E+00
  1.25000E-01  4.41830E-02  3.92891E+01  3.74335E+00
  1.26000E-01  4.56778E-02  3.92932E+01  3.77956E+00
  1.27000E-01  4.73065E-02  3.93203E+01  3.79603E+00
  1.28000E-01  4.91705E-02  3.93654E+01  3.80970E+00
  1.29000E-01  5.09195E-02  3.94137E+01  3.82450E+00
  1.30000E-01  5.27952E-02  3.94780E+01  3.82899E+00
  1.31000E-01  5.46575E-02  3.94777E+01  3.85750E+00
  1.32000E-01  5.66940E-02  3.94866E+01  3.89655E+00
  1.33000E-01  5.86175E-02  3.94944E+01  3.93689E+00
  1.34000E-01  6.07104E-02  3.95021E+01  3.96394E+00
  1.35000E-01  6.28661E-02  3.95335E+01  3.99432E+00
  1.36000E-01  6.49677E-02  3.95459E+01  4.01953E+00
  1.37000E-01  6.73570E-02  3.95672E+01  4.05864E+00
  1.38000E-01  6.93803E-02  3.95816E+01  4.09529E+00
  1.39000E-01  7.20574E-02  3.96421E+01  4.11863E+00
  1.40000E-01  7.43681E-02  3.96741E+01  4.15508E+00
  1.41000E-01  7.66984E-02  3.96862E+01  4.19576E+00
  1.42000E-01  7.95306E-02  3.97414E+01  4.21731E+00
  1.43000E-01  8.20179E-02  3.97708E+01  4.24695E+00
  1.44000E-01  8.46697E-02  3.97720E+01  4.28626E+00
  1.45000E-01  8.76808E-02  3.98268E+01  4.30018E+00
  1.46000E-01  9.03775E-02  3.98540E+01  4.33163E+00
  1.47000E-01  9.34161E-02  3.98501E+01  4.36193E+00
  1.48000E-01  9.61992E-02  3.98830E+01  4.38152E+00
  1.49000E-01  9.93906E-02  3.99314E+01  4.41980E+00
  1.50000E-01  1.02793E-01  4.00171E+01  4.45711E+00
  1.51000E-01  1.05888E-01  4.00423E+01  4.49058E+00
  1.52000E-01  1.09215E-01  4.00844E+01  4.51169E+00
  1.53000E-01  1.12669E-01  4.01530E+01  4.53749E+00
  1.54000E-01  1.16231E-01  4.02201E+01  4.57647E+00
  1.55000E-01  1.19827E-01  4.02490E+01  4.63329E+00
  1.56000E-01  1.23395E-01  4.02894E+01  4.65216E+00
  1.57000E-01  1.27326E-01  4.03455E+01  4.67329E+00
  1.58000E-01  1.30963E-01  4.03360E+01  4.70899E+00
  1.59000E-01  1.35010E-01  4.04344E+01  4.71418E+00
  1.60000E-01  1.39431E-01  4.05437E+01  4.76217E+00
  1.61000E-01  1.43027E-01  4.05913E+01  4.79742E+00
  1.62000E-01  1.47875E-01  4.06813E+01  4.84916E+00
  1.63000E-01  1.52281E-01  4.07804E+01  4.87892E+00
  1.64000E-01  1.56542E-01  4.08241E+01  4.92320E+00
  1.65000E-01  1.61386E-01  4.09147E+01  4.94681E+00
  1.66000E-01  1.66408E-01  4.09795E+01  4.95121E+00
  1.67000E-01  1.70947E-01  4.10612E+01  4.96562E+00
  1.68000E-01  1.76052E-01  4.11024E+01  4.99192E+00
  1.69000E-01  1.81144E-01  4.11920E+01  5.07471E+00
  1.70000E-01  1.86377E-01  4.12709E+01  5.11393E+00
  1.71000E-01  1.91982E-01  4.14088E+01  5.14162E+00
  1.72000E-01  1.97164E-01  4.14593E+01  5.15318E+00
  1.73000E-01  2.02928E-01  4.15316E+01  5.17811E+00
  1.74000E-01  2.09061E-01  4.16557E+01  5.21732E+00
  1.75000E-01  2.14575E-01  4.17570E+01  5.24646E+00
  1.76000E-01  2.20746E-01  4.18457E+01  5.28731E+00
  1.77000E-01  2.27504E-01  4.20197E+01  5.33015E+00
  1.78000E-01  2.33721E-01  4.21519E+01  5.35513E+00
  1.79000E-01  2.40240E-01  4.22341E+01  5.39089E+00
  1.80000E-01  2.47137E-01  4.23546E+01  5.43018E+00
  1.81000E-01  2.54213E-01  4.25302E+01  5.47151E+00
  1.82000E-01  2.61317E-01  4.26343E+01  5.49199E+00
  1.83000E-01  2.68137E-01  4.26744E+01  5.51623E+00
  1.84000E-01  2.75849E-01  4.28816E+01  5.55977E+00
  1.85000E-01  2.84365E-01  4.31597E+01  5.59768E+00
  1.86000E-01  2.92572E-01  4.33449E+01  5.64793E+00
  1.87000E-01  3.00254E-01  4.34271E+01  5.66793E+00
  1.88000E-01  3.07988E-01  4.34535E+01  5.68730E+00
  1.89000E-01  3.16607E-01  4.36008E+01  5.73717E+00
  1.90000E-01  3.25564E-01  4.37719E+01  5.77479E+00
  1.91000E-01  3.34902E-01  4.40786E+01  5.82107E+00
  1.92000E-01  3.44663E-01  4.43622E+01  5.86219E+00
  1.93000E-01  3.54066E-01  4.44686E+01  5.87623E+00
  1.94000E-01  3.63690E-01  4.46670E+01  5.90857E+00
  1.95000E-01  3.73746E-01  4.48736E+01  5.94957E+00
  1.96000E-01  3.84123E-01  4.50587E+01  5.99581E+00
  1.97000E-01  3.94703E-01  4.52782E+01  6.04674E+00
  1.98000E-01  4.05507E-01  4.54809E+01  6.07790E+00
  1.99000E-01  4.17164E-01  4.57647E+01  6.11159E+00
  2.00000E-01  4.29691E-01  4.61553E+01  6.16533E+00
  2.01000E-01  4.41688E-01  4.64339E+01  6.19980E+00
  2.02000E-01  4.52857E-01  4.65317E+01  6.21519E+00
  2.03000E-01  4.66278E-01  4.68601E+01  6.26212E+00
  2.04000E-01  4.79077E-01  4.71507E+01  6.30998E+00
  2.05000E-01  4.92197E-01  4.73989E+01  6.34527E+00
  2.06000E-01  5.06596E-01  4.77732E+01  6.40251E+00
  2.07000E-01  5.20928E-01  4.80742E+01  6.44529E+00
  2.08000E-01  5.34744E-01  4.82892E+01  6.46920E+00
  2.09000E-01  5.50784E-01  4.87704E+01  6.52327E+00
  2.10000E-01  5.67206E-01  4.92209E+01  6.57500E+00
  2.11000E-01  5.82438E-01  4.94471E+01  6.59231E+00
  2.12000E-01  5.98900E-01  4.98179E+01  6.63115E+00
  2.13000E-01  6.17788E-01  5.04157E+01  6.70150E+00
  2.14000E-01  6.34326E-01  5.06651E+01  6.73054E+00
  2.15000E-01  6.52422E-01  5.10438E+01  6.76301E+00
  2.16000E-01  6.72480E-01  5.16536E+01  6.83349E+00
  2.17000E-01  6.91703E-01  5.20535E+01  6.87073E+00
  2.18000E-01  7.10837E-01  5.23904E+01  6.89860E+00
  2.19000E-01  7.33442E-01  5.30836E+01  6.96807E+00
  2.20000E-01  7.55114E-01  5.35874E+01  7.01066E+00
  2.21000E-01  7.76201E-01  5.39607E+01  7.03906E+00
  2.22000E-01  8.00154E-01  5.46017E+01  7.10191E+00
  2.23000E-01  8.25335E-01  5.52829E+01  7.16195E+00
  2.24000E-01  8.48062E-01  5.56327E+01  7.18463E+00
  2.25000E-01  8.75362E-01  5.64265E+01  7.24599E+00
  2.26000E-01  9.02868E-01  5.71292E+01  7.31057E+00
  2.27000E-01  9.29300E-01  5.77108E+01  7.34420E+00
  2.28000E-01  9.56554E-01  5.82130E+01  7.38185E+00
  2.29000E-01  9.90307E-01  5.93096E+01  7.46445E+00
  2.30000E-01  1.01972E+00  5.99072E+01  7.51006E+00
  2.31000E-01  1.05101E+00  6.05459E+01  7.54010E+00
  2.32000E-01  1.08334E+00  6.13380E+01  7.60229E+00
  2.33000E-01  1.12426E+00  6.25613E+01  7.67956E+00
  2.34000E-01  1.15394E+00  6.30667E+01  7.71070E+00
  2.35000E-01  1.19501E+00  6.40031E+01  7.75787E+00
  2.36000E-01  1.23276E+00  6.51077E+01  7.83772E+00
  2.37000E-01  1.27632E+00  6.60999E+01  7.88266E+00
  2.38000E-01  1.31391E+00  6.68723E+01  7.92937E+00
  2.39000E-01  1.36161E+00  6.81100E+01  7.99161E+00
  2.40000E-01  1.40994E+00  6.94651E+01  8.07127E+00
  2.41000E-01  1.45497E+00  7.02927E+01  8.10153E+00
  2.42000E-01  1.50701E+00  7.15541E+01  8.16251E+00
  2.43000E-01  1.55960E+00  7.30026E+01  8.23195E+00
  2.44000E-01  1.61957E+00  7.43906E+01  8.29308E+00
  2.45000E-01  1.66844E+00  7.54660E+01  8.33321E+00
  2.46000E-01  1.73594E+00  7.70835E+01  8.41447E+00
  2.47000E-01  1.79557E+00  7.86115E+01  8.48459E+00
  2.48000E-01  1.86005E+00  7.99424E+01  8.54409E+00
  2.49000E-01  1.92883E+00  8.15955E+01  8.58661E+00
  2.50000E-01  2.00824E+00  8.36278E+01  8.67396E+00
  2.51000E-01  2.08156E+00  8.54148E+01  8.72788E+00
  2.52000E-01  2.15640E+00  8.68122E+01  8.78689E+00
  2.53000E-01  2.24320E+00  8.89383E+01  8.86936E+00
  2.54000E-01  2.33320E+00  9.13633E+01  8.91831E+00
  2.55000E-01  2.42721E+00  9.31867E+01  8.99138E+00
  2.56000E-01  2.51709E+00  9.53634E+01  9.04747E+00
  2.57000E-01  2.62751E+00  9.78644E+01  9.14794E+00
  2.58000E-01  2.72619E+00  1.00065E+02  9.19194E+00
  2.59000E-01  2.84716E+00  1.02736E+02  9.24804E+00
  2.60000E-01  2.96777E+00  1.05480E+02  9.34484E+00
  2.61000E-01  3.09816E+00  1.08813E+02  9.42099E+00
  2.62000E-01  3.20054E+00  1.10494E+02  9.44818E+00
  2.63000E-01  3.37334E+00  1.14061E+02  9.52316E+00
  2.64000E-01  3.55161E+00  1.18500E+02  9.67482E+00
  2.65000E-01  3.63511E+00  1.20477E+02  9.67025E+00
  2.66000E-01  3.56710E+00  1.10118E+02  9.24697E+00
  2.67000E-01  2.56116E+00  5.66382E+01  6.60994E+00
  2.68000E-01  1.39376E+00  7.92116E+00  1.74828E+00
  2.69000E-01  1.04362E+00  1.11044E-01  6.72117E-02
  2.70000E-01  1.00096E+00  1.13063E-04  8.32817E-05
  2.71000E-01  1.00000E+00  1.00000E-04  5.75785E-09
  2.72000E-01  1.00000E+00  1.00000E-04 -5.92941E-11
  2.73000E-01  1.00000E+00  1.00000E-04 -5.92279E-10
  2.74000E-01  1.00000E+00  1.00000E-04  1.77819E-10
  2.75000E-01  1.00000E+00  1.00000E-04  5.92376E-11
  2.76000E-01  1.00000E+00  1.00000E-04  5.92132E-11
  2.77000E-01  1.00000E+00  1.00000E-04  5.92112E-11
  2.78000E-01  1.00000E+00  1.00000E-04 -5.92133E-11
  2.79000E-01  1.00000E+00  1.00000E-04 -7.76997E-17
  2.80000E-01  1.00000E+00  1.00000E-04  1.47532E-15
  2.81000E-01  1.00000E+00  1.00000E-04  1.43821E-15
  2.82000E-01  1.00000E+00  1.00000E-04  1.03793E-15
  2.83000E-01  1.00000E+00  1.00000E-04 -3.96770E-09
  2.84000E-01  1.00000E+00  1.00000E-04 -5.75858E-07
  2.85000E-01  1.00000E+00  1.00296E-04 -8.72710E-07
  2.86000E-01  1.00000E+00  1.00323E-04  6.94301E-07
  2.87000E-01  1.00000E+00  1.00000E-04  3.37308E-08
  2.88000E-01  1.00000E+00  1.00314E-04  1.31903E-08
  2.89000E-01  1.00000E+00  1.00000E-04  6.98484E-07
  2.90000E-01  1.00000E+00  1.00000E-04  1.27987E-08
  2.91000E-01  1.00000E+00  1.00000E-04  6.87369E-11
  2.92000E-01  1.00000E+00  1.00000E-04  5.91941E-11
  2.93000E-01  1.00000E+00  1.00000E-04 -5.92174E-11
  2.94000E-01  1.00000E+00  1.00000E-04 -1.77550E-10
  2.95000E-01  1.00000E+00  1.00000E-04  0.00000E+00
  2.96000E-01  1.00000E+00  1.00000E-04  0.00000E+00
  2.97000E-01  1.00000E+00  1.00000E-04  0.00000E+00
  2.98000E-01  1.00000E+00  1.00000E-04  0.00000E+00
  2.99000E-01  1.00000E+00  1.00000E-04  0.00000E+00
  3.00000E-01  1.00000E+00  1.00000E-04  0.00000E+00
  3.01000E-01  1.00000E+00  1.00000E-04  0.00000E+00
  3.02000E-01  1.00000E+00  1.00000E-04  0.00000E+00
  3.03000E-01  1.00000E+00  1.00000E-04  0.00000E+00
  3.04000E-01  1.00000E+00  1.00000E-04  0.00000E+00
  3.05000E-01  1.00000E+00  1.00000E-04  0.00000E+00
  3.06000E-01  1.00000E+00  1.00000E-04  0.00000E+00
  3.07000E-01  1.00000E+00  1.00000E-04  1.77670E-10
  3.08000E-01  1.00000E+00  1.00000E-04  1.18465E-10
  3.09000E-01  1.00000E+00  1.00000E-04 -1.77748E-10
  3.10000E-01  1.00000E+00  1.00000E-04 -1.18490E-10
  3.11000E-01  1.00000E+00  1.00000E-04  5.91991E-11
  3.12000E-01  1.00000E+00  1.00000E-04 -5.91800E-11
  3.13000E-01  1.00000E+00  1.00000E-04 -5.92479E-11
  3.14000E-01  1.00000E+00  1.00000E-04  2.96099E-11
  3.15000E-01  1.00000E+00  1.00000E-04  2.96109E-11
  3.16000E-01  1.00000E+00  1.00000E-04  7.76997E-17
  3.17000E-01  1.00000E+00  1.00000E-04  5.92007E-11
  3.18000E-01  1.00000E+00  1.00000E-04 -1.77604E-10
  3.19000E-01  1.00000E+00  1.00000E-04 -5.92441E-11
  3.20000E-01  1.00000E+00  1.00000E-04  2.36963E-10
  3.21000E-01  1.00000E+00  1.00000E-04 -5.91878E-11
  3.22000E-01  1.00000E+00  1.00000E-04 -2.36992E-10
  3.23000E-01  1.00000E+00  1.00000E-04  3.47387E-10
  3.24000E-01  1.00000E+00  1.00000E-04 -2.87965E-10
  3.25000E-01  1.00000E+00  1.00000E-04  2.96214E-11
  3.26000E-01  1.00000E+00  1.00000E-04  2.96204E-11
  3.27000E-01  1.00000E+00  1.00000E-04  1.97448E-11
  3.28000E-01  1.00000E+00  1.00000E-04  1.97330E-11
  3.29000E-01  1.00000E+00  1.00000E-04  1.97311E-11
  3.30000E-01  1.00000E+00  1.00000E-04  5.91766E-11
  3.31000E-01  1.00000E+00  1.00000E-04  0.00000E+00
  3.32000E-01  1.00000E+00  1.00000E-04  1.77633E-10
  3.33000E-01  1.00000E+00  1.00000E-04  5.91767E-11
  3.34000E-01  1.00000E+00  1.00000E-04 -1.77560E-10
  3.35000E-01  1.00000E+00  1.00000E-04  2.39237E-16
  3.36000E-01  1.00000E+00  1.00000E-04  1.03418E-16
  3.37000E-01  1.00000E+00  1.00000E-04 -5.92542E-11
  3.38000E-01  1.00000E+00  1.00000E-04  0.00000E+00
  3.39000E-01  1.00000E+00  1.00000E-04 -2.36792E-10
  3.40000E-01  1.00000E+00  1.00000E-04 -5.92440E-11
  3.41000E-01  1.00000E+00  1.00000E-04  2.36776E-10
  3.42000E-01  1.00000E+00  1.00000E-04 -5.92369E-11
  3.43000E-01  1.00000E+00  1.00000E-04  5.92196E-11
  3.44000E-01  1.00000E+00  1.00000E-04  7.49265E-10
  3.45000E-01  9.99999E-01  9.99999E-05 -9.26507E-10
  3.46000E-01  1.00000E+00  1.00000E-04 -5.30254E-10
  3.47000E-01  1.00000E+00  1.00000E-04 -2.60496E-09
  3.48000E-01  1.00000E+00  1.00001E-04  1.65634E-09
  3.49000E-01  1.00000E+00  9.99996E-05  2.84248E-09
  3.50000E-01  1.00000E+00  1.00000E-04 -1.51534E-09
  3.51000E-01  1.00000E+00  1.00000E-04  3.88470E-10
  3.52000E-01  1.00000E+00  1.00000E-04  0.00000E+00
  3.53000E-01  1.00000E+00  1.00000E-04  0.00000E+00
  3.54000E-01  1.00000E+00  1.00000E-04  0.00000E+00
  3.55000E-01  1.00000E+00  1.00000E-04  0.00000E+00
  3.56000E-01  1.00000E+00  1.00000E-04  0.00000E+00
  3.57000E-01  1.00000E+00  1.00000E-04  0.00000E+00
  3.58000E-01  1.00000E+00  1.00000E-04  0.00000E+00
  3.59000E-01  1.00000E+00  1.00000E-04  0.00000E+00
  3.60000E-01  1.00000E+00  1.00000E-04  0.00000E+00
  3.61000E-01  1.00000E+00  1.00000E-04 -7.76996E-17
  3.62000E-01  1.00000E+00  1.00000E-04  0.00000E+00
  3.63000E-01  1.00000E+00  1.00000E-04  7.76996E-17
  3.64000E-01  1.00000E+00  1.00000E-04  0.00000E+00
  3.65000E-01  1.00000E+00  1.00000E-04  0.00000E+00
  3.66000E-01  1.00000E+00  1.00000E-04  0.00000E+00
  3.67000E-01  1.00000E+00  1.00000E-04  0.00000E+00
  3.68000E-01  1.00000E+00  1.00000E-04  0.00000E+00
  3.69000E-01  1.00000E+00  1.00000E-04  0.00000E+00
  3.70000E-01  1.00000E+00  1.00000E-04  0.00000E+00
  3.71000E-01  1.00000E+00  1.00000E-04  0.00000E+00
  3.72000E-01  1.00000E+00  1.00000E-04 -1.18428E-10
  3.73000E-01  1.00000E+00  1.00000E-04 -1.18441E-10
  3.74000E-01  1.00000E+00  1.00000E-04  1.77709E-10
  3.75000E-01  1.00000E+00  1.00000E-04 -6.51345E-10
  3.76000E-01  1.00000E+00  1.00000E-04  7.79014E-17
  3.77000E-01  1.00000E+00  1.00000E-04  6.98573E-10
  3.78000E-01  1.00000E+00  1.00000E-04  1.22625E-11
  3.79000E-01  1.00000E+00  1.00000E-04  0.00000E+00
  3.80000E-01  1.00000E+00  1.00000E-04  0.00000E+00
  3.81000E-01  1.00000E+00  1.00000E-04  1.77663E-10
  3.82000E-01  1.00000E+00  1.00000E-04  5.92145E-11
  3.83000E-01  1.00000E+00  1.00000E-04 -1.77566E-10
  3.84000E-01  1.00000E+00  1.00000E-04  1.18426E-10
  3.85000E-01  1.00000E+00  1.00000E-04 -1.59962E-16
  3.86000E-01  1.00000E+00  1.00000E-04 -1.77648E-10
  3.87000E-01  1.00000E+00  1.00000E-04  0.00000E+00
  3.88000E-01  1.00000E+00  1.00000E-04  0.00000E+00
  3.89000E-01  1.00000E+00  1.00000E-04  0.00000E+00
  3.90000E-01  1.00000E+00  1.00000E-04  0.00000E+00
  3.91000E-01  1.00000E+00  1.00000E-04  0.00000E+00
  3.92000E-01  1.00000E+00  1.00000E-04  0.00000E+00
  3.93000E-01  1.00000E+00  1.00000E-04  0.00000E+00
  3.94000E-01  1.00000E+00  1.00000E-04  0.00000E+00
  3.95000E-01  1.00000E+00  1.00000E-04  0.00000E+00
  3.96000E-01  1.00000E+00  1.00000E-04  0.00000E+00
  3.97000E-01  1.00000E+00  1.00000E-04  1.77643E-10
  3.98000E-01  1.00000E+00  1.00000E-04 -1.77717E-10
  3.99000E-01  1.00000E+00  1.00000E-04 -5.92055E-11
  4.00000E-01  1.00000E+00  1.00000E-04  5.91985E-11
  4.01000E-01  1.00000E+00  1.00000E-04  0.00000E+00
  4.02000E-01  1.00000E+00  1.00000E-04  0.00000E+00
  4.03000E-01  1.00000E+00  1.00000E-04 -2.53336E-11
  4.04000E-01  1.00000E+00  1.00000E-04 -1.21038E-08
  4.05000E-01  1.00000E+00  1.00000E-04 -6.66535E-07
  4.06000E-01  1.00000E+00  1.00296E-04 -6.83873E-11
  4.07000E-01  1.00000E+00  1.00000E-04  6.66461E-07
  4.08000E-01  1.00000E+00  1.00000E-04  1.22706E-08
  4.09000E-01  1.00000E+00  1.00000E-04  2.60661E-11
  4.10000E-01  1.00000E+00  1.00000E-04  0.00000E+00
  4.11000E-01  1.00000E+00  1.00000E-04  0.00000E+00
  4.12000E-01  1.00000E+00  1.00000E-04  0.00000E+00
  4.13000E-01  1.00000E+00  1.00000E-04  0.00000E+00
  4.14000E-01  1.00000E+00  1.00000E-04 -2.60529E-11
  4.15000E-01  1.00000E+00  1.00000E-04 -1.22676E-08
  4.16000E-01  1.00000E+00  1.00000E-04 -6.66616E-07
  4.17000E-01  1.00000E+00  1.00296E-04 -4.44077E-13
  4.18000E-01  1.00000E+00  1.00000E-04  6.66589E-07
  4.19000E-01  1.00000E+00  1.00000E-04  1.22921E-08
  4.20000E-01  1.00000E+00  1.00000E-04  6.80619E-11
  4.21000E-01  1.00000E+00  1.00000E-04  0.00000E+00
  4.22000E-01  1.00000E+00  1.00000E-04  0.00000E+00
  4.23000E-01  1.00000E+00  1.00000E-04  2.36840E-10
  4.24000E-01  1.00000E+00  9.99999E-05  0.00000E+00
  4.25000E-01  1.00000E+00  1.00000E-04 -1.77696E-10
  4.26000E-01  1.00000E+00  1.00000E-04 -1.01786E-16
  4.27000E-01  1.00000E+00  1.00000E-04  1.30319E-09
  4.28000E-01  9.99996E-01  9.99996E-05  5.92181E-11
  4.29000E-01  1.00000E+00  1.00000E-04 -1.38483E-09
  4.30000E-01  1.00000E+00  1.00000E-04 -3.57195E-11
  4.31000E-01  1.00000E+00  1.00000E-04  0.00000E+00
  4.32000E-01  1.00000E+00  1.00000E-04  1.18453E-10
  4.33000E-01  1.00000E+00  1.00000E-04  0.00000E+00
  4.34000E-01  1.00000E+00  1.00000E-04 -1.18403E-10
  4.35000E-01  1.00000E+00  1.00000E-04  0.00000E+00
  4.36000E-01  1.00000E+00  1.00000E-04 -7.76996E-17
  4.37000E-01  1.00000E+00  1.00000E-04 -1.77751E-10
  4.38000E-01  1.00000E+00  1.00000E-04  5.92458E-11
  4.39000E-01  1.00000E+00  1.00000E-04  1.18435E-10
  4.40000E-01  1.00000E+00  1.00000E-04  0.00000E+00
  4.41000E-01  1.00000E+00  1.00000E-04  5.92422E-11
  4.42000E-01  1.00000E+00  1.00000E-04  0.00000E+00
  4.43000E-01  1.00000E+00  1.00000E-04 -5.92292E-11
  4.44000E-01  1.00000E+00  1.00000E-04  5.92387E-11
  4.45000E-01  1.00000E+00  1.00000E-04  0.00000E+00
  4.46000E-01  1.00000E+00  1.00000E-04 -5.91865E-11
  4.47000E-01  1.00000E+00  1.00000E-04  0.00000E+00
  4.48000E-01  1.00000E+00  1.00000E-04  0.00000E+00
  4.49000E-01  1.00000E+00  1.00000E-04  0.00000E+00
  4.50000E-01  1.00000E+00  1.00000E-04  5.92196E-11
  4.51000E-01  1.00000E+00  1.00000E-04 -2.36961E-10
  4.52000E-01  1.00000E+00  1.00000E-04 -5.92875E-11
  4.53000E-01  1.00000E+00  1.00000E-04  2.36740E-10
  4.54000E-01  1.00000E+00  1.00000E-04  5.91979E-11
  4.55000E-01  1.00000E+00  1.00000E-04  0.00000E+00
  4.56000E-01  1.00000E+00  1.00000E-04 -2.96150E-11
  4.57000E-01  1.00000E+00  1.00000E-04 -2.96165E-11
  4.58000E-01  1.00000E+00  1.00000E-04  7.76996E-17
  4.59000E-01  1.00000E+00  1.00000E-04  0.00000E+00
  4.60000E-01  1.00000E+00  1.00000E-04  5.91899E-11
  4.61000E-01  1.00000E+00  1.00000E-04 -1.18373E-10
  4.62000E-01  1.00000E+00  1.00000E-04 -5.92457E-11
  4.63000E-01  1.00000E+00  1.00000E-04  1.18475E-10
  4.64000E-01  1.00000E+00  1.00000E-04  5.92141E-11
  4.65000E-01  1.00000E+00  1.00000E-04  0.00000E+00
  4.66000E-01  1.00000E+00  1.00000E-04 -5.92021E-11
  4.67000E-01  1.00000E+00  1.00000E-04  5.92379E-11
  4.68000E-01  1.00000E+00  1.00000E-04  5.91787E-11
  4.69000E-01  1.00000E+00  1.00000E-04 -2.96154E-10
  4.70000E-01  1.00000E+00  1.00000E-04  1.18472E-10
  4.71000E-01  1.00000E+00  1.00000E-04  5.92230E-11
  4.72000E-01  1.00000E+00  1.00000E-04 -2.36830E-10
  4.73000E-01  1.00000E+00  1.00000E-04  5.92548E-11
  4.74000E-01  1.00000E+00  1.00000E-04  1.77567E-10
  4.75000E-01  1.00000E+00  1.00000E-04 -6.59449E-16
  4.76000E-01  1.00000E+00  1.00000E-04  8.54695E-17
  4.77000E-01  1.00000E+00  1.00000E-04 -1.18379E-10
  4.78000E-01  1.00000E+00  1.00000E-04  5.92529E-11
  4.79000E-01  1.00000E+00  1.00000E-04  1.18385E-10
  4.80000E-01  1.00000E+00  1.00000E-04  1.18387E-10
  4.81000E-01  1.00000E+00  1.00000E-04  5.92384E-11
  4.82000E-01  1.00000E+00  1.00000E-04 -1.77600E-10
  4.83000E-01  1.00000E+00  1.00000E-04 -4.14525E-10
  4.84000E-01  1.00000E+00  1.00000E-04 -2.07715E-10
  4.85000E-01  1.00000E+00  1.00000E-04  1.12057E-09
  4.86000E-01  1.00000E+00  9.99999E-05 -1.42829E-10
  4.87000E-01  1.00000E+00  1.00000E-04 -9.67478E-16
  4.88000E-01  9.99999E-01  9.99999E-05 -4.35910E-11
  4.89000E-01  1.00000E+00  1.00000E-04 -2.68748E-09
  4.90000E-01  1.00000E+00  1.00000E-04  9.53284E-10
  4.91000E-01  1.00000E+00  1.00000E-04  1.36151E-09
  4.92000E-01  1.00000E+00  1.00000E-04  4.14466E-10
  4.93000E-01  9.99999E-01  9.99999E-05 -5.92554E-11
  4.94000E-01  1.00000E+00  1.00000E-04 -3.55375E-10
  4.95000E-01  1.00000E+00  1.00000E-04  0.00000E+00
  4.96000E-01  1.00000E+00  1.00000E-04  0.00000E+00
  4.97000E-01  1.00000E+00  1.00000E-04  0.00000E+00
  4.98000E-01  1.00000E+00  1.00000E-04  0.00000E+00
  4.99000E-01  1.00000E+00  1.00000E-04  0.00000E+00
  5.00000E-01  1.00000E+00  1.00000E-04  0.00000E+00
  5.01000E-01  1.00000E+00  1.00000E-04  0.00000E+00
  5.02000E-01  1.00000E+00  1.00000E-04  0.00000E+00
  5.03000E-01  1.00000E+00  1.00000E-04  0.00000E+00
  5.04000E-01  1.00000E+00  1.00000E-04  1.22463E-11
  5.05000E-01  1.00000E+00  1.00000E-04  6.98318E-10
  5.06000E-01  9.99998E-01  9.99998E-05  0.00000E+00
  5.07000E-01  1.00000E+00  1.00000E-04 -6.98569E-10
  5.08000E-01  1.00000E+00  1.00000E-04 -1.22606E-11
  5.09000E-01  1.00000E+00  1.00000E-04  0.00000E+00
  5.10000E-01  1.00000E+00  1.00000E-04 -7.76996E-17
  5.11000E-01  1.00000E+00  1.00000E-04  0.00000E+00
  5.12000E-01  1.00000E+00  1.00000E-04  7.76995E-17
  5.13000E-01  1.00000E+00  1.00000E-04  0.00000E+00
  5.14000E-01  1.00000E+00  1.00000E-04  0.00000E+00
  5.15000E-01  1.00000E+00  1.00000E-04  0.00000E+00
  5.16000E-01  1.00000E+00  1.00000E-04  4.73875E-10
  5.17000E-01  9.99999E-01  9.99999E-05  0.00000E+00
  5.18000E-01  1.00000E+00  1.00000E-04 -4.73917E-10
  5.19000E-01  1.00000E+00  1.00000E-04  0.00000E+00
  5.20000E-01  1.00000E+00  1.00000E-04 -7.76996E-17
  5.21000E-01  1.00000E+00  1.00000E-04  0.00000E+00
  5.22000E-01  1.00000E+00  1.00000E-04  7.76996E-17
  5.23000E-01  1.00000E+00  1.00000E-04  0.00000E+00
  5.24000E-01  1.00000E+00  1.00000E-04  0.00000E+00
  5.25000E-01  1.00000E+00  1.00000E-04  0.00000E+00
  5.26000E-01  1.00000E+00  1.00000E-04  0.00000E+00
  5.27000E-01  1.00000E+00  1.00000E-04  0.00000E+00
  5.28000E-01  1.00000E+00  1.00000E-04  0.00000E+00
  5.29000E-01  1.00000E+00  1.00000E-04  2.36870E-10
  5.30000E-01  9.99999E-01  9.99999E-05  0.00000E+00
  5.31000E-01  1.00000E+00  1.00000E-04 -2.36856E-10
  5.32000E-01  1.00000E+00  1.00000E-04  0.00000E+00
  5.33000E-01  1.00000E+00  1.00000E-04 -5.92161E-11
  5.34000E-01  1.00000E+00  1.00000E-04 -5.91952E-11
  5.35000E-01  1.00000E+00  1.00000E-04  0.00000E+00
  5.36000E-01  1.00000E+00  1.00000E-04  5.92038E-11
  5.37000E-01  1.00000E+00  1.00000E-04  5.92141E-11
  5.38000E-01  1.00000E+00  1.00000E-04  0.00000E+00
  5.39000E-01  1.00000E+00  1.00000E-04  0.00000E+00
  5.40000E-01  1.00000E+00  1.00000E-04  0.00000E+00
  5.41000E-01  1.00000E+00  1.00000E-04 -5.92205E-11
  5.42000E-01  1.00000E+00  1.00000E-04  0.00000E+00
  5.43000E-01  1.00000E+00  1.00000E-04  5.92145E-11
  5.44000E-01  1.00000E+00  1.00000E-04  5.92127E-11
  5.45000E-01  1.00000E+00  1.00000E-04  0.00000E+00
  5.46000E-01  1.00000E+00  1.00000E-04 -5.92048E-11
  5.47000E-01  1.00000E+00  1.00000E-04  0.00000E+00
  5.48000E-01  1.00000E+00  1.00000E-04  0.00000E+00
  5.49000E-01  1.00000E+00  1.00000E-04  0.00000E+00
  5.50000E-01  1.00000E+00  1.00000E-04 -1.04927E-15
  5.51000E-01  1.00000E+00  1.00000E-04 -8.61812E-16
  5.52000E-01  1.00000E+00  1.00000E-04  1.91108E-15
  5.53000E-01  1.00000E+00  1.00000E-04  5.92138E-11
  5.54000E-01  1.00000E+00  1.00000E-04  0.00000E+00
  5.55000E-01  1.00000E+00  1.00000E-04 -5.91892E-11
  5.56000E-01  1.00000E+00  1.00000E-04  1.77706E-10
  5.57000E-01  1.00000E+00  1.00000E-04 -9.40165E-17
  5.58000E-01  1.00000E+00  1.00000E-04  0.00000E+00
  5.59000E-01  1.00000E+00  1.00000E-04  0.00000E+00
  5.60000E-01  1.00000E+00  1.00000E-04  0.00000E+00
  5.61000E-01  1.00000E+00  1.00000E-04  9.40165E-17
  5.62000E-01  1.00000E+00  1.00000E-04 -8.88270E-11
  5.63000E-01  1.00000E+00  1.00000E-04 -8.88300E-11
  5.64000E-01  1.00000E+00  1.00000E-04 -2.67878E-11
  5.65000E-01  1.00000E+00  1.00000E-04  2.67766E-11
  5.66000E-01  1.00000E+00  1.00000E-04  1.18441E-10
  5.67000E-01  1.00000E+00  1.00000E-04  0.00000E+00
  5.68000E-01  1.00000E+00  1.00000E-04 -1.18430E-10
  5.69000E-01  1.00000E+00  1.00000E-04  0.00000E+00
  5.70000E-01  1.00000E+00  1.00000E-04  1.18487E-10
  5.71000E-01  1.00000E+00  1.00000E-04 -9.40165E-17
  5.72000E-01  1.00000E+00  1.00000E-04  0.00000E+00
  5.73000E-01  1.00000E+00  1.00000E-04  9.40165E-17
  5.74000E-01  1.00000E+00  1.00000E-04 -1.18372E-10
  5.75000E-01  1.00000E+00  1.00000E-04  0.00000E+00
  5.76000E-01  1.00000E+00  1.00000E-04  0.00000E+00
  5.77000E-01  1.00000E+00  1.00000E-04  0.00000E+00
  5.78000E-01  1.00000E+00  1.00000E-04  0.00000E+00
  5.79000E-01  1.00000E+00  1.00000E-04  0.00000E+00
  5.80000E-01  1.00000E+00  1.00000E-04  0.00000E+00
  5.81000E-01  1.00000E+00  1.00000E-04  5.91959E-11
  5.82000E-01  1.00000E+00  1.00000E-04  0.00000E+00
  5.83000E-01  1.00000E+00  1.00000E-04 -1.77567E-10
  5.84000E-01  1.00000E+00  1.00000E-04  3.94979E-11
  5.85000E-01  1.00000E+00  1.00000E-04  3.94997E-11
  5.86000E-01  1.00000E+00  1.00000E-04  3.94980E-11
  5.87000E-01  1.00000E+00  1.00000E-04  0.00000E+00
  5.88000E-01  1.00000E+00  1.00000E-04  0.00000E+00
  5.89000E-01  1.00000E+00  1.00000E-04  0.00000E+00
  5.90000E-01  1.00000E+00  1.00000E-04  0.00000E+00
  5.91000E-01  1.00000E+00  1.00000E-04  0.00000E+00
  5.92000E-01  1.00000E+00  1.00000E-04  0.00000E+00
  5.93000E-01  1.00000E+00  1.00000E-04  1.77716E-10
  5.94000E-01  1.00000E+00  1.00000E-04 -1.03418E-16
  5.95000E-01  1.00000E+00  1.00000E-04 -9.40164E-17
  5.96000E-01  1.00000E+00  1.00000E-04  0.00000E+00
  5.97000E-01  1.00000E+00  1.00000E-04  3.58972E-16
  5.98000E-01  1.00000E+00  1.00000E-04  1.03418E-16
  5.99000E-01  1.00000E+00  1.00000E-04 -1.77566E-10
  6.00000E-01  1.00000E+00  1.00000E-04 -2.63858E-11
  6.01000E-01  1.00000E+00  1.00000E-04 -1.22777E-08
  6.02000E-01  1.00000E+00  1.00000E-04 -6.67166E-07
  6.03000E-01  1.00000E+00  1.00296E-04  2.36110E-10
  6.04000E-01  1.00000E+00  1.00000E-04  6.66754E-07
  6.05000E-01  1.00000E+00  1.00000E-04  1.23241E-08
  6.06000E-01  1.00000E+00  1.00000E-04  5.89446E-10
  6.07000E-01  9.99999E-01  9.99999E-05 -4.60353E-11
  6.08000E-01  1.00000E+00  1.00000E-04 -2.36911E-10
  6.09000E-01  9.99999E-01  9.99999E-05  5.91967E-11
  6.10000E-01  1.00000E+00  1.00000E-04 -2.95900E-10
  6.11000E-01  1.00000E+00  1.00000E-04 -5.92314E-11
  6.12000E-01  1.00000E+00  1.00000E-04  1.77701E-10
  6.13000E-01  1.00000E+00  1.00000E-04  0.00000E+00
  6.14000E-01  1.00000E+00  1.00000E-04 -1.77720E-10
  6.15000E-01  1.00000E+00  1.00000E-04  0.00000E+00
  6.16000E-01  1.00000E+00  1.00000E-04  0.00000E+00
  6.17000E-01  1.00000E+00  1.00000E-04  0.00000E+00
  6.18000E-01  1.00000E+00  1.00000E-04  0.00000E+00
  6.19000E-01  1.00000E+00  1.00000E-04  0.00000E+00
  6.20000E-01  1.00000E+00  1.00000E-04  0.00000E+00
  6.21000E-01  1.00000E+00  1.00000E-04  1.77572E-10
  6.22000E-01  1.00000E+00  1.00000E-04 -1.18374E-10
  6.23000E-01  1.00000E+00  1.00000E-04 -1.77701E-10
  6.24000E-01  1.00000E+00  1.00000E-04  5.92395E-11
  6.25000E-01  1.00000E+00  1.00000E-04  5.92344E-11
  6.26000E-01  1.00000E+00  1.00000E-04  0.00000E+00
  6.27000E-01  1.00000E+00  1.00000E-04 -5.92340E-11
  6.28000E-01  1.00000E+00  1.00000E-04  1.18386E-10
  6.29000E-01  1.00000E+00  1.00000E-04  0.00000E+00
  6.30000E-01  1.00000E+00  1.00000E-04 -1.13760E-16
  6.31000E-01  1.00000E+00  1.00000E-04  1.03418E-17
  6.32000E-01  1.00000E+00  1.00000E-04 -6.82979E-17
  6.33000E-01  1.00000E+00  1.00000E-04  8.62465E-17
  6.34000E-01  1.00000E+00  1.00000E-04  8.54695E-17
  6.35000E-01  1.00000E+00  1.00000E-04  0.00000E+00
  6.36000E-01  1.00000E+00  1.00000E-04 -5.91824E-11
  6.37000E-01  1.00000E+00  1.00000E-04 -5.92471E-11
  6.38000E-01  1.00000E+00  1.00000E-04  5.92335E-11
  6.39000E-01  1.00000E+00  1.00000E-04  5.91989E-11
  6.40000E-01  1.00000E+00  1.00000E-04  1.18449E-10
  6.41000E-01  1.00000E+00  1.00000E-04 -1.63169E-16
  6.42000E-01  1.00000E+00  1.00000E-04 -1.77608E-10
  6.43000E-01  1.00000E+00  1.00000E-04 -7.76996E-17
  6.44000E-01  1.00000E+00  1.00000E-04 -7.76995E-18
  6.45000E-01  1.00000E+00  1.00000E-04  8.54695E-17
  6.46000E-01  1.00000E+00  1.00000E-04  5.92341E-11
  6.47000E-01  1.00000E+00  1.00000E-04 -7.76996E-17
  6.48000E-01  1.00000E+00  1.00000E-04  5.92354E-11
  6.49000E-01  1.00000E+00  1.00000E-04  3.52271E-10
  6.50000E-01  9.99999E-01  9.99999E-05 -2.34008E-10
  6.51000E-01  1.00000E+00  1.00000E-04 -2.37007E-10
  6.52000E-01  1.00000E+00  1.00000E-04 -5.92321E-11
  6.53000E-01  1.00000E+00  1.00000E-04  5.92532E-11
  6.54000E-01  1.00000E+00  1.00000E-04 -1.01786E-16
  6.55000E-01  1.00000E+00  1.00000E-04 -3.55410E-10
  6.56000E-01  1.00000E+00  1.00000E-04 -9.40165E-17
  6.57000E-01  1.00000E+00  1.00000E-04  5.92488E-11
  6.58000E-01  1.00000E+00  1.00000E-04  3.55434E-10
  6.59000E-01  1.00000E+00  1.00000E-04 -1.18474E-10
  6.60000E-01  1.00000E+00  1.00000E-04 -5.91998E-11
  6.61000E-01  1.00000E+00  1.00000E-04  3.55180E-10
  6.62000E-01  1.00000E+00  1.00000E-04 -2.36933E-10
  6.63000E-01  1.00000E+00  1.00000E-04  8.54695E-17
  6.64000E-01  1.00000E+00  1.00000E-04  7.76996E-17
  6.65000E-01  1.00000E+00  1.00000E-04 -2.45102E-11
  6.66000E-01  1.00000E+00  1.00000E-04  1.26715E-09
  6.67000E-01  9.99998E-01  9.99998E-05 -3.55165E-10
  6.68000E-01  1.00000E+00  1.00000E-04 -7.50591E-10
  6.69000E-01  1.00000E+00  1.00000E-04  2.46604E-11
  6.70000E-01  1.00000E+00  1.00000E-04 -6.95408E-10
  6.71000E-01  1.00000E+00  1.00000E-04  0.00000E+00
  6.72000E-01  1.00000E+00  1.00000E-04  6.51706E-10
  6.73000E-01  1.00000E+00  1.00000E-04  1.77566E-10
  6.74000E-01  1.00000E+00  1.00000E-04 -1.18442E-10
  6.75000E-01  1.00000E+00  1.00000E-04 -7.89275E-11
  6.76000E-01  1.00000E+00  1.00000E-04 -7.89228E-11
  6.77000E-01  1.00000E+00  1.00000E-04 -7.89266E-11
  6.78000E-01  1.00000E+00  1.00000E-04  1.77670E-10
  6.79000E-01  1.00000E+00  1.00000E-04 -2.96227E-10
  6.80000E-01  1.00000E+00  1.00000E-04  1.18491E-10
  6.81000E-01  1.00000E+00  9.99999E-05  6.21504E-10
  6.82000E-01  9.99999E-01  9.99999E-05 -4.43976E-10
  6.83000E-01  1.00000E+00  1.00000E-04  2.95947E-11
  6.84000E-01  1.00000E+00  1.00000E-04  2.95960E-11
  6.85000E-01  1.00000E+00  1.00000E-04 -1.18402E-10
  6.86000E-01  1.00000E+00  1.00000E-04  2.96211E-10
  6.87000E-01  9.99999E-01  9.99999E-05 -5.91958E-11
  6.88000E-01  1.00000E+00  1.00000E-04 -2.95969E-10
  6.89000E-01  1.00000E+00  1.00000E-04  1.77521E-10
  6.90000E-01  1.00000E+00  1.00000E-04 -2.05458E-15
  6.91000E-01  1.00000E+00  1.00000E-04  1.06593E-09
  6.92000E-01  9.99999E-01  9.99997E-05 -4.73367E-10
  6.93000E-01  1.00000E+00  1.00000E-04 -8.17113E-10
  6.94000E-01  1.00000E+00  9.99999E-05 -1.30620E-10
  6.95000E-01  1.00000E+00  1.00000E-04 -6.81806E-10
  6.96000E-01  1.00000E+00  1.00000E-04  3.68468E-09
  6.97000E-01  9.99995E-01  9.99994E-05 -3.97929E-10
  6.98000E-01  1.00000E+00  1.00000E-04 -2.36674E-09
  6.99000E-01  1.00000E+00  1.00000E-04 -6.07351E-11
  7.00000E-01  1.00000E+00  1.00000E-04  0.00000E+00
  7.01000E-01  1.00000E+00  1.00000E-04  0.00000E+00
  7.02000E-01  1.00000E+00  1.00000E-04  0.00000E+00
  7.03000E-01  1.00000E+00  1.00000E-04  0.00000E+00
  7.04000E-01  1.00000E+00  1.00000E-04  0.00000E+00
  7.05000E-01  1.00000E+00  1.00000E-04  4.14609E-10
  7.06000E-01  1.00000E+00  9.99999E-05  2.36785E-10
  7.07000E-01  1.00000E+00  1.00000E-04 -1.12503E-09
  7.08000E-01  1.00000E+00  1.00000E-04  1.77691E-10
  7.09000E-01  1.00000E+00  1.00000E-04  2.96032E-10
  7.10000E-01  1.00000E+00  1.00000E-04  0.00000E+00
  7.11000E-01  1.00000E+00  1.00000E-04  0.00000E+00
  7.12000E-01  1.00000E+00  1.00000E-04  0.00000E+00
  7.13000E-01  1.00000E+00  1.00000E-04  0.00000E+00
  7.14000E-01  1.00000E+00  1.00000E-04  0.00000E+00
  7.15000E-01  1.00000E+00  1.00000E-04  0.00000E+00
  7.16000E-01  1.00000E+00  1.00000E-04  0.00000E+00
  7.17000E-01  1.00000E+00  1.00000E-04 -5.92059E-11
  7.18000E-01  1.00000E+00  1.00000E-04  0.00000E+00
  7.19000E-01  1.00000E+00  1.00000E-04  2.51066E-11
  7.20000E-01  1.00000E+00  1.00000E-04 -1.54779E-08
  7.21000E-01  1.00000E+00  1.00000E-04 -8.40951E-07
  7.22000E-01  1.00000E+00  1.00373E-04 -5.20358E-13
  7.23000E-01  1.00000E+00  1.00000E-04  8.40880E-07
  7.24000E-01  1.00000E+00  1.00000E-04  1.53347E-08
  7.25000E-01  1.00000E+00  1.00000E-04  7.33693E-11
  7.26000E-01  1.00000E+00  1.00000E-04  1.18384E-10
  7.27000E-01  1.00000E+00  1.00000E-04  0.00000E+00
  7.28000E-01  1.00000E+00  1.00000E-04  0.00000E+00
  7.29000E-01  1.00000E+00  1.00000E-04  0.00000E+00
  7.30000E-01  1.00000E+00  1.00000E-04  0.00000E+00
  7.31000E-01  1.00000E+00  1.00000E-04  0.00000E+00
  7.32000E-01  1.00000E+00  1.00000E-04  0.00000E+00
  7.33000E-01  1.00000E+00  1.00000E-04  0.00000E+00
  7.34000E-01  1.00000E+00  1.00000E-04  0.00000E+00
  7.35000E-01  1.00000E+00  1.00000E-04  0.00000E+00
  7.36000E-01  1.00000E+00  1.00000E-04  0.00000E+00
  7.37000E-01  1.00000E+00  1.00000E-04  0.00000E+00
  7.38000E-01  1.00000E+00  1.00000E-04  0.00000E+00
  7.39000E-01  1.00000E+00  1.00000E-04  0.00000E+00
  7.40000E-01  1.00000E+00  1.00000E-04  0.00000E+00
  7.41000E-01  1.00000E+00  1.00000E-04  0.00000E+00
  7.42000E-01  1.00000E+00  1.00000E-04 -1.18443E-10
  7.43000E-01  1.00000E+00  1.00000E-04 -5.92332E-11
  7.44000E-01  1.00000E+00  1.00000E-04  1.77681E-10
  7.45000E-01  1.00000E+00  1.00000E-04  7.76995E-17
  7.46000E-01  1.00000E+00  1.00000E-04  0.00000E+00
  7.47000E-01  1.00000E+00  1.00000E-04  0.00000E+00
  7.48000E-01  1.00000E+00  1.00000E-04  0.00000E+00
  7.49000E-01  1.00000E+00  1.00000E-04 -5.92282E-11
  7.50000E-01  1.00000E+00  1.00000E-04 -5.92250E-11
  7.51000E-01  1.00000E+00  1.00000E-04  1.18449E-10
  7.52000E-01  1.00000E+00  1.00000E-04  5.91891E-11
  7.53000E-01  1.00000E+00  1.00000E-04 -5.91890E-11
  7.54000E-01  1.00000E+00  1.00000E-04  0.00000E+00
  7.55000E-01  1.00000E+00  1.00000E-04  5.92297E-11
  7.56000E-01  1.00000E+00  1.00000E-04  0.00000E+00
  7.57000E-01  1.00000E+00  1.00000E-04 -5.92135E-11
  7.58000E-01  1.00000E+00  1.00000E-04  0.00000E+00
  7.59000E-01  1.00000E+00  1.00000E-04  0.00000E+00
  7.60000E-01  1.00000E+00  1.00000E-04  0.00000E+00
  7.61000E-01  1.00000E+00  1.00000E-04  0.00000E+00
  7.62000E-01  1.00000E+00  1.00000E-04  0.00000E+00
  7.63000E-01  1.00000E+00  1.00000E-04  0.00000E+00
  7.64000E-01  1.00000E+00  1.00000E-04  0.00000E+00
  7.65000E-01  1.00000E+00  1.00000E-04  0.00000E+00
  7.66000E-01  1.00000E+00  1.00000E-04  5.92100E-11
  7.67000E-01  1.00000E+00  1.00000E-04  0.00000E+00
  7.68000E-01  1.00000E+00  1.00000E-04 -5.92298E-11
  7.69000E-01  1.00000E+00  1.00000E-04 -3.55330E-10
  7.70000E-01  1.00000E+00  1.00000E-04 -3.01475E-11
  7.71000E-01  1.00000E+00  1.00000E-04 -1.39928E-08
  7.72000E-01  1.00000E+00  1.00000E-04 -7.78473E-07
  7.73000E-01  1.00000E+00  1.00346E-04 -1.09477E-10
  7.74000E-01  1.00000E+00  1.00000E-04  7.62672E-07
  7.75000E-01  1.00000E+00  1.00000E-04 -8.31264E-07
  7.76000E-01  1.00000E+00  1.00376E-04  1.03631E-10
  7.77000E-01  1.00000E+00  1.00000E-04  8.46211E-07
  7.78000E-01  1.00000E+00  1.00000E-04  1.57434E-08
  7.79000E-01  1.00000E+00  1.00000E-04  2.92538E-11
  7.80000E-01  1.00000E+00  1.00000E-04 -1.77647E-10
  7.81000E-01  1.00000E+00  1.00000E-04  5.92116E-11
  7.82000E-01  1.00000E+00  1.00000E-04  0.00000E+00
  7.83000E-01  1.00000E+00  1.00000E-04 -5.92011E-11
  7.84000E-01  1.00000E+00  1.00000E-04  1.77721E-10
  7.85000E-01  1.00000E+00  1.00000E-04  0.00000E+00
  7.86000E-01  1.00000E+00  1.00000E-04 -1.77684E-10
  7.87000E-01  1.00000E+00  1.00000E-04  0.00000E+00
  7.88000E-01  1.00000E+00  1.00000E-04  0.00000E+00
  7.89000E-01  1.00000E+00  1.00000E-04  0.00000E+00
  7.90000E-01  1.00000E+00  1.00000E-04  0.00000E+00
  7.91000E-01  1.00000E+00  1.00000E-04  0.00000E+00
  7.92000E-01  1.00000E+00  1.00000E-04 -5.91935E-11
  7.93000E-01  1.00000E+00  1.00000E-04  0.00000E+00
  7.94000E-01  1.00000E+00  1.00000E-04  5.91924E-11
  7.95000E-01  1.00000E+00  1.00000E-04 -5.92325E-11
  7.96000E-01  1.00000E+00  1.00000E-04  0.00000E+00
  7.97000E-01  1.00000E+00  1.00000E-04  5.92126E-11
  7.98000E-01  1.00000E+00  1.00000E-04  2.36840E-10
  7.99000E-01  9.99999E-01  9.99999E-05  0.00000E+00
  8.00000E-01  1.00000E+00  1.00000E-04 -2.36854E-10
  8.01000E-01  1.00000E+00  1.00000E-04  2.36964E-10
  8.02000E-01  9.99999E-01  9.99999E-05  0.00000E+00
  8.03000E-01  1.00000E+00  1.00000E-04 -2.36777E-10
  8.04000E-01  1.00000E+00  1.00000E-04 -2.63664E-11
  8.05000E-01  1.00000E+00  1.00000E-04 -1.22715E-08
  8.06000E-01  1.00000E+00  1.00000E-04 -6.66612E-07
  8.07000E-01  1.00000E+00  1.00296E-04 -8.74837E-11
  8.08000E-01  1.00000E+00  1.00000E-04  6.53976E-07
  8.09000E-01  1.00000E+00  1.00000E-04 -6.53866E-07
  8.10000E-01  1.00000E+00  1.00296E-04  8.85772E-11
  8.11000E-01  1.00000E+00  1.00000E-04  6.66639E-07
  8.12000E-01  1.00000E+00  1.00000E-04  1.24445E-08
  8.13000E-01  1.00000E+00  1.00000E-04  2.06052E-11
  8.14000E-01  1.00000E+00  1.00000E-04 -1.77646E-10
  8.15000E-01  1.00000E+00  1.00000E-04  1.77715E-10
  8.16000E-01  1.00000E+00  1.00000E-04  5.92073E-11
  8.17000E-01  1.00000E+00  1.00000E-04 -3.55271E-10
  8.18000E-01  1.00000E+00  1.00000E-04  5.92359E-11
  8.19000E-01  1.00000E+00  1.00000E-04  5.92120E-11
  8.20000E-01  1.00000E+00  1.00000E-04  0.00000E+00
  8.21000E-01  1.00000E+00  1.00000E-04  0.00000E+00
  8.22000E-01  1.00000E+00  1.00000E-04  0.00000E+00
  8.23000E-01  1.00000E+00  1.00000E-04  1.18423E-10
  8.24000E-01  1.00000E+00  1.00000E-04  2.47443E-16
  8.25000E-01  1.00000E+00  1.00000E-04 -5.92445E-11
  8.26000E-01  1.00000E+00  1.00000E-04  7.76995E-17
  8.27000E-01  1.00000E+00  1.00000E-04 -5.92215E-11
  8.28000E-01  1.00000E+00  1.00000E-04  0.00000E+00
  8.29000E-01  1.00000E+00  1.00000E-04  5.92176E-11
  8.30000E-01  1.00000E+00  1.00000E-04  0.00000E+00
  8.31000E-01  1.00000E+00  1.00000E-04 -5.92345E-11
  8.32000E-01  1.00000E+00  1.00000E-04  0.00000E+00
  8.33000E-01  1.00000E+00  1.00000E-04  0.00000E+00
  8.34000E-01  1.00000E+00  1.00000E-04  1.18489E-10
  8.35000E-01  1.00000E+00  1.00000E-04  0.00000E+00
  8.36000E-01  1.00000E+00  1.00000E-04 -1.18461E-10
  8.37000E-01  1.00000E+00  1.00000E-04 -3.32817E-11
  8.38000E-01  1.00000E+00  1.00000E-04 -1.51786E-08
  8.39000E-01  1.00000E+00  1.00000E-04 -8.25189E-07
  8.40000E-01  1.00000E+00  1.00367E-04 -2.35244E-10
  8.41000E-01  1.00000E+00  1.00000E-04  8.25732E-07
  8.42000E-01  1.00000E+00  1.00000E-04  1.53024E-08
  8.43000E-01  1.00000E+00  1.00000E-04  2.99402E-11
  8.44000E-01  1.00000E+00  1.00000E-04 -1.18456E-10
  8.45000E-01  1.00000E+00  1.00000E-04  5.92341E-11
  8.46000E-01  1.00000E+00  1.00000E-04  0.00000E+00
  8.47000E-01  1.00000E+00  1.00000E-04 -1.18431E-10
  8.48000E-01  1.00000E+00  1.00000E-04  5.92597E-11
  8.49000E-01  1.00000E+00  1.00000E-04  0.00000E+00
  8.50000E-01  1.00000E+00  1.00000E-04  0.00000E+00
  8.51000E-01  1.00000E+00  1.00000E-04 -2.96112E-11
  8.52000E-01  1.00000E+00  1.00000E-04 -2.96133E-11
  8.53000E-01  1.00000E+00  1.00000E-04  1.18400E-10
  8.54000E-01  1.00000E+00  1.00000E-04  6.47007E-11
  8.55000E-01  1.00000E+00  1.00000E-04  2.46169E-09
  8.56000E-01  9.99994E-01  9.99994E-05 -1.06089E-12
  8.57000E-01  1.00000E+00  1.00000E-04 -2.50721E-09
  8.58000E-01  1.00000E+00  1.00000E-04  4.54555E-10
  8.59000E-01  9.99999E-01  9.99999E-05  8.54695E-17
  8.60000E-01  1.00000E+00  1.00000E-04 -5.33007E-10
  8.61000E-01  1.00000E+00  1.00000E-04  0.00000E+00
  8.62000E-01  1.00000E+00  1.00000E-04  0.00000E+00
  8.63000E-01  1.00000E+00  1.00000E-04  0.00000E+00
  8.64000E-01  1.00000E+00  1.00000E-04  0.00000E+00
  8.65000E-01  1.00000E+00  1.00000E-04  0.00000E+00
  8.66000E-01  1.00000E+00  1.00000E-04  5.92279E-11
  8.67000E-01  1.00000E+00  1.00000E-04  1.18458E-10
  8.68000E-01  1.00000E+00  1.00000E-04 -1.77695E-10
  8.69000E-01  1.00000E+00  1.00000E-04  0.00000E+00
  8.70000E-01  1.00000E+00  1.00000E-04  0.00000E+00
  8.71000E-01  1.00000E+00  1.00000E-04  5.92432E-11
  8.72000E-01  1.00000E+00  1.00000E-04  1.77630E-10
  8.73000E-01  1.00000E+00  1.00000E-04 -3.55308E-10
  8.74000E-01  1.00000E+00  1.00000E-04  5.92411E-11
  8.75000E-01  1.00000E+00  1.00000E-04  5.92099E-11
  8.76000E-01  1.00000E+00  1.00000E-04  1.18393E-10
  8.77000E-01  1.00000E+00  1.00000E-04  0.00000E+00
  8.78000E-01  1.00000E+00  1.00000E-04 -1.77663E-10
  8.79000E-01  1.00000E+00  1.00000E-04  1.77717E-10
  8.80000E-01  1.00000E+00  1.00000E-04  5.92434E-11
  8.81000E-01  1.00000E+00  1.00000E-04  5.32756E-10
  8.82000E-01  9.99998E-01  9.99998E-05  7.76995E-17
  8.83000E-01  1.00000E+00  1.00000E-04 -6.94481E-10
  8.84000E-01  1.00000E+00  1.00000E-04  4.33661E-11
  8.85000E-01  1.00000E+00  1.00000E-04  0.00000E+00
  8.86000E-01  1.00000E+00  1.00000E-04 -5.92459E-11
  8.87000E-01  1.00000E+00  1.00000E-04  0.00000E+00
  8.88000E-01  1.00000E+00  1.00000E-04  0.00000E+00
  8.89000E-01  1.00000E+00  1.00000E-04  5.92304E-11
  8.90000E-01  1.00000E+00  1.00000E-04  0.00000E+00
  8.91000E-01  1.00000E+00  1.00000E-04 -5.91922E-11
  8.92000E-01  1.00000E+00  1.00000E-04  0.00000E+00
  8.93000E-01  1.00000E+00  1.00000E-04  0.00000E+00
  8.94000E-01  1.00000E+00  1.00000E-04  0.00000E+00
  8.95000E-01  1.00000E+00  1.00000E-04  5.92260E-11
  8.96000E-01  1.00000E+00  1.00000E-04 -5.92385E-11
  8.97000E-01  1.00000E+00  1.00000E-04  0.00000E+00
  8.98000E-01  1.00000E+00  1.00000E-04  0.00000E+00
  8.99000E-01  1.00000E+00  1.00000E-04 -2.44871E-16
  9.00000E-01  1.00000E+00  1.00000E-04  1.14794E-16
  9.01000E-01  1.00000E+00  1.00000E-04  1.30077E-16
  9.02000E-01  1.00000E+00  1.00000E-04  0.00000E+00
  9.03000E-01  1.00000E+00  1.00000E-04 -2.96097E-11
  9.04000E-01  1.00000E+00  1.00000E-04 -2.96083E-11
  9.05000E-01  1.00000E+00  1.00000E-04  8.54695E-17
  9.06000E-01  1.00000E+00  1.00000E-04 -1.18461E-10
  9.07000E-01  1.00000E+00  1.00000E-04  1.18500E-10
  9.08000E-01  1.00000E+00  1.00000E-04  5.91918E-11
  9.09000E-01  1.00000E+00  1.00000E-04  5.92209E-11
  9.10000E-01  1.00000E+00  1.00000E-04 -2.96050E-11
  9.11000E-01  1.00000E+00  1.00000E-04 -2.96077E-11
  9.12000E-01  1.00000E+00  1.00000E-04  7.76995E-17
  9.13000E-01  1.00000E+00  1.00000E-04  0.00000E+00
  9.14000E-01  1.00000E+00  1.00000E-04  0.00000E+00
  9.15000E-01  1.00000E+00  1.00000E-04  0.00000E+00
  9.16000E-01  1.00000E+00  1.00000E-04  2.36852E-10
  9.17000E-01  9.99999E-01  9.99999E-05  0.00000E+00
  9.18000E-01  1.00000E+00  1.00000E-04 -2.36947E-10
  9.19000E-01  1.00000E+00  1.00000E-04  0.00000E+00
  9.20000E-01  1.00000E+00  1.00000E-04  0.00000E+00
  9.21000E-01  1.00000E+00  1.00000E-04  2.96149E-10
  9.22000E-01  9.99999E-01  9.99999E-05  3.02648E-16
  9.23000E-01  1.00000E+00  1.00000E-04 -1.77565E-10
  9.24000E-01  1.00000E+00  1.00000E-04  1.77529E-10
  9.25000E-01  1.00000E+00  1.00000E-04 -1.77533E-10
  9.26000E-01  1.00000E+00  1.00000E-04 -1.18409E-10
  9.27000E-01  1.00000E+00  1.00000E-04  0.00000E+00
  9.28000E-01  1.00000E+00  1.00000E-04 -2.33099E-16
  9.29000E-01  1.00000E+00  1.00000E-04  7.76995E-17
  9.30000E-01  1.00000E+00  1.00000E-04  7.76995E-17
  9.31000E-01  1.00000E+00  1.00000E-04  5.91998E-11
  9.32000E-01  1.00000E+00  1.00000E-04  1.58072E-11
  9.33000E-01  1.00000E+00  1.00000E-04 -1.58072E-11
  9.34000E-01  1.00000E+00  1.00000E-04 -5.92376E-11
  9.35000E-01  1.00000E+00  1.00000E-04  0.00000E+00
  9.36000E-01  1.00000E+00  1.00000E-04 -1.18401E-10
  9.37000E-01  1.00000E+00  1.00000E-04  0.00000E+00
  9.38000E-01  1.00000E+00  1.00000E-04  3.55153E-10
  9.39000E-01  1.00000E+00  1.00000E-04  0.00000E+00
  9.40000E-01  1.00000E+00  1.00000E-04 -3.55403E-10
  9.41000E-01  1.00000E+00  1.00000E-04  0.00000E+00
  9.42000E-01  1.00000E+00  1.00000E-04  4.14349E-10
  9.43000E-01  1.00000E+00  1.00000E-04 -5.91839E-11
  9.44000E-01  1.00000E+00  1.00000E-04 -4.02828E-11
  9.45000E-01  1.00000E+00  1.00000E-04  1.57909E-09
  9.46000E-01  9.99996E-01  9.99996E-05  4.45900E-10
  9.47000E-01  1.00000E+00  1.00000E-04 -2.24795E-09
  9.48000E-01  1.00000E+00  1.00000E-04  4.31827E-11
  9.49000E-01  1.00000E+00  1.00000E-04  4.31872E-11
  9.50000E-01  1.00000E+00  1.00000E-04  1.77519E-10
  9.51000E-01  1.00000E+00  1.00000E-04  5.92231E-11
  9.52000E-01  1.00000E+00  1.00000E-04 -1.08884E-11
  9.53000E-01  1.00000E+00  1.00000E-04 -4.83411E-11
  9.54000E-01  1.00000E+00  1.00000E-04 -5.32709E-10
  9.55000E-01  1.00000E+00  1.00000E-04  1.77720E-10
  9.56000E-01  1.00000E+00  1.00000E-04  1.77756E-10
  9.57000E-01  1.00000E+00  1.00000E-04  5.92464E-11
  9.58000E-01  1.00000E+00  1.00000E-04  1.18411E-10
  9.59000E-01  1.00000E+00  1.00000E-04 -3.55038E-10
  9.60000E-01  1.00000E+00  1.00000E-04  5.91831E-11
  9.61000E-01  1.00000E+00  1.00000E-04  5.92243E-11
  9.62000E-01  1.00000E+00  1.00000E-04 -1.18402E-10
  9.63000E-01  1.00000E+00  1.00000E-04 -2.36994E-10
  9.64000E-01  1.00000E+00  1.00000E-04  5.92269E-10
  9.65000E-01  1.00000E+00  1.00000E-04  5.92000E-11
  9.66000E-01  1.00000E+00  1.00000E-04 -7.10073E-10
  9.67000E-01  1.00000E+00  1.00000E-04  2.37025E-10
  9.68000E-01  1.00000E+00  1.00000E-04 -1.21530E-16
  9.69000E-01  1.00000E+00  1.00000E-04 -5.92471E-11
  9.70000E-01  1.00000E+00  1.00000E-04  5.92269E-11
  9.71000E-01  1.00000E+00  1.00000E-04  4.14200E-10
  9.72000E-01  9.99999E-01  9.99999E-05  1.40102E-10
  9.73000E-01  1.00000E+00  1.00000E-04  1.87349E-09
  9.74000E-01  9.99995E-01  9.99995E-05  9.54192E-11
  9.75000E-01  1.00000E+00  1.00000E-04 -2.39501E-09
  9.76000E-01  1.00000E+00  1.00000E-04  1.68559E-10
  9.77000E-01  1.00000E+00  9.99999E-05  1.77662E-10
  9.78000E-01  1.00000E+00  1.00000E-04 -5.32974E-10
  9.79000E-01  9.99999E-01  1.00000E-04  1.47978E-15
  9.80000E-01  1.00000E+00  1.00000E-04  1.30172E-09
  9.81000E-01  9.99998E-01  9.99998E-05  5.91971E-11
  9.82000E-01  1.00000E+00  1.00000E-04 -1.69102E-09
  9.83000E-01  1.00000E+00  1.00000E-04  2.11814E-10
  9.84000E-01  1.00000E+00  1.00000E-04  4.89187E-11
  9.85000E-01  1.00000E+00  1.00000E-04  1.91514E-09
  9.86000E-01  9.99996E-01  9.99995E-05 -1.60845E-09
  9.87000E-01  1.00001E+00  1.00001E-04 -2.04948E-09
  9.88000E-01  1.00000E+00  1.00000E-04  1.45928E-09
  9.89000E-01  1.00000E+00  1.00000E-04  7.75135E-09
  9.90000E-01  9.99981E-01  9.99981E-05  6.95027E-10
  9.91000E-01  1.00000E+00  1.00000E-04 -7.66459E-09
  9.92000E-01  1.00000E+00  1.00000E-04 -1.93906E-10
  9.93000E-01  1.00000E+00  1.00000E-04  0.00000E+00
  9.94000E-01  1.00000E+00  1.00000E-04 -1.18407E-10
  9.95000E-01  1.00000E+00  1.00000E-04  0.00000E+00
  9.96000E-01  1.00000E+00  1.00000E-04  1.18468E-10
  9.97000E-01  1.00000E+00  1.00000E-04  0.00000E+00
  9.98000E-01  1.00000E+00  1.00000E-04  0.00000E+00
  9.99000E-01  1.00000E+00  1.00000E-04  0.00000E+00
