  0.00000E+00  3.64702E-05  4.86658E+01  1.99376E-02
  1.00000E-03  3.64701E-05  4.86661E+01  5.97328E-02
  2.00000E-03  3.64701E-05  4.86665E+01  1.02012E-01
  3.00000E-03  3.64712E-05  4.86668E+01  1.42140E-01
  4.00000E-03  3.64729E-05  4.86668E+01  1.78376E-01
  5.00000E-03  3.64804E-05  4.86665E+01  2.09483E-01
  6.00000E-03  3.65062E-05  4.86662E+01  2.38700E-01
  7.00000E-03  3.65437E-05  4.86660E+01  2.70041E-01
  8.00000E-03  3.65918E-05  4.86659E+01  3.04817E-01
  9.00000E-03  3.66383E-05  4.86658E+01  3.41343E-01
  1.00000E-02  3.66757E-05  4.86656E+01  3.78469E-01
  1.10000E-02  3.67013E-05  4.86654E+01  4.15949E-01
  1.20000E-02  3.67210E-05  4.86653E+01  4.51988E-01
  1.30000E-02  3.68047E-05  4.86653E+01  4.89548E-01
  1.40000E-02  3.72015E-05  4.86653E+01  5.28856E-01
  1.50000E-02  3.84092E-05  4.86655E+01  5.65698E-01
  1.60000E-02  4.03078E-05  4.86657E+01  6.03595E-01
  1.70000E-02  4.27975E-05  4.86657E+01  6.40866E-01
  1.80000E-02  4.55982E-05  4.86659E+01  6.77664E-01
  1.90000E-02  4.87228E-05  4.86659E+01  7.12884E-01
  2.00000E-02  5.19501E-05  4.86658E+01  7.48035E-01
  2.10000E-02  5.57711E-05  4.86658E+01  7.87097E-01
  2.20000E-02  5.96417E-05  4.86659E+01  8.24534E-01
  2.30000E-02  6.39719E-05  4.86662E+01  8.61276E-01
  2.40000E-02  6.88501E-05  4.86662E+01  8.98437E-01
  2.50000E-02  7.38855E-05  4.86664E+01  9.34193E-01
  2.60000E-02  7.97605E-05  4.86666E+01  9.69684E-01
  2.70000E-02  8.62073E-05  4.86668E+01  1.00613E+00
  2.80000E-02  9.35588E-05  4.86668E+01  1.04415E+00
  2.90000E-02  1.02022E-04  4.86669E+01  1.08023E+00
  3.00000E-02  1.11968E-04  4.86671E+01  1.11627E+00
  3.10000E-02  1.23251E-04  4.86670E+01  1.15367E+00
  3.20000E-02  1.36778E-04  4.86672E+01  1.19119E+00
  3.30000E-02  1.52471E-04  4.86676E+01  1.23086E+00
  3.40000E-02  1.70866E-04  4.86675E+01  1.26608E+00
  3.50000E-02  1.93204E-04  4.86675E+01  1.30245E+00
  3.60000E-02  2.19031E-04  4.86678E+01  1.34258E+00
  3.70000E-02  2.49341E-04  4.86678E+01  1.37737E+00
  3.80000E-02  2.85195E-04  4.86684E+01  1.41600E+00
  3.90000E-02  3.25344E-04  4.86687E+01  1.45427E+00
  4.00000E-02  3.71978E-04  4.86685E+01  1.48892E+00
  4.10000E-02  4.23656E-04  4.86702E+01  1.52539E+00
  4.20000E-02  4.80044E-04  4.86720E+01  1.55567E+00
  4.30000E-02  5.42564E-04  4.86756E+01  1.57678E+00
  4.40000E-02  6.08836E-04  4.86806E+01  1.59930E+00
  4.50000E-02  6.81268E-04  4.86844E+01  1.62304E+00
  4.60000E-02  7.56592E-04  4.86886E+01  1.65002E+00
  4.70000E-02  8.36839E-04  4.86924E+01  1.67837E+00
  4.80000E-02  9.22737E-04  4.86955E+01  1.70886E+00
  4.90000E-02  1.01210E-03  4.86975E+01  1.74826E+00
  5.00000E-02  1.10586E-03  4.86975E+01  1.78860E+00
  5.10000E-02  1.20416E-03  4.86976E+01  1.83014E+00
  5.20000E-02  1.30953E-03  4.86980E+01  1.87276E+00
  5.30000E-02  1.41562E-03  4.86965E+01  1.91387E+00
  5.40000E-02  1.53609E-03  4.86959E+01  1.95430E+00
  5.50000E-02  1.65298E-03  4.86965E+01  1.99649E+00
  5.60000E-02  1.78486E-03  4.86978E+01  2.04106E+00
  5.70000E-02  1.91926E-03  4.86971E+01  2.08545E+00
  5.80000E-02  2.06704E-03  4.86970E+01  2.12876E+00
  5.90000E-02  2.22204E-03  4.86983E+01  2.17284E+00
  6.00000E-02  2.38220E-03  4.86990E+01  2.21191E+00
  6.10000E-02  2.56297E-03  4.87009E+01  2.24616E+00
  6.20000E-02  2.75048E-03  4.87014E+01  2.28861E+00
  6.30000E-02  2.95077E-03  4.87029E+01  2.34081E+00
  6.40000E-02  3.16339E-03  4.87050E+01  2.38089E+00
  6.50000E-02  3.39385E-03  4.87067E+01  2.41164E+00
  6.60000E-02  3.63970E-03  4.87054E+01  2.44892E+00
  6.70000E-02  3.89423E-03  4.86948E+01  2.46380E+00
  6.80000E-02  4.16060E-03  4.86823E+01  2.45919E+00
  6.90000E-02  4.44367E-03  4.86823E+01  2.47246E+00
  7.00000E-02  4.75179E-03  4.86972E+01  2.46751E+00
  7.10000E-02  5.05875E-03  4.87124E+01  2.48311E+00
  7.20000E-02  5.38934E-03  4.87151E+01  2.52372E+00
  7.30000E-02  5.72825E-03  4.87142E+01  2.56438E+00
  7.40000E-02  6.08616E-03  4.87151E+01  2.60795E+00
  7.50000E-02  6.43233E-03  4.87192E+01  2.63722E+00
  7.60000E-02  6.82481E-03  4.87202E+01  2.67703E+00
  7.70000E-02  7.23248E-03  4.87199E+01  2.72255E+00
  7.80000E-02  7.62223E-03  4.87216E+01  2.76544E+00
  7.90000E-02  8.05639E-03  4.87193E+01  2.79323E+00
  8.00000E-02  8.48892E-03  4.87217E+01  2.83268E+00
  8.10000E-02  8.95499E-03  4.87188E+01  2.86372E+00
  8.20000E-02  9.42443E-03  4.87214E+01  2.89812E+00
  8.30000E-02  9.92815E-03  4.87205E+01  2.94403E+00
  8.40000E-02  1.04532E-02  4.87302E+01  2.97116E+00
  8.50000E-02  1.09942E-02  4.87510E+01  2.99219E+00
  8.60000E-02  1.15509E-02  4.87509E+01  3.02957E+00
  8.70000E-02  1.21261E-02  4.87497E+01  3.07922E+00
  8.80000E-02  1.27616E-02  4.87501E+01  3.11903E+00
  8.90000E-02  1.33937E-02  4.87532E+01  3.16095E+00
  9.00000E-02  1.40535E-02  4.87645E+01  3.19256E+00
  9.10000E-02  1.47557E-02  4.87648E+01  3.23163E+00
  9.20000E-02  1.54599E-02  4.87622E+01  3.27390E+00
  9.30000E-02  1.62047E-02  4.87862E+01  3.29906E+00
  9.40000E-02  1.69784E-02  4.87948E+01  3.32205E+00
  9.50000E-02  1.78108E-02  4.88104E+01  3.34587E+00
  9.60000E-02  1.86234E-02  4.87994E+01  3.38720E+00
  9.70000E-02  1.95080E-02  4.87940E+01  3.43492E+00
  9.80000E-02  2.04199E-02  4.87938E+01  3.47532E+00
  9.90000E-02  2.13180E-02  4.87950E+01  3.51807E+00
  1.00000E-01  2.23333E-02  4.88029E+01  3.54923E+00
  1.01000E-01  2.33428E-02  4.88095E+01  3.59263E+00
  1.02000E-01  2.43841E-02  4.88059E+01  3.63430E+00
  1.03000E-01  2.55038E-02  4.88067E+01  3.68090E+00
  1.04000E-01  2.66424E-02  4.88142E+01  3.71760E+00
  1.05000E-01  2.78078E-02  4.88319E+01  3.75100E+00
  1.06000E-01  2.90440E-02  4.88677E+01  3.76438E+00
  1.07000E-01  3.03063E-02  4.88829E+01  3.80237E+00
  1.08000E-01  3.16254E-02  4.89024E+01  3.84676E+00
  1.09000E-01  3.29887E-02  4.89258E+01  3.88427E+00
  1.10000E-01  3.43884E-02  4.89618E+01  3.91755E+00
  1.11000E-01  3.58536E-02  4.89819E+01  3.94420E+00
  1.12000E-01  3.73506E-02  4.90013E+01  3.98784E+00
  1.13000E-01  3.88545E-02  4.90046E+01  4.02368E+00
  1.14000E-01  4.05165E-02  4.90172E+01  4.06185E+00
  1.15000E-01  4.21346E-02  4.90705E+01  4.09493E+00
  1.16000E-01  4.38509E-02  4.90894E+01  4.12469E+00
  1.17000E-01  4.55633E-02  4.90794E+01  4.15200E+00
  1.18000E-01  4.74550E-02  4.91102E+01  4.20509E+00
  1.19000E-01  4.92505E-02  4.91392E+01  4.24116E+00
  1.20000E-01  5.12038E-02  4.91469E+01  4.26817E+00
  1.21000E-01  5.31980E-02  4.91553E+01  4.31199E+00
  1.22000E-01  5.52732E-02  4.91750E+01  4.34866E+00
  1.23000E-01  5.72786E-02  4.92162E+01  4.38861E+00
  1.24000E-01  5.96060E-02  4.92192E+01  4.41305E+00
  1.25000E-01  6.17197E-02  4.92350E+01  4.43950E+00
  1.26000E-01  6.41022E-02  4.92871E+01  4.50079E+00
  1.27000E-01  6.64287E-02  4.93152E+01  4.53393E+00
  1.28000E-01  6.90133E-02  4.93163E+01  4.57857E+00
  1.29000E-01  7.14677E-02  4.93783E+01  4.61730E+00
  1.30000E-01  7.41168E-02  4.94855E+01  4.62986E+00
  1.31000E-01  7.69796E-02  4.95766E+01  4.66155E+00
  1.32000E-01  7.95219E-02  4.95853E+01  4.70629E+00
  1.33000E-01  8.24675E-02  4.95930E+01  4.74616E+00
  1.34000E-01  8.52581E-02  4.96161E+01  4.77938E+00
  1.35000E-01  8.83851E-02  4.97146E+01  4.80089E+00
  1.36000E-01  9.13650E-02  4.96898E+01  4.83761E+00
  1.37000E-01  9.46096E-02  4.97405E+01  4.90483E+00
  1.38000E-01  9.78704E-02  4.97871E+01  4.96007E+00
  1.39000E-01  1.01333E-01  4.98798E+01  4.98358E+00
  1.40000E-01  1.04816E-01  4.99354E+01  5.00550E+00
  1.41000E-01  1.08239E-01  4.99630E+01  5.04557E+00
  1.42000E-01  1.12044E-01  5.00153E+01  5.06251E+00
  1.43000E-01  1.15782E-01  5.01493E+01  5.13039E+00
  1.44000E-01  1.19706E-01  5.02471E+01  5.16387E+00
  1.45000E-01  1.23933E-01  5.03090E+01  5.19686E+00
  1.46000E-01  1.27511E-01  5.02874E+01  5.23058E+00
  1.47000E-01  1.32082E-01  5.03678E+01  5.23931E+00
  1.48000E-01  1.36248E-01  5.05036E+01  5.29878E+00
  1.49000E-01  1.40870E-01  5.05986E+01  5.35081E+00
  1.50000E-01  1.45307E-01  5.06646E+01  5.38660E+00
  1.51000E-01  1.49922E-01  5.07724E+01  5.40822E+00
  1.52000E-01  1.54889E-01  5.08320E+01  5.46543E+00
  1.53000E-01  1.59668E-01  5.09459E+01  5.50233E+00
  1.54000E-01  1.64897E-01  5.10842E+01  5.54576E+00
  1.55000E-01  1.70007E-01  5.11588E+01  5.56225E+00
  1.56000E-01  1.75382E-01  5.12494E+01  5.59317E+00
  1.57000E-01  1.80861E-01  5.13096E+01  5.63757E+00
  1.58000E-01  1.86345E-01  5.13863E+01  5.68361E+00
  1.59000E-01  1.92640E-01  5.16356E+01  5.73282E+00
  1.60000E-01  1.98660E-01  5.18085E+01  5.78665E+00
  1.61000E-01  2.04778E-01  5.19393E+01  5.82096E+00
  1.62000E-01  2.11229E-01  5.20481E+01  5.84675E+00
  1.63000E-01  2.17185E-01  5.21224E+01  5.87558E+00
  1.64000E-01  2.24187E-01  5.22809E+01  5.91849E+00
  1.65000E-01  2.31017E-01  5.24511E+01  5.97054E+00
  1.66000E-01  2.37701E-01  5.25512E+01  5.99993E+00
  1.67000E-01  2.45578E-01  5.28000E+01  6.05103E+00
  1.68000E-01  2.52872E-01  5.29995E+01  6.09583E+00
  1.69000E-01  2.60285E-01  5.31294E+01  6.12321E+00
  1.70000E-01  2.68739E-01  5.33756E+01  6.18340E+00
  1.71000E-01  2.76316E-01  5.35418E+01  6.22143E+00
  1.72000E-01  2.84860E-01  5.36941E+01  6.25579E+00
  1.73000E-01  2.93435E-01  5.39664E+01  6.31031E+00
  1.74000E-01  3.02193E-01  5.41368E+01  6.33840E+00
  1.75000E-01  3.11157E-01  5.43145E+01  6.37926E+00
  1.76000E-01  3.20875E-01  5.46316E+01  6.44190E+00
  1.77000E-01  3.30280E-01  5.48325E+01  6.47418E+00
  1.78000E-01  3.40340E-01  5.50666E+01  6.51679E+00
  1.79000E-01  3.50798E-01  5.54379E+01  6.57564E+00
  1.80000E-01  3.61091E-01  5.56370E+01  6.60377E+00
  1.81000E-01  3.71944E-01  5.58546E+01  6.64270E+00
  1.82000E-01  3.83440E-01  5.63067E+01  6.71022E+00
  1.83000E-01  3.94922E-01  5.65930E+01  6.74515E+00
  1.84000E-01  4.06519E-01  5.67729E+01  6.77709E+00
  1.85000E-01  4.18401E-01  5.71824E+01  6.84568E+00
  1.86000E-01  4.31329E-01  5.74806E+01  6.88240E+00
  1.87000E-01  4.44081E-01  5.77800E+01  6.92394E+00
  1.88000E-01  4.58062E-01  5.83203E+01  6.99320E+00
  1.89000E-01  4.71473E-01  5.85699E+01  7.02521E+00
  1.90000E-01  4.85694E-01  5.89202E+01  7.06187E+00
  1.91000E-01  5.00995E-01  5.94992E+01  7.13601E+00
  1.92000E-01  5.16128E-01  5.98526E+01  7.17561E+00
  1.93000E-01  5.31064E-01  6.01693E+01  7.20939E+00
  1.94000E-01  5.48269E-01  6.08068E+01  7.28449E+00
  1.95000E-01  5.65143E-01  6.12983E+01  7.33316E+00
  1.96000E-01  5.81581E-01  6.16000E+01  7.35321E+00
  1.97000E-01  6.00665E-01  6.23005E+01  7.42494E+00
  1.98000E-01  6.19452E-01  6.29095E+01  7.49569E+00
  1.99000E-01  6.37237E-01  6.31815E+01  7.52504E+00
  2.00000E-01  6.57709E-01  6.38464E+01  7.59075E+00
  2.01000E-01  6.79190E-01  6.46387E+01  7.65696E+00
  2.02000E-01  6.99751E-01  6.50976E+01  7.68100E+00
  2.03000E-01  7.22608E-01  6.57949E+01  7.73924E+00
  2.04000E-01  7.46120E-01  6.66103E+01  7.82497E+00
  2.05000E-01  7.68416E-01  6.70770E+01  7.86180E+00
  2.06000E-01  7.93111E-01  6.77775E+01  7.91138E+00
  2.07000E-01  8.20800E-01  6.88520E+01  7.99386E+00
  2.08000E-01  8.46799E-01  6.95475E+01  8.03604E+00
  2.09000E-01  8.72806E-01  7.01459E+01  8.07356E+00
  2.10000E-01  9.04243E-01  7.13265E+01  8.16462E+00
  2.11000E-01  9.34363E-01  7.22488E+01  8.23200E+00
  2.12000E-01  9.62429E-01  7.27752E+01  8.25954E+00
  2.13000E-01  9.96027E-01  7.38830E+01  8.33690E+00
  2.14000E-01  1.03296E+00  7.52616E+01  8.42664E+00
  2.15000E-01  1.06587E+00  7.60555E+01  8.46068E+00
  2.16000E-01  1.10105E+00  7.70138E+01  8.50970E+00
  2.17000E-01  1.14273E+00  7.85512E+01  8.60839E+00
  2.18000E-01  1.18206E+00  7.96831E+01  8.66713E+00
  2.19000E-01  1.22107E+00  8.05929E+01  8.70567E+00
  2.20000E-01  1.26689E+00  8.21531E+01  8.79500E+00
  2.21000E-01  1.31497E+00  8.37689E+01  8.88097E+00
  2.22000E-01  1.35939E+00  8.48573E+01  8.92112E+00
  2.23000E-01  1.40892E+00  8.63095E+01  8.98472E+00
  2.24000E-01  1.46508E+00  8.82658E+01  9.08481E+00
  2.25000E-01  1.51832E+00  8.97741E+01  9.14672E+00
  2.26000E-01  1.57221E+00  9.11571E+01  9.19718E+00
  2.27000E-01  1.63523E+00  9.32375E+01  9.28605E+00
  2.28000E-01  1.70051E+00  9.52936E+01  9.37446E+00
  2.29000E-01  1.76331E+00  9.69159E+01  9.42451E+00
  2.30000E-01  1.83242E+00  9.89063E+01  9.49660E+00
  2.31000E-01  1.91045E+00  1.01475E+02  9.59674E+00
  2.32000E-01  1.98651E+00  1.03644E+02  9.66809E+00
  2.33000E-01  2.06282E+00  1.05621E+02  9.72622E+00
  2.34000E-01  2.15108E+00  1.08380E+02  9.81655E+00
  2.35000E-01  2.24317E+00  1.11220E+02  9.90747E+00
  2.36000E-01  2.33433E+00  1.13564E+02  9.96919E+00
  2.37000E-01  2.43393E+00  1.16413E+02  1.00500E+01
  2.38000E-01  2.54315E+00  1.19833E+02  1.01493E+01
  2.39000E-01  2.65055E+00  1.22838E+02  1.02185E+01
  2.40000E-01  2.76558E+00  1.25701E+02  1.02856E+01
  2.41000E-01  2.90189E+00  1.29819E+02  1.03962E+01
  2.42000E-01  3.02892E+00  1.33854E+02  1.04831E+01
  2.43000E-01  3.15093E+00  1.36647E+02  1.05168E+01
  2.44000E-01  3.32212E+00  1.40785E+02  1.06141E+01
  2.45000E-01  3.51093E+00  1.46604E+02  1.07903E+01
  2.46000E-01  3.61004E+00  1.49790E+02  1.07935E+01
  2.47000E-01  3.56052E+00  1.38069E+02  1.03637E+01
  2.48000E-01  2.61203E+00  7.38699E+01  7.56733E+00
  2.49000E-01  1.42491E+00  1.12968E+01  2.14986E+00
  2.50000E-01  1.04928E+00  1.82492E-01  9.31214E-02
  2.51000E-01  1.00119E+00  1.24168E-04  1.29883E-04
  2.52000E-01  1.00000E+00  1.00000E-04  1.09830E-08
  2.53000E-01  1.00000E+00  1.00000E-04 -9.93711E-11
  2.54000E-01  1.00000E+00  1.00000E-04 -9.84827E-11
  2.55000E-01  1.00000E+00  1.00000E-04 -4.92204E-11
  2.56000E-01  1.00000E+00  1.00000E-04  8.54697E-17
  2.57000E-01  1.00000E+00  1.00000E-04  9.84658E-11
  2.58000E-01  1.00000E+00  1.00000E-04  0.00000E+00
  2.59000E-01  1.00000E+00  1.00000E-04  0.00000E+00
  2.60000E-01  1.00000E+00  1.00000E-04  0.00000E+00
  2.61000E-01  1.00000E+00  1.00000E-04  0.00000E+00
  2.62000E-01  1.00000E+00  1.00000E-04  4.92188E-11
  2.63000E-01  1.00000E+00  1.00000E-04  0.00000E+00
  2.64000E-01  1.00000E+00  1.00000E-04 -4.92487E-11
  2.65000E-01  1.00000E+00  1.00000E-04  0.00000E+00
  2.66000E-01  1.00000E+00  1.00000E-04  0.00000E+00
  2.67000E-01  1.00000E+00  1.00000E-04  0.00000E+00
  2.68000E-01  1.00000E+00  1.00000E-04  0.00000E+00
  2.69000E-01  1.00000E+00  1.00000E-04  0.00000E+00
  2.70000E-01  1.00000E+00  1.00000E-04  1.47762E-10
  2.71000E-01  1.00000E+00  1.00000E-04  9.84290E-11
  2.72000E-01  1.00000E+00  1.00000E-04 -4.92513E-11
  2.73000E-01  1.00000E+00  1.00000E-04 -4.92446E-10
  2.74000E-01  1.00000E+00  1.00000E-04  1.47827E-10
  2.75000E-01  1.00000E+00  1.00000E-04  4.92496E-11
  2.76000E-01  1.00000E+00  1.00000E-04  4.92327E-11
  2.77000E-01  1.00000E+00  1.00000E-04  4.92324E-11
  2.78000E-01  1.00000E+00  1.00000E-04 -4.92337E-11
  2.79000E-01  1.00000E+00  1.00000E-04 -7.76997E-17
  2.80000E-01  1.00000E+00  1.00000E-04  1.47532E-15
  2.81000E-01  1.00000E+00  1.00000E-04  1.43821E-15
  2.82000E-01  1.00000E+00  1.00000E-04  1.03793E-15
  2.83000E-01  1.00000E+00  1.00000E-04 -2.38680E-09
  2.84000E-01  1.00000E+00  1.00000E-04 -4.16525E-07
  2.85000E-01  1.00000E+00  1.00257E-04 -6.33540E-07
  2.86000E-01  1.00000E+00  1.00281E-04  5.06334E-07
  2.87000E-01  1.00000E+00  1.00000E-04  2.29672E-08
  2.88000E-01  1.00000E+00  1.00273E-04  7.94606E-09
  2.89000E-01  1.00000E+00  1.00000E-04  5.07473E-07
  2.90000E-01  1.00000E+00  1.00000E-04  7.74777E-09
  2.91000E-01  1.00000E+00  1.00000E-04  4.87729E-11
  2.92000E-01  1.00000E+00  1.00000E-04  4.92197E-11
  2.93000E-01  1.00000E+00  1.00000E-04 -4.92355E-11
  2.94000E-01  1.00000E+00  1.00000E-04 -1.47635E-10
  2.95000E-01  1.00000E+00  1.00000E-04  0.00000E+00
  2.96000E-01  1.00000E+00  1.00000E-04  0.00000E+00
  2.97000E-01  1.00000E+00  1.00000E-04  0.00000E+00
  2.98000E-01  1.00000E+00  1.00000E-04  0.00000E+00
  2.99000E-01  1.00000E+00  1.00000E-04  0.00000E+00
  3.00000E-01  1.00000E+00  1.00000E-04  0.00000E+00
  3.01000E-01  1.00000E+00  1.00000E-04  0.00000E+00
  3.02000E-01  1.00000E+00  1.00000E-04  0.00000E+00
  3.03000E-01  1.00000E+00  1.00000E-04  0.00000E+00
  3.04000E-01  1.00000E+00  1.00000E-04  0.00000E+00
  3.05000E-01  1.00000E+00  1.00000E-04  0.00000E+00
  3.06000E-01  1.00000E+00  1.00000E-04  0.00000E+00
  3.07000E-01  1.00000E+00  1.00000E-04  1.47718E-10
  3.08000E-01  1.00000E+00  1.00000E-04  9.84934E-11
  3.09000E-01  1.00000E+00  1.00000E-04 -1.47777E-10
  3.10000E-01  1.00000E+00  1.00000E-04 -9.85130E-11
  3.11000E-01  1.00000E+00  1.00000E-04  4.92232E-11
  3.12000E-01  1.00000E+00  1.00000E-04 -4.92084E-11
  3.13000E-01  1.00000E+00  1.00000E-04 -4.92590E-11
  3.14000E-01  1.00000E+00  1.00000E-04  2.46187E-11
  3.15000E-01  1.00000E+00  1.00000E-04  2.46200E-11
  3.16000E-01  1.00000E+00  1.00000E-04  7.76997E-17
  3.17000E-01  1.00000E+00  1.00000E-04  4.92242E-11
  3.18000E-01  1.00000E+00  1.00000E-04 -1.47679E-10
  3.19000E-01  1.00000E+00  1.00000E-04 -4.92556E-11
  3.20000E-01  1.00000E+00  1.00000E-04  1.97013E-10
  3.21000E-01  1.00000E+00  1.00000E-04 -4.92143E-11
  3.22000E-01  1.00000E+00  1.00000E-04 -1.97033E-10
  3.23000E-01  1.00000E+00  1.00000E-04  2.95454E-10
  3.24000E-01  1.00000E+00  1.00000E-04 -2.46074E-10
  3.25000E-01  1.00000E+00  1.00000E-04  2.46292E-11
  3.26000E-01  1.00000E+00  1.00000E-04  2.46265E-11
  3.27000E-01  1.00000E+00  1.00000E-04  1.64165E-11
  3.28000E-01  1.00000E+00  1.00000E-04  1.64065E-11
  3.29000E-01  1.00000E+00  1.00000E-04  1.64046E-11
  3.30000E-01  1.00000E+00  1.00000E-04  4.92064E-11
  3.31000E-01  1.00000E+00  1.00000E-04  0.00000E+00
  3.32000E-01  1.00000E+00  1.00000E-04  1.47695E-10
  3.33000E-01  1.00000E+00  1.00000E-04  4.92065E-11
  3.34000E-01  1.00000E+00  1.00000E-04 -1.47642E-10
  3.35000E-01  1.00000E+00  1.00000E-04  2.39237E-16
  3.36000E-01  1.00000E+00  1.00000E-04  1.03418E-16
  3.37000E-01  1.00000E+00  1.00000E-04 -4.92633E-11
  3.38000E-01  1.00000E+00  1.00000E-04  0.00000E+00
  3.39000E-01  1.00000E+00  1.00000E-04 -1.96886E-10
  3.40000E-01  1.00000E+00  1.00000E-04 -4.92549E-11
  3.41000E-01  1.00000E+00  1.00000E-04  1.96875E-10
  3.42000E-01  1.00000E+00  1.00000E-04 -4.92505E-11
  3.43000E-01  1.00000E+00  1.00000E-04  4.92379E-11
  3.44000E-01  1.00000E+00  1.00000E-04  6.29552E-10
  3.45000E-01  9.99999E-01  9.99999E-05 -7.76955E-10
  3.46000E-01  1.00000E+00  1.00000E-04 -4.30390E-10
  3.47000E-01  1.00000E+00  1.00000E-04 -2.18582E-09
  3.48000E-01  1.00000E+00  1.00001E-04  1.38664E-09
  3.49000E-01  1.00000E+00  9.99996E-05  2.37950E-09
  3.50000E-01  1.00000E+00  1.00000E-04 -1.28169E-09
  3.51000E-01  1.00000E+00  1.00000E-04  3.28608E-10
  3.52000E-01  1.00000E+00  1.00000E-04  0.00000E+00
  3.53000E-01  1.00000E+00  1.00000E-04  0.00000E+00
  3.54000E-01  1.00000E+00  1.00000E-04  0.00000E+00
  3.55000E-01  1.00000E+00  1.00000E-04  0.00000E+00
  3.56000E-01  1.00000E+00  1.00000E-04  0.00000E+00
  3.57000E-01  1.00000E+00  1.00000E-04  0.00000E+00
  3.58000E-01  1.00000E+00  1.00000E-04  0.00000E+00
  3.59000E-01  1.00000E+00  1.00000E-04  0.00000E+00
  3.60000E-01  1.00000E+00  1.00000E-04  0.00000E+00
  3.61000E-01  1.00000E+00  1.00000E-04 -7.76996E-17
  3.62000E-01  1.00000E+00  1.00000E-04  0.00000E+00
  3.63000E-01  1.00000E+00  1.00000E-04  7.76996E-17
  3.64000E-01  1.00000E+00  1.00000E-04  0.00000E+00
  3.65000E-01  1.00000E+00  1.00000E-04  0.00000E+00
  3.66000E-01  1.00000E+00  1.00000E-04  0.00000E+00
  3.67000E-01  1.00000E+00  1.00000E-04  0.00000E+00
  3.68000E-01  1.00000E+00  1.00000E-04  0.00000E+00
  3.69000E-01  1.00000E+00  1.00000E-04  0.00000E+00
  3.70000E-01  1.00000E+00  1.00000E-04  0.00000E+00
  3.71000E-01  1.00000E+00  1.00000E-04  0.00000E+00
  3.72000E-01  1.00000E+00  1.00000E-04 -9.84677E-11
  3.73000E-01  1.00000E+00  1.00000E-04 -9.84777E-11
  3.74000E-01  1.00000E+00  1.00000E-04  1.47749E-10
  3.75000E-01  1.00000E+00  1.00000E-04 -5.41558E-10
  3.76000E-01  1.00000E+00  1.00000E-04  7.78749E-17
  3.77000E-01  1.00000E+00  1.00000E-04  5.88715E-10
  3.78000E-01  1.00000E+00  1.00000E-04  2.28237E-12
  3.79000E-01  1.00000E+00  1.00000E-04  0.00000E+00
  3.80000E-01  1.00000E+00  1.00000E-04  0.00000E+00
  3.81000E-01  1.00000E+00  1.00000E-04  1.47716E-10
  3.82000E-01  1.00000E+00  1.00000E-04  4.92338E-11
  3.83000E-01  1.00000E+00  1.00000E-04 -1.47647E-10
  3.84000E-01  1.00000E+00  1.00000E-04  9.84675E-11
  3.85000E-01  1.00000E+00  1.00000E-04 -1.59962E-16
  3.86000E-01  1.00000E+00  1.00000E-04 -1.47706E-10
  3.87000E-01  1.00000E+00  1.00000E-04  0.00000E+00
  3.88000E-01  1.00000E+00  1.00000E-04  0.00000E+00
  3.89000E-01  1.00000E+00  1.00000E-04  0.00000E+00
  3.90000E-01  1.00000E+00  1.00000E-04  0.00000E+00
  3.91000E-01  1.00000E+00  1.00000E-04  0.00000E+00
  3.92000E-01  1.00000E+00  1.00000E-04  0.00000E+00
  3.93000E-01  1.00000E+00  1.00000E-04  0.00000E+00
  3.94000E-01  1.00000E+00  1.00000E-04  0.00000E+00
  3.95000E-01  1.00000E+00  1.00000E-04  0.00000E+00
  3.96000E-01  1.00000E+00  1.00000E-04  0.00000E+00
  3.97000E-01  1.00000E+00  1.00000E-04  1.47701E-10
  3.98000E-01  1.00000E+00  1.00000E-04 -1.47756E-10
  3.99000E-01  1.00000E+00  1.00000E-04 -4.92283E-11
  4.00000E-01  1.00000E+00  1.00000E-04  4.92234E-11
  4.01000E-01  1.00000E+00  1.00000E-04  0.00000E+00
  4.02000E-01  1.00000E+00  1.00000E-04  0.00000E+00
  4.03000E-01  1.00000E+00  1.00000E-04 -1.19779E-11
  4.04000E-01  1.00000E+00  1.00000E-04 -7.30066E-09
  4.05000E-01  1.00000E+00  1.00000E-04 -4.83450E-07
  4.06000E-01  1.00000E+00  1.00257E-04 -5.69383E-11
  4.07000E-01  1.00000E+00  1.00000E-04  4.83378E-07
  4.08000E-01  1.00000E+00  1.00000E-04  7.44027E-09
  4.09000E-01  1.00000E+00  1.00000E-04  1.24001E-11
  4.10000E-01  1.00000E+00  1.00000E-04  0.00000E+00
  4.11000E-01  1.00000E+00  1.00000E-04  0.00000E+00
  4.12000E-01  1.00000E+00  1.00000E-04  0.00000E+00
  4.13000E-01  1.00000E+00  1.00000E-04  0.00000E+00
  4.14000E-01  1.00000E+00  1.00000E-04 -1.23959E-11
  4.15000E-01  1.00000E+00  1.00000E-04 -7.43863E-09
  4.16000E-01  1.00000E+00  1.00000E-04 -4.83457E-07
  4.17000E-01  1.00000E+00  1.00257E-04 -3.74027E-13
  4.18000E-01  1.00000E+00  1.00000E-04  4.83439E-07
  4.19000E-01  1.00000E+00  1.00000E-04  7.45627E-09
  4.20000E-01  1.00000E+00  1.00000E-04  4.81033E-11
  4.21000E-01  1.00000E+00  1.00000E-04  0.00000E+00
  4.22000E-01  1.00000E+00  1.00000E-04  0.00000E+00
  4.23000E-01  1.00000E+00  1.00000E-04  1.96925E-10
  4.24000E-01  1.00000E+00  9.99999E-05  0.00000E+00
  4.25000E-01  1.00000E+00  1.00000E-04 -1.47737E-10
  4.26000E-01  1.00000E+00  1.00000E-04 -1.01786E-16
  4.27000E-01  1.00000E+00  1.00000E-04  1.08346E-09
  4.28000E-01  9.99996E-01  9.99996E-05  4.92382E-11
  4.29000E-01  1.00000E+00  1.00000E-04 -1.15544E-09
  4.30000E-01  1.00000E+00  1.00000E-04 -2.57396E-11
  4.31000E-01  1.00000E+00  1.00000E-04  0.00000E+00
  4.32000E-01  1.00000E+00  1.00000E-04  9.84844E-11
  4.33000E-01  1.00000E+00  1.00000E-04  0.00000E+00
  4.34000E-01  1.00000E+00  1.00000E-04 -9.84501E-11
  4.35000E-01  1.00000E+00  1.00000E-04  0.00000E+00
  4.36000E-01  1.00000E+00  1.00000E-04 -7.76996E-17
  4.37000E-01  1.00000E+00  1.00000E-04 -1.47780E-10
  4.38000E-01  1.00000E+00  1.00000E-04  4.92573E-11
  4.39000E-01  1.00000E+00  1.00000E-04  9.84717E-11
  4.40000E-01  1.00000E+00  1.00000E-04  0.00000E+00
  4.41000E-01  1.00000E+00  1.00000E-04  4.92539E-11
  4.42000E-01  1.00000E+00  1.00000E-04  0.00000E+00
  4.43000E-01  1.00000E+00  1.00000E-04 -4.92444E-11
  4.44000E-01  1.00000E+00  1.00000E-04  4.92520E-11
  4.45000E-01  1.00000E+00  1.00000E-04  0.00000E+00
  4.46000E-01  1.00000E+00  1.00000E-04 -4.92136E-11
  4.47000E-01  1.00000E+00  1.00000E-04  0.00000E+00
  4.48000E-01  1.00000E+00  1.00000E-04  0.00000E+00
  4.49000E-01  1.00000E+00  1.00000E-04  0.00000E+00
  4.50000E-01  1.00000E+00  1.00000E-04  4.92375E-11
  4.51000E-01  1.00000E+00  1.00000E-04 -1.97012E-10
  4.52000E-01  1.00000E+00  1.00000E-04 -4.92869E-11
  4.53000E-01  1.00000E+00  1.00000E-04  1.96849E-10
  4.54000E-01  1.00000E+00  1.00000E-04  4.92221E-11
  4.55000E-01  1.00000E+00  1.00000E-04  0.00000E+00
  4.56000E-01  1.00000E+00  1.00000E-04 -2.46234E-11
  4.57000E-01  1.00000E+00  1.00000E-04 -2.46230E-11
  4.58000E-01  1.00000E+00  1.00000E-04  7.76996E-17
  4.59000E-01  1.00000E+00  1.00000E-04  0.00000E+00
  4.60000E-01  1.00000E+00  1.00000E-04  4.92161E-11
  4.61000E-01  1.00000E+00  1.00000E-04 -9.84265E-11
  4.62000E-01  1.00000E+00  1.00000E-04 -4.92568E-11
  4.63000E-01  1.00000E+00  1.00000E-04  9.85016E-11
  4.64000E-01  1.00000E+00  1.00000E-04  4.92338E-11
  4.65000E-01  1.00000E+00  1.00000E-04  0.00000E+00
  4.66000E-01  1.00000E+00  1.00000E-04 -4.92248E-11
  4.67000E-01  1.00000E+00  1.00000E-04  4.92511E-11
  4.68000E-01  1.00000E+00  1.00000E-04  4.92080E-11
  4.69000E-01  1.00000E+00  1.00000E-04 -2.46228E-10
  4.70000E-01  1.00000E+00  1.00000E-04  9.84994E-11
  4.71000E-01  1.00000E+00  1.00000E-04  4.92400E-11
  4.72000E-01  1.00000E+00  1.00000E-04 -1.96916E-10
  4.73000E-01  1.00000E+00  1.00000E-04  4.92635E-11
  4.74000E-01  1.00000E+00  1.00000E-04  1.47649E-10
  4.75000E-01  1.00000E+00  1.00000E-04 -6.59449E-16
  4.76000E-01  1.00000E+00  1.00000E-04  8.54695E-17
  4.77000E-01  1.00000E+00  1.00000E-04 -9.84308E-11
  4.78000E-01  1.00000E+00  1.00000E-04  4.92621E-11
  4.79000E-01  1.00000E+00  1.00000E-04  9.84346E-11
  4.80000E-01  1.00000E+00  1.00000E-04  9.84390E-11
  4.81000E-01  1.00000E+00  1.00000E-04  4.92513E-11
  4.82000E-01  1.00000E+00  1.00000E-04 -1.47671E-10
  4.83000E-01  1.00000E+00  1.00000E-04 -3.44653E-10
  4.84000E-01  1.00000E+00  1.00000E-04 -1.77739E-10
  4.85000E-01  1.00000E+00  1.00000E-04  9.40839E-10
  4.86000E-01  1.00000E+00  9.99999E-05 -1.22894E-10
  4.87000E-01  1.00000E+00  1.00000E-04 -9.67478E-16
  4.88000E-01  9.99999E-01  9.99999E-05 -2.52052E-11
  4.89000E-01  1.00000E+00  1.00000E-04 -2.25618E-09
  4.90000E-01  1.00000E+00  1.00000E-04  8.03397E-10
  4.91000E-01  1.00000E+00  1.00000E-04  1.13204E-09
  4.92000E-01  1.00000E+00  1.00000E-04  3.44611E-10
  4.93000E-01  9.99999E-01  9.99999E-05 -4.92626E-11
  4.94000E-01  1.00000E+00  1.00000E-04 -2.95468E-10
  4.95000E-01  1.00000E+00  1.00000E-04  0.00000E+00
  4.96000E-01  1.00000E+00  1.00000E-04  0.00000E+00
  4.97000E-01  1.00000E+00  1.00000E-04  0.00000E+00
  4.98000E-01  1.00000E+00  1.00000E-04  0.00000E+00
  4.99000E-01  1.00000E+00  1.00000E-04  0.00000E+00
  5.00000E-01  1.00000E+00  1.00000E-04  0.00000E+00
  5.01000E-01  1.00000E+00  1.00000E-04  0.00000E+00
  5.02000E-01  1.00000E+00  1.00000E-04  0.00000E+00
  5.03000E-01  1.00000E+00  1.00000E-04  0.00000E+00
  5.04000E-01  1.00000E+00  1.00000E-04  2.26550E-12
  5.05000E-01  1.00000E+00  1.00000E-04  5.88530E-10
  5.06000E-01  9.99998E-01  9.99998E-05  0.00000E+00
  5.07000E-01  1.00000E+00  1.00000E-04 -5.88711E-10
  5.08000E-01  1.00000E+00  1.00000E-04 -2.27997E-12
  5.09000E-01  1.00000E+00  1.00000E-04  0.00000E+00
  5.10000E-01  1.00000E+00  1.00000E-04 -7.76996E-17
  5.11000E-01  1.00000E+00  1.00000E-04  0.00000E+00
  5.12000E-01  1.00000E+00  1.00000E-04  7.76995E-17
  5.13000E-01  1.00000E+00  1.00000E-04  0.00000E+00
  5.14000E-01  1.00000E+00  1.00000E-04  0.00000E+00
  5.15000E-01  1.00000E+00  1.00000E-04  0.00000E+00
  5.16000E-01  1.00000E+00  1.00000E-04  3.93981E-10
  5.17000E-01  9.99999E-01  9.99999E-05  0.00000E+00
  5.18000E-01  1.00000E+00  1.00000E-04 -3.94020E-10
  5.19000E-01  1.00000E+00  1.00000E-04  0.00000E+00
  5.20000E-01  1.00000E+00  1.00000E-04 -7.76996E-17
  5.21000E-01  1.00000E+00  1.00000E-04  0.00000E+00
  5.22000E-01  1.00000E+00  1.00000E-04  7.76996E-17
  5.23000E-01  1.00000E+00  1.00000E-04  0.00000E+00
  5.24000E-01  1.00000E+00  1.00000E-04  0.00000E+00
  5.25000E-01  1.00000E+00  1.00000E-04  0.00000E+00
  5.26000E-01  1.00000E+00  1.00000E-04  0.00000E+00
  5.27000E-01  1.00000E+00  1.00000E-04  0.00000E+00
  5.28000E-01  1.00000E+00  1.00000E-04  0.00000E+00
  5.29000E-01  1.00000E+00  1.00000E-04  1.96945E-10
  5.30000E-01  9.99999E-01  9.99999E-05  0.00000E+00
  5.31000E-01  1.00000E+00  1.00000E-04 -1.96936E-10
  5.32000E-01  1.00000E+00  1.00000E-04  0.00000E+00
  5.33000E-01  1.00000E+00  1.00000E-04 -4.92345E-11
  5.34000E-01  1.00000E+00  1.00000E-04 -4.92201E-11
  5.35000E-01  1.00000E+00  1.00000E-04  0.00000E+00
  5.36000E-01  1.00000E+00  1.00000E-04  4.92262E-11
  5.37000E-01  1.00000E+00  1.00000E-04  4.92340E-11
  5.38000E-01  1.00000E+00  1.00000E-04  0.00000E+00
  5.39000E-01  1.00000E+00  1.00000E-04  0.00000E+00
  5.40000E-01  1.00000E+00  1.00000E-04  0.00000E+00
  5.41000E-01  1.00000E+00  1.00000E-04 -4.92377E-11
  5.42000E-01  1.00000E+00  1.00000E-04  0.00000E+00
  5.43000E-01  1.00000E+00  1.00000E-04  4.92342E-11
  5.44000E-01  1.00000E+00  1.00000E-04  4.92331E-11
  5.45000E-01  1.00000E+00  1.00000E-04  0.00000E+00
  5.46000E-01  1.00000E+00  1.00000E-04 -4.92274E-11
  5.47000E-01  1.00000E+00  1.00000E-04  0.00000E+00
  5.48000E-01  1.00000E+00  1.00000E-04  0.00000E+00
  5.49000E-01  1.00000E+00  1.00000E-04  0.00000E+00
  5.50000E-01  1.00000E+00  1.00000E-04 -1.04927E-15
  5.51000E-01  1.00000E+00  1.00000E-04 -8.61812E-16
  5.52000E-01  1.00000E+00  1.00000E-04  1.91108E-15
  5.53000E-01  1.00000E+00  1.00000E-04  4.92340E-11
  5.54000E-01  1.00000E+00  1.00000E-04  0.00000E+00
  5.55000E-01  1.00000E+00  1.00000E-04 -4.92155E-11
  5.56000E-01  1.00000E+00  1.00000E-04  1.47747E-10
  5.57000E-01  1.00000E+00  1.00000E-04 -9.40165E-17
  5.58000E-01  1.00000E+00  1.00000E-04  0.00000E+00
  5.59000E-01  1.00000E+00  1.00000E-04  0.00000E+00
  5.60000E-01  1.00000E+00  1.00000E-04  0.00000E+00
  5.61000E-01  1.00000E+00  1.00000E-04  9.40165E-17
  5.62000E-01  1.00000E+00  1.00000E-04 -7.38558E-11
  5.63000E-01  1.00000E+00  1.00000E-04 -7.38561E-11
  5.64000E-01  1.00000E+00  1.00000E-04 -2.26202E-11
  5.65000E-01  1.00000E+00  1.00000E-04  2.26118E-11
  5.66000E-01  1.00000E+00  1.00000E-04  9.84754E-11
  5.67000E-01  1.00000E+00  1.00000E-04  0.00000E+00
  5.68000E-01  1.00000E+00  1.00000E-04 -9.84706E-11
  5.69000E-01  1.00000E+00  1.00000E-04  0.00000E+00
  5.70000E-01  1.00000E+00  1.00000E-04  9.85087E-11
  5.71000E-01  1.00000E+00  1.00000E-04 -9.40165E-17
  5.72000E-01  1.00000E+00  1.00000E-04  0.00000E+00
  5.73000E-01  1.00000E+00  1.00000E-04  9.40165E-17
  5.74000E-01  1.00000E+00  1.00000E-04 -9.84260E-11
  5.75000E-01  1.00000E+00  1.00000E-04  0.00000E+00
  5.76000E-01  1.00000E+00  1.00000E-04  0.00000E+00
  5.77000E-01  1.00000E+00  1.00000E-04  0.00000E+00
  5.78000E-01  1.00000E+00  1.00000E-04  0.00000E+00
  5.79000E-01  1.00000E+00  1.00000E-04  0.00000E+00
  5.80000E-01  1.00000E+00  1.00000E-04  0.00000E+00
  5.81000E-01  1.00000E+00  1.00000E-04  4.92210E-11
  5.82000E-01  1.00000E+00  1.00000E-04  0.00000E+00
  5.83000E-01  1.00000E+00  1.00000E-04 -1.47646E-10
  5.84000E-01  1.00000E+00  1.00000E-04  3.28369E-11
  5.85000E-01  1.00000E+00  1.00000E-04  3.28410E-11
  5.86000E-01  1.00000E+00  1.00000E-04  3.28367E-11
  5.87000E-01  1.00000E+00  1.00000E-04  0.00000E+00
  5.88000E-01  1.00000E+00  1.00000E-04  0.00000E+00
  5.89000E-01  1.00000E+00  1.00000E-04  0.00000E+00
  5.90000E-01  1.00000E+00  1.00000E-04  0.00000E+00
  5.91000E-01  1.00000E+00  1.00000E-04  0.00000E+00
  5.92000E-01  1.00000E+00  1.00000E-04  0.00000E+00
  5.93000E-01  1.00000E+00  1.00000E-04  1.47753E-10
  5.94000E-01  1.00000E+00  1.00000E-04 -1.03418E-16
  5.95000E-01  1.00000E+00  1.00000E-04 -9.40164E-17
  5.96000E-01  1.00000E+00  1.00000E-04  0.00000E+00
  5.97000E-01  1.00000E+00  1.00000E-04  3.58972E-16
  5.98000E-01  1.00000E+00  1.00000E-04  1.03418E-16
  5.99000E-01  1.00000E+00  1.00000E-04 -1.47648E-10
  6.00000E-01  1.00000E+00  1.00000E-04 -1.24106E-11
  6.01000E-01  1.00000E+00  1.00000E-04 -7.44532E-09
  6.02000E-01  1.00000E+00  1.00000E-04 -4.83873E-07
  6.03000E-01  1.00000E+00  1.00257E-04  1.97937E-10
  6.04000E-01  1.00000E+00  1.00000E-04  4.83581E-07
  6.05000E-01  1.00000E+00  1.00000E-04  7.47745E-09
  6.06000E-01  1.00000E+00  1.00000E-04  4.79658E-10
  6.07000E-01  9.99999E-01  9.99999E-05 -3.60510E-11
  6.08000E-01  1.00000E+00  1.00000E-04 -1.96972E-10
  6.09000E-01  9.99999E-01  9.99999E-05  4.92214E-11
  6.10000E-01  1.00000E+00  1.00000E-04 -2.46047E-10
  6.11000E-01  1.00000E+00  1.00000E-04 -4.92459E-11
  6.12000E-01  1.00000E+00  1.00000E-04  1.47741E-10
  6.13000E-01  1.00000E+00  1.00000E-04  0.00000E+00
  6.14000E-01  1.00000E+00  1.00000E-04 -1.47754E-10
  6.15000E-01  1.00000E+00  1.00000E-04  0.00000E+00
  6.16000E-01  1.00000E+00  1.00000E-04  0.00000E+00
  6.17000E-01  1.00000E+00  1.00000E-04  0.00000E+00
  6.18000E-01  1.00000E+00  1.00000E-04  0.00000E+00
  6.19000E-01  1.00000E+00  1.00000E-04  0.00000E+00
  6.20000E-01  1.00000E+00  1.00000E-04  0.00000E+00
  6.21000E-01  1.00000E+00  1.00000E-04  1.47653E-10
  6.22000E-01  1.00000E+00  1.00000E-04 -9.84275E-11
  6.23000E-01  1.00000E+00  1.00000E-04 -1.47738E-10
  6.24000E-01  1.00000E+00  1.00000E-04  4.92526E-11
  6.25000E-01  1.00000E+00  1.00000E-04  4.92481E-11
  6.26000E-01  1.00000E+00  1.00000E-04  0.00000E+00
  6.27000E-01  1.00000E+00  1.00000E-04 -4.92481E-11
  6.28000E-01  1.00000E+00  1.00000E-04  9.84366E-11
  6.29000E-01  1.00000E+00  1.00000E-04  0.00000E+00
  6.30000E-01  1.00000E+00  1.00000E-04 -1.13760E-16
  6.31000E-01  1.00000E+00  1.00000E-04  1.03418E-17
  6.32000E-01  1.00000E+00  1.00000E-04 -6.82979E-17
  6.33000E-01  1.00000E+00  1.00000E-04  8.62465E-17
  6.34000E-01  1.00000E+00  1.00000E-04  8.54695E-17
  6.35000E-01  1.00000E+00  1.00000E-04  0.00000E+00
  6.36000E-01  1.00000E+00  1.00000E-04 -4.92101E-11
  6.37000E-01  1.00000E+00  1.00000E-04 -4.92578E-11
  6.38000E-01  1.00000E+00  1.00000E-04  4.92477E-11
  6.39000E-01  1.00000E+00  1.00000E-04  4.92226E-11
  6.40000E-01  1.00000E+00  1.00000E-04  9.84819E-11
  6.41000E-01  1.00000E+00  1.00000E-04 -1.63169E-16
  6.42000E-01  1.00000E+00  1.00000E-04 -1.47679E-10
  6.43000E-01  1.00000E+00  1.00000E-04 -7.76996E-17
  6.44000E-01  1.00000E+00  1.00000E-04 -7.76995E-18
  6.45000E-01  1.00000E+00  1.00000E-04  8.54695E-17
  6.46000E-01  1.00000E+00  1.00000E-04  4.92482E-11
  6.47000E-01  1.00000E+00  1.00000E-04 -7.76996E-17
  6.48000E-01  1.00000E+00  1.00000E-04  4.92492E-11
  6.49000E-01  1.00000E+00  1.00000E-04  2.95247E-10
  6.50000E-01  9.99999E-01  9.99999E-05 -1.96899E-10
  6.51000E-01  1.00000E+00  1.00000E-04 -1.97045E-10
  6.52000E-01  1.00000E+00  1.00000E-04 -4.92467E-11
  6.53000E-01  1.00000E+00  1.00000E-04  4.92620E-11
  6.54000E-01  1.00000E+00  1.00000E-04 -1.01786E-16
  6.55000E-01  1.00000E+00  1.00000E-04 -2.95487E-10
  6.56000E-01  1.00000E+00  1.00000E-04 -9.40165E-17
  6.57000E-01  1.00000E+00  1.00000E-04  4.92590E-11
  6.58000E-01  1.00000E+00  1.00000E-04  2.95504E-10
  6.59000E-01  1.00000E+00  1.00000E-04 -9.85011E-11
  6.60000E-01  1.00000E+00  1.00000E-04 -4.92231E-11
  6.61000E-01  1.00000E+00  1.00000E-04  2.95332E-10
  6.62000E-01  1.00000E+00  1.00000E-04 -1.96991E-10
  6.63000E-01  1.00000E+00  1.00000E-04  8.54695E-17
  6.64000E-01  1.00000E+00  1.00000E-04  7.76996E-17
  6.65000E-01  1.00000E+00  1.00000E-04 -2.45102E-11
  6.66000E-01  1.00000E+00  1.00000E-04  1.05780E-09
  6.67000E-01  9.99998E-01  9.99998E-05 -2.95320E-10
  6.68000E-01  1.00000E+00  1.00000E-04 -6.30897E-10
  6.69000E-01  1.00000E+00  1.00000E-04  3.46364E-11
  6.70000E-01  1.00000E+00  1.00000E-04 -5.85492E-10
  6.71000E-01  1.00000E+00  1.00000E-04  0.00000E+00
  6.72000E-01  1.00000E+00  1.00000E-04  5.41817E-10
  6.73000E-01  1.00000E+00  1.00000E-04  1.47646E-10
  6.74000E-01  1.00000E+00  1.00000E-04 -9.84774E-11
  6.75000E-01  1.00000E+00  1.00000E-04 -6.56247E-11
  6.76000E-01  1.00000E+00  1.00000E-04 -6.56271E-11
  6.77000E-01  1.00000E+00  1.00000E-04 -6.56270E-11
  6.78000E-01  1.00000E+00  1.00000E-04  1.47720E-10
  6.79000E-01  1.00000E+00  1.00000E-04 -2.46276E-10
  6.80000E-01  1.00000E+00  1.00000E-04  9.85128E-11
  6.81000E-01  1.00000E+00  9.99999E-05  5.21785E-10
  6.82000E-01  9.99999E-01  9.99999E-05 -3.74165E-10
  6.83000E-01  1.00000E+00  1.00000E-04  2.46087E-11
  6.84000E-01  1.00000E+00  1.00000E-04  2.46075E-11
  6.85000E-01  1.00000E+00  1.00000E-04 -9.84475E-11
  6.86000E-01  1.00000E+00  1.00000E-04  2.46265E-10
  6.87000E-01  9.99999E-01  9.99999E-05 -4.92199E-11
  6.88000E-01  1.00000E+00  1.00000E-04 -2.46095E-10
  6.89000E-01  1.00000E+00  1.00000E-04  1.47612E-10
  6.90000E-01  1.00000E+00  1.00000E-04 -2.05458E-15
  6.91000E-01  1.00000E+00  1.00000E-04  8.86244E-10
  6.92000E-01  9.99999E-01  9.99997E-05 -3.93619E-10
  6.93000E-01  1.00000E+00  1.00000E-04 -6.87240E-10
  6.94000E-01  1.00000E+00  9.99999E-05 -1.00698E-10
  6.95000E-01  1.00000E+00  1.00000E-04 -5.81941E-10
  6.96000E-01  1.00000E+00  1.00000E-04  3.08588E-09
  6.97000E-01  9.99995E-01  9.99994E-05 -3.38052E-10
  6.98000E-01  1.00000E+00  1.00000E-04 -1.97753E-09
  6.99000E-01  1.00000E+00  1.00000E-04 -4.07729E-11
  7.00000E-01  1.00000E+00  1.00000E-04  0.00000E+00
  7.01000E-01  1.00000E+00  1.00000E-04  0.00000E+00
  7.02000E-01  1.00000E+00  1.00000E-04  0.00000E+00
  7.03000E-01  1.00000E+00  1.00000E-04  0.00000E+00
  7.04000E-01  1.00000E+00  1.00000E-04  0.00000E+00
  7.05000E-01  1.00000E+00  1.00000E-04  3.44714E-10
  7.06000E-01  1.00000E+00  9.99999E-05  1.96883E-10
  7.07000E-01  1.00000E+00  1.00000E-04 -9.35412E-10
  7.08000E-01  1.00000E+00  1.00000E-04  1.47736E-10
  7.09000E-01  1.00000E+00  1.00000E-04  2.46142E-10
  7.10000E-01  1.00000E+00  1.00000E-04  0.00000E+00
  7.11000E-01  1.00000E+00  1.00000E-04  0.00000E+00
  7.12000E-01  1.00000E+00  1.00000E-04  0.00000E+00
  7.13000E-01  1.00000E+00  1.00000E-04  0.00000E+00
  7.14000E-01  1.00000E+00  1.00000E-04  0.00000E+00
  7.15000E-01  1.00000E+00  1.00000E-04  0.00000E+00
  7.16000E-01  1.00000E+00  1.00000E-04  0.00000E+00
  7.17000E-01  1.00000E+00  1.00000E-04 -4.92279E-11
  7.18000E-01  1.00000E+00  1.00000E-04  0.00000E+00
  7.19000E-01  1.00000E+00  1.00000E-04  3.37158E-11
  7.20000E-01  1.00000E+00  1.00000E-04 -9.38565E-09
  7.21000E-01  1.00000E+00  1.00000E-04 -6.09919E-07
  7.22000E-01  1.00000E+00  1.00324E-04 -2.57806E-13
  7.23000E-01  1.00000E+00  1.00000E-04  6.09876E-07
  7.24000E-01  1.00000E+00  1.00000E-04  9.26216E-09
  7.25000E-01  1.00000E+00  1.00000E-04  5.08367E-11
  7.26000E-01  1.00000E+00  1.00000E-04  9.84363E-11
  7.27000E-01  1.00000E+00  1.00000E-04  0.00000E+00
  7.28000E-01  1.00000E+00  1.00000E-04  0.00000E+00
  7.29000E-01  1.00000E+00  1.00000E-04  0.00000E+00
  7.30000E-01  1.00000E+00  1.00000E-04  0.00000E+00
  7.31000E-01  1.00000E+00  1.00000E-04  0.00000E+00
  7.32000E-01  1.00000E+00  1.00000E-04  0.00000E+00
  7.33000E-01  1.00000E+00  1.00000E-04  0.00000E+00
  7.34000E-01  1.00000E+00  1.00000E-04  0.00000E+00
  7.35000E-01  1.00000E+00  1.00000E-04  0.00000E+00
  7.36000E-01  1.00000E+00  1.00000E-04  0.00000E+00
  7.37000E-01  1.00000E+00  1.00000E-04  0.00000E+00
  7.38000E-01  1.00000E+00  1.00000E-04  0.00000E+00
  7.39000E-01  1.00000E+00  1.00000E-04  0.00000E+00
  7.40000E-01  1.00000E+00  1.00000E-04  0.00000E+00
  7.41000E-01  1.00000E+00  1.00000E-04  0.00000E+00
  7.42000E-01  1.00000E+00  1.00000E-04 -9.84779E-11
  7.43000E-01  1.00000E+00  1.00000E-04 -4.92474E-11
  7.44000E-01  1.00000E+00  1.00000E-04  1.47728E-10
  7.45000E-01  1.00000E+00  1.00000E-04  7.76995E-17
  7.46000E-01  1.00000E+00  1.00000E-04  0.00000E+00
  7.47000E-01  1.00000E+00  1.00000E-04  0.00000E+00
  7.48000E-01  1.00000E+00  1.00000E-04  0.00000E+00
  7.49000E-01  1.00000E+00  1.00000E-04 -4.92440E-11
  7.50000E-01  1.00000E+00  1.00000E-04 -4.92419E-11
  7.51000E-01  1.00000E+00  1.00000E-04  9.84822E-11
  7.52000E-01  1.00000E+00  1.00000E-04  4.92153E-11
  7.53000E-01  1.00000E+00  1.00000E-04 -4.92155E-11
  7.54000E-01  1.00000E+00  1.00000E-04  0.00000E+00
  7.55000E-01  1.00000E+00  1.00000E-04  4.92449E-11
  7.56000E-01  1.00000E+00  1.00000E-04  0.00000E+00
  7.57000E-01  1.00000E+00  1.00000E-04 -4.92337E-11
  7.58000E-01  1.00000E+00  1.00000E-04  0.00000E+00
  7.59000E-01  1.00000E+00  1.00000E-04  0.00000E+00
  7.60000E-01  1.00000E+00  1.00000E-04  0.00000E+00
  7.61000E-01  1.00000E+00  1.00000E-04  0.00000E+00
  7.62000E-01  1.00000E+00  1.00000E-04  0.00000E+00
  7.63000E-01  1.00000E+00  1.00000E-04  0.00000E+00
  7.64000E-01  1.00000E+00  1.00000E-04  0.00000E+00
  7.65000E-01  1.00000E+00  1.00000E-04  0.00000E+00
  7.66000E-01  1.00000E+00  1.00000E-04  4.92317E-11
  7.67000E-01  1.00000E+00  1.00000E-04  0.00000E+00
  7.68000E-01  1.00000E+00  1.00000E-04 -4.92444E-11
  7.69000E-01  1.00000E+00  1.00000E-04 -2.95433E-10
  7.70000E-01  1.00000E+00  1.00000E-04 -1.36694E-11
  7.71000E-01  1.00000E+00  1.00000E-04 -8.40565E-09
  7.72000E-01  1.00000E+00  1.00000E-04 -5.64469E-07
  7.73000E-01  1.00000E+00  1.00300E-04 -5.48235E-11
  7.74000E-01  1.00000E+00  1.00000E-04  5.54960E-07
  7.75000E-01  1.00000E+00  1.00000E-04 -6.04526E-07
  7.76000E-01  1.00000E+00  1.00326E-04  5.19267E-11
  7.77000E-01  1.00000E+00  1.00000E-04  6.13525E-07
  7.78000E-01  1.00000E+00  1.00000E-04  9.58302E-09
  7.79000E-01  1.00000E+00  1.00000E-04  1.28415E-11
  7.80000E-01  1.00000E+00  1.00000E-04 -1.47706E-10
  7.81000E-01  1.00000E+00  1.00000E-04  4.92330E-11
  7.82000E-01  1.00000E+00  1.00000E-04  0.00000E+00
  7.83000E-01  1.00000E+00  1.00000E-04 -4.92250E-11
  7.84000E-01  1.00000E+00  1.00000E-04  1.47758E-10
  7.85000E-01  1.00000E+00  1.00000E-04  0.00000E+00
  7.86000E-01  1.00000E+00  1.00000E-04 -1.47731E-10
  7.87000E-01  1.00000E+00  1.00000E-04  0.00000E+00
  7.88000E-01  1.00000E+00  1.00000E-04  0.00000E+00
  7.89000E-01  1.00000E+00  1.00000E-04  0.00000E+00
  7.90000E-01  1.00000E+00  1.00000E-04  0.00000E+00
  7.91000E-01  1.00000E+00  1.00000E-04  0.00000E+00
  7.92000E-01  1.00000E+00  1.00000E-04 -4.92192E-11
  7.93000E-01  1.00000E+00  1.00000E-04  0.00000E+00
  7.94000E-01  1.00000E+00  1.00000E-04  4.92183E-11
  7.95000E-01  1.00000E+00  1.00000E-04 -4.92462E-11
  7.96000E-01  1.00000E+00  1.00000E-04  0.00000E+00
  7.97000E-01  1.00000E+00  1.00000E-04  4.92328E-11
  7.98000E-01  1.00000E+00  1.00000E-04  1.96929E-10
  7.99000E-01  9.99999E-01  9.99999E-05  0.00000E+00
  8.00000E-01  1.00000E+00  1.00000E-04 -1.96934E-10
  8.01000E-01  1.00000E+00  1.00000E-04  1.97013E-10
  8.02000E-01  9.99999E-01  9.99999E-05  0.00000E+00
  8.03000E-01  1.00000E+00  1.00000E-04 -1.96880E-10
  8.04000E-01  1.00000E+00  1.00000E-04 -1.23999E-11
  8.05000E-01  1.00000E+00  1.00000E-04 -7.44090E-09
  8.06000E-01  1.00000E+00  1.00000E-04 -4.83463E-07
  8.07000E-01  1.00000E+00  1.00257E-04 -4.38323E-11
  8.08000E-01  1.00000E+00  1.00000E-04  4.75879E-07
  8.09000E-01  1.00000E+00  1.00000E-04 -4.75795E-07
  8.10000E-01  1.00000E+00  1.00257E-04  4.44140E-11
  8.11000E-01  1.00000E+00  1.00000E-04  4.83484E-07
  8.12000E-01  1.00000E+00  1.00000E-04  7.58460E-09
  8.13000E-01  1.00000E+00  1.00000E-04  9.26507E-12
  8.14000E-01  1.00000E+00  1.00000E-04 -1.47703E-10
  8.15000E-01  1.00000E+00  1.00000E-04  1.47753E-10
  8.16000E-01  1.00000E+00  1.00000E-04  4.92301E-11
  8.17000E-01  1.00000E+00  1.00000E-04 -2.95393E-10
  8.18000E-01  1.00000E+00  1.00000E-04  4.92495E-11
  8.19000E-01  1.00000E+00  1.00000E-04  4.92326E-11
  8.20000E-01  1.00000E+00  1.00000E-04  0.00000E+00
  8.21000E-01  1.00000E+00  1.00000E-04  0.00000E+00
  8.22000E-01  1.00000E+00  1.00000E-04  0.00000E+00
  8.23000E-01  1.00000E+00  1.00000E-04  9.84643E-11
  8.24000E-01  1.00000E+00  1.00000E-04  2.47443E-16
  8.25000E-01  1.00000E+00  1.00000E-04 -4.92560E-11
  8.26000E-01  1.00000E+00  1.00000E-04  7.76995E-17
  8.27000E-01  1.00000E+00  1.00000E-04 -4.92386E-11
  8.28000E-01  1.00000E+00  1.00000E-04  0.00000E+00
  8.29000E-01  1.00000E+00  1.00000E-04  4.92361E-11
  8.30000E-01  1.00000E+00  1.00000E-04  0.00000E+00
  8.31000E-01  1.00000E+00  1.00000E-04 -4.92485E-11
  8.32000E-01  1.00000E+00  1.00000E-04  0.00000E+00
  8.33000E-01  1.00000E+00  1.00000E-04  0.00000E+00
  8.34000E-01  1.00000E+00  1.00000E-04  9.85127E-11
  8.35000E-01  1.00000E+00  1.00000E-04  0.00000E+00
  8.36000E-01  1.00000E+00  1.00000E-04 -9.84908E-11
  8.37000E-01  1.00000E+00  1.00000E-04 -1.51514E-11
  8.38000E-01  1.00000E+00  1.00000E-04 -9.20147E-09
  8.39000E-01  1.00000E+00  1.00000E-04 -5.98258E-07
  8.40000E-01  1.00000E+00  1.00318E-04 -1.97449E-10
  8.41000E-01  1.00000E+00  1.00000E-04  5.98634E-07
  8.42000E-01  1.00000E+00  1.00000E-04  9.30291E-09
  8.43000E-01  1.00000E+00  1.00000E-04  1.33778E-11
  8.44000E-01  1.00000E+00  1.00000E-04 -9.84851E-11
  8.45000E-01  1.00000E+00  1.00000E-04  4.92475E-11
  8.46000E-01  1.00000E+00  1.00000E-04  0.00000E+00
  8.47000E-01  1.00000E+00  1.00000E-04 -9.84695E-11
  8.48000E-01  1.00000E+00  1.00000E-04  4.92661E-11
  8.49000E-01  1.00000E+00  1.00000E-04  0.00000E+00
  8.50000E-01  1.00000E+00  1.00000E-04  0.00000E+00
  8.51000E-01  1.00000E+00  1.00000E-04 -2.46215E-11
  8.52000E-01  1.00000E+00  1.00000E-04 -2.46199E-11
  8.53000E-01  1.00000E+00  1.00000E-04  9.84481E-11
  8.54000E-01  1.00000E+00  1.00000E-04  4.47333E-11
  8.55000E-01  1.00000E+00  1.00000E-04  2.06251E-09
  8.56000E-01  9.99994E-01  9.99994E-05 -1.06089E-12
  8.57000E-01  1.00000E+00  1.00000E-04 -2.10110E-09
  8.58000E-01  1.00000E+00  1.00000E-04  3.87869E-10
  8.59000E-01  9.99999E-01  9.99999E-05  8.54695E-17
  8.60000E-01  1.00000E+00  1.00000E-04 -4.43172E-10
  8.61000E-01  1.00000E+00  1.00000E-04  0.00000E+00
  8.62000E-01  1.00000E+00  1.00000E-04  0.00000E+00
  8.63000E-01  1.00000E+00  1.00000E-04  0.00000E+00
  8.64000E-01  1.00000E+00  1.00000E-04  0.00000E+00
  8.65000E-01  1.00000E+00  1.00000E-04  0.00000E+00
  8.66000E-01  1.00000E+00  1.00000E-04  4.92431E-11
  8.67000E-01  1.00000E+00  1.00000E-04  9.84880E-11
  8.68000E-01  1.00000E+00  1.00000E-04 -1.47735E-10
  8.69000E-01  1.00000E+00  1.00000E-04  0.00000E+00
  8.70000E-01  1.00000E+00  1.00000E-04  0.00000E+00
  8.71000E-01  1.00000E+00  1.00000E-04  4.92550E-11
  8.72000E-01  1.00000E+00  1.00000E-04  1.47693E-10
  8.73000E-01  1.00000E+00  1.00000E-04 -2.95418E-10
  8.74000E-01  1.00000E+00  1.00000E-04  4.92534E-11
  8.75000E-01  1.00000E+00  1.00000E-04  4.92310E-11
  8.76000E-01  1.00000E+00  1.00000E-04  9.84420E-11
  8.77000E-01  1.00000E+00  1.00000E-04  0.00000E+00
  8.78000E-01  1.00000E+00  1.00000E-04 -1.47713E-10
  8.79000E-01  1.00000E+00  1.00000E-04  1.47751E-10
  8.80000E-01  1.00000E+00  1.00000E-04  4.92550E-11
  8.81000E-01  1.00000E+00  1.00000E-04  4.42961E-10
  8.82000E-01  9.99998E-01  9.99998E-05  7.76995E-17
  8.83000E-01  1.00000E+00  1.00000E-04 -5.84784E-10
  8.84000E-01  1.00000E+00  1.00000E-04  4.33661E-11
  8.85000E-01  1.00000E+00  1.00000E-04  0.00000E+00
  8.86000E-01  1.00000E+00  1.00000E-04 -4.92573E-11
  8.87000E-01  1.00000E+00  1.00000E-04  0.00000E+00
  8.88000E-01  1.00000E+00  1.00000E-04  0.00000E+00
  8.89000E-01  1.00000E+00  1.00000E-04  4.92452E-11
  8.90000E-01  1.00000E+00  1.00000E-04  0.00000E+00
  8.91000E-01  1.00000E+00  1.00000E-04 -4.92177E-11
  8.92000E-01  1.00000E+00  1.00000E-04  0.00000E+00
  8.93000E-01  1.00000E+00  1.00000E-04  0.00000E+00
  8.94000E-01  1.00000E+00  1.00000E-04  0.00000E+00
  8.95000E-01  1.00000E+00  1.00000E-04  4.92420E-11
  8.96000E-01  1.00000E+00  1.00000E-04 -4.92512E-11
  8.97000E-01  1.00000E+00  1.00000E-04  0.00000E+00
  8.98000E-01  1.00000E+00  1.00000E-04  0.00000E+00
  8.99000E-01  1.00000E+00  1.00000E-04 -2.44871E-16
  9.00000E-01  1.00000E+00  1.00000E-04  1.14794E-16
  9.01000E-01  1.00000E+00  1.00000E-04  1.30077E-16
  9.02000E-01  1.00000E+00  1.00000E-04  0.00000E+00
  9.03000E-01  1.00000E+00  1.00000E-04 -2.46188E-11
  9.04000E-01  1.00000E+00  1.00000E-04 -2.46178E-11
  9.05000E-01  1.00000E+00  1.00000E-04  8.54695E-17
  9.06000E-01  1.00000E+00  1.00000E-04 -9.84911E-11
  9.07000E-01  1.00000E+00  1.00000E-04  9.85196E-11
  9.08000E-01  1.00000E+00  1.00000E-04  4.92175E-11
  9.09000E-01  1.00000E+00  1.00000E-04  4.92384E-11
  9.10000E-01  1.00000E+00  1.00000E-04 -2.46161E-11
  9.11000E-01  1.00000E+00  1.00000E-04 -2.46165E-11
  9.12000E-01  1.00000E+00  1.00000E-04  7.76995E-17
  9.13000E-01  1.00000E+00  1.00000E-04  0.00000E+00
  9.14000E-01  1.00000E+00  1.00000E-04  0.00000E+00
  9.15000E-01  1.00000E+00  1.00000E-04  0.00000E+00
  9.16000E-01  1.00000E+00  1.00000E-04  1.96932E-10
  9.17000E-01  9.99999E-01  9.99999E-05  0.00000E+00
  9.18000E-01  1.00000E+00  1.00000E-04 -1.97001E-10
  9.19000E-01  1.00000E+00  1.00000E-04  0.00000E+00
  9.20000E-01  1.00000E+00  1.00000E-04  0.00000E+00
  9.21000E-01  1.00000E+00  1.00000E-04  2.46227E-10
  9.22000E-01  9.99999E-01  9.99999E-05  3.02648E-16
  9.23000E-01  1.00000E+00  1.00000E-04 -1.47647E-10
  9.24000E-01  1.00000E+00  1.00000E-04  1.47620E-10
  9.25000E-01  1.00000E+00  1.00000E-04 -1.47622E-10
  9.26000E-01  1.00000E+00  1.00000E-04 -9.84531E-11
  9.27000E-01  1.00000E+00  1.00000E-04  0.00000E+00
  9.28000E-01  1.00000E+00  1.00000E-04 -2.33099E-16
  9.29000E-01  1.00000E+00  1.00000E-04  7.76995E-17
  9.30000E-01  1.00000E+00  1.00000E-04  7.76995E-17
  9.31000E-01  1.00000E+00  1.00000E-04  4.92230E-11
  9.32000E-01  1.00000E+00  1.00000E-04  1.34428E-11
  9.33000E-01  1.00000E+00  1.00000E-04 -1.34428E-11
  9.34000E-01  1.00000E+00  1.00000E-04 -4.92511E-11
  9.35000E-01  1.00000E+00  1.00000E-04  0.00000E+00
  9.36000E-01  1.00000E+00  1.00000E-04 -9.84474E-11
  9.37000E-01  1.00000E+00  1.00000E-04  0.00000E+00
  9.38000E-01  1.00000E+00  1.00000E-04  2.95309E-10
  9.39000E-01  1.00000E+00  1.00000E-04  0.00000E+00
  9.40000E-01  1.00000E+00  1.00000E-04 -2.95481E-10
  9.41000E-01  1.00000E+00  1.00000E-04  0.00000E+00
  9.42000E-01  1.00000E+00  1.00000E-04  3.44531E-10
  9.43000E-01  1.00000E+00  1.00000E-04 -4.92114E-11
  9.44000E-01  1.00000E+00  1.00000E-04 -4.02828E-11
  9.45000E-01  1.00000E+00  1.00000E-04  1.31979E-09
  9.46000E-01  9.99996E-01  9.99996E-05  3.76034E-10
  9.47000E-01  1.00000E+00  1.00000E-04 -1.88010E-09
  9.48000E-01  1.00000E+00  1.00000E-04  3.87080E-11
  9.49000E-01  1.00000E+00  1.00000E-04  3.87076E-11
  9.50000E-01  1.00000E+00  1.00000E-04  1.47611E-10
  9.51000E-01  1.00000E+00  1.00000E-04  4.92405E-11
  9.52000E-01  1.00000E+00  1.00000E-04 -8.63496E-12
  9.53000E-01  1.00000E+00  1.00000E-04 -4.06101E-11
  9.54000E-01  1.00000E+00  1.00000E-04 -4.42938E-10
  9.55000E-01  1.00000E+00  1.00000E-04  1.47756E-10
  9.56000E-01  1.00000E+00  1.00000E-04  1.47782E-10
  9.57000E-01  1.00000E+00  1.00000E-04  4.92567E-11
  9.58000E-01  1.00000E+00  1.00000E-04  9.84553E-11
  9.59000E-01  1.00000E+00  1.00000E-04 -2.95222E-10
  9.60000E-01  1.00000E+00  1.00000E-04  4.92111E-11
  9.61000E-01  1.00000E+00  1.00000E-04  4.92413E-11
  9.62000E-01  1.00000E+00  1.00000E-04 -9.84473E-11
  9.63000E-01  1.00000E+00  1.00000E-04 -1.97034E-10
  9.64000E-01  1.00000E+00  1.00000E-04  4.92420E-10
  9.65000E-01  1.00000E+00  1.00000E-04  4.92238E-11
  9.66000E-01  1.00000E+00  1.00000E-04 -5.90444E-10
  9.67000E-01  1.00000E+00  1.00000E-04  1.97057E-10
  9.68000E-01  1.00000E+00  1.00000E-04 -1.21530E-16
  9.69000E-01  1.00000E+00  1.00000E-04 -4.92578E-11
  9.70000E-01  1.00000E+00  1.00000E-04  4.92431E-11
  9.71000E-01  1.00000E+00  1.00000E-04  3.44420E-10
  9.72000E-01  9.99999E-01  9.99999E-05  1.10150E-10
  9.73000E-01  1.00000E+00  1.00000E-04  1.56396E-09
  9.74000E-01  9.99995E-01  9.99995E-05  8.54468E-11
  9.75000E-01  1.00000E+00  1.00000E-04 -2.00595E-09
  9.76000E-01  1.00000E+00  1.00000E-04  1.48610E-10
  9.77000E-01  1.00000E+00  9.99999E-05  1.47714E-10
  9.78000E-01  1.00000E+00  1.00000E-04 -4.43122E-10
  9.79000E-01  9.99999E-01  1.00000E-04  1.47978E-15
  9.80000E-01  1.00000E+00  1.00000E-04  1.08240E-09
  9.81000E-01  9.99998E-01  9.99998E-05  4.92237E-11
  9.82000E-01  1.00000E+00  1.00000E-04 -1.41188E-09
  9.83000E-01  1.00000E+00  1.00000E-04  1.81872E-10
  9.84000E-01  1.00000E+00  1.00000E-04  3.26664E-11
  9.85000E-01  1.00000E+00  1.00000E-04  1.61204E-09
  9.86000E-01  9.99996E-01  9.99995E-05 -1.34903E-09
  9.87000E-01  1.00001E+00  1.00001E-04 -1.70990E-09
  9.88000E-01  1.00000E+00  1.00000E-04  1.20967E-09
  9.89000E-01  1.00000E+00  1.00000E-04  6.46365E-09
  9.90000E-01  9.99981E-01  9.99981E-05  5.76893E-10
  9.91000E-01  1.00000E+00  1.00000E-04 -6.40668E-09
  9.92000E-01  1.00000E+00  1.00000E-04 -1.35386E-10
  9.93000E-01  1.00000E+00  1.00000E-04  0.00000E+00
  9.94000E-01  1.00000E+00  1.00000E-04 -9.84528E-11
  9.95000E-01  1.00000E+00  1.00000E-04  0.00000E+00
  9.96000E-01  1.00000E+00  1.00000E-04  9.84961E-11
  9.97000E-01  1.00000E+00  1.00000E-04  0.00000E+00
  9.98000E-01  1.00000E+00  1.00000E-04  0.00000E+00
  9.99000E-01  1.00000E+00  1.00000E-04  0.00000E+00
