  0.00000E+00  4.16825E-05  6.08023E+01  2.26098E-02
  1.00000E-03  4.16830E-05  6.08035E+01  6.68782E-02
  2.00000E-03  4.16835E-05  6.08056E+01  1.17949E-01
  3.00000E-03  4.16857E-05  6.08074E+01  1.64545E-01
  4.00000E-03  4.16888E-05  6.08081E+01  1.99643E-01
  5.00000E-03  4.17020E-05  6.08078E+01  2.31206E-01
  6.00000E-03  4.17375E-05  6.08075E+01  2.66801E-01
  7.00000E-03  4.17867E-05  6.08077E+01  3.08348E-01
  8.00000E-03  4.18455E-05  6.08082E+01  3.56829E-01
  9.00000E-03  4.18978E-05  6.08084E+01  4.04947E-01
  1.00000E-02  4.19345E-05  6.08085E+01  4.51834E-01
  1.10000E-02  4.19623E-05  6.08085E+01  4.96973E-01
  1.20000E-02  4.20061E-05  6.08086E+01  5.41775E-01
  1.30000E-02  4.22885E-05  6.08087E+01  5.89839E-01
  1.40000E-02  4.33286E-05  6.08087E+01  6.35868E-01
  1.50000E-02  4.53840E-05  6.08089E+01  6.80146E-01
  1.60000E-02  4.81594E-05  6.08091E+01  7.25579E-01
  1.70000E-02  5.14793E-05  6.08094E+01  7.70781E-01
  1.80000E-02  5.50850E-05  6.08096E+01  8.17220E-01
  1.90000E-02  5.90426E-05  6.08097E+01  8.60526E-01
  2.00000E-02  6.33406E-05  6.08098E+01  9.02668E-01
  2.10000E-02  6.82118E-05  6.08100E+01  9.48465E-01
  2.20000E-02  7.32102E-05  6.08101E+01  9.95833E-01
  2.30000E-02  7.90797E-05  6.08101E+01  1.04004E+00
  2.40000E-02  8.53076E-05  6.08104E+01  1.08340E+00
  2.50000E-02  9.22135E-05  6.08103E+01  1.12757E+00
  2.60000E-02  1.00318E-04  6.08105E+01  1.17148E+00
  2.70000E-02  1.09238E-04  6.08104E+01  1.21513E+00
  2.80000E-02  1.19895E-04  6.08107E+01  1.25851E+00
  2.90000E-02  1.32242E-04  6.08107E+01  1.30012E+00
  3.00000E-02  1.46735E-04  6.08109E+01  1.34128E+00
  3.10000E-02  1.63770E-04  6.08108E+01  1.38266E+00
  3.20000E-02  1.84221E-04  6.08109E+01  1.42458E+00
  3.30000E-02  2.08198E-04  6.08108E+01  1.46885E+00
  3.40000E-02  2.37317E-04  6.08107E+01  1.50833E+00
  3.50000E-02  2.71492E-04  6.08110E+01  1.55132E+00
  3.60000E-02  3.11370E-04  6.08104E+01  1.59163E+00
  3.70000E-02  3.58415E-04  6.08114E+01  1.63233E+00
  3.80000E-02  4.11550E-04  6.08105E+01  1.67472E+00
  3.90000E-02  4.71857E-04  6.08108E+01  1.71403E+00
  4.00000E-02  5.39167E-04  6.08111E+01  1.75959E+00
  4.10000E-02  6.11393E-04  6.08106E+01  1.79831E+00
  4.20000E-02  6.91666E-04  6.08113E+01  1.84178E+00
  4.30000E-02  7.76576E-04  6.08104E+01  1.88146E+00
  4.40000E-02  8.67177E-04  6.08117E+01  1.92202E+00
  4.50000E-02  9.63807E-04  6.08108E+01  1.96265E+00
  4.60000E-02  1.06538E-03  6.08120E+01  2.00240E+00
  4.70000E-02  1.17454E-03  6.08117E+01  2.04382E+00
  4.80000E-02  1.28630E-03  6.08126E+01  2.08158E+00
  4.90000E-02  1.40615E-03  6.08140E+01  2.12387E+00
  5.00000E-02  1.53170E-03  6.08150E+01  2.16170E+00
  5.10000E-02  1.66470E-03  6.08152E+01  2.20312E+00
  5.20000E-02  1.80560E-03  6.08154E+01  2.24803E+00
  5.30000E-02  1.95439E-03  6.08147E+01  2.29480E+00
  5.40000E-02  2.11226E-03  6.08147E+01  2.34096E+00
  5.50000E-02  2.27963E-03  6.08145E+01  2.38761E+00
  5.60000E-02  2.46297E-03  6.08143E+01  2.43437E+00
  5.70000E-02  2.64923E-03  6.08140E+01  2.48230E+00
  5.80000E-02  2.85955E-03  6.08137E+01  2.52753E+00
  5.90000E-02  3.07497E-03  6.08137E+01  2.57350E+00
  6.00000E-02  3.31676E-03  6.08137E+01  2.61992E+00
  6.10000E-02  3.56341E-03  6.08128E+01  2.66674E+00
  6.20000E-02  3.83277E-03  6.08176E+01  2.71561E+00
  6.30000E-02  4.12726E-03  6.08248E+01  2.75201E+00
  6.40000E-02  4.42917E-03  6.08329E+01  2.79505E+00
  6.50000E-02  4.75223E-03  6.08377E+01  2.82574E+00
  6.60000E-02  5.08886E-03  6.08293E+01  2.86264E+00
  6.70000E-02  5.45131E-03  6.08228E+01  2.89179E+00
  6.80000E-02  5.82569E-03  6.08103E+01  2.92315E+00
  6.90000E-02  6.21554E-03  6.08096E+01  2.97446E+00
  7.00000E-02  6.62569E-03  6.08209E+01  3.01067E+00
  7.10000E-02  7.05286E-03  6.08348E+01  3.04611E+00
  7.20000E-02  7.49019E-03  6.08379E+01  3.09366E+00
  7.30000E-02  7.94538E-03  6.08377E+01  3.13760E+00
  7.40000E-02  8.43235E-03  6.08452E+01  3.17809E+00
  7.50000E-02  8.92868E-03  6.08643E+01  3.20534E+00
  7.60000E-02  9.43878E-03  6.08797E+01  3.23992E+00
  7.70000E-02  9.97545E-03  6.08863E+01  3.27884E+00
  7.80000E-02  1.05512E-02  6.08938E+01  3.32291E+00
  7.90000E-02  1.11218E-02  6.08999E+01  3.36303E+00
  8.00000E-02  1.17406E-02  6.09018E+01  3.40092E+00
  8.10000E-02  1.23817E-02  6.09025E+01  3.45649E+00
  8.20000E-02  1.30387E-02  6.09057E+01  3.49951E+00
  8.30000E-02  1.37403E-02  6.09159E+01  3.54497E+00
  8.40000E-02  1.44533E-02  6.09160E+01  3.58517E+00
  8.50000E-02  1.52377E-02  6.09210E+01  3.61579E+00
  8.60000E-02  1.60145E-02  6.09400E+01  3.67090E+00
  8.70000E-02  1.68529E-02  6.09459E+01  3.72627E+00
  8.80000E-02  1.76878E-02  6.09465E+01  3.76937E+00
  8.90000E-02  1.85980E-02  6.09498E+01  3.81111E+00
  9.00000E-02  1.95170E-02  6.09608E+01  3.84723E+00
  9.10000E-02  2.04918E-02  6.09796E+01  3.88888E+00
  9.20000E-02  2.15080E-02  6.09879E+01  3.92958E+00
  9.30000E-02  2.25549E-02  6.10001E+01  3.98381E+00
  9.40000E-02  2.36556E-02  6.09993E+01  4.03085E+00
  9.50000E-02  2.47874E-02  6.10056E+01  4.08449E+00
  9.60000E-02  2.59734E-02  6.10125E+01  4.13281E+00
  9.70000E-02  2.72228E-02  6.10434E+01  4.16908E+00
  9.80000E-02  2.85175E-02  6.10587E+01  4.21251E+00
  9.90000E-02  2.98508E-02  6.10581E+01  4.25150E+00
  1.00000E-01  3.12205E-02  6.10815E+01  4.29291E+00
  1.01000E-01  3.26953E-02  6.10736E+01  4.32309E+00
  1.02000E-01  3.41468E-02  6.10989E+01  4.37612E+00
  1.03000E-01  3.57350E-02  6.11479E+01  4.41851E+00
  1.04000E-01  3.73647E-02  6.11713E+01  4.47358E+00
  1.05000E-01  3.89729E-02  6.11680E+01  4.51140E+00
  1.06000E-01  4.07285E-02  6.11833E+01  4.54404E+00
  1.07000E-01  4.25309E-02  6.12356E+01  4.58685E+00
  1.08000E-01  4.43636E-02  6.12898E+01  4.64046E+00
  1.09000E-01  4.62695E-02  6.12838E+01  4.66604E+00
  1.10000E-01  4.82547E-02  6.13207E+01  4.71160E+00
  1.11000E-01  5.02908E-02  6.13920E+01  4.77016E+00
  1.12000E-01  5.24276E-02  6.14067E+01  4.81135E+00
  1.13000E-01  5.45738E-02  6.14140E+01  4.85802E+00
  1.14000E-01  5.68535E-02  6.14459E+01  4.89149E+00
  1.15000E-01  5.91741E-02  6.14878E+01  4.92729E+00
  1.16000E-01  6.15645E-02  6.15248E+01  4.96572E+00
  1.17000E-01  6.40931E-02  6.15872E+01  5.02294E+00
  1.18000E-01  6.66482E-02  6.16160E+01  5.05908E+00
  1.19000E-01  6.92818E-02  6.16773E+01  5.09295E+00
  1.20000E-01  7.20633E-02  6.17689E+01  5.14058E+00
  1.21000E-01  7.48915E-02  6.17969E+01  5.17631E+00
  1.22000E-01  7.77857E-02  6.18411E+01  5.24001E+00
  1.23000E-01  8.07524E-02  6.18894E+01  5.29177E+00
  1.24000E-01  8.39372E-02  6.19390E+01  5.34018E+00
  1.25000E-01  8.71136E-02  6.20425E+01  5.36460E+00
  1.26000E-01  9.04419E-02  6.21189E+01  5.42982E+00
  1.27000E-01  9.37872E-02  6.21260E+01  5.47961E+00
  1.28000E-01  9.72383E-02  6.21589E+01  5.50386E+00
  1.29000E-01  1.00948E-01  6.23072E+01  5.55055E+00
  1.30000E-01  1.04681E-01  6.23814E+01  5.59486E+00
  1.31000E-01  1.08436E-01  6.24242E+01  5.62990E+00
  1.32000E-01  1.12514E-01  6.25519E+01  5.67719E+00
  1.33000E-01  1.16557E-01  6.26205E+01  5.71258E+00
  1.34000E-01  1.20903E-01  6.27342E+01  5.76311E+00
  1.35000E-01  1.25116E-01  6.28376E+01  5.82161E+00
  1.36000E-01  1.29641E-01  6.28935E+01  5.86261E+00
  1.37000E-01  1.34283E-01  6.30859E+01  5.91051E+00
  1.38000E-01  1.39002E-01  6.31881E+01  5.96823E+00
  1.39000E-01  1.43918E-01  6.32308E+01  6.01308E+00
  1.40000E-01  1.48665E-01  6.33481E+01  6.05541E+00
  1.41000E-01  1.54046E-01  6.34200E+01  6.09170E+00
  1.42000E-01  1.59240E-01  6.36146E+01  6.14492E+00
  1.43000E-01  1.64749E-01  6.37445E+01  6.19075E+00
  1.44000E-01  1.70419E-01  6.38657E+01  6.21953E+00
  1.45000E-01  1.76222E-01  6.40920E+01  6.28287E+00
  1.46000E-01  1.82120E-01  6.42085E+01  6.31865E+00
  1.47000E-01  1.88426E-01  6.43670E+01  6.36624E+00
  1.48000E-01  1.94687E-01  6.46072E+01  6.42996E+00
  1.49000E-01  2.01155E-01  6.47035E+01  6.46993E+00
  1.50000E-01  2.07967E-01  6.48949E+01  6.52156E+00
  1.51000E-01  2.14878E-01  6.50976E+01  6.57795E+00
  1.52000E-01  2.21798E-01  6.52120E+01  6.61532E+00
  1.53000E-01  2.29579E-01  6.55004E+01  6.67555E+00
  1.54000E-01  2.36926E-01  6.57338E+01  6.71770E+00
  1.55000E-01  2.44843E-01  6.58974E+01  6.74658E+00
  1.56000E-01  2.52708E-01  6.62149E+01  6.81768E+00
  1.57000E-01  2.61431E-01  6.64595E+01  6.86548E+00
  1.58000E-01  2.69179E-01  6.65755E+01  6.90285E+00
  1.59000E-01  2.78477E-01  6.69250E+01  6.97349E+00
  1.60000E-01  2.87277E-01  6.71606E+01  7.01662E+00
  1.61000E-01  2.96730E-01  6.74583E+01  7.06369E+00
  1.62000E-01  3.06693E-01  6.78562E+01  7.13295E+00
  1.63000E-01  3.15960E-01  6.80271E+01  7.16125E+00
  1.64000E-01  3.26753E-01  6.83932E+01  7.21471E+00
  1.65000E-01  3.37204E-01  6.88132E+01  7.28511E+00
  1.66000E-01  3.47930E-01  6.90360E+01  7.32036E+00
  1.67000E-01  3.59307E-01  6.94327E+01  7.38372E+00
  1.68000E-01  3.71076E-01  6.99111E+01  7.45111E+00
  1.69000E-01  3.83061E-01  7.01350E+01  7.47867E+00
  1.70000E-01  3.95256E-01  7.06148E+01  7.53838E+00
  1.71000E-01  4.08803E-01  7.11833E+01  7.61752E+00
  1.72000E-01  4.21707E-01  7.14635E+01  7.64944E+00
  1.73000E-01  4.34731E-01  7.18898E+01  7.70257E+00
  1.74000E-01  4.50467E-01  7.26186E+01  7.78873E+00
  1.75000E-01  4.63886E-01  7.29270E+01  7.82515E+00
  1.76000E-01  4.78786E-01  7.33819E+01  7.87547E+00
  1.77000E-01  4.95534E-01  7.41346E+01  7.96167E+00
  1.78000E-01  5.10779E-01  7.45600E+01  8.00188E+00
  1.79000E-01  5.27701E-01  7.50799E+01  8.05211E+00
  1.80000E-01  5.46215E-01  7.59730E+01  8.14296E+00
  1.81000E-01  5.63147E-01  7.64043E+01  8.18560E+00
  1.82000E-01  5.81986E-01  7.69756E+01  8.23084E+00
  1.83000E-01  6.01934E-01  7.79296E+01  8.32722E+00
  1.84000E-01  6.22360E-01  7.86069E+01  8.38271E+00
  1.85000E-01  6.41694E-01  7.90893E+01  8.41804E+00
  1.86000E-01  6.64835E-01  8.01958E+01  8.51489E+00
  1.87000E-01  6.87466E-01  8.10184E+01  8.58463E+00
  1.88000E-01  7.09663E-01  8.15753E+01  8.61352E+00
  1.89000E-01  7.34268E-01  8.26578E+01  8.69883E+00
  1.90000E-01  7.61664E-01  8.38398E+01  8.78859E+00
  1.91000E-01  7.85563E-01  8.44136E+01  8.82397E+00
  1.92000E-01  8.12992E-01  8.55046E+01  8.89812E+00
  1.93000E-01  8.44597E-01  8.69494E+01  9.00417E+00
  1.94000E-01  8.72037E-01  8.77518E+01  9.04717E+00
  1.95000E-01  9.01332E-01  8.86467E+01  9.09626E+00
  1.96000E-01  9.37775E-01  9.03898E+01  9.21021E+00
  1.97000E-01  9.70836E-01  9.16705E+01  9.28205E+00
  1.98000E-01  1.00313E+00  9.24769E+01  9.32078E+00
  1.99000E-01  1.04191E+00  9.41446E+01  9.42369E+00
  2.00000E-01  1.08287E+00  9.59557E+01  9.51583E+00
  2.01000E-01  1.11995E+00  9.70088E+01  9.55326E+00
  2.02000E-01  1.16215E+00  9.85655E+01  9.63760E+00
  2.03000E-01  1.20978E+00  1.00656E+02  9.76043E+00
  2.04000E-01  1.25383E+00  1.02154E+02  9.81685E+00
  2.05000E-01  1.30013E+00  1.03660E+02  9.86599E+00
  2.06000E-01  1.35570E+00  1.06119E+02  9.97951E+00
  2.07000E-01  1.40857E+00  1.08166E+02  1.00811E+01
  2.08000E-01  1.46089E+00  1.09713E+02  1.01293E+01
  2.09000E-01  1.52161E+00  1.12070E+02  1.02189E+01
  2.10000E-01  1.58843E+00  1.14970E+02  1.03358E+01
  2.11000E-01  1.65124E+00  1.17068E+02  1.04041E+01
  2.12000E-01  1.71743E+00  1.19277E+02  1.04689E+01
  2.13000E-01  1.79406E+00  1.22424E+02  1.05896E+01
  2.14000E-01  1.87140E+00  1.25352E+02  1.06929E+01
  2.15000E-01  1.94746E+00  1.27778E+02  1.07561E+01
  2.16000E-01  2.03432E+00  1.31078E+02  1.08501E+01
  2.17000E-01  2.13004E+00  1.34932E+02  1.09668E+01
  2.18000E-01  2.22198E+00  1.37958E+02  1.10449E+01
  2.19000E-01  2.32115E+00  1.41334E+02  1.11273E+01
  2.20000E-01  2.43227E+00  1.45685E+02  1.12474E+01
  2.21000E-01  2.54530E+00  1.49928E+02  1.13434E+01
  2.22000E-01  2.66043E+00  1.53346E+02  1.14175E+01
  2.23000E-01  2.79604E+00  1.58397E+02  1.15370E+01
  2.24000E-01  2.93498E+00  1.63850E+02  1.16617E+01
  2.25000E-01  3.05955E+00  1.67999E+02  1.17127E+01
  2.26000E-01  3.21757E+00  1.72283E+02  1.17898E+01
  2.27000E-01  3.42863E+00  1.79998E+02  1.19998E+01
  2.28000E-01  3.56918E+00  1.86234E+02  1.20688E+01
  2.29000E-01  3.57983E+00  1.79077E+02  1.18256E+01
  2.30000E-01  2.96473E+00  1.19312E+02  9.68205E+00
  2.31000E-01  1.65625E+00  2.81233E+01  3.94095E+00
  2.32000E-01  1.09795E+00  8.94848E-01  3.12728E-01
  2.33000E-01  1.00417E+00  4.67328E-04  9.28816E-04
  2.34000E-01  1.00000E+00  1.00001E-04  2.05799E-07
  2.35000E-01  1.00000E+00  1.00000E-04  8.24516E-11
  2.36000E-01  1.00000E+00  1.00000E-04  0.00000E+00
  2.37000E-01  1.00000E+00  1.00000E-04  0.00000E+00
  2.38000E-01  1.00000E+00  1.00000E-04  0.00000E+00
  2.39000E-01  1.00000E+00  1.00000E-04  0.00000E+00
  2.40000E-01  1.00000E+00  1.00000E-04  0.00000E+00
  2.41000E-01  1.00000E+00  1.00000E-04  0.00000E+00
  2.42000E-01  1.00000E+00  1.00000E-04  0.00000E+00
  2.43000E-01  1.00000E+00  1.00000E-04  0.00000E+00
  2.44000E-01  1.00000E+00  1.00000E-04  0.00000E+00
  2.45000E-01  1.00000E+00  1.00000E-04  0.00000E+00
  2.46000E-01  1.00000E+00  1.00000E-04  0.00000E+00
  2.47000E-01  1.00000E+00  1.00000E-04 -4.49788E-10
  2.48000E-01  1.00000E+00  1.00000E-04  0.00000E+00
  2.49000E-01  1.00000E+00  1.00000E-04  4.49534E-10
  2.50000E-01  1.00000E+00  1.00000E-04  0.00000E+00
  2.51000E-01  1.00000E+00  1.00000E-04  0.00000E+00
  2.52000E-01  1.00000E+00  1.00000E-04  1.22638E-10
  2.53000E-01  1.00000E+00  1.00000E-04 -8.17333E-11
  2.54000E-01  1.00000E+00  1.00000E-04 -8.17689E-11
  2.55000E-01  1.00000E+00  1.00000E-04 -4.08694E-11
  2.56000E-01  1.00000E+00  1.00000E-04  8.54697E-17
  2.57000E-01  1.00000E+00  1.00000E-04  8.17575E-11
  2.58000E-01  1.00000E+00  1.00000E-04  0.00000E+00
  2.59000E-01  1.00000E+00  1.00000E-04  0.00000E+00
  2.60000E-01  1.00000E+00  1.00000E-04  0.00000E+00
  2.61000E-01  1.00000E+00  1.00000E-04  0.00000E+00
  2.62000E-01  1.00000E+00  1.00000E-04  4.08683E-11
  2.63000E-01  1.00000E+00  1.00000E-04  0.00000E+00
  2.64000E-01  1.00000E+00  1.00000E-04 -4.08900E-11
  2.65000E-01  1.00000E+00  1.00000E-04  0.00000E+00
  2.66000E-01  1.00000E+00  1.00000E-04  0.00000E+00
  2.67000E-01  1.00000E+00  1.00000E-04  0.00000E+00
  2.68000E-01  1.00000E+00  1.00000E-04  0.00000E+00
  2.69000E-01  1.00000E+00  1.00000E-04  0.00000E+00
  2.70000E-01  1.00000E+00  1.00000E-04  1.22679E-10
  2.71000E-01  1.00000E+00  1.00000E-04  8.17304E-11
  2.72000E-01  1.00000E+00  1.00000E-04 -4.08916E-11
  2.73000E-01  1.00000E+00  1.00000E-04 -4.08868E-10
  2.74000E-01  1.00000E+00  1.00000E-04  1.22729E-10
  2.75000E-01  1.00000E+00  1.00000E-04  4.08893E-11
  2.76000E-01  1.00000E+00  1.00000E-04  4.08791E-11
  2.77000E-01  1.00000E+00  1.00000E-04  4.08783E-11
  2.78000E-01  1.00000E+00  1.00000E-04 -4.08791E-11
  2.79000E-01  1.00000E+00  1.00000E-04 -7.76997E-17
  2.80000E-01  1.00000E+00  1.00000E-04  1.47532E-15
  2.81000E-01  1.00000E+00  1.00000E-04  1.43821E-15
  2.82000E-01  1.00000E+00  1.00000E-04  1.03793E-15
  2.83000E-01  1.00000E+00  1.00000E-04 -1.42787E-09
  2.84000E-01  1.00000E+00  1.00000E-04 -3.00492E-07
  2.85000E-01  1.00000E+00  1.00223E-04 -4.58393E-07
  2.86000E-01  1.00000E+00  1.00244E-04  3.67779E-07
  2.87000E-01  1.00000E+00  1.00000E-04  1.57037E-08
  2.88000E-01  1.00000E+00  1.00237E-04  4.75677E-09
  2.89000E-01  1.00000E+00  1.00000E-04  3.67464E-07
  2.90000E-01  1.00000E+00  1.00000E-04  4.65704E-09
  2.91000E-01  1.00000E+00  1.00000E-04  3.81357E-11
  2.92000E-01  1.00000E+00  1.00000E-04  4.08699E-11
  2.93000E-01  1.00000E+00  1.00000E-04 -4.08801E-11
  2.94000E-01  1.00000E+00  1.00000E-04 -1.22591E-10
  2.95000E-01  1.00000E+00  1.00000E-04  0.00000E+00
  2.96000E-01  1.00000E+00  1.00000E-04  0.00000E+00
  2.97000E-01  1.00000E+00  1.00000E-04  0.00000E+00
  2.98000E-01  1.00000E+00  1.00000E-04  0.00000E+00
  2.99000E-01  1.00000E+00  1.00000E-04  0.00000E+00
  3.00000E-01  1.00000E+00  1.00000E-04  0.00000E+00
  3.01000E-01  1.00000E+00  1.00000E-04  0.00000E+00
  3.02000E-01  1.00000E+00  1.00000E-04  0.00000E+00
  3.03000E-01  1.00000E+00  1.00000E-04  0.00000E+00
  3.04000E-01  1.00000E+00  1.00000E-04  0.00000E+00
  3.05000E-01  1.00000E+00  1.00000E-04  0.00000E+00
  3.06000E-01  1.00000E+00  1.00000E-04  0.00000E+00
  3.07000E-01  1.00000E+00  1.00000E-04  1.22654E-10
  3.08000E-01  1.00000E+00  1.00000E-04  8.17748E-11
  3.09000E-01  1.00000E+00  1.00000E-04 -1.22691E-10
  3.10000E-01  1.00000E+00  1.00000E-04 -8.17908E-11
  3.11000E-01  1.00000E+00  1.00000E-04  4.08726E-11
  3.12000E-01  1.00000E+00  1.00000E-04 -4.08605E-11
  3.13000E-01  1.00000E+00  1.00000E-04 -4.08976E-11
  3.14000E-01  1.00000E+00  1.00000E-04  2.04404E-11
  3.15000E-01  1.00000E+00  1.00000E-04  2.04425E-11
  3.16000E-01  1.00000E+00  1.00000E-04  7.76997E-17
  3.17000E-01  1.00000E+00  1.00000E-04  4.08731E-11
  3.18000E-01  1.00000E+00  1.00000E-04 -1.22619E-10
  3.19000E-01  1.00000E+00  1.00000E-04 -4.08949E-11
  3.20000E-01  1.00000E+00  1.00000E-04  1.63572E-10
  3.21000E-01  1.00000E+00  1.00000E-04 -4.08657E-11
  3.22000E-01  1.00000E+00  1.00000E-04 -1.63588E-10
  3.23000E-01  1.00000E+00  1.00000E-04  2.45315E-10
  3.24000E-01  1.00000E+00  1.00000E-04 -2.04325E-10
  3.25000E-01  1.00000E+00  1.00000E-04  2.04485E-11
  3.26000E-01  1.00000E+00  1.00000E-04  2.04484E-11
  3.27000E-01  1.00000E+00  1.00000E-04  1.36301E-11
  3.28000E-01  1.00000E+00  1.00000E-04  1.36230E-11
  3.29000E-01  1.00000E+00  1.00000E-04  1.36197E-11
  3.30000E-01  1.00000E+00  1.00000E-04  4.08592E-11
  3.31000E-01  1.00000E+00  1.00000E-04  0.00000E+00
  3.32000E-01  1.00000E+00  1.00000E-04  1.22632E-10
  3.33000E-01  1.00000E+00  1.00000E-04  4.08594E-11
  3.34000E-01  1.00000E+00  1.00000E-04 -1.22595E-10
  3.35000E-01  1.00000E+00  1.00000E-04  2.39237E-16
  3.36000E-01  1.00000E+00  1.00000E-04  1.03418E-16
  3.37000E-01  1.00000E+00  1.00000E-04 -4.09006E-11
  3.38000E-01  1.00000E+00  1.00000E-04  0.00000E+00
  3.39000E-01  1.00000E+00  1.00000E-04 -1.63482E-10
  3.40000E-01  1.00000E+00  1.00000E-04 -4.08941E-11
  3.41000E-01  1.00000E+00  1.00000E-04  1.63474E-10
  3.42000E-01  1.00000E+00  1.00000E-04 -4.08912E-11
  3.43000E-01  1.00000E+00  1.00000E-04  4.08822E-11
  3.44000E-01  1.00000E+00  1.00000E-04  5.29342E-10
  3.45000E-01  9.99999E-01  9.99999E-05 -6.51753E-10
  3.46000E-01  1.00000E+00  1.00000E-04 -3.53134E-10
  3.47000E-01  1.00000E+00  1.00000E-04 -1.82649E-09
  3.48000E-01  1.00000E+00  1.00001E-04  1.15875E-09
  3.49000E-01  1.00000E+00  9.99996E-05  1.98691E-09
  3.50000E-01  1.00000E+00  1.00000E-04 -1.08111E-09
  3.51000E-01  1.00000E+00  1.00000E-04  2.78498E-10
  3.52000E-01  1.00000E+00  1.00000E-04  0.00000E+00
  3.53000E-01  1.00000E+00  1.00000E-04  0.00000E+00
  3.54000E-01  1.00000E+00  1.00000E-04  0.00000E+00
  3.55000E-01  1.00000E+00  1.00000E-04  0.00000E+00
  3.56000E-01  1.00000E+00  1.00000E-04  0.00000E+00
  3.57000E-01  1.00000E+00  1.00000E-04  0.00000E+00
  3.58000E-01  1.00000E+00  1.00000E-04  0.00000E+00
  3.59000E-01  1.00000E+00  1.00000E-04  0.00000E+00
  3.60000E-01  1.00000E+00  1.00000E-04  0.00000E+00
  3.61000E-01  1.00000E+00  1.00000E-04 -7.76996E-17
  3.62000E-01  1.00000E+00  1.00000E-04  0.00000E+00
  3.63000E-01  1.00000E+00  1.00000E-04  7.76996E-17
  3.64000E-01  1.00000E+00  1.00000E-04  0.00000E+00
  3.65000E-01  1.00000E+00  1.00000E-04  0.00000E+00
  3.66000E-01  1.00000E+00  1.00000E-04  0.00000E+00
  3.67000E-01  1.00000E+00  1.00000E-04  0.00000E+00
  3.68000E-01  1.00000E+00  1.00000E-04  0.00000E+00
  3.69000E-01  1.00000E+00  1.00000E-04  0.00000E+00
  3.70000E-01  1.00000E+00  1.00000E-04  0.00000E+00
  3.71000E-01  1.00000E+00  1.00000E-04  0.00000E+00
  3.72000E-01  1.00000E+00  1.00000E-04 -8.17582E-11
  3.73000E-01  1.00000E+00  1.00000E-04 -8.17655E-11
  3.74000E-01  1.00000E+00  1.00000E-04  1.22672E-10
  3.75000E-01  1.00000E+00  1.00000E-04 -4.49658E-10
  3.76000E-01  1.00000E+00  1.00000E-04  7.78518E-17
  3.77000E-01  1.00000E+00  1.00000E-04  4.90684E-10
  3.78000E-01  1.00000E+00  1.00000E-04  0.00000E+00
  3.79000E-01  1.00000E+00  1.00000E-04  0.00000E+00
  3.80000E-01  1.00000E+00  1.00000E-04  0.00000E+00
  3.81000E-01  1.00000E+00  1.00000E-04  1.22649E-10
  3.82000E-01  1.00000E+00  1.00000E-04  4.08790E-11
  3.83000E-01  1.00000E+00  1.00000E-04 -1.22597E-10
  3.84000E-01  1.00000E+00  1.00000E-04  8.17580E-11
  3.85000E-01  1.00000E+00  1.00000E-04 -1.59962E-16
  3.86000E-01  1.00000E+00  1.00000E-04 -1.22643E-10
  3.87000E-01  1.00000E+00  1.00000E-04  0.00000E+00
  3.88000E-01  1.00000E+00  1.00000E-04  0.00000E+00
  3.89000E-01  1.00000E+00  1.00000E-04  0.00000E+00
  3.90000E-01  1.00000E+00  1.00000E-04  0.00000E+00
  3.91000E-01  1.00000E+00  1.00000E-04  0.00000E+00
  3.92000E-01  1.00000E+00  1.00000E-04  0.00000E+00
  3.93000E-01  1.00000E+00  1.00000E-04  0.00000E+00
  3.94000E-01  1.00000E+00  1.00000E-04  0.00000E+00
  3.95000E-01  1.00000E+00  1.00000E-04  0.00000E+00
  3.96000E-01  1.00000E+00  1.00000E-04  0.00000E+00
  3.97000E-01  1.00000E+00  1.00000E-04  1.22637E-10
  3.98000E-01  1.00000E+00  1.00000E-04 -1.22678E-10
  3.99000E-01  1.00000E+00  1.00000E-04 -4.08759E-11
  4.00000E-01  1.00000E+00  1.00000E-04  4.08728E-11
  4.01000E-01  1.00000E+00  1.00000E-04  0.00000E+00
  4.02000E-01  1.00000E+00  1.00000E-04  0.00000E+00
  4.03000E-01  1.00000E+00  1.00000E-04 -3.62309E-12
  4.04000E-01  1.00000E+00  1.00000E-04 -4.37246E-09
  4.05000E-01  1.00000E+00  1.00000E-04 -3.49572E-07
  4.06000E-01  1.00000E+00  1.00223E-04 -4.72913E-11
  4.07000E-01  1.00000E+00  1.00000E-04  3.49511E-07
  4.08000E-01  1.00000E+00  1.00000E-04  4.48884E-09
  4.09000E-01  1.00000E+00  1.00000E-04  4.04474E-12
  4.10000E-01  1.00000E+00  1.00000E-04  0.00000E+00
  4.11000E-01  1.00000E+00  1.00000E-04  0.00000E+00
  4.12000E-01  1.00000E+00  1.00000E-04  0.00000E+00
  4.13000E-01  1.00000E+00  1.00000E-04  0.00000E+00
  4.14000E-01  1.00000E+00  1.00000E-04 -4.04227E-12
  4.15000E-01  1.00000E+00  1.00000E-04 -4.48807E-09
  4.16000E-01  1.00000E+00  1.00000E-04 -3.49571E-07
  4.17000E-01  1.00000E+00  1.00223E-04 -2.87844E-13
  4.18000E-01  1.00000E+00  1.00000E-04  3.49543E-07
  4.19000E-01  1.00000E+00  1.00000E-04  4.49632E-09
  4.20000E-01  1.00000E+00  1.00000E-04  3.90825E-11
  4.21000E-01  1.00000E+00  1.00000E-04  0.00000E+00
  4.22000E-01  1.00000E+00  1.00000E-04  0.00000E+00
  4.23000E-01  1.00000E+00  1.00000E-04  1.63511E-10
  4.24000E-01  1.00000E+00  9.99999E-05  0.00000E+00
  4.25000E-01  1.00000E+00  1.00000E-04 -1.22667E-10
  4.26000E-01  1.00000E+00  1.00000E-04 -1.01786E-16
  4.27000E-01  1.00000E+00  1.00000E-04  8.99571E-10
  4.28000E-01  9.99996E-01  9.99996E-05  4.08836E-11
  4.29000E-01  1.00000E+00  1.00000E-04 -9.63367E-10
  4.30000E-01  1.00000E+00  1.00000E-04 -1.73865E-11
  4.31000E-01  1.00000E+00  1.00000E-04  0.00000E+00
  4.32000E-01  1.00000E+00  1.00000E-04  8.17677E-11
  4.33000E-01  1.00000E+00  1.00000E-04  0.00000E+00
  4.34000E-01  1.00000E+00  1.00000E-04 -8.17482E-11
  4.35000E-01  1.00000E+00  1.00000E-04  0.00000E+00
  4.36000E-01  1.00000E+00  1.00000E-04 -7.76996E-17
  4.37000E-01  1.00000E+00  1.00000E-04 -1.22693E-10
  4.38000E-01  1.00000E+00  1.00000E-04  4.08964E-11
  4.39000E-01  1.00000E+00  1.00000E-04  8.17605E-11
  4.40000E-01  1.00000E+00  1.00000E-04  0.00000E+00
  4.41000E-01  1.00000E+00  1.00000E-04  4.08935E-11
  4.42000E-01  1.00000E+00  1.00000E-04  0.00000E+00
  4.43000E-01  1.00000E+00  1.00000E-04 -4.08859E-11
  4.44000E-01  1.00000E+00  1.00000E-04  4.08919E-11
  4.45000E-01  1.00000E+00  1.00000E-04  0.00000E+00
  4.46000E-01  1.00000E+00  1.00000E-04 -4.08648E-11
  4.47000E-01  1.00000E+00  1.00000E-04  0.00000E+00
  4.48000E-01  1.00000E+00  1.00000E-04  0.00000E+00
  4.49000E-01  1.00000E+00  1.00000E-04  0.00000E+00
  4.50000E-01  1.00000E+00  1.00000E-04  4.08818E-11
  4.51000E-01  1.00000E+00  1.00000E-04 -1.63570E-10
  4.52000E-01  1.00000E+00  1.00000E-04 -4.09172E-11
  4.53000E-01  1.00000E+00  1.00000E-04  1.63455E-10
  4.54000E-01  1.00000E+00  1.00000E-04  4.08715E-11
  4.55000E-01  1.00000E+00  1.00000E-04  0.00000E+00
  4.56000E-01  1.00000E+00  1.00000E-04 -2.04424E-11
  4.57000E-01  1.00000E+00  1.00000E-04 -2.04452E-11
  4.58000E-01  1.00000E+00  1.00000E-04  7.76996E-17
  4.59000E-01  1.00000E+00  1.00000E-04  0.00000E+00
  4.60000E-01  1.00000E+00  1.00000E-04  4.08667E-11
  4.61000E-01  1.00000E+00  1.00000E-04 -8.17289E-11
  4.62000E-01  1.00000E+00  1.00000E-04 -4.08957E-11
  4.63000E-01  1.00000E+00  1.00000E-04  8.17820E-11
  4.64000E-01  1.00000E+00  1.00000E-04  4.08791E-11
  4.65000E-01  1.00000E+00  1.00000E-04  0.00000E+00
  4.66000E-01  1.00000E+00  1.00000E-04 -4.08733E-11
  4.67000E-01  1.00000E+00  1.00000E-04  4.08913E-11
  4.68000E-01  1.00000E+00  1.00000E-04  4.08604E-11
  4.69000E-01  1.00000E+00  1.00000E-04 -2.04442E-10
  4.70000E-01  1.00000E+00  1.00000E-04  8.17805E-11
  4.71000E-01  1.00000E+00  1.00000E-04  4.08837E-11
  4.72000E-01  1.00000E+00  1.00000E-04 -1.63504E-10
  4.73000E-01  1.00000E+00  1.00000E-04  4.09008E-11
  4.74000E-01  1.00000E+00  1.00000E-04  1.22600E-10
  4.75000E-01  1.00000E+00  1.00000E-04 -6.59449E-16
  4.76000E-01  1.00000E+00  1.00000E-04  8.54695E-17
  4.77000E-01  1.00000E+00  1.00000E-04 -8.17321E-11
  4.78000E-01  1.00000E+00  1.00000E-04  4.08997E-11
  4.79000E-01  1.00000E+00  1.00000E-04  8.17357E-11
  4.80000E-01  1.00000E+00  1.00000E-04  8.17364E-11
  4.81000E-01  1.00000E+00  1.00000E-04  4.08916E-11
  4.82000E-01  1.00000E+00  1.00000E-04 -1.22618E-10
  4.83000E-01  1.00000E+00  1.00000E-04 -2.86165E-10
  4.84000E-01  1.00000E+00  1.00000E-04 -1.52649E-10
  4.85000E-01  1.00000E+00  1.00000E-04  7.90410E-10
  4.86000E-01  1.00000E+00  9.99999E-05 -1.06205E-10
  4.87000E-01  1.00000E+00  1.00000E-04 -9.67478E-16
  4.88000E-01  9.99999E-01  9.99999E-05 -1.68471E-11
  4.89000E-01  1.00000E+00  1.00000E-04 -1.88542E-09
  4.90000E-01  1.00000E+00  1.00000E-04  6.75218E-10
  4.91000E-01  1.00000E+00  1.00000E-04  9.39959E-10
  4.92000E-01  1.00000E+00  1.00000E-04  2.86134E-10
  4.93000E-01  9.99999E-01  9.99999E-05 -4.08991E-11
  4.94000E-01  1.00000E+00  1.00000E-04 -2.45322E-10
  4.95000E-01  1.00000E+00  1.00000E-04  0.00000E+00
  4.96000E-01  1.00000E+00  1.00000E-04  0.00000E+00
  4.97000E-01  1.00000E+00  1.00000E-04  0.00000E+00
  4.98000E-01  1.00000E+00  1.00000E-04  0.00000E+00
  4.99000E-01  1.00000E+00  1.00000E-04  0.00000E+00
  5.00000E-01  1.00000E+00  1.00000E-04  0.00000E+00
  5.01000E-01  1.00000E+00  1.00000E-04  0.00000E+00
  5.02000E-01  1.00000E+00  1.00000E-04  0.00000E+00
  5.03000E-01  1.00000E+00  1.00000E-04  0.00000E+00
  5.04000E-01  1.00000E+00  1.00000E-04  0.00000E+00
  5.05000E-01  1.00000E+00  1.00000E-04  4.90540E-10
  5.06000E-01  9.99998E-01  9.99998E-05  0.00000E+00
  5.07000E-01  1.00000E+00  1.00000E-04 -4.90682E-10
  5.08000E-01  1.00000E+00  1.00000E-04  0.00000E+00
  5.09000E-01  1.00000E+00  1.00000E-04  0.00000E+00
  5.10000E-01  1.00000E+00  1.00000E-04 -7.76996E-17
  5.11000E-01  1.00000E+00  1.00000E-04  0.00000E+00
  5.12000E-01  1.00000E+00  1.00000E-04  7.76995E-17
  5.13000E-01  1.00000E+00  1.00000E-04  0.00000E+00
  5.14000E-01  1.00000E+00  1.00000E-04  0.00000E+00
  5.15000E-01  1.00000E+00  1.00000E-04  0.00000E+00
  5.16000E-01  1.00000E+00  1.00000E-04  3.27114E-10
  5.17000E-01  9.99999E-01  9.99999E-05  0.00000E+00
  5.18000E-01  1.00000E+00  1.00000E-04 -3.27141E-10
  5.19000E-01  1.00000E+00  1.00000E-04  0.00000E+00
  5.20000E-01  1.00000E+00  1.00000E-04 -7.76996E-17
  5.21000E-01  1.00000E+00  1.00000E-04  0.00000E+00
  5.22000E-01  1.00000E+00  1.00000E-04  7.76996E-17
  5.23000E-01  1.00000E+00  1.00000E-04  0.00000E+00
  5.24000E-01  1.00000E+00  1.00000E-04  0.00000E+00
  5.25000E-01  1.00000E+00  1.00000E-04  0.00000E+00
  5.26000E-01  1.00000E+00  1.00000E-04  0.00000E+00
  5.27000E-01  1.00000E+00  1.00000E-04  0.00000E+00
  5.28000E-01  1.00000E+00  1.00000E-04  0.00000E+00
  5.29000E-01  1.00000E+00  1.00000E-04  1.63523E-10
  5.30000E-01  9.99999E-01  9.99999E-05  0.00000E+00
  5.31000E-01  1.00000E+00  1.00000E-04 -1.63517E-10
  5.32000E-01  1.00000E+00  1.00000E-04  0.00000E+00
  5.33000E-01  1.00000E+00  1.00000E-04 -4.08797E-11
  5.34000E-01  1.00000E+00  1.00000E-04 -4.08694E-11
  5.35000E-01  1.00000E+00  1.00000E-04  0.00000E+00
  5.36000E-01  1.00000E+00  1.00000E-04  4.08739E-11
  5.37000E-01  1.00000E+00  1.00000E-04  4.08792E-11
  5.38000E-01  1.00000E+00  1.00000E-04  0.00000E+00
  5.39000E-01  1.00000E+00  1.00000E-04  0.00000E+00
  5.40000E-01  1.00000E+00  1.00000E-04  0.00000E+00
  5.41000E-01  1.00000E+00  1.00000E-04 -4.08821E-11
  5.42000E-01  1.00000E+00  1.00000E-04  0.00000E+00
  5.43000E-01  1.00000E+00  1.00000E-04  4.08793E-11
  5.44000E-01  1.00000E+00  1.00000E-04  4.08788E-11
  5.45000E-01  1.00000E+00  1.00000E-04  0.00000E+00
  5.46000E-01  1.00000E+00  1.00000E-04 -4.08748E-11
  5.47000E-01  1.00000E+00  1.00000E-04  0.00000E+00
  5.48000E-01  1.00000E+00  1.00000E-04  0.00000E+00
  5.49000E-01  1.00000E+00  1.00000E-04  0.00000E+00
  5.50000E-01  1.00000E+00  1.00000E-04 -1.04927E-15
  5.51000E-01  1.00000E+00  1.00000E-04 -8.61812E-16
  5.52000E-01  1.00000E+00  1.00000E-04  1.91108E-15
  5.53000E-01  1.00000E+00  1.00000E-04  4.08793E-11
  5.54000E-01  1.00000E+00  1.00000E-04  0.00000E+00
  5.55000E-01  1.00000E+00  1.00000E-04 -4.08660E-11
  5.56000E-01  1.00000E+00  1.00000E-04  1.22671E-10
  5.57000E-01  1.00000E+00  1.00000E-04 -9.40165E-17
  5.58000E-01  1.00000E+00  1.00000E-04  0.00000E+00
  5.59000E-01  1.00000E+00  1.00000E-04  0.00000E+00
  5.60000E-01  1.00000E+00  1.00000E-04  0.00000E+00
  5.61000E-01  1.00000E+00  1.00000E-04  9.40165E-17
  5.62000E-01  1.00000E+00  1.00000E-04 -6.13223E-11
  5.63000E-01  1.00000E+00  1.00000E-04 -6.13223E-11
  5.64000E-01  1.00000E+00  1.00000E-04 -1.91532E-11
  5.65000E-01  1.00000E+00  1.00000E-04  1.91469E-11
  5.66000E-01  1.00000E+00  1.00000E-04  8.17630E-11
  5.67000E-01  1.00000E+00  1.00000E-04  0.00000E+00
  5.68000E-01  1.00000E+00  1.00000E-04 -8.17597E-11
  5.69000E-01  1.00000E+00  1.00000E-04  0.00000E+00
  5.70000E-01  1.00000E+00  1.00000E-04  8.17867E-11
  5.71000E-01  1.00000E+00  1.00000E-04 -9.40165E-17
  5.72000E-01  1.00000E+00  1.00000E-04  0.00000E+00
  5.73000E-01  1.00000E+00  1.00000E-04  9.40165E-17
  5.74000E-01  1.00000E+00  1.00000E-04 -8.17291E-11
  5.75000E-01  1.00000E+00  1.00000E-04  0.00000E+00
  5.76000E-01  1.00000E+00  1.00000E-04  0.00000E+00
  5.77000E-01  1.00000E+00  1.00000E-04  0.00000E+00
  5.78000E-01  1.00000E+00  1.00000E-04  0.00000E+00
  5.79000E-01  1.00000E+00  1.00000E-04  0.00000E+00
  5.80000E-01  1.00000E+00  1.00000E-04  0.00000E+00
  5.81000E-01  1.00000E+00  1.00000E-04  4.08709E-11
  5.82000E-01  1.00000E+00  1.00000E-04  0.00000E+00
  5.83000E-01  1.00000E+00  1.00000E-04 -1.22599E-10
  5.84000E-01  1.00000E+00  1.00000E-04  2.72644E-11
  5.85000E-01  1.00000E+00  1.00000E-04  2.72633E-11
  5.86000E-01  1.00000E+00  1.00000E-04  2.72643E-11
  5.87000E-01  1.00000E+00  1.00000E-04  0.00000E+00
  5.88000E-01  1.00000E+00  1.00000E-04  0.00000E+00
  5.89000E-01  1.00000E+00  1.00000E-04  0.00000E+00
  5.90000E-01  1.00000E+00  1.00000E-04  0.00000E+00
  5.91000E-01  1.00000E+00  1.00000E-04  0.00000E+00
  5.92000E-01  1.00000E+00  1.00000E-04  0.00000E+00
  5.93000E-01  1.00000E+00  1.00000E-04  1.22676E-10
  5.94000E-01  1.00000E+00  1.00000E-04 -1.03418E-16
  5.95000E-01  1.00000E+00  1.00000E-04 -9.40164E-17
  5.96000E-01  1.00000E+00  1.00000E-04  0.00000E+00
  5.97000E-01  1.00000E+00  1.00000E-04  3.58972E-16
  5.98000E-01  1.00000E+00  1.00000E-04  1.03418E-16
  5.99000E-01  1.00000E+00  1.00000E-04 -1.22598E-10
  6.00000E-01  1.00000E+00  1.00000E-04 -4.05604E-12
  6.01000E-01  1.00000E+00  1.00000E-04 -4.49233E-09
  6.02000E-01  1.00000E+00  1.00000E-04 -3.49870E-07
  6.03000E-01  1.00000E+00  1.00223E-04  1.65376E-10
  6.04000E-01  1.00000E+00  1.00000E-04  3.49633E-07
  6.05000E-01  1.00000E+00  1.00000E-04  4.50976E-09
  6.06000E-01  1.00000E+00  1.00000E-04  3.95659E-10
  6.07000E-01  9.99999E-01  9.99999E-05 -2.76959E-11
  6.08000E-01  1.00000E+00  1.00000E-04 -1.63537E-10
  6.09000E-01  9.99999E-01  9.99999E-05  4.08713E-11
  6.10000E-01  1.00000E+00  1.00000E-04 -2.04308E-10
  6.11000E-01  1.00000E+00  1.00000E-04 -4.08867E-11
  6.12000E-01  1.00000E+00  1.00000E-04  1.22670E-10
  6.13000E-01  1.00000E+00  1.00000E-04  0.00000E+00
  6.14000E-01  1.00000E+00  1.00000E-04 -1.22676E-10
  6.15000E-01  1.00000E+00  1.00000E-04  0.00000E+00
  6.16000E-01  1.00000E+00  1.00000E-04  0.00000E+00
  6.17000E-01  1.00000E+00  1.00000E-04  0.00000E+00
  6.18000E-01  1.00000E+00  1.00000E-04  0.00000E+00
  6.19000E-01  1.00000E+00  1.00000E-04  0.00000E+00
  6.20000E-01  1.00000E+00  1.00000E-04  0.00000E+00
  6.21000E-01  1.00000E+00  1.00000E-04  1.22602E-10
  6.22000E-01  1.00000E+00  1.00000E-04 -8.17298E-11
  6.23000E-01  1.00000E+00  1.00000E-04 -1.22667E-10
  6.24000E-01  1.00000E+00  1.00000E-04  4.08922E-11
  6.25000E-01  1.00000E+00  1.00000E-04  4.08887E-11
  6.26000E-01  1.00000E+00  1.00000E-04  0.00000E+00
  6.27000E-01  1.00000E+00  1.00000E-04 -4.08886E-11
  6.28000E-01  1.00000E+00  1.00000E-04  8.17374E-11
  6.29000E-01  1.00000E+00  1.00000E-04  0.00000E+00
  6.30000E-01  1.00000E+00  1.00000E-04 -1.13760E-16
  6.31000E-01  1.00000E+00  1.00000E-04  1.03418E-17
  6.32000E-01  1.00000E+00  1.00000E-04 -6.82979E-17
  6.33000E-01  1.00000E+00  1.00000E-04  8.62465E-17
  6.34000E-01  1.00000E+00  1.00000E-04  8.54695E-17
  6.35000E-01  1.00000E+00  1.00000E-04  0.00000E+00
  6.36000E-01  1.00000E+00  1.00000E-04 -4.08620E-11
  6.37000E-01  1.00000E+00  1.00000E-04 -4.08966E-11
  6.38000E-01  1.00000E+00  1.00000E-04  4.08883E-11
  6.39000E-01  1.00000E+00  1.00000E-04  4.08719E-11
  6.40000E-01  1.00000E+00  1.00000E-04  8.17672E-11
  6.41000E-01  1.00000E+00  1.00000E-04 -1.63169E-16
  6.42000E-01  1.00000E+00  1.00000E-04 -1.22620E-10
  6.43000E-01  1.00000E+00  1.00000E-04 -7.76996E-17
  6.44000E-01  1.00000E+00  1.00000E-04 -7.76995E-18
  6.45000E-01  1.00000E+00  1.00000E-04  8.54695E-17
  6.46000E-01  1.00000E+00  1.00000E-04  4.08891E-11
  6.47000E-01  1.00000E+00  1.00000E-04 -7.76996E-17
  6.48000E-01  1.00000E+00  1.00000E-04  4.08898E-11
  6.49000E-01  1.00000E+00  1.00000E-04  2.45164E-10
  6.50000E-01  9.99999E-01  9.99999E-05 -1.63492E-10
  6.51000E-01  1.00000E+00  1.00000E-04 -1.63595E-10
  6.52000E-01  1.00000E+00  1.00000E-04 -4.08877E-11
  6.53000E-01  1.00000E+00  1.00000E-04  4.08993E-11
  6.54000E-01  1.00000E+00  1.00000E-04 -1.01786E-16
  6.55000E-01  1.00000E+00  1.00000E-04 -2.45335E-10
  6.56000E-01  1.00000E+00  1.00000E-04 -9.40165E-17
  6.57000E-01  1.00000E+00  1.00000E-04  4.08974E-11
  6.58000E-01  1.00000E+00  1.00000E-04  2.45347E-10
  6.59000E-01  1.00000E+00  1.00000E-04 -8.17819E-11
  6.60000E-01  1.00000E+00  1.00000E-04 -4.08719E-11
  6.61000E-01  1.00000E+00  1.00000E-04  2.45224E-10
  6.62000E-01  1.00000E+00  1.00000E-04 -1.63555E-10
  6.63000E-01  1.00000E+00  1.00000E-04  8.54695E-17
  6.64000E-01  1.00000E+00  1.00000E-04  7.76996E-17
  6.65000E-01  1.00000E+00  1.00000E-04 -2.45102E-11
  6.66000E-01  1.00000E+00  1.00000E-04  8.82522E-10
  6.67000E-01  9.99998E-01  9.99998E-05 -2.45216E-10
  6.68000E-01  1.00000E+00  1.00000E-04 -5.30695E-10
  6.69000E-01  1.00000E+00  1.00000E-04  4.02791E-11
  6.70000E-01  1.00000E+00  1.00000E-04 -4.90788E-10
  6.71000E-01  1.00000E+00  1.00000E-04  0.00000E+00
  6.72000E-01  1.00000E+00  1.00000E-04  4.49855E-10
  6.73000E-01  1.00000E+00  1.00000E-04  1.22599E-10
  6.74000E-01  1.00000E+00  1.00000E-04 -8.17646E-11
  6.75000E-01  1.00000E+00  1.00000E-04 -5.44911E-11
  6.76000E-01  1.00000E+00  1.00000E-04 -5.44907E-11
  6.77000E-01  1.00000E+00  1.00000E-04 -5.44928E-11
  6.78000E-01  1.00000E+00  1.00000E-04  1.22650E-10
  6.79000E-01  1.00000E+00  1.00000E-04 -2.04477E-10
  6.80000E-01  1.00000E+00  1.00000E-04  8.17906E-11
  6.81000E-01  1.00000E+00  9.99999E-05  4.38302E-10
  6.82000E-01  9.99999E-01  9.99999E-05 -3.15722E-10
  6.83000E-01  1.00000E+00  1.00000E-04  2.04346E-11
  6.84000E-01  1.00000E+00  1.00000E-04  2.04317E-11
  6.85000E-01  1.00000E+00  1.00000E-04 -8.17439E-11
  6.86000E-01  1.00000E+00  1.00000E-04  2.04468E-10
  6.87000E-01  9.99999E-01  9.99999E-05 -4.08691E-11
  6.88000E-01  1.00000E+00  1.00000E-04 -2.04341E-10
  6.89000E-01  1.00000E+00  1.00000E-04  1.22571E-10
  6.90000E-01  1.00000E+00  1.00000E-04 -2.05458E-15
  6.91000E-01  1.00000E+00  1.00000E-04  7.35839E-10
  6.92000E-01  9.99999E-01  9.99997E-05 -3.26852E-10
  6.93000E-01  1.00000E+00  1.00000E-04 -5.72479E-10
  6.94000E-01  1.00000E+00  9.99999E-05 -8.17100E-11
  6.95000E-01  1.00000E+00  1.00000E-04 -4.94087E-10
  6.96000E-01  1.00000E+00  1.00000E-04  2.57855E-09
  6.97000E-01  9.99995E-01  9.99994E-05 -2.86114E-10
  6.98000E-01  1.00000E+00  1.00000E-04 -1.64868E-09
  6.99000E-01  1.00000E+00  1.00000E-04 -2.71298E-11
  7.00000E-01  1.00000E+00  1.00000E-04  0.00000E+00
  7.01000E-01  1.00000E+00  1.00000E-04  0.00000E+00
  7.02000E-01  1.00000E+00  1.00000E-04  0.00000E+00
  7.03000E-01  1.00000E+00  1.00000E-04  0.00000E+00
  7.04000E-01  1.00000E+00  1.00000E-04  0.00000E+00
  7.05000E-01  1.00000E+00  1.00000E-04  2.86209E-10
  7.06000E-01  1.00000E+00  9.99999E-05  1.63479E-10
  7.07000E-01  1.00000E+00  1.00000E-04 -7.76680E-10
  7.08000E-01  1.00000E+00  1.00000E-04  1.22663E-10
  7.09000E-01  1.00000E+00  1.00000E-04  2.04377E-10
  7.10000E-01  1.00000E+00  1.00000E-04  0.00000E+00
  7.11000E-01  1.00000E+00  1.00000E-04  0.00000E+00
  7.12000E-01  1.00000E+00  1.00000E-04  0.00000E+00
  7.13000E-01  1.00000E+00  1.00000E-04  0.00000E+00
  7.14000E-01  1.00000E+00  1.00000E-04  0.00000E+00
  7.15000E-01  1.00000E+00  1.00000E-04  0.00000E+00
  7.16000E-01  1.00000E+00  1.00000E-04  0.00000E+00
  7.17000E-01  1.00000E+00  1.00000E-04 -4.08751E-11
  7.18000E-01  1.00000E+00  1.00000E-04  0.00000E+00
  7.19000E-01  1.00000E+00  1.00000E-04  3.37158E-11
  7.20000E-01  1.00000E+00  1.00000E-04 -5.66040E-09
  7.21000E-01  1.00000E+00  1.00000E-04 -4.41001E-07
  7.22000E-01  1.00000E+00  1.00281E-04 -1.30794E-13
  7.23000E-01  1.00000E+00  1.00000E-04  4.40973E-07
  7.24000E-01  1.00000E+00  1.00000E-04  5.55587E-09
  7.25000E-01  1.00000E+00  1.00000E-04  3.72416E-11
  7.26000E-01  1.00000E+00  1.00000E-04  8.17354E-11
  7.27000E-01  1.00000E+00  1.00000E-04  0.00000E+00
  7.28000E-01  1.00000E+00  1.00000E-04  0.00000E+00
  7.29000E-01  1.00000E+00  1.00000E-04  0.00000E+00
  7.30000E-01  1.00000E+00  1.00000E-04  0.00000E+00
  7.31000E-01  1.00000E+00  1.00000E-04  0.00000E+00
  7.32000E-01  1.00000E+00  1.00000E-04  0.00000E+00
  7.33000E-01  1.00000E+00  1.00000E-04  0.00000E+00
  7.34000E-01  1.00000E+00  1.00000E-04  0.00000E+00
  7.35000E-01  1.00000E+00  1.00000E-04  0.00000E+00
  7.36000E-01  1.00000E+00  1.00000E-04  0.00000E+00
  7.37000E-01  1.00000E+00  1.00000E-04  0.00000E+00
  7.38000E-01  1.00000E+00  1.00000E-04  0.00000E+00
  7.39000E-01  1.00000E+00  1.00000E-04  0.00000E+00
  7.40000E-01  1.00000E+00  1.00000E-04  0.00000E+00
  7.41000E-01  1.00000E+00  1.00000E-04  0.00000E+00
  7.42000E-01  1.00000E+00  1.00000E-04 -8.17653E-11
  7.43000E-01  1.00000E+00  1.00000E-04 -4.08889E-11
  7.44000E-01  1.00000E+00  1.00000E-04  1.22658E-10
  7.45000E-01  1.00000E+00  1.00000E-04  7.76995E-17
  7.46000E-01  1.00000E+00  1.00000E-04  0.00000E+00
  7.47000E-01  1.00000E+00  1.00000E-04  0.00000E+00
  7.48000E-01  1.00000E+00  1.00000E-04  0.00000E+00
  7.49000E-01  1.00000E+00  1.00000E-04 -4.08861E-11
  7.50000E-01  1.00000E+00  1.00000E-04 -4.08847E-11
  7.51000E-01  1.00000E+00  1.00000E-04  8.17684E-11
  7.52000E-01  1.00000E+00  1.00000E-04  4.08657E-11
  7.53000E-01  1.00000E+00  1.00000E-04 -4.08659E-11
  7.54000E-01  1.00000E+00  1.00000E-04  0.00000E+00
  7.55000E-01  1.00000E+00  1.00000E-04  4.08870E-11
  7.56000E-01  1.00000E+00  1.00000E-04  0.00000E+00
  7.57000E-01  1.00000E+00  1.00000E-04 -4.08790E-11
  7.58000E-01  1.00000E+00  1.00000E-04  0.00000E+00
  7.59000E-01  1.00000E+00  1.00000E-04  0.00000E+00
  7.60000E-01  1.00000E+00  1.00000E-04  0.00000E+00
  7.61000E-01  1.00000E+00  1.00000E-04  0.00000E+00
  7.62000E-01  1.00000E+00  1.00000E-04  0.00000E+00
  7.63000E-01  1.00000E+00  1.00000E-04  0.00000E+00
  7.64000E-01  1.00000E+00  1.00000E-04  0.00000E+00
  7.65000E-01  1.00000E+00  1.00000E-04  0.00000E+00
  7.66000E-01  1.00000E+00  1.00000E-04  4.08778E-11
  7.67000E-01  1.00000E+00  1.00000E-04  0.00000E+00
  7.68000E-01  1.00000E+00  1.00000E-04 -4.08865E-11
  7.69000E-01  1.00000E+00  1.00000E-04 -2.45297E-10
  7.70000E-01  1.00000E+00  1.00000E-04 -5.31202E-12
  7.71000E-01  1.00000E+00  1.00000E-04 -5.00387E-09
  7.72000E-01  1.00000E+00  1.00000E-04 -4.08050E-07
  7.73000E-01  1.00000E+00  1.00261E-04 -2.72529E-11
  7.74000E-01  1.00000E+00  1.00000E-04  4.02351E-07
  7.75000E-01  1.00000E+00  1.00000E-04 -4.38078E-07
  7.76000E-01  1.00000E+00  1.00283E-04  2.58816E-11
  7.77000E-01  1.00000E+00  1.00000E-04  4.43473E-07
  7.78000E-01  1.00000E+00  1.00000E-04  5.81222E-09
  7.79000E-01  1.00000E+00  1.00000E-04  4.48568E-12
  7.80000E-01  1.00000E+00  1.00000E-04 -1.22642E-10
  7.81000E-01  1.00000E+00  1.00000E-04  4.08788E-11
  7.82000E-01  1.00000E+00  1.00000E-04  0.00000E+00
  7.83000E-01  1.00000E+00  1.00000E-04 -4.08730E-11
  7.84000E-01  1.00000E+00  1.00000E-04  1.22679E-10
  7.85000E-01  1.00000E+00  1.00000E-04  0.00000E+00
  7.86000E-01  1.00000E+00  1.00000E-04 -1.22661E-10
  7.87000E-01  1.00000E+00  1.00000E-04  0.00000E+00
  7.88000E-01  1.00000E+00  1.00000E-04  0.00000E+00
  7.89000E-01  1.00000E+00  1.00000E-04  0.00000E+00
  7.90000E-01  1.00000E+00  1.00000E-04  0.00000E+00
  7.91000E-01  1.00000E+00  1.00000E-04  0.00000E+00
  7.92000E-01  1.00000E+00  1.00000E-04 -4.08690E-11
  7.93000E-01  1.00000E+00  1.00000E-04  0.00000E+00
  7.94000E-01  1.00000E+00  1.00000E-04  4.08681E-11
  7.95000E-01  1.00000E+00  1.00000E-04 -4.08873E-11
  7.96000E-01  1.00000E+00  1.00000E-04  0.00000E+00
  7.97000E-01  1.00000E+00  1.00000E-04  4.08787E-11
  7.98000E-01  1.00000E+00  1.00000E-04  1.63512E-10
  7.99000E-01  9.99999E-01  9.99999E-05  0.00000E+00
  8.00000E-01  1.00000E+00  1.00000E-04 -1.63515E-10
  8.01000E-01  1.00000E+00  1.00000E-04  1.63572E-10
  8.02000E-01  9.99999E-01  9.99999E-05  0.00000E+00
  8.03000E-01  1.00000E+00  1.00000E-04 -1.63478E-10
  8.04000E-01  1.00000E+00  1.00000E-04 -4.04471E-12
  8.05000E-01  1.00000E+00  1.00000E-04 -4.48920E-09
  8.06000E-01  1.00000E+00  1.00000E-04 -3.49571E-07
  8.07000E-01  1.00000E+00  1.00223E-04 -2.18364E-11
  8.08000E-01  1.00000E+00  1.00000E-04  3.45011E-07
  8.09000E-01  1.00000E+00  1.00000E-04 -3.44969E-07
  8.10000E-01  1.00000E+00  1.00223E-04  2.21248E-11
  8.11000E-01  1.00000E+00  1.00000E-04  3.49583E-07
  8.12000E-01  1.00000E+00  1.00000E-04  4.61032E-09
  8.13000E-01  1.00000E+00  1.00000E-04  9.09783E-13
  8.14000E-01  1.00000E+00  1.00000E-04 -1.22639E-10
  8.15000E-01  1.00000E+00  1.00000E-04  1.22675E-10
  8.16000E-01  1.00000E+00  1.00000E-04  4.08772E-11
  8.17000E-01  1.00000E+00  1.00000E-04 -2.45265E-10
  8.18000E-01  1.00000E+00  1.00000E-04  4.08899E-11
  8.19000E-01  1.00000E+00  1.00000E-04  4.08782E-11
  8.20000E-01  1.00000E+00  1.00000E-04  0.00000E+00
  8.21000E-01  1.00000E+00  1.00000E-04  0.00000E+00
  8.22000E-01  1.00000E+00  1.00000E-04  0.00000E+00
  8.23000E-01  1.00000E+00  1.00000E-04  8.17567E-11
  8.24000E-01  1.00000E+00  1.00000E-04  2.47443E-16
  8.25000E-01  1.00000E+00  1.00000E-04 -4.08953E-11
  8.26000E-01  1.00000E+00  1.00000E-04  7.76995E-17
  8.27000E-01  1.00000E+00  1.00000E-04 -4.08815E-11
  8.28000E-01  1.00000E+00  1.00000E-04  0.00000E+00
  8.29000E-01  1.00000E+00  1.00000E-04  4.08804E-11
  8.30000E-01  1.00000E+00  1.00000E-04  0.00000E+00
  8.31000E-01  1.00000E+00  1.00000E-04 -4.08890E-11
  8.32000E-01  1.00000E+00  1.00000E-04  0.00000E+00
  8.33000E-01  1.00000E+00  1.00000E-04  0.00000E+00
  8.34000E-01  1.00000E+00  1.00000E-04  8.17905E-11
  8.35000E-01  1.00000E+00  1.00000E-04  0.00000E+00
  8.36000E-01  1.00000E+00  1.00000E-04 -8.17714E-11
  8.37000E-01  1.00000E+00  1.00000E-04 -6.79593E-12
  8.38000E-01  1.00000E+00  1.00000E-04 -5.54820E-09
  8.39000E-01  1.00000E+00  1.00000E-04 -4.32410E-07
  8.40000E-01  1.00000E+00  1.00276E-04 -1.65146E-10
  8.41000E-01  1.00000E+00  1.00000E-04  4.32699E-07
  8.42000E-01  1.00000E+00  1.00000E-04  5.63230E-09
  8.43000E-01  1.00000E+00  1.00000E-04  5.02449E-12
  8.44000E-01  1.00000E+00  1.00000E-04 -8.17676E-11
  8.45000E-01  1.00000E+00  1.00000E-04  4.08878E-11
  8.46000E-01  1.00000E+00  1.00000E-04  0.00000E+00
  8.47000E-01  1.00000E+00  1.00000E-04 -8.17594E-11
  8.48000E-01  1.00000E+00  1.00000E-04  4.09031E-11
  8.49000E-01  1.00000E+00  1.00000E-04  0.00000E+00
  8.50000E-01  1.00000E+00  1.00000E-04  0.00000E+00
  8.51000E-01  1.00000E+00  1.00000E-04 -2.04422E-11
  8.52000E-01  1.00000E+00  1.00000E-04 -2.04423E-11
  8.53000E-01  1.00000E+00  1.00000E-04  8.17473E-11
  8.54000E-01  1.00000E+00  1.00000E-04  2.80208E-11
  8.55000E-01  1.00000E+00  1.00000E-04  1.72841E-09
  8.56000E-01  9.99994E-01  9.99994E-05 -1.06089E-12
  8.57000E-01  1.00000E+00  1.00000E-04 -1.75853E-09
  8.58000E-01  1.00000E+00  1.00000E-04  3.29429E-10
  8.59000E-01  9.99999E-01  9.99999E-05  8.54695E-17
  8.60000E-01  1.00000E+00  1.00000E-04 -3.67951E-10
  8.61000E-01  1.00000E+00  1.00000E-04  0.00000E+00
  8.62000E-01  1.00000E+00  1.00000E-04  0.00000E+00
  8.63000E-01  1.00000E+00  1.00000E-04  0.00000E+00
  8.64000E-01  1.00000E+00  1.00000E-04  0.00000E+00
  8.65000E-01  1.00000E+00  1.00000E-04  0.00000E+00
  8.66000E-01  1.00000E+00  1.00000E-04  4.08846E-11
  8.67000E-01  1.00000E+00  1.00000E-04  8.17702E-11
  8.68000E-01  1.00000E+00  1.00000E-04 -1.22665E-10
  8.69000E-01  1.00000E+00  1.00000E-04  0.00000E+00
  8.70000E-01  1.00000E+00  1.00000E-04  0.00000E+00
  8.71000E-01  1.00000E+00  1.00000E-04  4.08942E-11
  8.72000E-01  1.00000E+00  1.00000E-04  1.22629E-10
  8.73000E-01  1.00000E+00  1.00000E-04 -2.45291E-10
  8.74000E-01  1.00000E+00  1.00000E-04  4.08931E-11
  8.75000E-01  1.00000E+00  1.00000E-04  4.08778E-11
  8.76000E-01  1.00000E+00  1.00000E-04  8.17419E-11
  8.77000E-01  1.00000E+00  1.00000E-04  0.00000E+00
  8.78000E-01  1.00000E+00  1.00000E-04 -1.22650E-10
  8.79000E-01  1.00000E+00  1.00000E-04  1.22675E-10
  8.80000E-01  1.00000E+00  1.00000E-04  4.08943E-11
  8.81000E-01  1.00000E+00  1.00000E-04  3.67811E-10
  8.82000E-01  9.99998E-01  9.99998E-05  7.76995E-17
  8.83000E-01  1.00000E+00  1.00000E-04 -4.90428E-10
  8.84000E-01  1.00000E+00  1.00000E-04  4.08802E-11
  8.85000E-01  1.00000E+00  1.00000E-04  0.00000E+00
  8.86000E-01  1.00000E+00  1.00000E-04 -4.08962E-11
  8.87000E-01  1.00000E+00  1.00000E-04  0.00000E+00
  8.88000E-01  1.00000E+00  1.00000E-04  0.00000E+00
  8.89000E-01  1.00000E+00  1.00000E-04  4.08864E-11
  8.90000E-01  1.00000E+00  1.00000E-04  0.00000E+00
  8.91000E-01  1.00000E+00  1.00000E-04 -4.08682E-11
  8.92000E-01  1.00000E+00  1.00000E-04  0.00000E+00
  8.93000E-01  1.00000E+00  1.00000E-04  0.00000E+00
  8.94000E-01  1.00000E+00  1.00000E-04  0.00000E+00
  8.95000E-01  1.00000E+00  1.00000E-04  4.08843E-11
  8.96000E-01  1.00000E+00  1.00000E-04 -4.08911E-11
  8.97000E-01  1.00000E+00  1.00000E-04  0.00000E+00
  8.98000E-01  1.00000E+00  1.00000E-04  0.00000E+00
  8.99000E-01  1.00000E+00  1.00000E-04 -2.44871E-16
  9.00000E-01  1.00000E+00  1.00000E-04  1.14794E-16
  9.01000E-01  1.00000E+00  1.00000E-04  1.30077E-16
  9.02000E-01  1.00000E+00  1.00000E-04  0.00000E+00
  9.03000E-01  1.00000E+00  1.00000E-04 -2.04407E-11
  9.04000E-01  1.00000E+00  1.00000E-04 -2.04406E-11
  9.05000E-01  1.00000E+00  1.00000E-04  8.54695E-17
  9.06000E-01  1.00000E+00  1.00000E-04 -8.17739E-11
  9.07000E-01  1.00000E+00  1.00000E-04  8.17957E-11
  9.08000E-01  1.00000E+00  1.00000E-04  4.08680E-11
  9.09000E-01  1.00000E+00  1.00000E-04  4.08821E-11
  9.10000E-01  1.00000E+00  1.00000E-04 -2.04396E-11
  9.11000E-01  1.00000E+00  1.00000E-04 -2.04387E-11
  9.12000E-01  1.00000E+00  1.00000E-04  7.76995E-17
  9.13000E-01  1.00000E+00  1.00000E-04  0.00000E+00
  9.14000E-01  1.00000E+00  1.00000E-04  0.00000E+00
  9.15000E-01  1.00000E+00  1.00000E-04  0.00000E+00
  9.16000E-01  1.00000E+00  1.00000E-04  1.63515E-10
  9.17000E-01  9.99999E-01  9.99999E-05  0.00000E+00
  9.18000E-01  1.00000E+00  1.00000E-04 -1.63562E-10
  9.19000E-01  1.00000E+00  1.00000E-04  0.00000E+00
  9.20000E-01  1.00000E+00  1.00000E-04  0.00000E+00
  9.21000E-01  1.00000E+00  1.00000E-04  2.04442E-10
  9.22000E-01  9.99999E-01  9.99999E-05  3.02648E-16
  9.23000E-01  1.00000E+00  1.00000E-04 -1.22597E-10
  9.24000E-01  1.00000E+00  1.00000E-04  1.22580E-10
  9.25000E-01  1.00000E+00  1.00000E-04 -1.22582E-10
  9.26000E-01  1.00000E+00  1.00000E-04 -8.17486E-11
  9.27000E-01  1.00000E+00  1.00000E-04  0.00000E+00
  9.28000E-01  1.00000E+00  1.00000E-04 -2.33099E-16
  9.29000E-01  1.00000E+00  1.00000E-04  7.76995E-17
  9.30000E-01  1.00000E+00  1.00000E-04  7.76995E-17
  9.31000E-01  1.00000E+00  1.00000E-04  4.08719E-11
  9.32000E-01  1.00000E+00  1.00000E-04  1.14427E-11
  9.33000E-01  1.00000E+00  1.00000E-04 -1.14426E-11
  9.34000E-01  1.00000E+00  1.00000E-04 -4.08913E-11
  9.35000E-01  1.00000E+00  1.00000E-04  0.00000E+00
  9.36000E-01  1.00000E+00  1.00000E-04 -8.17445E-11
  9.37000E-01  1.00000E+00  1.00000E-04  0.00000E+00
  9.38000E-01  1.00000E+00  1.00000E-04  2.45209E-10
  9.39000E-01  1.00000E+00  1.00000E-04  0.00000E+00
  9.40000E-01  1.00000E+00  1.00000E-04 -2.45331E-10
  9.41000E-01  1.00000E+00  1.00000E-04  0.00000E+00
  9.42000E-01  1.00000E+00  1.00000E-04  2.86081E-10
  9.43000E-01  1.00000E+00  1.00000E-04 -4.08629E-11
  9.44000E-01  1.00000E+00  1.00000E-04 -4.02828E-11
  9.45000E-01  1.00000E+00  1.00000E-04  1.10271E-09
  9.46000E-01  9.99996E-01  9.99996E-05  3.17549E-10
  9.47000E-01  1.00000E+00  1.00000E-04 -1.57125E-09
  9.48000E-01  1.00000E+00  1.00000E-04  3.45327E-11
  9.49000E-01  1.00000E+00  1.00000E-04  3.45317E-11
  9.50000E-01  1.00000E+00  1.00000E-04  1.22574E-10
  9.51000E-01  1.00000E+00  1.00000E-04  4.08839E-11
  9.52000E-01  1.00000E+00  1.00000E-04 -6.74541E-12
  9.53000E-01  1.00000E+00  1.00000E-04 -3.41416E-11
  9.54000E-01  1.00000E+00  1.00000E-04 -3.67794E-10
  9.55000E-01  1.00000E+00  1.00000E-04  1.22676E-10
  9.56000E-01  1.00000E+00  1.00000E-04  1.22695E-10
  9.57000E-01  1.00000E+00  1.00000E-04  4.08955E-11
  9.58000E-01  1.00000E+00  1.00000E-04  8.17496E-11
  9.59000E-01  1.00000E+00  1.00000E-04 -2.45147E-10
  9.60000E-01  1.00000E+00  1.00000E-04  4.08629E-11
  9.61000E-01  1.00000E+00  1.00000E-04  4.08843E-11
  9.62000E-01  1.00000E+00  1.00000E-04 -8.17436E-11
  9.63000E-01  1.00000E+00  1.00000E-04 -1.63587E-10
  9.64000E-01  1.00000E+00  1.00000E-04  4.08855E-10
  9.65000E-01  1.00000E+00  1.00000E-04  4.08723E-11
  9.66000E-01  1.00000E+00  1.00000E-04 -4.90291E-10
  9.67000E-01  1.00000E+00  1.00000E-04  1.63605E-10
  9.68000E-01  1.00000E+00  1.00000E-04 -1.21530E-16
  9.69000E-01  1.00000E+00  1.00000E-04 -4.08966E-11
  9.70000E-01  1.00000E+00  1.00000E-04  4.08856E-11
  9.71000E-01  1.00000E+00  1.00000E-04  2.85999E-10
  9.72000E-01  9.99999E-01  9.99999E-05  8.50795E-11
  9.73000E-01  1.00000E+00  1.00000E-04  1.30488E-09
  9.74000E-01  9.99995E-01  9.99995E-05  7.70990E-11
  9.75000E-01  1.00000E+00  1.00000E-04 -1.68022E-09
  9.76000E-01  1.00000E+00  1.00000E-04  1.31911E-10
  9.77000E-01  1.00000E+00  9.99999E-05  1.22645E-10
  9.78000E-01  1.00000E+00  1.00000E-04 -3.67913E-10
  9.79000E-01  9.99999E-01  1.00000E-04  1.47978E-15
  9.80000E-01  1.00000E+00  1.00000E-04  8.98792E-10
  9.81000E-01  9.99998E-01  9.99998E-05  4.08747E-11
  9.82000E-01  1.00000E+00  1.00000E-04 -1.17817E-09
  9.83000E-01  1.00000E+00  1.00000E-04  1.56806E-10
  9.84000E-01  1.00000E+00  1.00000E-04  2.43076E-11
  9.85000E-01  1.00000E+00  1.00000E-04  1.34712E-09
  9.86000E-01  9.99996E-01  9.99995E-05 -1.12591E-09
  9.87000E-01  1.00001E+00  1.00001E-04 -1.42567E-09
  9.88000E-01  1.00000E+00  1.00000E-04  1.00247E-09
  9.89000E-01  1.00000E+00  1.00000E-04  5.38051E-09
  9.90000E-01  9.99981E-01  9.99981E-05  4.80176E-10
  9.91000E-01  1.00000E+00  1.00000E-04 -5.34518E-09
  9.92000E-01  1.00000E+00  1.00000E-04 -9.36200E-11
  9.93000E-01  1.00000E+00  1.00000E-04  0.00000E+00
  9.94000E-01  1.00000E+00  1.00000E-04 -8.17474E-11
  9.95000E-01  1.00000E+00  1.00000E-04  0.00000E+00
  9.96000E-01  1.00000E+00  1.00000E-04  8.17787E-11
  9.97000E-01  1.00000E+00  1.00000E-04  0.00000E+00
  9.98000E-01  1.00000E+00  1.00000E-04  0.00000E+00
  9.99000E-01  1.00000E+00  1.00000E-04  0.00000E+00
